1 0 2 0 2 0
16 0 2 0 2 0
31 0 2 0 0 0
46 2 0 0 2 0
61 0 2 0 2 0
76 0 2 0 2 0
86 0 2 0 2 0
89 0 0 0 2 0
104 0 0 2 0 0
119 0 0 2 0 0
134 0 0 0 0 0
145 0 0 2 0 0
148 0 0 2 0 0
163 0 0 2 0 0
178 0 0 2 0 0
193 0 0 2 0 0
208 0 0 0 0 0
223 0 0 0 0 0
238 0 0 2 0 0
253 0 0 2 0 0
268 0 0 2 0 0
283 0 0 2 0 0
298 0 0 2 0 0
313 0 0 2 0 0
328 0 0 2 0 0
343 0 0 2 0 0
358 0 0 2 0 0
373 0 0 2 0 0
388 0 0 2 0 0
403 0 0 2 0 0
418 0 2 2 0 0
425 0 0 2 0 0
428 0 0 2 0 0
443 0 0 0 2 0
458 0 0 0 0 0
473 0 0 0 0 0
488 0 0 0 0 0
503 0 0 0 0 0
518 0 0 0 2 0
533 2 0 0 2 0
548 0 0 0 0 0
563 0 0 0 0 0
578 0 0 0 0 0
593 0 0 0 0 0
606 0 0 0 0 0
609 0 0 0 0 0
624 0 0 0 0 0
639 0 0 0 0 0
654 0 0 0 2 0
669 0 0 0 2 0
684 0 0 0 2 0
687 0 0 0 2 0
702 0 0 2 0 0
717 0 0 2 0 0
732 0 0 2 0 0
747 0 0 2 0 0
765 0 0 2 0 0
768 0 0 2 0 0
783 0 0 2 0 0
798 0 0 2 0 0
813 0 0 2 0 0
828 0 0 2 0 0
843 0 0 2 0 0
858 0 0 2 0 0
873 0 0 2 0 0
888 0 0 2 0 0
903 0 0 2 0 0
918 0 0 2 0 0
933 0 0 2 0 0
948 0 0 2 0 0
963 0 0 2 0 0
978 0 0 2 0 0
993 0 0 2 0 0
1008 0 2 2 0 0
1023 0 2 2 0 0
1038 0 2 0 2 0
1041 0 2 0 2 0
1056 0 2 0 0 0
1071 0 0 0 0 0
1086 0 0 0 0 0
1101 0 0 0 0 0
1116 0 0 0 0 0
1126 0 0 0 0 0
1129 0 0 0 0 0
1144 0 0 0 0 0
1159 0 2 0 0 0
1174 2 0 0 2 0
1189 2 0 0 2 0
1204 2 0 0 2 0
1219 2 0 0 2 0
1234 2 0 0 2 0
1248 0 2 0 2 0
1251 0 2 0 2 0
1266 0 0 0 2 0
1281 0 0 2 0 0
1296 0 0 0 2 0
1311 0 0 2 0 0
1326 0 0 2 0 0
1334 0 0 2 0 0
1337 0 0 0 0 0
1352 0 0 0 0 0
1367 0 0 0 0 0
1382 0 0 2 0 0
1397 0 0 2 0 0
1412 0 0 2 0 0
1427 0 0 2 0 0
1442 0 0 0 2 0
1457 0 0 0 2 0
1472 0 0 0 2 0
1487 0 0 0 2 0
1502 0 2 2 0 0
1520 0 2 0 2 0
1523 0 2 0 2 0
1538 0 2 0 2 0
1553 0 0 0 0 0
1568 2 0 0 0 0
1583 0 0 0 0 0
1596 0 0 0 0 0
1599 0 0 0 0 0
1614 0 0 0 0 0
1629 0 0 0 2 0
1644 0 0 0 2 0
1659 0 0 0 2 0
1674 0 0 0 2 0
1679 0 0 0 2 0
1682 0 0 0 2 0
1697 0 0 0 2 0
1712 0 0 0 0 0
1727 0 0 0 0 0
1742 0 0 0 0 0
1757 0 0 0 0 0
1774 0 0 0 0 0
1777 0 0 2 0 0
1792 0 0 2 0 0
1807 0 0 2 0 0
1822 0 0 2 0 0
1837 0 0 0 2 0
1852 0 0 2 0 0
1867 0 0 2 0 0
1882 0 0 2 0 0
1897 0 0 2 0 0
1912 0 0 0 2 0
1927 0 0 2 0 0
1942 0 0 2 0 0
1957 0 0 2 0 0
1972 0 0 0 2 0
1987 0 2 0 2 0
2002 0 0 2 0 0
2017 0 2 2 0 0
2032 0 0 2 0 0
2045 0 2 2 0 0
2048 0 2 2 0 0
2063 0 0 0 2 0
2078 0 0 0 0 0
2093 0 0 0 0 0
2101 0 0 0 0 0
2104 0 0 0 0 0
2119 0 0 0 0 0
2134 2 0 0 2 0
2149 2 0 0 2 0
2164 0 2 0 2 0
2179 0 0 0 2 0
2194 0 0 0 2 0
2209 0 0 0 2 0
2224 0 0 0 2 0
2239 0 0 0 2 0
2254 0 0 0 2 0
2269 0 0 0 2 0
2284 0 0 0 0 0
2299 0 0 0 0 0
2314 0 0 0 0 0
2329 0 0 0 0 0
2344 0 0 0 0 0
2359 0 0 0 0 0
2373 0 0 0 0 0
