10 0 0 0 2 0
25 0 0 0 0 0
40 0 0 0 0 0
55 0 0 0 0 0
70 0 0 0 0 0
85 0 0 0 2 0
100 0 0 0 2 0
117 0 0 0 2 0
120 0 0 0 0 0
135 0 0 0 0 0
150 0 0 0 0 0
165 0 0 2 0 0
180 0 0 2 0 0
195 0 0 2 0 0
210 0 0 2 0 0
225 0 0 2 0 0
243 0 2 2 0 0
246 0 2 2 0 0
261 0 0 2 0 0
276 0 0 2 0 0
291 0 0 2 0 0
306 0 0 2 0 0
321 0 0 2 0 0
339 0 0 2 0 0
342 0 0 2 0 0
357 0 0 2 0 0
372 0 0 2 0 0
387 0 0 2 0 0
402 0 0 2 0 0
417 0 0 2 0 0
432 0 0 2 0 0
447 0 0 2 0 0
462 0 0 2 0 0
477 0 0 2 0 0
492 0 0 2 0 0
507 0 0 2 0 0
522 0 0 2 0 0
537 0 0 2 0 0
552 0 0 2 0 0
567 0 0 2 0 0
582 0 0 2 0 0
597 0 0 2 0 0
612 0 0 2 0 0
627 0 0 2 0 0
642 0 0 2 0 0
657 0 0 2 0 0
672 0 2 0 0 0
687 0 0 0 0 0
702 0 2 2 0 0
717 0 2 2 0 0
732 0 2 2 0 0
750 2 0 0 2 0
753 2 0 0 2 0
768 2 0 0 0 0
783 0 0 0 0 0
798 0 0 0 0 0
813 0 0 0 0 0
828 0 0 0 0 0
843 2 0 0 0 0
858 0 0 0 0 0
873 0 0 0 0 0
888 0 0 0 0 0
900 0 0 0 0 0
903 0 0 0 0 0
918 0 0 0 0 0
933 2 0 0 0 0
948 2 0 0 0 0
963 2 0 0 0 0
978 2 0 0 0 0
993 2 0 0 0 0
1008 2 0 0 0 0
1023 2 0 0 0 0
1038 2 0 0 2 0
1053 2 0 0 2 0
1068 2 0 0 2 0
1074 0 2 2 0 0
1077 0 2 2 0 0
1092 0 0 2 0 0
1107 0 0 2 0 0
1122 0 0 2 0 0
1137 0 0 2 0 0
1144 0 0 2 0 0
1147 0 0 2 0 0
1162 0 0 2 0 0
1177 0 0 2 0 0
1192 0 0 2 0 0
1207 0 0 2 0 0
1222 0 0 2 0 0
1237 0 0 2 0 0
1252 0 0 2 0 0
1267 0 0 2 0 0
1282 0 0 2 0 0
1297 0 0 2 0 0
1312 0 0 2 0 0
1327 0 0 0 0 0
1342 0 0 2 0 0
1357 0 0 2 0 0
1372 0 0 2 0 0
1387 0 2 2 0 0
1402 0 2 2 0 0
1417 0 2 2 0 0
1432 0 2 2 0 0
1447 0 2 0 2 0
1460 0 2 0 2 0
1463 0 2 0 2 0
1478 2 0 0 2 0
1493 2 0 0 0 0
1508 0 0 0 0 0
1523 0 0 0 0 0
1538 0 0 0 0 0
1553 2 0 0 0 0
1568 2 0 0 0 0
1583 0 0 0 0 0
1598 0 0 0 0 0
1613 0 0 0 0 0
1628 0 0 0 0 0
1635 0 0 0 0 0
1638 0 0 0 0 0
1653 0 0 0 0 0
1668 0 0 0 0 0
1683 0 0 0 0 0
1698 0 0 0 0 0
1713 0 0 0 0 0
1728 0 0 0 0 0
1743 0 0 0 2 0
1761 0 0 2 0 0
1764 0 0 2 0 0
1779 0 2 2 0 0
1794 0 0 2 0 0
1809 0 0 2 0 0
1824 0 0 2 0 0
1841 0 0 2 0 0
1844 0 0 2 0 0
1859 0 0 2 0 0
1874 0 0 2 0 0
1889 0 0 2 0 0
1904 0 0 2 0 0
1919 0 0 2 0 0
1934 0 0 2 0 0
1949 0 0 2 0 0
1964 0 0 2 0 0
1979 0 0 2 0 0
1994 0 0 2 0 0
2009 0 2 2 0 0
2024 0 2 2 0 0
2034 2 0 0 2 0
2037 2 0 0 2 0
2052 0 2 2 0 0
2067 2 0 2 0 0
2082 0 2 2 0 0
2097 0 0 2 0 0
2112 0 0 2 0 0
2127 0 2 2 0 0
2142 0 2 2 0 0
2157 0 2 2 0 0
2172 0 2 2 0 0
2187 0 2 2 0 0
2202 2 0 0 2 0
2217 2 0 0 2 0
2232 2 0 0 0 0
2247 0 0 0 0 0
2262 0 0 0 0 0
2277 0 0 0 0 0
2292 0 0 0 0 0
2307 2 0 0 0 0
2322 2 0 0 0 0
2337 2 0 0 0 0
2345 2 0 0 0 0
2348 2 0 0 0 0
2363 2 0 0 0 0
2378 2 0 0 0 0
2393 2 0 0 0 0
2408 0 0 0 0 0
2423 0 0 0 0 0
2438 0 0 0 2 0
2453 0 0 0 2 0
2468 0 0 0 2 0
2483 0 0 0 0 0
2498 0 0 0 0 0
2513 0 0 0 2 0
2528 0 0 0 2 0
2543 0 0 0 2 0
2558 0 0 2 0 0
2571 0 0 2 0 0
2574 0 2 2 0 0
2589 0 2 2 0 0
2604 0 0 2 0 0
2619 0 0 2 0 0
2634 0 0 2 0 0
2640 0 0 2 0 0
2643 0 0 2 0 0
2658 0 0 2 0 0
2673 0 0 2 0 0
2688 0 0 2 0 0
2703 0 0 2 0 0
2718 0 0 2 0 0
2733 0 0 2 0 0
2748 0 0 2 0 0
2763 0 0 2 0 0
2778 0 0 2 0 0
2793 0 0 2 0 0
2808 0 0 0 0 0
2823 0 0 2 0 0
2838 0 0 2 0 0
2853 0 0 2 0 0
2868 0 2 2 0 0
2883 0 2 2 0 0
2898 0 2 2 0 0
2913 2 0 0 2 0
2918 2 0 0 2 0
2921 2 0 0 2 0
2936 2 0 0 2 0
2951 0 0 0 0 0
2966 0 0 0 0 0
2981 0 0 0 0 0
2996 0 0 0 0 0
3011 2 0 0 0 0
3026 0 0 0 0 0
3041 0 0 0 0 0
3056 0 0 0 0 0
3074 0 0 0 0 0
3077 2 0 0 0 0
3092 0 0 0 0 0
3107 0 0 0 0 0
3122 0 0 0 0 0
3137 0 0 0 0 0
3152 0 0 0 0 0
3167 0 0 0 0 0
3182 0 2 0 0 0
3197 0 0 0 0 0
3212 0 2 0 0 0
3227 0 2 0 0 0
3242 0 0 0 0 0
3257 0 2 0 0 0
3272 2 0 0 2 0
3287 0 0 0 2 0
3302 2 0 0 0 0
3317 2 0 0 0 0
3332 2 0 0 0 0
3347 0 0 0 0 0
3362 0 0 0 0 0
3377 2 0 0 0 0
3392 0 0 0 0 0
3407 0 0 0 0 0
3422 0 0 0 0 0
3437 0 0 0 0 0
3452 0 0 0 0 0
3467 0 2 0 0 0
3482 0 0 0 0 0
3497 0 0 0 0 0
3512 0 0 0 0 0
3527 0 0 0 0 0
3542 0 0 0 0 0
3557 0 0 0 0 0
3572 0 0 0 0 0
3591 0 0 0 0 0
