31 0 0 0 0 0
46 0 0 0 0 0
61 0 0 0 0 0
75 0 0 0 2 0
78 0 0 2 0 0
93 0 0 2 0 0
108 0 0 2 0 0
127 0 0 2 0 0
130 0 0 2 0 0
145 0 0 2 0 0
160 0 0 2 0 0
175 0 0 2 0 0
180 0 0 2 0 0
183 0 0 2 0 0
198 0 0 2 0 0
213 0 0 2 0 0
228 0 0 0 0 0
243 0 0 2 0 0
258 0 0 2 0 0
273 0 0 2 0 0
288 0 0 0 0 0
303 0 2 2 0 0
318 0 0 0 0 0
333 0 0 2 0 0
340 0 2 2 0 0
343 0 2 2 0 0
358 0 0 0 0 0
373 0 0 0 0 0
388 0 0 0 0 0
403 0 0 0 0 0
418 0 0 0 0 0
425 0 0 0 0 0
428 0 0 0 0 0
443 0 0 0 0 0
458 0 0 0 0 0
473 0 0 0 0 0
488 0 0 0 0 0
503 0 0 0 0 0
520 0 0 0 0 0
523 0 0 0 0 0
538 0 0 0 0 0
553 0 0 0 0 0
568 0 0 0 2 0
583 0 0 0 2 0
598 0 0 2 0 0
613 0 0 0 2 0
628 0 0 0 2 0
631 0 0 0 2 0
646 0 0 2 0 0
661 0 0 2 0 0
676 0 0 2 0 0
691 0 0 2 0 0
706 0 0 2 0 0
719 0 0 2 0 0
722 0 0 2 0 0
737 0 0 2 0 0
752 0 0 2 0 0
767 0 0 2 0 0
782 0 0 2 0 0
797 0 0 2 0 0
812 0 0 2 0 0
827 0 0 2 0 0
842 0 0 2 0 0
857 0 2 2 0 0
872 0 2 2 0 0
887 0 2 2 0 0
895 2 0 0 2 0
898 2 0 0 0 0
913 2 0 0 0 0
928 2 0 0 0 0
938 2 0 0 0 0
941 0 0 0 0 0
956 0 0 0 0 0
971 0 0 0 0 0
986 0 0 0 0 0
999 0 0 0 0 0
1002 0 0 0 0 0
1017 2 0 0 0 0
1032 2 0 0 2 0
1047 0 0 0 0 0
1062 0 0 0 2 0
1077 0 0 2 0 0
1083 0 0 2 0 0
1086 0 0 2 0 0
1101 0 0 2 0 0
1116 0 0 2 0 0
1131 0 0 2 0 0
1146 0 0 2 0 0
1161 0 0 2 0 0
1170 0 0 2 0 0
1173 0 0 2 0 0
1188 0 0 2 0 0
1203 0 0 2 0 0
1218 0 0 2 0 0
1233 0 0 2 0 0
1248 0 0 2 0 0
1263 0 0 2 0 0
1278 0 0 2 0 0
1293 0 2 2 0 0
1308 0 2 2 0 0
1315 0 2 2 0 0
1318 0 0 2 0 0
1333 0 0 0 2 0
1348 0 0 0 0 0
1363 0 0 0 0 0
1380 0 0 0 0 0
1383 0 0 0 0 0
1398 0 0 0 0 0
1413 0 0 0 0 0
1428 0 0 0 0 0
1443 0 0 0 0 0
1458 0 0 0 0 0
1473 0 0 0 0 0
1487 0 0 0 0 0
1490 0 0 0 0 0
1505 0 0 0 0 0
1520 0 0 0 2 0
1535 0 0 0 0 0
1550 0 0 0 2 0
1561 0 2 2 0 0
1564 0 0 2 0 0
1579 0 0 2 0 0
1594 0 0 2 0 0
1611 0 0 2 0 0
1614 0 0 2 0 0
1629 0 0 2 0 0
1644 0 0 2 0 0
1659 0 0 2 0 0
1674 0 0 2 0 0
1689 0 0 2 0 0
1704 0 0 2 0 0
1719 0 0 2 0 0
1734 0 0 2 0 0
1749 0 0 2 0 0
1764 0 0 2 0 0
1779 0 2 2 0 0
1794 0 2 2 0 0
1809 0 2 2 0 0
1824 0 2 2 0 0
1840 2 0 0 2 0
1843 2 0 0 2 0
1858 0 0 0 0 0
1873 0 0 0 0 0
1891 0 0 0 0 0
1894 0 0 0 0 0
1910 0 0 0 0 0
1913 2 0 0 0 0
1928 2 0 0 0 0
1943 2 0 0 0 0
1958 0 2 0 0 0
1973 0 0 0 0 0
1988 0 0 0 0 0
2003 0 0 0 0 0
2018 0 0 0 0 0
2030 0 0 0 0 0
