23 0 0 0 0 0
38 0 0 0 2 0
53 0 0 0 2 0
68 0 0 0 2 0
75 0 0 0 2 0
78 0 0 0 2 0
93 0 0 2 0 0
108 0 0 2 0 0
123 0 0 2 0 0
138 0 0 2 0 0
156 0 0 2 0 0
159 0 0 2 0 0
174 0 0 2 0 0
189 0 0 2 0 0
204 0 0 2 0 0
219 0 0 2 0 0
234 0 0 2 0 0
237 0 0 2 0 0
252 0 0 2 0 0
267 0 0 2 0 0
282 0 0 2 0 0
297 0 0 2 0 0
312 0 0 2 0 0
327 0 0 2 0 0
342 0 0 2 0 0
357 0 0 2 0 0
372 0 0 2 0 0
387 0 0 2 0 0
402 0 0 2 0 0
417 0 0 2 0 0
432 0 0 2 0 0
447 0 0 2 0 0
462 0 0 2 0 0
477 0 0 2 0 0
492 0 0 2 0 0
507 0 0 2 0 0
522 0 2 2 0 0
537 0 2 2 0 0
552 2 0 2 0 0
567 0 2 2 0 0
582 0 2 2 0 0
597 0 2 2 0 0
612 0 0 2 0 0
629 0 2 2 0 0
632 0 2 0 2 0
647 2 0 0 2 0
662 2 0 0 0 0
677 0 0 0 0 0
692 0 0 0 0 0
707 0 0 0 0 0
722 0 0 0 0 0
737 0 0 0 0 0
752 0 0 0 0 0
767 0 0 0 0 0
782 0 0 0 0 0
797 0 0 0 0 0
805 0 0 0 0 0
808 0 0 0 0 0
823 0 0 0 0 0
838 2 0 0 0 0
853 0 0 0 0 0
868 2 0 0 0 0
883 2 0 0 0 0
898 2 0 0 0 0
913 0 0 0 0 0
928 0 0 0 0 0
943 2 0 0 0 0
958 2 0 0 2 0
973 2 0 2 0 0
982 0 0 2 0 0
985 0 0 2 0 0
1000 0 0 2 0 0
1015 0 0 2 0 0
1030 0 0 2 0 0
1049 0 0 2 0 0
1052 0 0 2 0 0
1067 0 0 2 0 0
1082 0 0 0 0 0
1097 0 0 2 0 0
1112 0 0 0 0 0
1127 0 0 2 0 0
1142 0 0 2 0 0
1157 0 0 2 0 0
1172 0 0 2 0 0
1187 0 0 2 0 0
1202 0 0 2 0 0
1217 0 0 2 0 0
1232 0 2 2 0 0
1247 0 2 2 0 0
1255 0 2 2 0 0
1258 0 2 2 0 0
1273 2 0 0 2 0
1288 2 0 0 0 0
1303 0 0 0 0 0
1318 0 0 0 0 0
1333 0 0 0 0 0
1348 0 0 0 0 0
1363 0 0 0 0 0
1378 0 0 0 0 0
1393 0 0 0 0 0
1405 0 0 0 0 0
1408 0 0 0 0 0
1423 2 0 0 0 0
1438 2 0 0 0 0
1453 0 0 0 0 0
1468 0 0 0 2 0
1483 0 0 0 2 0
1498 0 0 0 2 0
1511 0 2 2 0 0
1514 0 0 2 0 0
1529 0 0 2 0 0
1544 0 0 2 0 0
1559 0 0 2 0 0
1567 0 0 2 0 0
1570 0 0 2 0 0
1585 0 0 2 0 0
1600 0 0 2 0 0
1615 0 0 2 0 0
1630 0 0 2 0 0
1645 0 0 2 0 0
1660 0 0 2 0 0
1675 0 0 2 0 0
1690 0 0 2 0 0
1705 0 0 2 0 0
1720 0 0 2 0 0
1735 0 0 2 0 0
1750 0 2 2 0 0
1768 0 2 2 0 0
1771 0 2 2 0 0
1786 2 0 0 2 0
1801 2 0 0 0 0
1816 0 0 0 0 0
1831 0 0 0 0 0
1846 2 0 0 0 0
1861 2 0 0 0 0
1876 2 0 0 0 0
1891 0 0 0 0 0
1909 0 0 0 0 0
1912 2 0 0 0 0
1927 2 0 0 0 0
1942 2 0 0 0 0
1957 2 0 0 0 0
1972 2 0 0 2 0
1987 2 0 0 2 0
2002 2 0 0 2 0
2017 2 0 0 2 0
2032 0 2 2 0 0
2035 0 2 2 0 0
2050 0 0 2 0 0
2065 0 0 2 0 0
2080 0 0 2 0 0
2091 0 0 2 0 0
2094 0 0 2 0 0
2109 0 0 2 0 0
2124 0 0 2 0 0
2139 0 0 2 0 0
2154 0 0 0 0 0
2169 0 0 2 0 0
2184 0 0 2 0 0
2199 0 0 2 0 0
2214 0 0 2 0 0
2229 0 0 2 0 0
2244 0 0 2 0 0
2259 0 0 2 0 0
2274 0 0 2 0 0
2289 0 0 2 0 0
2304 0 2 2 0 0
2319 0 2 2 0 0
2334 0 2 2 0 0
2349 0 2 2 0 0
2360 2 0 2 0 0
2363 2 0 0 2 0
2378 2 0 0 2 0
2393 2 0 0 0 0
2408 0 0 0 0 0
2423 0 0 0 0 0
2438 2 0 0 0 0
2453 2 0 0 0 0
2469 0 0 0 0 0
2472 0 0 0 0 0
2487 2 0 0 0 0
2502 2 0 0 0 0
2517 2 0 0 2 0
2532 2 0 0 0 0
2547 2 0 0 2 0
2562 0 2 2 0 0
2577 0 2 2 0 0
2592 0 0 2 0 0
2607 0 2 2 0 0
2622 0 2 2 0 0
2637 0 0 2 0 0
2652 0 0 0 2 0
2667 2 0 0 0 0
2682 2 0 0 0 0
2697 0 0 0 0 0
2712 2 0 0 0 0
2727 2 0 0 0 0
2742 2 0 0 0 0
2757 2 0 0 0 0
2772 2 0 0 0 0
2787 2 0 0 0 0
2802 2 0 0 0 0
2817 0 0 0 0 0
2832 0 0 0 0 0
2847 0 0 0 0 0
2862 0 0 0 0 0
2877 0 0 0 0 0
2892 0 0 0 0 0
2907 0 0 0 0 0
2922 0 0 0 0 0
2937 0 0 0 0 0
2946 0 0 0 0 0
