139 0 0 0 0 0
154 0 0 0 0 0
169 0 0 0 0 0
184 0 0 0 0 0
199 0 0 0 2 0
214 0 0 2 0 0
229 0 0 0 2 0
244 0 0 0 2 0
253 0 0 0 2 0
256 0 0 0 2 0
271 0 0 0 2 0
286 0 0 0 2 0
301 0 0 2 0 0
316 0 0 2 0 0
331 0 0 0 0 0
346 0 2 0 0 0
355 0 2 0 0 0
358 0 2 0 0 0
373 0 2 0 0 0
388 0 0 2 0 0
403 0 0 0 0 0
418 0 2 0 0 0
433 0 2 0 0 0
448 0 2 0 0 0
463 0 2 0 0 0
478 0 2 0 0 0
493 0 2 0 0 0
508 2 0 0 0 0
523 2 0 0 0 0
538 2 0 0 0 0
553 2 0 0 0 0
568 2 0 0 2 0
583 2 0 0 2 0
598 2 0 0 2 0
613 2 0 0 2 0
628 2 0 0 2 0
643 2 0 2 0 0
652 0 2 2 0 0
655 0 2 2 0 0
670 0 0 2 0 0
685 0 0 2 0 0
700 0 0 2 0 0
715 0 0 2 0 0
730 0 0 2 0 0
745 0 0 2 0 0
760 0 0 0 0 0
775 0 0 0 0 0
790 0 0 2 0 0
805 0 0 2 0 0
820 0 0 2 0 0
835 0 0 0 0 0
850 0 0 0 0 0
865 0 0 2 0 0
880 0 0 2 0 0
895 0 0 2 0 0
910 0 0 2 0 0
925 0 0 2 0 0
940 0 0 0 0 0
955 0 0 0 0 0
970 0 0 2 0 0
985 0 0 2 0 0
1000 0 0 2 0 0
1015 0 0 0 0 0
1030 0 0 2 0 0
1045 0 0 2 0 0
1060 0 0 2 0 0
1075 0 0 2 0 0
1090 0 0 2 0 0
1105 0 0 2 0 0
1120 0 0 0 0 0
1135 0 0 2 0 0
1150 0 0 2 0 0
1165 0 2 2 0 0
1180 0 2 2 0 0
1195 0 2 2 0 0
1210 0 2 2 0 0
1225 0 2 2 0 0
1240 0 2 2 0 0
1248 0 2 2 0 0
1251 0 2 0 2 0
1266 0 2 0 0 0
1281 0 2 0 0 0
1296 0 2 0 0 0
1311 0 0 0 0 0
1326 2 0 0 0 0
1341 2 0 0 0 0
1356 0 0 0 0 0
1371 0 0 0 0 0
1385 0 0 0 0 0
1388 0 0 0 0 0
1403 0 0 0 0 0
1418 2 0 0 0 0
1433 2 0 0 0 0
1448 2 0 0 0 0
1463 2 0 0 0 0
1478 0 0 0 2 0
1493 2 0 0 0 0
1508 2 0 0 2 0
1523 2 0 0 2 0
1538 2 0 0 0 0
1553 2 0 0 0 0
1568 2 0 0 2 0
1583 2 0 0 2 0
1598 2 0 0 2 0
1613 0 2 2 0 0
1618 0 2 2 0 0
1621 0 2 2 0 0
1636 0 2 2 0 0
1651 0 0 2 0 0
1666 0 0 2 0 0
1681 0 0 2 0 0
1696 0 0 2 0 0
1711 0 0 2 0 0
1726 0 2 2 0 0
1741 0 0 2 0 0
1756 0 0 2 0 0
1771 0 0 2 0 0
1786 0 0 2 0 0
1801 0 0 2 0 0
1816 0 0 2 0 0
1831 0 0 2 0 0
1846 0 0 2 0 0
1861 0 0 2 0 0
1876 0 0 2 0 0
1891 0 0 2 0 0
1906 0 0 2 0 0
1921 0 0 2 0 0
1936 0 0 2 0 0
1951 0 0 2 0 0
1966 0 0 2 0 0
1981 0 0 2 0 0
1996 0 0 2 0 0
2013 0 0 2 0 0
2016 0 0 2 0 0
2031 0 0 2 0 0
2046 0 0 2 0 0
2061 0 0 2 0 0
2076 0 0 2 0 0
2091 0 0 2 0 0
2106 0 0 2 0 0
2121 0 0 2 0 0
2136 0 0 2 0 0
2151 0 0 2 0 0
2166 0 0 2 0 0
2181 0 0 2 0 0
2196 0 2 2 0 0
2211 0 2 2 0 0
2226 0 2 2 0 0
2239 0 2 0 2 0
2242 0 2 0 2 0
2257 0 2 0 0 0
2272 2 0 0 0 0
2287 2 0 0 0 0
2302 2 0 0 0 0
2317 0 0 0 0 0
2332 0 0 0 0 0
2347 2 0 0 0 0
2362 2 0 0 0 0
2377 2 0 0 0 0
2392 2 0 0 0 0
2407 2 0 0 0 0
2422 0 0 0 0 0
2441 0 0 0 0 0
2444 0 0 0 0 0
2459 0 0 0 0 0
2474 0 0 0 0 0
2489 2 0 0 0 0
2504 2 0 0 0 0
2519 2 0 0 0 0
2534 0 0 0 0 0
2549 2 0 0 2 0
2564 2 0 0 2 0
2579 2 0 0 2 0
2594 0 0 0 2 0
2602 0 0 0 2 0
2605 0 2 0 2 0
2620 0 0 2 0 0
2635 0 0 2 0 0
2650 0 0 2 0 0
2665 0 0 2 0 0
2680 0 0 2 0 0
2695 0 0 2 0 0
2710 0 0 2 0 0
2725 0 0 2 0 0
2740 0 0 2 0 0
2755 0 0 2 0 0
2770 0 0 2 0 0
2785 0 0 2 0 0
2800 0 0 2 0 0
2815 0 0 0 0 0
2830 0 0 0 0 0
2845 0 0 0 0 0
2864 0 0 0 0 0
2867 0 0 0 0 0
2882 0 0 0 0 0
2897 0 0 0 0 0
2912 0 0 0 0 0
2927 0 0 0 0 0
2942 0 0 0 0 0
2957 0 0 0 0 0
2972 0 0 0 0 0
2987 0 0 0 0 0
3002 0 0 2 0 0
3017 0 0 2 0 0
3032 0 0 2 0 0
3047 0 0 2 0 0
3062 0 0 2 0 0
3077 0 0 2 0 0
3092 0 0 2 0 0
3107 0 0 2 0 0
3122 0 0 2 0 0
3137 0 0 2 0 0
3152 0 0 2 0 0
3167 0 0 2 0 0
3182 0 0 2 0 0
3197 0 0 2 0 0
3212 0 0 2 0 0
3227 0 0 2 0 0
3242 0 0 2 0 0
3257 0 0 2 0 0
3272 0 2 2 0 0
3287 0 0 2 0 0
3302 0 2 2 0 0
3317 0 2 2 0 0
3332 0 2 2 0 0
3344 0 2 2 0 0
3347 0 2 2 0 0
3362 0 2 0 2 0
3377 0 2 0 0 0
3392 0 2 0 0 0
3407 0 2 0 0 0
3422 2 0 0 0 0
3437 0 0 0 0 0
3452 2 0 0 0 0
3467 2 0 0 0 0
3482 2 0 0 0 0
3497 2 0 0 0 0
3512 2 0 0 0 0
3527 0 0 0 0 0
3542 0 0 0 0 0
3561 0 0 0 0 0
3564 0 0 0 0 0
3579 0 0 0 0 0
3594 2 0 0 0 0
3609 2 0 0 0 0
3624 2 0 0 0 0
3639 2 0 0 0 0
3654 2 0 0 2 0
3673 0 2 0 2 0
3676 0 2 0 2 0
3691 0 0 2 0 0
3706 0 0 2 0 0
3721 0 0 2 0 0
3736 0 0 2 0 0
3751 0 0 2 0 0
3766 0 0 2 0 0
3781 0 0 2 0 0
3791 0 0 2 0 0
3794 0 0 2 0 0
3809 0 0 2 0 0
3824 0 0 2 0 0
3839 0 0 2 0 0
3854 0 0 0 0 0
3869 0 0 2 0 0
3884 0 0 2 0 0
3899 0 0 2 0 0
3914 0 0 2 0 0
3929 0 2 2 0 0
3944 0 0 2 0 0
3959 0 0 2 0 0
3974 0 2 2 0 0
3989 0 2 2 0 0
4004 0 0 2 0 0
4023 0 2 0 2 0
4026 0 2 0 2 0
4041 0 2 0 2 0
4056 2 0 0 0 0
4071 0 0 0 0 0
4086 0 0 0 0 0
4101 0 0 0 0 0
4116 2 0 0 0 0
4131 2 0 0 0 0
4146 0 0 0 0 0
4161 2 0 0 0 0
4167 0 2 0 0 0
4170 0 0 0 0 0
4185 0 0 0 0 0
4200 0 0 0 0 0
4215 0 2 0 0 0
4230 0 0 0 0 0
4245 0 0 0 0 0
4260 0 0 0 0 0
4275 0 0 0 0 0
4282 0 0 0 0 0
