5 0 0 0 2 0
20 0 0 0 2 0
35 0 0 0 0 0
50 0 0 0 0 0
65 0 0 0 0 0
76 0 0 0 2 0
79 0 0 0 2 0
94 0 0 0 2 0
109 0 0 0 2 0
124 0 0 0 2 0
139 0 0 0 2 0
154 0 0 0 2 0
169 0 0 2 0 0
184 0 0 2 0 0
201 0 0 2 0 0
204 0 0 2 0 0
219 0 0 2 0 0
234 0 0 2 0 0
249 0 2 2 0 0
264 0 0 2 0 0
279 0 0 2 0 0
294 0 0 2 0 0
309 0 0 0 2 0
324 0 0 0 2 0
339 0 0 0 0 0
354 0 0 0 2 0
369 0 0 0 0 0
384 0 0 0 0 0
399 0 0 0 2 0
414 0 0 0 2 0
429 0 0 0 2 0
444 0 0 0 2 0
459 0 0 0 2 0
474 0 2 0 2 0
489 0 0 0 2 0
504 0 0 0 2 0
519 0 2 0 2 0
534 0 0 0 2 0
548 0 0 0 2 0
551 0 0 0 2 0
566 0 0 0 0 0
581 0 0 0 0 0
596 0 0 0 0 0
611 0 0 0 0 0
614 0 0 0 0 0
629 0 0 0 0 0
644 0 0 0 0 0
659 0 0 0 0 0
674 0 0 0 2 0
689 0 0 0 2 0
704 0 0 0 2 0
719 0 0 0 0 0
734 0 0 0 2 0
749 0 0 0 2 0
764 0 0 0 0 0
779 0 0 0 0 0
794 0 2 0 0 0
809 0 2 0 0 0
824 0 2 0 0 0
839 2 0 0 0 0
854 2 0 0 2 0
860 2 0 0 2 0
863 0 0 0 0 0
878 0 0 0 0 0
893 2 0 0 0 0
908 0 0 0 0 0
923 2 0 0 0 0
938 0 0 0 0 0
953 0 0 0 0 0
968 0 0 0 0 0
983 2 0 0 0 0
998 2 0 0 0 0
1013 0 0 0 0 0
1028 0 0 0 0 0
1043 0 0 0 0 0
1058 0 0 0 0 0
1073 0 0 0 0 0
1088 0 0 0 0 0
1103 0 0 0 0 0
1113 0 0 0 0 0
1116 0 0 0 0 0
1131 0 0 0 0 0
1146 0 0 0 0 0
1161 0 0 0 0 0
1176 0 0 0 0 0
1191 0 0 0 0 0
1206 0 0 0 0 0
1221 0 0 0 0 0
1236 0 0 0 0 0
1251 2 0 0 2 0
1270 0 0 0 2 0
1273 0 0 0 0 0
1288 0 0 0 0 0
1303 0 0 0 2 0
1318 0 0 0 0 0
1333 0 0 0 0 0
1348 0 0 0 0 0
1363 0 0 0 2 0
1378 0 0 0 0 0
1393 0 0 0 0 0
1400 0 0 0 0 0
1403 0 0 0 2 0
1418 0 0 0 2 0
1433 0 0 0 2 0
1448 0 0 0 2 0
1463 0 0 0 2 0
1478 0 0 0 2 0
1493 0 0 0 2 0
1508 0 0 0 2 0
1523 0 0 0 0 0
1538 0 0 0 2 0
1553 0 0 0 2 0
1568 0 0 0 2 0
1583 0 0 0 2 0
1598 0 0 0 0 0
1613 0 0 0 2 0
1628 0 0 0 2 0
1643 0 0 0 2 0
1658 0 0 0 2 0
1673 0 0 0 2 0
1688 0 2 0 2 0
1703 0 0 0 2 0
1718 0 2 0 2 0
1727 0 2 0 2 0
1730 0 2 0 2 0
1745 0 2 0 0 0
1760 2 0 0 0 0
1775 0 0 0 0 0
1790 0 0 0 0 0
1805 0 0 0 0 0
1820 2 0 0 0 0
1835 0 0 0 0 0
1850 0 0 0 0 0
1865 0 0 0 0 0
1880 0 0 0 0 0
1888 0 0 0 0 0
1891 0 0 0 0 0
1906 0 0 0 0 0
1921 2 0 0 0 0
1936 2 0 0 0 0
1951 2 0 0 0 0
1966 2 0 0 0 0
1981 2 0 0 0 0
1996 2 0 0 2 0
2009 0 2 0 2 0
2012 0 2 0 2 0
2027 0 0 0 2 0
2042 0 0 0 2 0
2057 0 0 0 0 0
2072 0 0 0 0 0
2087 0 0 0 0 0
2092 0 0 0 0 0
2095 0 0 0 0 0
2110 0 0 0 0 0
2125 0 0 0 0 0
2140 0 0 0 0 0
2155 0 0 0 0 0
2170 0 0 0 0 0
2185 0 0 0 2 0
2200 0 0 0 0 0
2215 0 0 0 2 0
2230 0 0 0 2 0
2245 0 0 0 2 0
2260 0 0 0 2 0
2275 0 0 0 2 0
2290 0 0 0 2 0
2305 0 0 0 2 0
2320 0 0 0 2 0
2335 0 2 0 2 0
2350 0 0 0 2 0
2365 0 0 0 2 0
2380 0 0 2 0 0
2395 0 0 2 0 0
2410 0 2 2 0 0
2425 0 2 2 0 0
2440 0 2 2 0 0
2455 0 2 0 2 0
2470 2 0 0 2 0
2479 2 0 0 0 0
2482 2 0 0 0 0
2497 2 0 0 0 0
2512 0 2 0 0 0
2527 0 0 0 0 0
2542 0 0 0 0 0
2557 0 0 0 0 0
2572 0 2 0 0 0
2587 2 0 0 0 0
2602 0 2 0 0 0
2617 0 2 0 0 0
2632 0 2 0 0 0
2647 0 2 0 0 0
2662 0 0 0 0 0
2677 0 0 0 0 0
2692 2 0 0 0 0
2707 2 0 0 0 0
2722 0 2 0 0 0
2737 0 0 0 0 0
2752 0 0 0 0 0
2770 0 0 0 0 0
2773 0 0 0 0 0
2788 2 0 0 0 0
2803 0 2 0 0 0
2818 0 2 0 0 0
2833 0 2 0 0 0
2848 0 2 0 2 0
2863 0 2 0 2 0
2875 0 2 0 2 0
2878 0 2 0 2 0
2893 0 0 0 2 0
2908 0 0 0 0 0
2923 0 0 0 0 0
2934 0 0 0 0 0
2937 0 0 0 0 0
2952 0 0 0 0 0
2967 0 0 0 0 0
2982 0 0 0 0 0
2997 0 0 0 2 0
3012 0 0 0 2 0
3027 0 0 0 2 0
3042 0 0 0 2 0
3057 0 0 0 2 0
3072 0 0 0 2 0
3087 0 0 0 2 0
3102 0 0 0 2 0
3117 0 2 0 2 0
3125 0 2 0 2 0
3128 0 2 0 2 0
3143 0 0 0 2 0
3158 2 0 0 0 0
3173 2 0 0 0 0
3188 2 0 0 0 0
3203 0 0 0 0 0
3218 0 0 0 0 0
3233 0 0 0 0 0
3248 0 0 0 0 0
3263 0 0 0 0 0
3278 2 0 0 0 0
3287 0 0 0 0 0
3290 0 0 0 0 0
3305 0 0 0 0 0
3320 0 0 0 0 0
3335 0 0 0 0 0
3350 0 0 0 0 0
3365 0 0 0 0 0
3380 0 0 0 0 0
3395 0 0 0 0 0
3410 0 0 0 0 0
3422 0 0 0 0 0
