1 0 0 0 2 0
16 0 0 0 2 0
31 0 0 0 2 0
46 0 0 2 0 0
61 0 0 2 0 0
76 0 0 2 0 0
86 0 0 2 0 0
89 0 0 2 0 0
104 0 0 0 2 0
119 0 2 0 2 0
134 0 2 0 2 0
149 0 2 0 2 0
167 0 2 0 2 0
170 0 2 0 2 0
185 0 0 2 0 0
200 0 0 2 0 0
219 0 0 2 0 0
222 0 0 2 0 0
237 0 0 2 0 0
252 0 0 2 0 0
267 0 0 2 0 0
282 0 0 2 0 0
297 0 0 2 0 0
312 0 0 2 0 0
327 0 0 2 0 0
342 0 0 0 2 0
357 0 0 0 2 0
372 0 0 0 2 0
387 0 2 0 2 0
400 0 2 0 2 0
403 0 2 0 2 0
418 2 0 0 2 0
433 0 0 0 0 0
448 0 0 0 0 0
463 0 0 0 0 0
478 0 0 0 0 0
487 0 0 0 0 0
490 0 0 0 0 0
505 0 0 0 0 0
520 0 0 0 0 0
535 0 2 0 0 0
550 2 0 0 2 0
565 2 0 0 2 0
580 0 2 0 2 0
587 0 0 0 2 0
590 0 0 0 2 0
605 0 0 0 2 0
620 0 0 2 0 0
635 0 0 2 0 0
643 0 0 2 0 0
646 0 0 2 0 0
661 0 0 2 0 0
676 0 0 0 0 0
691 0 0 2 0 0
706 0 0 2 0 0
721 0 0 2 0 0
736 0 0 2 0 0
751 0 0 2 0 0
766 0 0 2 0 0
781 0 0 2 0 0
796 0 0 0 2 0
811 0 0 2 0 0
826 0 0 0 2 0
841 0 0 0 2 0
856 0 2 0 2 0
875 0 2 0 2 0
878 0 2 0 2 0
893 2 0 0 2 0
908 0 0 0 0 0
923 0 0 0 0 0
938 0 0 0 0 0
950 0 0 0 0 0
953 0 0 0 0 0
968 0 0 0 0 0
983 0 0 0 0 0
998 0 0 0 0 0
1013 2 0 0 0 0
1028 2 0 0 0 0
1043 2 0 0 2 0
1058 2 0 0 2 0
1073 2 0 0 2 0
1088 2 0 0 2 0
1103 0 2 0 2 0
1112 0 2 0 2 0
1115 0 2 0 2 0
1130 0 0 2 0 0
1145 0 0 2 0 0
1160 0 0 0 0 0
1175 0 0 0 0 0
1190 0 0 0 0 0
1203 0 0 0 0 0
1206 0 0 0 0 0
1221 0 0 0 0 0
1236 0 0 0 0 0
1251 0 0 0 0 0
1266 0 0 0 0 0
1281 0 0 2 0 0
1296 0 0 0 2 0
1311 0 0 2 0 0
1326 0 0 2 0 0
1341 0 0 0 2 0
1356 0 0 0 2 0
1371 0 0 0 2 0
1386 0 2 0 2 0
1395 0 2 0 2 0
1398 0 2 0 2 0
1413 0 0 0 2 0
1428 0 0 0 0 0
1443 0 0 0 0 0
1458 0 0 0 0 0
1473 0 0 0 0 0
1482 0 0 0 0 0
1485 0 0 0 0 0
1500 0 0 0 0 0
1515 0 0 0 2 0
1530 0 0 0 0 0
1545 0 0 0 2 0
1563 0 0 2 0 0
1566 0 0 2 0 0
1581 0 0 2 0 0
1596 0 0 2 0 0
1611 0 0 0 0 0
1626 0 0 0 0 0
1641 0 0 0 0 0
1656 0 0 0 0 0
1671 0 0 0 0 0
1677 0 0 0 0 0
1680 0 0 0 0 0
1695 0 0 0 0 0
1710 0 0 0 0 0
1725 0 0 2 0 0
1740 0 0 2 0 0
1755 0 0 2 0 0
1770 0 0 2 0 0
1785 0 0 0 2 0
1800 0 2 0 2 0
1815 0 2 0 2 0
1830 0 2 0 2 0
1838 0 2 0 2 0
1841 0 2 0 2 0
1856 0 0 0 0 0
1871 0 0 0 0 0
1886 0 2 0 0 0
1901 0 0 0 0 0
1910 0 0 0 0 0
1913 0 0 0 0 0
1928 2 0 0 2 0
1943 2 0 0 2 0
1958 2 0 0 2 0
1973 0 2 0 2 0
1988 0 0 0 2 0
2003 0 0 0 2 0
2018 0 0 0 2 0
2033 0 0 0 2 0
2048 0 0 0 2 0
2063 0 0 0 2 0
2078 0 0 0 0 0
2093 0 0 0 0 0
2108 0 0 0 0 0
2123 0 0 0 0 0
2138 0 0 0 0 0
2153 0 0 0 0 0
2168 0 0 0 0 0
2183 0 0 0 0 0
2198 0 0 0 0 0
2213 0 0 0 0 0
2228 0 0 0 0 0
2233 0 0 0 0 0
