1 0 0 2 0 0
16 0 0 0 2 0
31 0 0 0 2 0
46 0 0 2 0 0
61 0 0 2 0 0
76 0 0 2 0 0
92 0 2 0 2 0
95 0 2 0 2 0
110 0 2 0 2 0
125 0 2 0 2 0
140 0 2 0 2 0
155 0 2 0 2 0
170 0 2 0 2 0
186 0 2 0 2 0
189 0 2 0 2 0
204 0 0 0 0 0
219 0 0 2 0 0
237 0 0 2 0 0
240 0 0 0 0 0
255 0 0 2 0 0
270 0 0 2 0 0
285 0 0 2 0 0
300 0 0 2 0 0
315 0 0 2 0 0
330 0 0 2 0 0
345 0 0 0 2 0
360 0 0 0 0 0
375 0 0 0 2 0
390 0 0 0 2 0
405 0 0 0 2 0
420 0 0 0 2 0
435 0 0 2 0 0
450 0 0 0 0 0
465 0 0 0 0 0
477 0 0 2 0 0
480 0 0 2 0 0
495 0 0 2 0 0
510 0 0 2 0 0
525 0 0 2 0 0
540 0 2 2 0 0
555 0 0 0 2 0
570 0 0 0 0 0
585 0 2 0 0 0
600 0 2 0 0 0
615 0 0 0 0 0
630 0 0 0 0 0
645 0 0 0 0 0
660 0 0 0 0 0
675 0 0 0 0 0
690 0 0 0 0 0
695 0 0 0 0 0
698 0 0 0 0 0
713 0 0 0 0 0
728 0 0 0 0 0
743 0 0 0 0 0
758 0 0 0 0 0
773 0 2 0 0 0
788 0 0 0 2 0
803 0 2 0 2 0
814 0 0 0 2 0
817 0 0 0 2 0
832 0 0 0 2 0
847 0 0 2 0 0
862 0 0 2 0 0
877 0 0 2 0 0
892 0 0 2 0 0
903 0 0 2 0 0
906 0 0 2 0 0
921 0 0 2 0 0
936 0 0 2 0 0
951 0 0 0 2 0
966 0 0 0 2 0
981 0 0 2 0 0
996 0 0 2 0 0
1011 0 0 2 0 0
1026 0 0 2 0 0
1041 0 0 2 0 0
1056 0 0 2 0 0
1071 0 0 2 0 0
1086 0 0 2 0 0
1101 0 0 2 0 0
1116 0 0 2 0 0
1131 0 0 2 0 0
1146 0 0 2 0 0
1161 0 0 2 0 0
1176 0 0 2 0 0
1191 0 2 2 0 0
1206 0 0 2 0 0
1221 0 0 2 0 0
1236 0 0 2 0 0
1251 0 0 2 0 0
1266 0 2 2 0 0
1285 0 0 2 0 0
1288 0 2 2 0 0
1303 0 2 0 2 0
1318 0 2 0 2 0
1333 0 2 0 0 0
1348 0 0 0 2 0
1363 0 0 0 0 0
1378 0 0 0 0 0
1393 0 0 0 0 0
1408 0 0 0 0 0
1423 0 0 0 0 0
1438 0 0 0 0 0
1453 0 0 0 0 0
1462 0 0 0 0 0
1465 0 0 0 0 0
1480 0 0 0 0 0
1495 0 2 0 0 0
1510 0 2 0 0 0
1525 0 2 0 0 0
1540 0 2 0 0 0
1555 0 2 0 2 0
1570 0 2 0 2 0
1580 0 2 0 2 0
1583 0 0 0 2 0
1598 0 0 0 2 0
1613 0 0 2 0 0
1625 0 0 2 0 0
1628 0 0 2 0 0
1643 0 0 2 0 0
1658 0 0 0 0 0
1673 0 0 2 0 0
1688 0 0 2 0 0
1703 0 0 2 0 0
1718 0 0 0 2 0
1733 0 0 0 2 0
1748 0 0 0 2 0
1763 0 0 2 0 0
1778 0 0 2 0 0
1793 0 0 2 0 0
1808 0 0 2 0 0
1823 0 0 2 0 0
1838 0 0 2 0 0
1853 0 0 2 0 0
1868 0 2 2 0 0
1887 0 0 2 0 0
1890 0 2 0 0 0
1905 0 0 0 0 0
1920 0 0 0 0 0
1935 0 0 0 0 0
1950 0 0 0 0 0
1965 0 0 0 0 0
1980 0 0 0 0 0
1995 0 0 0 0 0
2010 0 0 0 0 0
2027 0 0 0 0 0
2030 0 0 0 0 0
2045 0 0 0 0 0
2060 0 0 0 0 0
2075 0 2 0 0 0
2090 0 2 0 2 0
2105 0 0 0 2 0
2120 0 2 0 0 0
2135 0 0 0 2 0
2150 0 0 0 0 0
2165 0 2 0 2 0
2183 0 0 0 2 0
2186 0 0 0 2 0
2201 0 0 0 2 0
2216 0 0 2 0 0
2230 0 0 2 0 0
2233 0 0 2 0 0
2248 0 0 2 0 0
2263 0 0 2 0 0
2278 0 0 0 0 0
2293 0 0 2 0 0
2308 0 0 2 0 0
2323 0 0 2 0 0
2338 0 0 2 0 0
2353 0 0 2 0 0
2368 0 0 2 0 0
2383 0 0 2 0 0
2398 0 0 2 0 0
2413 0 0 0 0 0
2428 0 0 2 0 0
2443 0 0 2 0 0
2460 0 0 2 0 0
2463 0 0 2 0 0
2478 0 0 2 0 0
2493 0 0 2 0 0
2508 0 2 2 0 0
2523 0 2 0 2 0
2538 0 2 0 0 0
2553 0 2 0 0 0
2568 0 2 0 0 0
2583 0 2 0 2 0
2598 0 2 0 2 0
2613 0 0 0 0 0
2628 0 0 0 2 0
2643 0 0 0 2 0
2658 0 0 2 0 0
2668 0 0 2 0 0
2671 0 0 2 0 0
2686 0 0 0 0 0
2701 0 0 2 0 0
2716 0 0 2 0 0
2731 0 0 2 0 0
2746 0 0 0 2 0
2761 0 0 0 2 0
2776 0 0 2 0 0
2791 0 0 2 0 0
2806 0 0 2 0 0
2821 0 0 2 0 0
2836 0 0 2 0 0
2851 0 0 0 0 0
2866 0 0 2 0 0
2881 0 0 0 0 0
2896 0 0 0 0 0
2911 0 0 0 0 0
2926 0 0 0 0 0
2941 0 0 0 0 0
2956 0 0 0 0 0
2971 0 0 0 0 0
2986 0 2 0 0 0
3001 0 0 0 0 0
3008 0 0 0 0 0
3011 0 0 0 0 0
3026 0 0 0 0 0
3041 0 0 0 0 0
3056 0 0 0 0 0
3071 0 0 0 0 0
3086 0 0 0 0 0
3101 0 0 0 0 0
3116 0 0 0 0 0
3131 0 0 0 0 0
3146 0 0 0 0 0
3157 0 0 0 0 0
3160 0 0 0 0 0
3175 0 0 0 0 0
3190 0 2 0 0 0
3205 0 0 0 0 0
3220 0 0 0 0 0
3235 0 0 0 0 0
3250 0 0 0 0 0
3265 0 0 0 0 0
3280 0 0 0 0 0
3295 0 0 0 0 0
3310 0 0 0 0 0
3325 0 0 0 0 0
3340 0 0 0 0 0
3355 0 0 0 0 0
3370 0 0 0 0 0
3377 0 0 0 0 0
