118 0 0 0 0 0
130 0 0 0 2 0
143 0 0 0 2 0
146 0 0 0 2 0
161 0 0 2 0 0
176 0 0 2 0 0
194 0 0 2 0 0
197 0 0 0 0 0
212 0 0 0 0 0
227 0 0 0 0 0
242 0 2 0 0 0
257 2 0 0 0 0
272 2 0 0 0 0
287 2 0 0 2 0
302 2 0 0 0 0
317 2 0 0 2 0
332 2 0 0 2 0
348 0 2 2 0 0
351 0 2 2 0 0
366 0 0 2 0 0
381 0 0 2 0 0
396 0 0 2 0 0
411 0 0 2 0 0
423 0 0 2 0 0
426 0 0 2 0 0
441 0 0 2 0 0
456 0 0 2 0 0
471 0 0 2 0 0
486 0 0 2 0 0
501 0 0 2 0 0
516 0 0 2 0 0
531 0 2 2 0 0
539 2 0 2 0 0
542 2 0 0 2 0
557 2 0 0 0 0
572 0 0 0 0 0
587 0 0 0 0 0
602 0 0 0 0 0
617 0 0 0 0 0
633 0 0 0 0 0
636 0 0 0 0 0
651 0 0 0 0 0
666 0 0 0 0 0
681 0 0 0 0 0
696 0 0 0 0 0
711 0 0 0 0 0
726 0 0 0 0 0
741 0 0 0 0 0
756 0 0 0 0 0
771 0 0 0 0 0
786 0 0 0 0 0
801 0 0 0 0 0
816 0 0 0 0 0
831 0 0 0 0 0
846 0 0 0 0 0
851 0 0 0 0 0
854 0 0 0 0 0
869 0 0 0 0 0
884 0 0 0 0 0
899 0 0 0 2 0
914 2 0 2 0 0
929 2 0 0 2 0
944 2 0 0 2 0
959 2 0 0 2 0
974 2 0 0 2 0
989 2 0 2 0 0
1004 2 0 0 2 0
1019 2 0 0 2 0
1034 2 0 2 0 0
1050 0 2 2 0 0
1053 0 2 2 0 0
1068 0 0 2 0 0
1083 0 0 2 0 0
1098 0 0 2 0 0
1113 0 0 2 0 0
1128 0 0 2 0 0
1147 0 0 2 0 0
1150 0 0 2 0 0
1165 0 0 2 0 0
1180 0 0 2 0 0
1195 0 0 2 0 0
1210 0 0 2 0 0
1225 0 0 0 0 0
1240 0 0 2 0 0
1255 0 0 2 0 0
1270 0 0 2 0 0
1285 0 0 2 0 0
1300 0 0 2 0 0
1315 0 0 2 0 0
1330 0 0 2 0 0
1345 0 0 2 0 0
1360 0 0 2 0 0
1375 0 0 2 0 0
1390 0 0 2 0 0
1405 0 0 2 0 0
1420 0 0 2 0 0
1435 0 0 2 0 0
1450 0 0 2 0 0
1465 0 0 2 0 0
1480 0 0 2 0 0
1495 0 0 2 0 0
1510 0 0 2 0 0
1525 0 2 2 0 0
1540 0 2 2 0 0
1559 2 0 0 2 0
1562 2 0 0 2 0
1577 2 0 0 2 0
1592 0 0 0 0 0
1607 2 0 0 0 0
1614 2 0 0 0 0
1617 0 0 0 0 0
1632 0 0 0 0 0
1647 0 0 0 0 0
1662 0 0 0 0 0
1677 0 0 0 0 0
1692 0 0 0 0 0
1698 0 0 0 0 0
1701 0 0 0 0 0
1716 0 0 0 0 0
1731 0 0 0 2 0
1746 0 0 0 2 0
1761 0 0 2 0 0
1770 0 0 2 0 0
1773 0 2 2 0 0
1788 0 0 2 0 0
1803 0 0 2 0 0
1818 0 0 2 0 0
1833 0 0 2 0 0
1848 0 0 2 0 0
1863 0 0 2 0 0
1880 0 0 2 0 0
1883 0 0 2 0 0
1898 0 0 2 0 0
1913 0 0 2 0 0
1928 0 0 2 0 0
1943 0 0 2 0 0
1958 0 0 2 0 0
1973 0 0 2 0 0
1988 0 0 2 0 0
2003 0 0 2 0 0
2018 0 0 2 0 0
2033 0 2 2 0 0
2048 0 2 2 0 0
2064 2 0 0 2 0
2067 0 0 0 2 0
2082 2 0 0 2 0
2097 2 0 0 0 0
2112 0 0 0 0 0
2115 0 0 0 0 0
2130 0 0 0 0 0
2145 0 0 0 0 0
2162 0 0 0 0 0
2165 0 0 0 0 0
2180 0 0 0 0 0
2195 0 0 0 2 0
2210 0 0 0 2 0
2225 0 0 2 0 0
2241 0 0 2 0 0
2244 0 0 2 0 0
2259 0 0 2 0 0
2274 0 0 2 0 0
2289 0 0 2 0 0
2304 0 0 2 0 0
2311 0 0 2 0 0
2314 0 0 2 0 0
2329 0 0 2 0 0
2344 0 0 2 0 0
2359 0 0 2 0 0
2374 0 0 2 0 0
2389 0 0 2 0 0
2404 0 0 2 0 0
2419 0 0 2 0 0
2434 0 0 2 0 0
2449 0 0 2 0 0
2464 0 0 2 0 0
2479 0 0 2 0 0
2494 0 0 2 0 0
2509 0 2 2 0 0
2524 0 2 2 0 0
2539 0 2 2 0 0
2554 0 2 2 0 0
2569 0 2 2 0 0
2581 2 0 0 2 0
2584 2 0 0 0 0
2599 0 0 0 2 0
2614 0 0 0 0 0
2629 0 0 0 0 0
2644 0 0 0 0 0
2659 0 0 0 0 0
2674 0 0 0 0 0
2689 0 0 0 0 0
2692 0 0 0 0 0
2707 0 0 0 0 0
2722 0 0 0 0 0
2737 0 0 0 0 0
2752 0 0 0 0 0
2768 0 0 0 0 0
