41 0 0 0 2 0
56 0 0 0 0 0
71 0 0 0 2 0
86 0 0 0 2 0
96 0 0 0 2 0
99 0 0 2 0 0
114 0 0 0 0 0
129 0 0 2 0 0
144 0 0 2 0 0
159 0 0 0 0 0
174 0 0 2 0 0
188 0 2 0 0 0
191 0 0 0 0 0
206 2 0 0 2 0
221 2 0 0 0 0
236 2 0 0 0 0
251 2 0 0 2 0
266 2 0 0 0 0
273 0 2 2 0 0
276 0 2 2 0 0
291 0 0 2 0 0
306 0 0 2 0 0
324 0 0 2 0 0
327 0 0 2 0 0
342 0 0 2 0 0
357 0 0 2 0 0
372 0 0 2 0 0
387 0 0 2 0 0
402 0 0 2 0 0
417 0 0 2 0 0
432 0 0 2 0 0
447 0 0 2 0 0
462 0 2 2 0 0
475 0 2 2 0 0
478 2 0 2 0 0
493 2 0 0 0 0
508 0 0 0 0 0
523 2 0 0 0 0
539 0 0 0 0 0
542 0 0 0 0 0
557 0 0 0 0 0
572 0 0 0 0 0
587 0 0 0 0 0
602 0 0 0 0 0
617 0 0 0 0 0
632 0 0 0 0 0
647 0 0 0 0 0
653 0 0 0 0 0
656 0 0 0 0 0
671 0 0 0 0 0
686 0 0 0 0 0
701 2 0 0 2 0
716 0 0 0 2 0
734 0 2 2 0 0
737 0 0 2 0 0
752 0 0 2 0 0
767 0 0 2 0 0
778 0 0 2 0 0
781 0 0 2 0 0
796 0 0 2 0 0
811 0 0 2 0 0
826 0 0 2 0 0
841 0 0 2 0 0
856 0 0 2 0 0
871 0 0 2 0 0
886 0 2 2 0 0
901 0 2 2 0 0
908 2 0 2 0 0
911 0 0 0 2 0
926 0 0 0 0 0
941 0 0 0 0 0
956 0 0 0 0 0
971 0 0 0 0 0
986 0 0 0 2 0
1001 0 0 0 2 0
1018 0 0 0 2 0
1021 0 0 2 0 0
1036 0 0 2 0 0
1051 0 0 0 0 0
1066 0 0 2 0 0
1081 0 0 0 0 0
1096 0 0 0 0 0
1111 0 0 2 0 0
1126 0 0 2 0 0
1141 0 0 2 0 0
1151 0 0 2 0 0
1154 0 0 2 0 0
1169 0 0 2 0 0
1184 0 0 2 0 0
1199 0 0 2 0 0
1214 0 0 2 0 0
1229 0 0 2 0 0
1244 0 0 2 0 0
1259 0 0 2 0 0
1274 0 0 2 0 0
1289 0 0 2 0 0
1304 0 0 2 0 0
1319 0 0 2 0 0
1334 0 0 2 0 0
1351 0 0 2 0 0
1354 0 0 2 0 0
1369 0 0 2 0 0
1384 0 0 2 0 0
1399 0 0 2 0 0
1406 0 0 2 0 0
1409 0 0 2 0 0
1424 0 0 2 0 0
1439 0 0 2 0 0
1454 0 0 2 0 0
1469 0 0 2 0 0
1484 0 0 2 0 0
1499 0 0 2 0 0
1514 0 0 2 0 0
1529 0 0 2 0 0
1544 0 2 2 0 0
1559 0 2 2 0 0
1574 0 2 2 0 0
1590 2 0 2 0 0
1593 2 0 2 0 0
1608 2 0 0 2 0
1623 2 0 0 0 0
1638 2 0 0 0 0
1653 0 0 0 0 0
1668 0 0 0 0 0
1683 0 0 0 0 0
1698 0 0 0 0 0
1713 0 0 0 0 0
1727 0 0 0 0 0
1730 0 0 0 0 0
1745 0 0 0 0 0
1760 0 0 0 0 0
1775 0 0 0 0 0
1790 0 0 0 0 0
1805 0 0 0 0 0
1820 0 0 0 0 0
1835 0 0 0 0 0
1850 0 0 0 0 0
1865 0 0 0 0 0
1880 0 0 0 0 0
1895 0 0 0 0 0
1910 0 0 0 0 0
1925 0 0 0 0 0
1940 0 0 0 0 0
1955 0 0 0 0 0
1970 0 0 0 0 0
1985 0 0 0 0 0
2000 0 0 0 0 0
2015 0 0 0 0 0
2030 0 0 0 0 0
2037 0 0 0 0 0
2040 0 0 0 0 0
2055 0 0 0 0 0
2070 0 0 0 0 0
2085 2 0 0 2 0
2100 2 0 0 2 0
2115 2 0 0 0 0
2130 2 0 0 2 0
2145 2 0 0 2 0
2152 0 2 2 0 0
2155 0 0 2 0 0
2170 0 0 2 0 0
2185 0 0 2 0 0
2200 0 0 2 0 0
2215 0 0 2 0 0
2230 0 0 2 0 0
2245 0 0 2 0 0
2252 0 0 2 0 0
2255 0 0 2 0 0
2270 0 0 2 0 0
2285 0 0 2 0 0
2300 0 0 2 0 0
2315 0 0 2 0 0
2330 0 0 2 0 0
2345 0 0 2 0 0
2360 0 0 2 0 0
2375 0 0 2 0 0
2390 0 0 2 0 0
2405 0 0 2 0 0
2420 0 0 2 0 0
2435 0 2 2 0 0
2449 0 2 2 0 0
2452 2 0 2 0 0
2467 2 0 0 2 0
2482 0 0 0 0 0
2497 0 0 0 0 0
2507 0 0 0 0 0
2510 0 0 0 0 0
2525 0 0 0 0 0
2540 0 0 0 0 0
2553 0 0 0 0 0
2556 0 0 0 0 0
2571 0 2 0 0 0
2586 0 0 0 0 0
2601 0 0 0 0 0
2616 0 0 0 0 0
2631 0 0 0 0 0
2646 0 0 0 0 0
2661 0 0 0 0 0
2680 0 0 0 0 0
