1 0 0 0 2 0
16 0 0 0 2 0
31 0 0 0 2 0
46 0 0 0 2 0
61 0 0 0 2 0
76 0 0 0 2 0
91 0 0 0 2 0
106 0 2 0 2 0
121 0 2 0 2 0
136 0 2 0 2 0
147 0 2 0 2 0
150 0 2 0 2 0
165 0 2 0 2 0
180 0 2 0 2 0
195 0 2 0 0 0
210 0 2 0 0 0
225 0 2 0 0 0
240 0 2 0 2 0
255 0 2 0 2 0
270 0 2 0 0 0
285 2 0 0 0 0
300 0 2 0 2 0
315 0 2 0 2 0
330 0 0 0 2 0
345 0 0 0 2 0
364 0 0 0 2 0
367 0 0 0 2 0
382 0 0 0 2 0
397 0 0 0 2 0
412 0 0 2 0 0
427 0 0 2 0 0
442 0 0 2 0 0
457 0 0 2 0 0
472 0 0 2 0 0
487 0 0 2 0 0
496 0 0 2 0 0
499 0 0 0 0 0
514 0 0 2 0 0
529 0 0 0 0 0
544 0 0 2 0 0
559 0 0 0 2 0
574 0 0 0 0 0
589 0 0 2 0 0
604 0 0 0 2 0
619 0 0 2 0 0
634 0 0 0 2 0
649 0 0 2 0 0
664 0 0 2 0 0
679 0 0 0 2 0
694 0 0 0 2 0
709 0 0 2 0 0
724 0 0 2 0 0
739 0 0 0 2 0
754 0 0 2 0 0
770 0 2 2 0 0
773 0 0 2 0 0
788 0 0 0 0 0
803 0 0 0 0 0
818 0 0 0 0 0
833 0 0 0 0 0
848 0 0 0 0 0
863 0 0 0 0 0
878 0 0 0 0 0
893 0 0 0 0 0
908 0 0 0 0 0
923 0 0 0 0 0
936 0 0 0 0 0
939 0 0 0 0 0
954 0 0 0 0 0
969 0 0 0 0 0
984 0 0 0 0 0
999 0 0 0 0 0
1014 0 0 0 0 0
1029 0 0 0 0 0
1044 0 0 0 0 0
1059 0 0 0 0 0
1074 0 0 0 0 0
1089 0 0 0 0 0
1104 0 0 0 2 0
1119 0 0 0 2 0
1129 0 0 0 2 0
1132 0 0 0 2 0
1147 0 0 2 0 0
1162 0 0 2 0 0
1177 0 0 2 0 0
1192 0 0 0 0 0
1207 0 0 0 0 0
1223 0 0 0 0 0
1226 0 0 0 0 0
1241 0 0 0 0 0
1256 0 0 0 0 0
1271 0 0 2 0 0
1286 0 0 2 0 0
1301 2 0 2 0 0
1316 0 0 2 0 0
1331 0 0 2 0 0
1346 0 0 2 0 0
1351 0 0 2 0 0
1354 0 0 2 0 0
1369 0 0 2 0 0
1384 0 0 2 0 0
1399 0 0 2 0 0
1414 0 0 2 0 0
1429 0 0 2 0 0
1444 0 0 2 0 0
1459 0 0 2 0 0
1475 0 0 2 0 0
1478 0 0 2 0 0
1493 0 0 2 0 0
1508 0 0 2 0 0
1523 0 0 2 0 0
1538 0 0 2 0 0
1553 0 0 0 2 0
1568 0 0 0 2 0
1583 0 0 0 2 0
1598 0 0 0 0 0
1613 0 0 0 0 0
1628 0 0 2 0 0
1643 0 0 2 0 0
1658 0 0 2 0 0
1673 0 0 2 0 0
1688 0 0 2 0 0
1703 0 0 2 0 0
1718 0 0 2 0 0
1733 0 0 2 0 0
1748 0 0 2 0 0
1763 0 0 2 0 0
1778 0 0 2 0 0
1793 0 0 2 0 0
1808 0 0 2 0 0
1823 0 0 0 0 0
1838 0 0 2 0 0
1853 0 0 2 0 0
1868 0 0 0 0 0
1883 0 0 0 0 0
1898 0 0 0 2 0
1913 0 2 0 0 0
1928 0 2 0 0 0
1943 0 2 0 0 0
1958 0 2 0 2 0
1973 0 2 0 0 0
1988 0 0 0 0 0
2003 0 0 0 0 0
2018 0 0 0 0 0
2033 0 0 0 2 0
2048 0 0 0 0 0
2063 0 0 0 2 0
2078 0 0 2 0 0
2093 0 0 2 0 0
2108 0 0 2 0 0
2123 0 0 2 0 0
2138 0 0 2 0 0
2153 0 0 0 2 0
2168 0 0 0 2 0
2183 0 0 0 2 0
2198 0 0 2 0 0
2213 0 0 0 2 0
2228 0 0 2 0 0
2243 0 0 2 0 0
2258 0 0 2 0 0
2273 0 0 2 0 0
2288 0 0 2 0 0
2303 0 0 2 0 0
2318 0 0 2 0 0
2333 0 0 2 0 0
2348 0 0 2 0 0
2363 0 0 2 0 0
2378 0 2 2 0 0
2393 0 2 2 0 0
2408 0 2 2 0 0
2416 0 2 2 0 0
2419 0 2 0 2 0
2434 0 2 0 2 0
2449 0 2 0 0 0
2464 0 2 0 0 0
2479 2 0 0 0 0
2494 2 0 0 0 0
2509 2 0 0 0 0
2524 2 0 0 0 0
2539 2 0 0 2 0
2554 2 0 0 2 0
2569 0 0 0 0 0
2584 0 0 0 2 0
2599 2 0 0 2 0
2618 0 0 0 2 0
2621 0 2 0 2 0
2636 0 0 2 0 0
2651 0 0 2 0 0
2668 0 0 2 0 0
2671 0 0 2 0 0
2686 0 0 2 0 0
2701 0 0 2 0 0
2716 0 0 2 0 0
2731 0 0 2 0 0
2746 0 0 2 0 0
2761 0 0 0 2 0
2776 0 0 0 0 0
2791 0 0 0 2 0
2806 0 0 0 2 0
2821 0 0 0 2 0
2836 0 0 0 2 0
2852 0 0 2 0 0
2855 0 0 2 0 0
2870 0 0 2 0 0
2885 0 2 2 0 0
2900 0 2 0 2 0
2915 0 2 0 2 0
2930 0 2 0 0 0
2945 0 0 0 0 0
2960 0 0 0 2 0
2975 0 2 0 2 0
2988 0 2 0 2 0
2991 0 2 0 2 0
3006 0 0 0 2 0
3021 0 0 0 2 0
3036 0 0 2 0 0
3051 0 0 0 2 0
3066 0 0 0 2 0
3081 0 2 0 2 0
3096 0 2 0 2 0
3109 0 0 0 2 0
3112 0 0 0 2 0
3127 0 2 0 0 0
3142 0 2 0 0 0
3157 0 2 0 0 0
3172 0 2 0 0 0
3187 0 2 0 0 0
3202 0 2 0 0 0
3217 0 2 0 0 0
3232 0 2 0 2 0
3247 0 0 0 2 0
3262 0 0 2 0 0
3277 0 0 2 0 0
3292 0 2 2 0 0
3307 0 2 2 0 0
3322 0 2 0 0 0
3337 0 2 0 2 0
3352 0 2 0 2 0
3367 0 2 0 2 0
3382 0 2 0 2 0
3397 0 2 0 2 0
3412 0 2 0 0 0
3427 0 2 0 2 0
3442 0 2 0 2 0
3457 0 0 0 2 0
3472 2 0 0 2 0
3487 2 0 0 2 0
3502 0 0 0 2 0
3507 0 2 0 2 0
3510 0 2 0 2 0
3525 0 0 0 0 0
3540 0 0 2 0 0
3555 0 0 2 0 0
3562 0 0 2 0 0
3565 0 0 0 0 0
3580 0 0 0 0 0
3595 0 0 0 0 0
3610 0 0 0 0 0
3625 0 0 2 0 0
3644 0 0 0 0 0
3647 0 0 0 2 0
3662 0 0 0 2 0
3677 0 0 0 2 0
3692 0 0 0 2 0
3707 0 0 0 2 0
3722 0 0 0 2 0
3737 0 0 0 2 0
3752 0 0 0 2 0
3767 0 0 0 2 0
3782 0 0 2 0 0
3797 0 0 2 0 0
3812 0 0 2 0 0
3827 0 0 2 0 0
3842 0 0 2 0 0
3857 0 0 2 0 0
3872 0 0 2 0 0
3887 0 0 2 0 0
3902 0 0 2 0 0
3917 0 0 2 0 0
3932 0 0 2 0 0
3947 0 0 2 0 0
3962 0 0 2 0 0
3977 0 0 0 2 0
3992 0 2 0 0 0
4007 0 2 0 2 0
4022 0 2 0 2 0
4037 0 2 0 2 0
4052 0 2 0 2 0
4067 0 2 0 2 0
4082 0 0 0 2 0
4094 0 0 0 2 0
4097 0 0 0 2 0
4112 0 0 0 2 0
4127 0 0 0 2 0
4142 0 0 0 2 0
4157 0 0 2 0 0
4172 0 0 2 0 0
4187 0 0 2 0 0
4202 0 0 2 0 0
4217 0 0 0 2 0
4232 0 0 0 2 0
4247 0 0 2 0 0
4262 0 2 2 0 0
4274 0 2 2 0 0
4277 0 2 2 0 0
4292 0 0 0 2 0
4307 0 0 0 0 0
4322 2 0 0 0 0
4337 2 0 0 0 0
4352 0 0 0 0 0
4367 0 0 0 0 0
4382 0 0 0 0 0
4397 0 0 0 0 0
4412 0 0 0 0 0
4423 0 0 0 0 0
4426 0 0 0 0 0
4441 0 0 0 0 0
4456 2 0 0 0 0
4471 2 0 0 0 0
4486 2 0 0 2 0
4501 2 0 0 2 0
4516 2 0 0 0 0
4531 2 0 0 2 0
4546 0 0 0 2 0
4554 0 0 0 2 0
4557 0 2 0 2 0
4572 0 0 0 2 0
4587 0 0 0 0 0
4602 0 0 0 0 0
4617 0 0 0 0 0
4632 0 0 0 0 0
4647 0 0 0 0 0
4662 0 0 0 0 0
4677 0 0 0 0 0
4692 0 0 0 0 0
4707 0 0 2 0 0
4714 0 0 2 0 0
4717 0 0 2 0 0
4732 0 0 2 0 0
4747 0 0 2 0 0
4762 0 0 2 0 0
4777 0 0 2 0 0
4792 0 0 2 0 0
4807 0 0 2 0 0
4822 0 0 2 0 0
4833 0 0 2 0 0
4836 0 0 2 0 0
4851 0 0 2 0 0
4866 0 0 0 0 0
4881 0 0 2 0 0
4896 0 0 2 0 0
4911 0 0 0 0 0
4926 0 0 2 0 0
4941 0 0 2 0 0
4956 0 0 0 2 0
4971 0 0 0 2 0
4986 0 0 2 0 0
5001 0 0 2 0 0
5004 0 0 2 0 0
5019 0 0 2 0 0
5034 0 0 2 0 0
5049 0 0 2 0 0
5064 0 2 0 2 0
5079 0 2 0 2 0
5094 0 2 0 2 0
5109 0 2 0 2 0
5124 0 2 0 2 0
5139 0 2 0 2 0
5154 0 2 0 2 0
5169 0 2 0 0 0
5184 0 2 0 2 0
5199 0 0 0 0 0
5214 0 2 0 2 0
5229 0 2 0 2 0
5244 0 2 0 2 0
5259 0 2 0 2 0
5274 0 0 0 0 0
5289 0 0 0 2 0
5304 0 0 0 2 0
5319 0 0 2 0 0
5334 0 0 2 0 0
5349 0 0 2 0 0
5364 0 0 2 0 0
5379 0 0 2 0 0
5394 0 0 2 0 0
5409 0 0 2 0 0
5424 0 0 0 2 0
5439 0 0 2 0 0
5454 0 0 2 0 0
5469 0 0 0 2 0
5484 0 0 2 0 0
5499 0 0 0 2 0
5514 0 2 0 2 0
5529 0 2 2 0 0
5544 0 2 2 0 0
5559 0 2 0 2 0
5574 0 2 0 2 0
5589 0 2 0 0 0
5604 0 2 0 2 0
5619 0 2 0 2 0
5630 0 2 0 2 0
5633 0 0 0 2 0
5648 0 0 0 0 0
5663 0 0 0 2 0
5678 0 0 0 2 0
5693 0 0 2 0 0
5708 0 0 2 0 0
5723 0 0 2 0 0
5738 0 0 2 0 0
5753 0 0 2 0 0
5768 0 0 2 0 0
5783 0 0 2 0 0
5798 0 0 0 2 0
5813 0 2 2 0 0
5828 0 2 0 2 0
5844 0 2 0 2 0
5847 0 0 0 2 0
5862 0 0 0 0 0
5877 0 0 0 0 0
5892 0 0 0 0 0
5907 0 0 0 0 0
5922 0 0 0 0 0
5937 0 0 0 0 0
5952 0 0 0 0 0
5967 0 0 0 0 0
5982 0 0 0 0 0
5997 0 0 0 0 0
6012 0 0 0 0 0
6027 0 0 0 0 0
6042 0 0 0 0 0
6057 0 2 0 0 0
6072 0 0 0 0 0
6087 0 0 0 0 0
6102 0 0 0 0 0
6117 0 2 0 0 0
6132 0 2 0 0 0
6147 0 2 0 0 0
6162 0 0 0 0 0
6177 0 0 0 0 0
6192 0 0 0 0 0
6207 0 0 0 0 0
6222 0 0 0 0 0
6237 0 0 0 0 0
6251 0 0 0 0 0
6254 0 0 0 0 0
6269 0 0 0 0 0
6284 0 0 0 0 0
6299 0 0 0 0 0
6314 0 2 0 0 0
6329 0 2 0 0 0
6344 2 0 0 0 0
6359 0 2 0 2 0
6374 0 2 0 2 0
6389 0 2 0 2 0
6404 0 2 0 2 0
6407 0 2 0 2 0
6422 0 0 0 2 0
6437 0 0 2 0 0
6452 0 0 2 0 0
6467 0 0 2 0 0
6482 0 0 2 0 0
6497 0 0 2 0 0
6512 0 0 2 0 0
6518 0 0 2 0 0
6521 0 0 2 0 0
6536 0 0 0 0 0
6551 0 0 0 0 0
6566 0 0 2 0 0
6581 0 0 2 0 0
6596 0 0 0 2 0
6611 0 0 0 2 0
6626 0 0 0 2 0
6641 0 0 0 2 0
6656 0 0 0 2 0
6671 0 0 0 2 0
6686 0 0 0 2 0
6701 0 0 2 0 0
6716 0 0 0 2 0
6731 0 0 0 0 0
6746 0 0 0 2 0
6761 0 0 0 0 0
6776 0 0 0 0 0
6791 0 0 0 0 0
6806 0 0 0 0 0
6821 0 0 0 0 0
6836 0 0 2 0 0
6851 0 0 0 2 0
6866 0 0 0 2 0
6881 0 0 0 0 0
6896 0 0 0 2 0
6911 0 0 0 0 0
6926 0 0 0 0 0
6941 0 0 0 0 0
6956 0 0 0 2 0
6971 0 0 2 0 0
6986 0 0 0 2 0
7001 0 0 0 2 0
7016 0 0 0 2 0
7031 0 0 0 2 0
7046 0 0 0 0 0
7061 0 0 0 0 0
7076 0 0 0 0 0
7091 0 0 0 2 0
7106 0 0 2 0 0
7121 0 0 0 0 0
7136 0 0 0 2 0
7151 0 0 0 2 0
7166 0 0 0 0 0
7181 0 0 0 2 0
7196 0 0 0 2 0
7211 0 0 0 2 0
7226 0 0 0 0 0
7241 0 0 0 0 0
7256 0 0 0 0 0
7271 0 0 0 0 0
7286 0 0 0 0 0
7301 0 0 0 0 0
7316 0 0 2 0 0
7331 0 0 2 0 0
7346 0 0 0 0 0
7361 0 0 0 0 0
7376 0 0 0 0 0
7391 0 0 0 2 0
7406 0 0 0 2 0
7421 0 0 0 2 0
7436 0 0 0 2 0
7451 0 0 0 2 0
7466 0 0 0 2 0
7481 0 0 0 2 0
7496 0 0 0 2 0
7511 0 0 0 2 0
7526 0 0 0 2 0
7541 0 0 0 2 0
7556 0 0 2 0 0
7571 0 0 2 0 0
7586 0 0 2 0 0
7601 0 0 2 0 0
7616 0 0 0 2 0
7625 0 0 2 0 0
7628 0 0 2 0 0
7640 0 0 0 0 0
7653 0 2 2 0 0
7656 0 0 0 0 0
7671 0 2 2 0 0
7686 0 0 0 2 0
7701 0 2 0 2 0
7716 0 2 0 0 0
7731 0 2 0 0 0
7746 0 2 0 0 0
7761 0 2 0 0 0
7776 0 2 0 0 0
7791 0 2 0 0 0
7806 2 0 0 0 0
7821 2 0 0 0 0
7836 2 0 0 0 0
7851 2 0 0 2 0
7866 0 0 0 0 0
7881 2 0 0 2 0
7896 2 0 0 2 0
7911 2 0 0 0 0
7926 2 0 0 2 0
7941 0 0 0 2 0
7956 0 2 0 2 0
7971 0 0 0 0 0
7986 0 0 0 2 0
8001 0 2 0 2 0
8016 0 0 0 2 0
8031 0 0 0 2 0
8046 0 0 0 2 0
8061 0 0 0 2 0
8076 0 2 0 2 0
8091 0 2 0 2 0
8106 0 2 0 2 0
8121 0 2 0 0 0
8136 0 2 0 0 0
8151 0 2 0 0 0
8166 0 2 0 2 0
8179 0 2 0 2 0
8182 0 0 0 2 0
8197 0 0 0 2 0
8212 0 0 0 2 0
8227 0 0 0 2 0
8242 0 0 0 0 0
8257 0 0 0 0 0
8272 0 0 0 0 0
8278 0 0 0 0 0
8281 0 0 0 0 0
8296 0 0 0 0 0
8311 0 0 0 0 0
8326 0 0 0 0 0
8341 0 0 0 0 0
8356 0 0 0 0 0
8371 0 0 0 0 0
8386 0 0 0 0 0
8401 0 0 0 2 0
8416 0 0 0 2 0
8431 0 0 0 2 0
8446 0 0 0 0 0
8461 0 0 0 2 0
8476 0 0 0 2 0
8491 0 0 0 0 0
8506 0 0 2 0 0
8521 0 0 0 2 0
8536 0 0 0 2 0
8551 0 0 0 0 0
8566 0 0 0 2 0
8581 0 0 0 2 0
8596 0 0 0 2 0
8611 0 2 0 2 0
8626 0 2 0 2 0
8641 0 2 0 2 0
8656 0 2 0 2 0
8673 0 2 0 2 0
8676 0 2 0 2 0
8691 0 2 0 2 0
8706 0 2 0 0 0
8721 0 2 0 0 0
8736 0 2 0 0 0
8751 0 2 0 0 0
8766 0 0 0 0 0
8781 0 0 0 0 0
8796 0 0 0 0 0
8811 0 0 0 0 0
8826 0 0 0 0 0
8831 0 0 0 0 0
8834 0 0 0 0 0
8849 0 0 0 0 0
8864 0 0 0 0 0
8879 0 0 0 0 0
8894 0 2 0 0 0
8909 0 2 0 0 0
8924 0 0 0 0 0
8939 0 0 0 0 0
8954 0 0 0 0 0
8969 0 0 0 0 0
8984 0 0 0 0 0
8999 0 0 0 0 0
9010 0 0 0 0 0
