14 0 0 0 0 0
29 0 0 0 2 0
44 0 0 0 2 0
59 0 0 0 2 0
74 0 0 0 2 0
89 0 0 0 2 0
92 0 0 0 0 0
107 0 0 2 0 0
122 0 0 2 0 0
137 0 0 2 0 0
149 0 2 2 0 0
152 0 0 0 0 0
167 0 0 0 0 0
182 2 0 0 2 0
197 2 0 0 2 0
215 0 2 2 0 0
218 0 0 2 0 0
230 0 0 2 0 0
242 0 0 2 0 0
252 0 0 2 0 0
255 0 0 2 0 0
270 0 0 2 0 0
285 0 0 2 0 0
300 0 0 2 0 0
315 0 0 2 0 0
330 0 0 2 0 0
345 0 0 2 0 0
360 0 0 2 0 0
375 0 2 2 0 0
390 0 0 2 0 0
405 0 2 2 0 0
415 0 2 2 0 0
418 2 0 0 2 0
433 2 0 0 2 0
448 0 0 0 0 0
463 0 0 0 0 0
482 0 0 0 0 0
485 0 0 0 0 0
500 0 0 0 0 0
515 0 0 0 0 0
530 0 0 0 0 0
545 0 0 0 0 0
560 0 0 0 0 0
575 0 0 0 0 0
587 0 0 0 0 0
590 0 0 0 0 0
605 0 0 0 0 0
620 0 0 0 0 0
635 0 0 0 2 0
650 0 0 0 2 0
665 0 0 2 0 0
680 0 0 0 2 0
695 0 0 0 2 0
710 0 0 0 2 0
725 0 0 0 2 0
740 0 0 2 0 0
743 0 0 2 0 0
758 0 0 2 0 0
773 0 0 2 0 0
788 0 0 2 0 0
795 0 0 2 0 0
798 0 0 2 0 0
813 0 0 2 0 0
828 0 0 2 0 0
843 0 0 2 0 0
858 0 0 2 0 0
873 0 0 2 0 0
888 0 0 2 0 0
903 0 0 2 0 0
918 0 0 2 0 0
933 0 2 2 0 0
948 0 0 2 0 0
964 2 0 0 2 0
967 2 0 0 2 0
982 0 0 0 0 0
997 0 0 0 0 0
1010 0 0 0 0 0
1013 0 0 0 0 0
1028 0 0 0 0 0
1043 0 0 0 0 0
1058 0 0 0 0 0
1073 0 0 0 0 0
1088 0 0 0 0 0
1103 0 0 0 0 0
1118 0 0 0 0 0
1133 0 0 0 0 0
1148 0 0 0 0 0
1163 0 0 0 0 0
1178 0 0 0 0 0
1193 0 0 0 0 0
1208 0 0 0 0 0
1223 0 0 0 0 0
1238 0 0 0 0 0
1241 0 0 0 0 0
1253 0 0 0 0 0
1263 0 0 0 0 0
1266 0 0 0 0 0
1281 2 0 0 2 0
1296 0 0 0 2 0
1311 0 0 0 2 0
1326 0 0 0 2 0
1337 0 0 2 0 0
1340 0 0 2 0 0
1355 0 0 2 0 0
1370 0 0 2 0 0
1385 0 0 2 0 0
1400 0 0 2 0 0
1418 0 0 2 0 0
1421 0 0 2 0 0
1436 0 0 2 0 0
1451 0 0 2 0 0
1466 0 0 0 0 0
1481 0 0 2 0 0
1496 0 0 2 0 0
1511 0 0 2 0 0
1526 0 0 2 0 0
1541 0 0 2 0 0
1556 0 2 2 0 0
1571 0 2 2 0 0
1584 0 0 0 0 0
1587 0 0 0 2 0
1602 0 0 0 0 0
1617 0 0 0 0 0
1633 0 0 0 0 0
1636 0 0 0 0 0
1651 0 0 0 0 0
1666 0 0 0 0 0
1681 0 0 0 0 0
1687 0 0 0 0 0
1690 0 0 0 0 0
1705 0 0 0 0 0
1720 0 0 0 2 0
1735 0 0 0 2 0
1750 0 0 2 0 0
1757 0 0 2 0 0
1760 0 0 2 0 0
1775 0 0 2 0 0
1790 0 0 0 0 0
1803 0 0 2 0 0
1806 0 0 2 0 0
1821 0 0 2 0 0
1836 0 0 2 0 0
1851 0 0 0 0 0
1866 0 0 2 0 0
1881 0 0 2 0 0
1896 0 0 2 0 0
1911 0 0 2 0 0
1926 0 0 2 0 0
1941 0 0 2 0 0
1956 0 0 2 0 0
1971 0 0 2 0 0
1986 0 0 2 0 0
2001 0 0 2 0 0
2016 0 0 2 0 0
2031 0 0 2 0 0
2046 0 0 2 0 0
2061 0 0 2 0 0
2076 0 0 2 0 0
2091 0 2 0 0 0
2106 0 0 2 0 0
2121 0 2 2 0 0
2133 0 2 2 0 0
2136 0 2 2 0 0
2151 2 0 0 2 0
2166 0 0 0 0 0
2182 0 0 0 0 0
2185 0 0 0 0 0
2200 0 0 0 0 0
2215 0 0 0 0 0
2224 0 0 0 0 0
2227 2 0 0 0 0
2242 0 0 0 0 0
2257 0 0 0 0 0
2272 0 0 0 0 0
2287 0 0 0 0 0
2302 0 0 0 0 0
2315 0 0 0 0 0
