1 0 0 0 2 0
13 0 0 0 2 0
19 0 2 0 2 0
22 0 2 0 2 0
37 0 2 2 0 0
52 0 2 2 0 0
67 0 2 2 0 0
82 0 0 2 0 0
97 0 0 0 2 0
112 0 2 0 2 0
127 0 2 2 0 0
142 0 2 0 2 0
157 0 2 0 2 0
172 0 2 0 0 0
187 0 2 0 0 0
202 2 0 0 0 0
217 2 0 0 2 0
232 0 2 0 2 0
247 0 2 0 2 0
262 0 0 0 2 0
277 0 0 0 2 0
292 0 0 0 2 0
307 0 0 0 2 0
322 0 2 0 2 0
337 0 2 0 2 0
352 0 2 0 2 0
367 0 2 0 2 0
382 0 2 0 2 0
397 0 2 0 2 0
414 0 2 0 2 0
417 0 0 0 2 0
432 0 0 0 2 0
447 0 0 0 2 0
462 0 0 0 2 0
475 0 2 0 0 0
478 0 0 2 0 0
493 0 0 2 0 0
508 0 0 2 0 0
523 0 0 2 0 0
538 0 0 2 0 0
553 0 0 0 2 0
568 0 0 0 2 0
583 0 0 2 0 0
598 0 0 2 0 0
613 0 0 2 0 0
628 0 2 0 2 0
643 0 2 2 0 0
658 0 2 2 0 0
663 0 2 2 0 0
666 0 0 2 0 0
681 0 2 0 2 0
696 0 0 0 0 0
711 0 0 0 0 0
726 0 0 0 0 0
741 0 0 0 0 0
756 0 0 0 0 0
771 0 0 0 0 0
786 0 0 0 0 0
801 0 0 0 0 0
816 0 0 0 0 0
827 0 0 0 0 0
830 0 0 0 0 0
845 0 0 0 0 0
860 0 0 0 0 0
875 0 0 0 0 0
890 0 0 0 0 0
905 0 2 0 0 0
920 0 2 0 0 0
935 0 0 0 2 0
950 0 0 0 2 0
965 0 2 0 2 0
968 0 0 0 2 0
983 0 0 0 2 0
998 0 0 0 2 0
1013 0 0 0 2 0
1019 0 0 0 2 0
1022 0 0 2 0 0
1037 0 0 2 0 0
1052 0 0 2 0 0
1067 0 0 2 0 0
1082 0 0 0 2 0
1097 0 0 0 2 0
1112 0 0 0 0 0
1127 0 0 0 2 0
1142 0 0 0 2 0
1157 0 2 2 0 0
1174 0 2 2 0 0
1177 0 2 0 2 0
1192 0 2 0 2 0
1207 0 2 0 0 0
1222 0 0 0 0 0
1237 0 2 0 0 0
1252 0 0 0 0 0
1267 0 0 0 0 0
1282 0 0 0 0 0
1297 0 0 0 0 0
1312 0 0 0 0 0
1321 0 0 0 0 0
1324 0 0 0 0 0
1339 0 0 0 0 0
1354 0 0 0 0 0
1369 0 2 0 0 0
1384 0 2 0 0 0
1399 0 2 0 2 0
1405 0 2 0 2 0
1408 0 2 0 2 0
1423 0 2 0 2 0
1438 0 0 0 2 0
1453 0 0 0 2 0
1468 0 0 0 2 0
1486 0 0 0 2 0
1489 0 0 0 0 0
1504 0 0 0 0 0
1519 0 0 2 0 0
1534 0 0 2 0 0
1549 0 0 2 0 0
1564 0 0 0 2 0
1579 0 0 0 2 0
1594 0 0 0 2 0
1609 0 0 2 0 0
1624 0 0 0 0 0
1639 0 0 0 0 0
1654 0 0 2 0 0
1669 0 0 2 0 0
1684 0 0 2 0 0
1699 0 0 2 0 0
1714 0 2 2 0 0
1729 0 0 2 0 0
1744 0 0 0 2 0
1750 0 0 0 2 0
1753 0 0 0 0 0
1768 0 0 0 0 0
1783 0 0 0 0 0
1798 0 0 0 0 0
1813 0 0 0 0 0
1828 0 0 0 0 0
1843 0 0 0 0 0
1853 0 0 0 0 0
1856 0 0 0 0 0
1871 0 0 0 0 0
1886 0 0 0 0 0
1901 0 0 0 2 0
1916 0 0 0 0 0
1931 0 0 0 0 0
1946 0 0 0 0 0
1961 0 2 0 2 0
1976 0 2 0 2 0
1991 0 2 0 0 0
2005 0 0 0 0 0
2008 0 0 0 2 0
2023 0 0 0 2 0
2038 0 0 0 2 0
2053 0 0 2 0 0
2068 0 0 2 0 0
2083 0 0 2 0 0
2089 0 0 2 0 0
2092 0 0 2 0 0
2107 0 0 2 0 0
2122 0 0 2 0 0
2137 0 0 2 0 0
2152 0 0 2 0 0
2167 0 0 2 0 0
2182 0 0 2 0 0
2197 0 0 0 2 0
2212 0 0 2 0 0
2227 0 0 2 0 0
2242 0 0 2 0 0
2257 0 0 2 0 0
2272 0 2 2 0 0
2281 0 2 2 0 0
2284 0 2 2 0 0
2299 0 2 0 2 0
2314 0 2 0 0 0
2329 0 2 0 2 0
2344 0 0 0 2 0
2359 0 0 0 0 0
2374 0 0 0 0 0
2389 0 0 0 0 0
2404 0 0 0 0 0
2419 0 0 0 0 0
2434 0 0 0 0 0
2450 0 0 0 0 0
2453 0 0 0 0 0
2468 0 0 0 0 0
2483 0 0 0 0 0
2498 0 2 0 0 0
2513 0 0 0 0 0
2528 0 0 0 0 0
2543 0 0 0 0 0
2558 0 0 0 0 0
2573 0 0 0 0 0
2588 0 0 0 0 0
2603 0 0 0 0 0
2618 0 0 0 0 0
