11 0 0 0 0 0
26 0 0 0 0 0
41 0 0 0 2 0
56 0 0 0 2 0
65 0 0 0 2 0
68 0 0 0 2 0
83 0 0 0 2 0
98 0 0 0 2 0
113 0 2 0 2 0
131 0 2 0 2 0
134 0 0 0 2 0
149 0 2 0 0 0
164 0 2 0 0 0
179 0 2 0 2 0
194 0 2 0 2 0
201 0 2 0 2 0
204 0 0 0 2 0
219 0 0 0 2 0
234 0 0 2 0 0
247 0 0 2 0 0
250 0 0 2 0 0
265 0 0 2 0 0
280 0 0 2 0 0
295 0 0 2 0 0
310 0 0 2 0 0
325 0 0 2 0 0
340 0 0 2 0 0
355 0 0 2 0 0
370 0 0 2 0 0
385 0 0 0 2 0
400 0 0 2 0 0
415 0 2 2 0 0
434 0 2 2 0 0
437 0 2 2 0 0
452 0 2 0 0 0
467 0 0 0 0 0
482 0 0 0 0 0
497 0 0 0 0 0
512 0 0 0 0 0
517 0 0 0 0 0
520 0 0 0 0 0
535 0 0 0 0 0
550 2 0 0 0 0
565 2 0 0 0 0
580 2 0 0 2 0
599 0 2 0 2 0
602 0 2 2 0 0
617 0 0 2 0 0
632 0 0 2 0 0
647 0 0 2 0 0
657 0 0 2 0 0
660 0 0 2 0 0
675 0 0 2 0 0
690 0 0 2 0 0
705 0 0 2 0 0
720 0 0 2 0 0
735 0 0 2 0 0
750 0 0 2 0 0
765 0 0 2 0 0
780 0 2 2 0 0
795 0 2 2 0 0
811 0 2 0 2 0
814 0 2 0 2 0
829 0 0 0 0 0
844 0 0 0 0 0
863 0 0 0 0 0
866 0 0 0 0 0
881 0 0 0 0 0
896 2 0 0 0 0
911 2 0 0 0 0
926 2 0 0 2 0
941 2 0 0 2 0
960 0 2 0 2 0
963 0 2 0 2 0
978 0 0 0 2 0
993 0 0 0 2 0
1008 0 0 0 2 0
1023 0 0 2 0 0
1038 0 0 0 0 0
1048 0 0 0 0 0
1051 0 0 0 0 0
1066 0 0 0 0 0
1081 0 0 0 0 0
1096 0 0 0 0 0
1111 0 0 2 0 0
1126 0 0 2 0 0
1141 0 0 2 0 0
1156 0 0 0 2 0
1171 0 0 0 2 0
1186 0 0 0 2 0
1201 0 2 0 2 0
1219 0 2 0 2 0
1222 0 2 0 2 0
1237 0 0 0 0 0
1252 0 0 0 0 0
1267 0 0 0 0 0
1282 0 0 0 0 0
1287 0 0 0 0 0
1290 0 0 0 0 0
1305 0 0 0 0 0
1320 2 0 0 2 0
1335 2 0 0 0 0
1350 2 0 0 2 0
1365 2 0 0 2 0
1374 0 2 2 0 0
1377 0 2 0 2 0
1392 0 0 0 2 0
1407 0 0 0 2 0
1422 0 0 0 2 0
1437 0 0 0 2 0
1452 0 0 0 2 0
1468 0 0 2 0 0
1471 0 0 0 0 0
1486 0 0 0 0 0
1501 0 0 0 0 0
1516 0 0 0 0 0
1531 0 0 0 0 0
1546 0 0 2 0 0
1561 0 0 2 0 0
1576 0 0 2 0 0
1591 0 0 2 0 0
1606 0 0 0 2 0
1621 0 0 2 0 0
1636 0 0 0 2 0
1651 0 2 2 0 0
1666 0 2 2 0 0
1673 0 2 2 0 0
1676 0 2 0 0 0
1691 0 0 0 0 0
1706 0 0 0 0 0
1721 0 0 0 0 0
1732 0 0 0 0 0
1735 0 0 0 0 0
1750 0 0 0 0 0
1765 0 2 0 0 0
1780 2 0 0 0 0
1795 0 2 0 2 0
1810 0 0 0 2 0
1825 0 0 0 2 0
1840 0 0 0 2 0
1855 0 0 0 2 0
1870 0 0 0 2 0
1885 0 0 0 2 0
1900 0 0 0 0 0
1915 0 0 0 0 0
1930 0 0 0 0 0
1945 0 0 0 0 0
1960 0 0 0 0 0
1975 0 0 0 0 0
1990 0 0 0 0 0
2005 0 2 0 0 0
2020 0 0 0 0 0
2037 0 0 0 0 0
