1 0 0 0 0 0
9 0 0 0 2 0
12 0 0 2 0 0
27 0 0 0 2 0
42 0 0 2 0 0
57 0 0 2 0 0
72 0 0 2 0 0
87 0 0 2 0 0
99 0 0 0 2 0
102 0 0 0 2 0
117 0 0 0 2 0
132 0 0 0 2 0
147 0 0 0 0 0
162 0 0 0 2 0
177 0 0 0 0 0
192 0 0 0 0 0
207 0 0 2 0 0
222 0 0 0 2 0
237 0 0 0 2 0
252 0 0 0 0 0
267 0 0 0 0 0
282 0 0 0 2 0
297 0 0 0 0 0
312 0 0 0 2 0
327 0 0 0 2 0
342 0 0 0 2 0
357 0 0 0 0 0
372 0 2 0 2 0
387 0 0 0 0 0
402 0 2 2 0 0
417 0 0 0 0 0
432 0 2 2 0 0
444 0 2 0 2 0
447 0 2 2 0 0
462 0 0 2 0 0
477 0 0 0 0 0
492 0 0 0 0 0
507 0 0 0 0 0
514 0 0 0 0 0
517 0 0 0 0 0
532 0 0 0 0 0
547 0 0 0 0 0
562 0 0 0 0 0
577 0 0 0 0 0
592 0 0 0 0 0
607 0 0 2 0 0
622 0 0 2 0 0
637 0 0 2 0 0
652 0 0 2 0 0
667 0 0 2 0 0
682 0 0 0 0 0
697 0 0 2 0 0
712 0 0 2 0 0
727 0 0 2 0 0
742 0 0 2 0 0
757 0 0 2 0 0
772 0 2 2 0 0
787 0 0 2 0 0
802 0 0 2 0 0
817 0 0 2 0 0
832 0 0 2 0 0
847 0 2 2 0 0
862 0 0 2 0 0
877 2 0 2 0 0
892 0 0 2 0 0
907 0 2 2 0 0
922 0 2 2 0 0
937 0 0 2 0 0
952 0 0 2 0 0
965 0 0 0 2 0
968 2 0 0 2 0
983 2 0 0 0 0
998 2 0 0 0 0
1013 0 0 0 0 0
1028 0 0 0 0 0
1043 0 0 0 0 0
1058 0 0 0 0 0
1073 0 0 0 0 0
1088 0 0 0 0 0
1103 0 0 0 0 0
1113 0 0 0 0 0
1116 0 0 0 0 0
1131 0 0 0 0 0
1146 0 0 0 0 0
1161 2 0 0 0 0
1176 0 0 0 2 0
1184 0 0 0 2 0
1187 0 0 0 2 0
1202 0 0 2 0 0
1217 0 0 2 0 0
1232 0 0 2 0 0
1247 0 0 2 0 0
1259 0 0 2 0 0
1262 0 0 0 0 0
1277 0 0 0 0 0
1292 0 0 0 0 0
1307 0 0 0 0 0
1322 0 0 2 0 0
1337 0 0 2 0 0
1352 0 0 2 0 0
1367 0 0 2 0 0
1382 0 0 2 0 0
1397 0 0 2 0 0
1412 0 0 2 0 0
1427 0 0 2 0 0
1442 0 0 2 0 0
1457 0 0 2 0 0
1472 0 2 2 0 0
1487 0 2 2 0 0
1490 0 2 2 0 0
1505 0 2 0 2 0
1520 2 0 0 0 0
1535 0 0 0 0 0
1550 2 0 0 0 0
1565 2 0 0 0 0
1580 0 0 0 0 0
1595 0 0 0 0 0
1610 0 0 0 0 0
1625 0 0 0 0 0
1640 0 0 0 0 0
1655 0 0 0 0 0
1665 0 0 0 0 0
1668 0 0 0 0 0
1683 0 0 0 0 0
1698 2 0 0 0 0
1713 2 0 0 0 0
1728 2 0 0 0 0
1743 2 0 0 0 0
1758 2 0 0 2 0
1777 0 2 0 2 0
1780 0 2 0 2 0
1795 0 0 0 2 0
1810 0 0 0 2 0
1825 0 0 0 2 0
1843 0 0 0 2 0
1846 0 0 0 0 0
1861 0 0 0 0 0
1876 0 0 0 0 0
1891 0 0 2 0 0
1906 0 0 0 2 0
1921 0 0 0 2 0
1936 0 0 0 2 0
1951 0 0 0 2 0
1966 0 0 0 2 0
1981 0 0 0 2 0
1996 0 0 2 0 0
2011 0 0 2 0 0
2026 0 0 2 0 0
2041 0 0 2 0 0
2056 0 0 2 0 0
2071 0 0 2 0 0
2087 0 0 0 2 0
2090 0 2 0 2 0
2105 2 0 0 2 0
2120 0 0 0 0 0
2135 2 0 0 0 0
2150 2 0 0 0 0
2165 0 0 0 0 0
2180 0 0 0 0 0
2195 0 0 0 0 0
2210 0 0 0 0 0
2225 0 0 0 0 0
2232 0 0 0 0 0
2235 0 0 0 0 0
2250 0 0 0 0 0
2265 0 0 0 0 0
2280 2 0 0 0 0
2295 0 0 0 0 0
2310 0 0 0 2 0
2327 0 0 0 2 0
2330 0 0 0 2 0
2345 0 0 0 2 0
2360 0 0 0 2 0
2370 0 0 0 0 0
2373 0 0 0 0 0
2388 0 0 0 0 0
2403 0 0 2 0 0
2418 0 0 0 2 0
2433 0 0 0 2 0
2448 0 0 0 2 0
2463 0 0 0 2 0
2478 0 0 0 2 0
2493 0 0 0 2 0
2508 0 0 2 0 0
2523 0 0 2 0 0
2538 0 0 2 0 0
2553 0 0 2 0 0
2568 0 2 2 0 0
2586 2 0 0 2 0
2589 2 0 0 2 0
2604 2 0 0 0 0
2619 2 0 0 0 0
2634 2 0 0 0 0
2649 0 0 0 0 0
2664 0 0 0 0 0
2679 0 0 0 0 0
2691 0 0 0 0 0
2694 0 0 0 0 0
2709 0 0 0 0 0
2724 0 2 0 0 0
2739 0 0 0 0 0
2754 0 0 0 0 0
2769 0 0 0 0 0
2784 0 0 0 0 0
2799 0 0 0 0 0
2814 0 0 0 0 0
2829 0 0 0 0 0
2846 0 0 0 0 0
