1 0 0 0 0 0
16 0 0 0 0 0
31 0 0 0 0 0
46 0 0 0 0 0
59 0 0 0 2 0
62 0 0 0 2 0
77 0 0 0 2 0
92 0 0 2 0 0
107 0 0 0 2 0
122 0 0 0 2 0
137 0 2 0 2 0
152 0 0 0 2 0
167 0 0 0 2 0
176 0 2 2 0 0
179 0 2 0 2 0
194 0 2 0 2 0
209 0 2 0 2 0
224 0 2 0 2 0
239 0 2 0 0 0
254 0 2 0 0 0
269 0 2 0 0 0
284 2 0 0 0 0
299 2 0 0 0 0
314 2 0 0 0 0
329 2 0 0 0 0
344 2 0 0 2 0
359 2 0 0 2 0
374 2 0 0 2 0
392 0 2 0 2 0
395 0 2 0 2 0
410 0 2 0 2 0
425 0 0 2 0 0
440 0 0 2 0 0
455 0 0 2 0 0
470 0 0 2 0 0
485 0 0 2 0 0
500 0 0 2 0 0
515 0 0 2 0 0
530 0 0 2 0 0
539 0 0 2 0 0
542 0 0 2 0 0
557 0 0 2 0 0
572 0 0 2 0 0
587 0 0 2 0 0
602 0 0 2 0 0
617 0 0 2 0 0
632 0 0 2 0 0
647 0 0 2 0 0
662 0 0 2 0 0
677 0 0 2 0 0
692 0 0 2 0 0
707 0 0 2 0 0
722 0 0 2 0 0
737 0 0 2 0 0
752 0 2 2 0 0
767 0 0 2 0 0
782 0 2 2 0 0
798 0 2 2 0 0
801 0 2 2 0 0
816 0 2 0 2 0
831 0 2 0 0 0
846 0 2 0 0 0
861 2 0 0 0 0
876 2 0 0 0 0
891 2 0 0 0 0
906 2 0 0 0 0
921 2 0 0 0 0
936 0 0 0 0 0
951 0 0 0 0 0
966 0 0 0 0 0
981 0 0 0 0 0
996 0 0 0 0 0
1011 0 0 0 0 0
1026 0 0 0 0 0
1041 0 0 0 0 0
1055 0 0 0 0 0
1058 0 0 0 0 0
1073 0 0 0 0 0
1088 0 0 0 0 0
1103 2 0 0 0 0
1118 0 0 0 0 0
1124 2 0 0 0 0
1127 0 0 0 0 0
1139 2 0 0 0 0
1151 0 0 0 0 0
1161 0 0 0 0 0
1164 0 0 0 0 0
1179 0 0 0 0 0
1194 2 0 0 0 0
1209 2 0 0 0 0
1224 0 0 0 0 0
1239 0 0 0 0 0
1254 0 0 0 2 0
1269 0 0 0 2 0
1284 2 0 0 2 0
1299 2 0 0 2 0
1310 0 2 2 0 0
1313 0 2 2 0 0
1328 0 0 2 0 0
1343 0 0 2 0 0
1358 0 0 2 0 0
1373 0 0 0 0 0
1388 0 0 2 0 0
1403 0 0 2 0 0
1418 0 0 2 0 0
1433 0 0 2 0 0
1448 0 0 2 0 0
1463 0 0 2 0 0
1478 0 0 2 0 0
1493 0 0 2 0 0
1508 0 0 2 0 0
1518 0 0 2 0 0
1521 0 0 2 0 0
1536 0 0 2 0 0
1551 0 0 2 0 0
1566 0 0 0 0 0
1581 0 0 0 0 0
1596 0 0 2 0 0
1611 0 0 2 0 0
1626 0 0 2 0 0
1641 0 0 2 0 0
1656 0 0 2 0 0
1671 0 0 2 0 0
1686 0 0 2 0 0
1701 0 0 2 0 0
1716 0 0 2 0 0
1731 0 0 2 0 0
1746 0 0 2 0 0
1761 0 0 2 0 0
1776 0 2 2 0 0
1791 0 2 2 0 0
1806 0 0 2 0 0
1821 0 2 2 0 0
1836 0 0 2 0 0
1851 0 0 0 2 0
1863 0 0 0 2 0
1866 0 0 0 2 0
1881 2 0 0 0 0
1896 0 0 0 0 0
1911 2 0 0 0 0
1926 2 0 0 0 0
1941 2 0 0 0 0
1956 0 0 0 0 0
1971 0 0 0 0 0
1986 0 0 0 0 0
2001 0 0 0 0 0
2016 0 0 0 0 0
2025 0 0 0 0 0
2028 0 0 0 0 0
2043 0 0 0 0 0
2058 0 0 0 0 0
2073 2 0 0 0 0
2088 2 0 0 2 0
2103 2 0 0 0 0
2118 0 0 0 2 0
2133 2 0 0 2 0
2148 2 0 0 2 0
2163 2 0 0 2 0
2178 2 0 0 2 0
2193 2 0 0 2 0
2208 0 2 0 2 0
2223 0 2 0 2 0
2232 0 2 0 2 0
2235 0 2 0 2 0
2250 0 0 2 0 0
2265 0 0 2 0 0
2280 0 0 2 0 0
2295 0 0 2 0 0
2310 0 0 2 0 0
2325 0 0 2 0 0
2340 0 0 2 0 0
2355 0 0 2 0 0
2370 0 0 2 0 0
2385 0 0 2 0 0
2400 0 0 2 0 0
2415 0 0 2 0 0
2430 0 0 2 0 0
2445 0 0 2 0 0
2460 0 0 2 0 0
2475 0 0 2 0 0
2490 0 0 2 0 0
2493 0 0 2 0 0
2508 0 0 2 0 0
2523 2 0 2 0 0
2538 0 0 0 0 0
2553 0 0 2 0 0
2568 0 0 0 0 0
2583 0 0 2 0 0
2598 0 0 2 0 0
2613 0 0 2 0 0
2628 0 0 2 0 0
2643 0 0 2 0 0
2658 0 0 2 0 0
2673 0 0 2 0 0
2688 0 0 0 0 0
2703 0 0 2 0 0
2718 0 0 2 0 0
2733 0 0 2 0 0
2748 0 0 2 0 0
2763 0 0 2 0 0
2778 0 2 2 0 0
2793 0 2 2 0 0
2808 0 2 2 0 0
2823 0 2 2 0 0
2838 0 2 0 2 0
2853 0 2 0 2 0
2868 0 2 0 2 0
2883 0 2 0 0 0
2891 2 0 0 0 0
2894 2 0 0 0 0
2909 2 0 0 0 0
2924 0 0 0 0 0
2939 0 0 0 0 0
2954 0 0 0 0 0
2969 2 0 0 0 0
2984 0 0 0 0 0
2999 0 0 0 0 0
3014 0 0 0 0 0
3029 0 0 0 0 0
3048 0 0 0 0 0
3051 0 0 0 0 0
3066 2 0 0 0 0
3081 2 0 0 0 0
3096 2 0 0 0 0
3111 2 0 0 2 0
3126 2 0 0 2 0
3141 2 0 0 0 0
3156 2 0 0 2 0
3171 2 0 0 2 0
3186 0 0 0 2 0
3201 0 2 0 2 0
3217 0 0 0 2 0
3220 0 0 0 2 0
3235 0 2 2 0 0
3250 0 0 2 0 0
3265 0 0 2 0 0
3280 0 0 2 0 0
3295 0 0 2 0 0
3310 0 0 2 0 0
3325 0 0 2 0 0
3336 0 0 2 0 0
3339 0 0 2 0 0
3354 0 0 2 0 0
3369 0 0 0 0 0
3384 0 0 0 0 0
3399 0 0 2 0 0
3414 0 0 2 0 0
3429 0 0 2 0 0
3444 0 0 2 0 0
3459 0 0 2 0 0
3474 0 2 2 0 0
3489 0 2 2 0 0
3504 0 2 2 0 0
3519 0 2 2 0 0
3534 0 2 0 2 0
3550 0 2 0 2 0
3553 0 2 0 2 0
3568 0 2 0 0 0
3583 0 0 0 0 0
3598 2 0 0 0 0
3613 0 0 0 0 0
3619 0 0 0 0 0
3622 0 0 0 0 0
3637 0 0 0 0 0
3652 0 0 0 0 0
3667 0 0 0 0 0
3682 0 0 0 0 0
3697 0 0 0 0 0
3712 0 0 0 0 0
3728 0 0 0 0 0
