1 0 0 0 0 0
16 0 0 0 0 0
31 0 0 0 2 0
46 0 0 0 2 0
61 0 0 0 2 0
73 0 0 0 2 0
76 0 0 0 2 0
91 0 0 0 2 0
106 0 0 0 2 0
121 0 0 0 2 0
136 0 0 0 2 0
151 0 0 2 0 0
166 0 2 0 2 0
181 0 2 0 2 0
191 0 2 0 2 0
194 0 2 0 2 0
209 0 0 0 2 0
224 0 0 0 0 0
239 0 0 0 0 0
254 0 0 0 2 0
269 0 0 0 0 0
284 0 0 0 2 0
299 2 0 0 2 0
314 2 0 0 2 0
329 2 0 0 2 0
344 2 0 0 2 0
359 2 0 0 2 0
374 0 2 0 2 0
379 0 2 0 2 0
382 0 0 0 2 0
397 0 0 2 0 0
412 0 0 2 0 0
427 0 0 2 0 0
442 0 0 2 0 0
457 0 0 2 0 0
473 0 0 2 0 0
476 0 0 2 0 0
491 0 0 2 0 0
506 0 0 2 0 0
521 0 0 0 2 0
536 0 0 2 0 0
551 0 0 2 0 0
566 0 0 2 0 0
581 0 0 0 2 0
596 0 0 2 0 0
611 0 0 2 0 0
626 0 0 2 0 0
641 0 2 0 2 0
658 0 0 0 2 0
661 0 0 0 2 0
676 0 2 0 0 0
691 0 0 0 0 0
706 0 0 0 0 0
721 0 0 0 0 0
736 0 0 0 0 0
751 0 0 0 0 0
766 0 0 0 0 0
781 0 0 0 0 0
796 0 0 0 0 0
814 0 0 0 0 0
817 0 0 0 0 0
832 0 0 0 0 0
847 0 0 0 0 0
862 0 0 0 0 0
877 0 0 0 0 0
892 0 0 0 0 0
907 0 0 0 0 0
922 0 0 0 0 0
937 0 0 0 0 0
952 0 0 0 0 0
967 0 0 0 0 0
982 0 0 0 0 0
988 0 0 0 0 0
991 0 0 0 0 0
1003 0 0 0 0 0
1015 0 0 0 0 0
1020 0 0 0 0 0
1023 0 0 0 0 0
1038 0 0 0 0 0
1053 0 0 0 0 0
1068 2 0 0 0 0
1083 2 0 0 0 0
1098 2 0 0 2 0
1113 2 0 0 2 0
1128 2 0 0 2 0
1143 2 0 0 2 0
1158 2 0 0 2 0
1171 0 2 0 2 0
1174 0 0 0 2 0
1189 0 0 2 0 0
1204 0 0 2 0 0
1219 0 0 2 0 0
1234 0 0 2 0 0
1249 0 0 2 0 0
1264 0 0 2 0 0
1279 0 0 2 0 0
1293 0 0 2 0 0
1296 0 0 2 0 0
1311 0 0 2 0 0
1326 0 0 2 0 0
1341 0 0 2 0 0
1356 0 0 2 0 0
1371 0 0 2 0 0
1386 0 0 2 0 0
1401 0 0 2 0 0
1416 0 0 2 0 0
1431 0 0 2 0 0
1446 0 0 2 0 0
1461 0 0 2 0 0
1476 0 0 2 0 0
1491 0 0 2 0 0
1506 0 2 2 0 0
1521 0 2 2 0 0
1531 0 2 2 0 0
1534 0 0 0 2 0
1549 0 2 0 2 0
1564 0 0 0 0 0
1579 0 0 0 0 0
1594 0 0 0 0 0
1609 0 0 0 0 0
1624 0 0 0 2 0
1639 0 0 0 2 0
1654 0 0 0 2 0
1669 0 0 0 2 0
1684 0 2 0 2 0
1699 0 0 0 0 0
1714 0 0 0 0 0
1729 0 0 0 0 0
1744 0 0 0 0 0
1759 0 0 0 0 0
1774 0 0 0 0 0
1789 0 0 0 0 0
1804 0 0 0 0 0
1819 0 2 0 0 0
1834 0 2 0 0 0
1849 0 0 0 0 0
1864 0 0 0 0 0
1879 0 0 0 0 0
1894 0 0 0 0 0
1909 0 0 0 0 0
1924 0 0 0 0 0
1939 0 0 0 0 0
1954 0 0 0 0 0
1969 0 0 0 0 0
1984 0 0 0 0 0
1999 0 0 0 0 0
2012 0 0 0 0 0
2015 0 0 0 0 0
2030 0 0 0 0 0
2045 0 0 0 0 0
2057 0 0 0 0 0
2060 0 0 0 0 0
2075 0 0 0 0 0
2090 0 0 0 0 0
2105 2 0 0 0 0
2120 2 0 0 0 0
2135 2 0 0 0 0
2150 2 0 0 0 0
2165 2 0 0 0 0
2180 2 0 0 0 0
2195 2 0 0 0 0
2210 2 0 0 2 0
2225 2 0 0 2 0
2240 2 0 0 2 0
2255 2 0 0 2 0
2269 0 2 0 2 0
2272 0 2 0 2 0
2287 0 0 2 0 0
2302 0 0 2 0 0
2317 0 0 2 0 0
2332 0 0 2 0 0
2347 0 0 2 0 0
2362 0 0 2 0 0
2377 0 0 2 0 0
2392 0 0 2 0 0
2399 0 0 2 0 0
2402 0 0 2 0 0
2417 0 0 2 0 0
2432 0 0 2 0 0
2447 0 0 2 0 0
2462 0 0 2 0 0
2477 0 0 2 0 0
2492 0 0 2 0 0
2507 0 0 2 0 0
2522 0 0 2 0 0
2537 0 0 0 0 0
2552 0 0 2 0 0
2567 0 0 2 0 0
2582 0 0 2 0 0
2597 0 2 2 0 0
2612 0 2 2 0 0
2629 0 2 0 2 0
2632 0 2 0 2 0
2647 0 2 0 2 0
2662 0 2 0 2 0
2677 0 2 0 0 0
2692 0 0 0 0 0
2707 0 0 0 0 0
2722 0 0 0 0 0
2737 0 0 0 0 0
2752 0 0 0 0 0
2767 0 0 0 0 0
2782 0 0 0 0 0
2797 0 0 0 0 0
2812 0 0 0 0 0
2827 0 0 0 0 0
2842 0 0 0 0 0
2858 0 0 0 0 0
2861 0 0 0 0 0
2876 0 0 0 0 0
2891 0 0 0 0 0
2906 0 0 0 0 0
2921 0 0 0 0 0
2936 2 0 0 0 0
2951 2 0 0 0 0
2966 0 0 0 0 0
2981 0 0 0 0 0
2996 2 0 0 2 0
3011 0 0 0 2 0
3026 2 0 0 2 0
3044 0 0 0 2 0
3047 0 0 0 2 0
3062 0 0 2 0 0
3077 0 0 2 0 0
3092 0 0 2 0 0
3107 0 0 2 0 0
3122 0 0 2 0 0
3137 0 0 2 0 0
3147 0 0 2 0 0
3150 0 0 2 0 0
3165 0 0 2 0 0
3180 0 0 2 0 0
3195 0 0 2 0 0
3210 0 0 2 0 0
3225 0 0 2 0 0
3240 0 0 2 0 0
3255 0 0 2 0 0
3270 0 0 2 0 0
3285 0 0 2 0 0
3300 0 0 2 0 0
3315 0 0 2 0 0
3330 0 0 2 0 0
3345 0 0 2 0 0
3360 0 0 2 0 0
3375 0 0 2 0 0
3390 0 0 2 0 0
3405 0 0 2 0 0
3420 0 0 2 0 0
3435 0 0 2 0 0
3450 0 0 2 0 0
3465 0 0 2 0 0
3480 0 0 0 0 0
3495 0 2 2 0 0
3510 0 2 2 0 0
3525 0 2 2 0 0
3540 0 0 2 0 0
3555 0 2 2 0 0
3564 0 2 2 0 0
3567 0 2 2 0 0
3582 0 2 0 2 0
3597 2 0 0 2 0
3612 2 0 0 0 0
3627 0 0 0 0 0
3642 0 0 0 0 0
3657 0 0 0 0 0
3672 0 0 0 0 0
3687 0 0 0 0 0
3702 0 0 0 0 0
3717 2 0 0 0 0
3732 0 0 0 0 0
3747 0 0 0 0 0
3762 0 0 0 0 0
3778 0 0 0 0 0
3781 0 0 0 0 0
3796 0 0 0 0 0
3811 0 0 0 0 0
3826 0 0 0 0 0
3841 0 0 0 0 0
3856 0 0 0 0 0
3871 0 0 0 0 0
3886 0 0 0 0 0
3901 0 0 0 0 0
3916 0 0 0 0 0
3931 0 0 0 0 0
3946 0 0 0 0 0
3961 0 0 0 0 0
3976 0 0 0 0 0
3991 0 0 0 0 0
4006 0 0 0 0 0
4018 0 0 0 0 0
