8 0 0 0 0 0
23 0 0 0 0 0
38 0 0 0 0 0
53 0 0 0 0 0
68 0 0 0 0 0
83 0 0 0 0 0
101 0 0 0 0 0
104 0 0 0 2 0
119 0 0 0 2 0
134 0 0 0 2 0
149 0 0 0 2 0
164 0 0 0 2 0
178 0 0 0 2 0
181 0 0 0 2 0
196 0 0 0 2 0
211 0 0 0 2 0
219 0 0 0 2 0
222 0 0 0 2 0
237 0 0 0 2 0
252 0 0 0 2 0
267 0 0 0 2 0
282 0 0 0 2 0
297 0 0 0 2 0
312 0 0 0 2 0
327 0 0 0 2 0
342 0 0 0 2 0
357 0 0 0 2 0
372 0 0 0 2 0
387 0 0 0 2 0
402 0 0 0 2 0
417 0 0 0 2 0
432 0 0 0 2 0
447 0 0 0 2 0
462 0 0 0 2 0
477 0 0 0 2 0
492 0 2 0 2 0
507 0 2 0 2 0
520 2 0 0 2 0
523 2 0 0 2 0
538 2 0 0 0 0
553 2 0 0 0 0
568 2 0 0 0 0
583 0 0 0 0 0
598 0 0 0 0 0
613 0 0 0 0 0
628 0 0 0 0 0
643 0 0 0 0 0
658 0 0 0 0 0
673 0 0 0 0 0
688 0 0 0 0 0
699 0 0 0 0 0
702 0 0 0 0 0
717 0 0 0 0 0
732 2 0 0 0 0
747 2 0 0 0 0
762 0 0 0 0 0
777 2 0 0 0 0
792 2 0 0 2 0
807 2 0 0 2 0
822 2 0 0 2 0
837 2 0 0 0 0
852 2 0 0 2 0
867 2 0 0 2 0
882 2 0 0 2 0
897 2 0 0 2 0
912 0 2 0 2 0
917 0 2 0 2 0
920 0 2 0 2 0
935 0 0 0 2 0
950 0 0 0 2 0
965 0 0 0 2 0
980 0 0 0 2 0
983 0 0 0 2 0
998 0 0 0 2 0
1013 0 0 0 2 0
1028 0 0 0 2 0
1043 0 0 0 2 0
1058 0 0 0 2 0
1073 0 0 0 2 0
1088 0 0 0 2 0
1103 0 0 0 2 0
1118 0 0 0 2 0
1133 0 2 0 2 0
1148 0 0 0 2 0
1163 0 0 0 2 0
1178 0 2 0 2 0
1193 0 2 0 2 0
1203 0 2 0 2 0
1206 0 0 0 2 0
1221 0 2 0 0 0
1236 2 0 0 0 0
1251 2 0 0 0 0
1266 0 0 0 0 0
1281 2 0 0 0 0
1296 0 0 0 0 0
1311 2 0 0 0 0
1326 0 0 0 0 0
1341 0 0 0 0 0
1356 0 0 0 0 0
1371 0 0 0 0 0
1386 0 0 0 0 0
1392 0 0 0 0 0
1395 0 0 0 0 0
1410 0 0 0 0 0
1425 0 0 0 0 0
1440 0 0 0 0 0
1455 2 0 0 0 0
1470 2 0 0 0 0
1485 2 0 0 0 0
1500 2 0 0 2 0
1515 0 0 0 2 0
1524 0 2 0 2 0
1527 0 0 0 2 0
1542 0 0 0 2 0
1557 0 0 0 2 0
1572 0 0 0 0 0
1587 0 0 0 0 0
1593 0 0 0 0 0
1596 0 0 0 0 0
1611 0 0 0 0 0
1626 0 0 0 0 0
1641 0 0 0 0 0
1656 0 0 2 0 0
1671 0 0 0 2 0
1686 0 0 2 0 0
1701 0 0 0 2 0
1716 0 0 0 2 0
1731 0 0 2 0 0
1746 0 0 2 0 0
1761 0 0 0 2 0
1776 0 0 0 2 0
1791 0 0 0 2 0
1806 0 0 0 2 0
1821 0 0 0 2 0
1836 0 2 0 2 0
1851 0 0 0 2 0
1866 0 2 2 0 0
1881 0 2 2 0 0
1896 0 2 2 0 0
1911 0 2 0 2 0
1927 2 0 0 2 0
1930 2 0 0 2 0
1945 2 0 0 0 0
1960 2 0 0 0 0
1975 2 0 0 0 0
1990 0 0 0 0 0
2005 0 0 0 0 0
2020 0 0 0 0 0
2035 0 0 0 0 0
2050 0 0 0 0 0
2065 0 2 0 0 0
2080 0 2 0 0 0
2095 0 2 0 0 0
2110 2 0 0 0 0
2125 0 0 0 0 0
2140 2 0 0 0 0
2155 0 0 0 0 0
2170 0 0 0 0 0
2185 0 0 0 0 0
2193 0 0 0 0 0
2196 0 0 0 0 0
2211 0 0 0 0 0
2226 2 0 0 0 0
2241 2 0 0 0 0
2256 2 0 0 0 0
2271 2 0 0 0 0
2286 2 0 0 0 0
2301 2 0 0 2 0
2316 2 0 0 0 0
2331 2 0 0 2 0
2346 2 0 0 2 0
2361 0 2 0 2 0
2368 0 2 0 2 0
2371 0 2 0 2 0
2386 0 0 0 2 0
2401 0 0 0 2 0
2416 0 0 0 2 0
2434 0 0 0 2 0
2437 0 0 0 2 0
2452 0 0 0 2 0
2467 0 0 0 2 0
2482 0 0 0 2 0
2497 0 0 0 2 0
2512 0 0 0 2 0
2527 0 0 0 2 0
2542 0 0 0 2 0
2557 0 0 0 2 0
2572 0 0 0 2 0
2587 0 0 2 0 0
2602 0 0 0 2 0
2617 0 0 0 2 0
2632 0 0 0 2 0
2647 0 0 0 2 0
2662 0 0 0 2 0
2681 0 2 0 2 0
2684 0 2 0 2 0
2699 0 2 0 2 0
2714 2 0 0 2 0
2729 0 2 0 2 0
2744 0 0 0 2 0
2759 0 0 0 0 0
2774 0 0 0 0 0
2789 0 0 0 0 0
2804 0 0 0 0 0
2819 2 0 0 0 0
2834 0 2 0 0 0
2849 0 2 0 0 0
2864 0 0 0 0 0
2879 0 0 0 0 0
2894 0 2 0 0 0
2909 0 0 0 0 0
2924 0 0 0 0 0
2939 2 0 0 0 0
2954 0 0 0 0 0
2969 0 2 0 0 0
2984 0 2 0 0 0
2999 0 2 0 0 0
3014 0 0 0 0 0
3029 0 0 0 0 0
3044 0 0 0 0 0
3059 0 0 0 0 0
3074 0 0 0 0 0
3089 0 0 0 0 0
3104 2 0 0 0 0
3114 0 0 0 0 0
3117 0 0 0 0 0
3132 0 0 0 2 0
3147 0 0 0 0 0
3162 0 0 0 0 0
3177 0 0 0 0 0
3192 0 0 0 0 0
3207 0 0 0 0 0
3222 0 0 0 0 0
3237 0 0 0 0 0
3252 0 0 0 0 0
3267 0 0 0 0 0
3272 0 0 0 0 0
