60 0 0 0 0 0
75 0 0 0 0 0
90 0 0 0 2 0
105 0 0 0 2 0
120 0 0 0 2 0
135 0 0 0 2 0
140 0 0 0 2 0
143 0 0 2 0 0
158 0 0 2 0 0
173 0 0 2 0 0
188 0 0 2 0 0
193 0 0 2 0 0
196 0 0 2 0 0
211 0 0 2 0 0
226 0 0 2 0 0
241 0 0 2 0 0
251 0 0 2 0 0
254 0 0 2 0 0
269 0 0 2 0 0
284 0 0 2 0 0
299 0 0 2 0 0
314 0 0 2 0 0
329 0 0 2 0 0
344 0 0 2 0 0
359 0 0 2 0 0
374 0 0 2 0 0
389 0 0 2 0 0
404 0 2 2 0 0
419 0 2 2 0 0
434 0 2 2 0 0
447 0 2 0 2 0
450 2 0 0 2 0
465 2 0 0 2 0
480 0 0 0 0 0
495 0 0 0 0 0
510 0 0 0 0 0
525 0 0 0 0 0
540 0 0 0 0 0
555 0 0 0 0 0
570 0 0 0 0 0
577 0 0 0 0 0
580 0 0 0 0 0
595 2 0 0 0 0
610 2 0 0 0 0
625 2 0 0 0 0
640 2 0 0 0 0
655 2 0 0 2 0
670 2 0 0 2 0
687 0 2 2 0 0
690 0 2 2 0 0
705 0 0 2 0 0
720 0 0 2 0 0
735 0 0 2 0 0
742 0 0 2 0 0
745 0 0 2 0 0
760 0 0 2 0 0
775 0 0 2 0 0
790 0 0 2 0 0
805 0 0 0 0 0
820 0 0 0 0 0
835 0 0 2 0 0
850 0 0 2 0 0
865 0 0 2 0 0
880 0 0 2 0 0
895 0 0 2 0 0
910 0 0 2 0 0
925 0 0 2 0 0
940 0 2 2 0 0
955 0 2 0 0 0
966 2 0 0 0 0
969 2 0 0 2 0
984 2 0 0 0 0
999 0 0 0 0 0
1014 0 0 0 0 0
1029 2 0 0 0 0
1044 0 0 0 0 0
1059 2 0 0 0 0
1074 2 0 0 0 0
1092 2 0 0 0 0
1095 2 0 0 0 0
1110 2 0 0 0 0
1125 2 0 0 0 0
1140 2 0 0 0 0
1155 2 0 0 0 0
1170 2 0 0 2 0
1185 2 0 0 2 0
1200 2 0 0 2 0
1215 2 0 0 2 0
1230 0 0 0 2 0
1245 0 0 0 2 0
1260 0 0 2 0 0
1265 0 0 2 0 0
1268 0 0 0 0 0
1283 0 0 2 0 0
1298 0 0 2 0 0
1313 0 0 2 0 0
1330 0 0 2 0 0
1333 0 0 2 0 0
1348 0 0 2 0 0
1363 0 0 2 0 0
1378 0 0 0 0 0
1393 0 0 2 0 0
1408 0 0 2 0 0
1423 0 0 2 0 0
1438 0 0 2 0 0
1453 0 0 2 0 0
1468 0 2 2 0 0
1483 0 2 2 0 0
1498 0 2 2 0 0
1505 0 2 0 2 0
1508 2 0 0 2 0
1523 2 0 0 2 0
1538 0 0 0 0 0
1553 0 0 0 0 0
1568 0 0 0 0 0
1583 0 0 0 0 0
1598 0 0 0 0 0
1613 2 0 0 0 0
1628 2 0 0 0 0
1643 2 0 0 0 0
1660 2 0 0 0 0
1663 2 0 0 0 0
1678 2 0 0 0 0
1693 2 0 0 0 0
1708 2 0 0 0 0
1723 2 0 0 2 0
1738 2 0 0 2 0
1753 2 0 0 2 0
1768 2 0 0 2 0
1775 0 2 2 0 0
1778 0 2 2 0 0
1793 0 0 2 0 0
1808 0 0 2 0 0
1823 0 0 2 0 0
1838 0 0 2 0 0
1848 0 0 2 0 0
1851 0 0 2 0 0
1866 0 0 2 0 0
1881 0 0 2 0 0
1896 0 0 2 0 0
1911 0 0 2 0 0
1926 0 0 2 0 0
1941 0 0 2 0 0
1956 0 0 2 0 0
1971 0 0 2 0 0
1986 0 0 2 0 0
2001 0 0 2 0 0
2016 0 2 2 0 0
2031 0 2 2 0 0
2046 0 2 2 0 0
2053 2 0 0 2 0
2056 2 0 0 0 0
2071 2 0 0 0 0
2086 0 0 0 0 0
2101 0 0 0 0 0
2116 0 0 0 0 0
2128 2 0 0 0 0
2131 2 0 0 0 0
2146 2 0 0 0 0
2161 2 0 0 2 0
2176 0 0 0 0 0
2191 2 0 0 2 0
2206 0 0 2 0 0
2221 0 0 2 0 0
2236 0 2 2 0 0
2251 0 2 2 0 0
2266 0 0 2 0 0
2281 0 0 0 2 0
2296 2 0 0 0 0
2311 2 0 0 0 0
2326 2 0 0 0 0
2341 2 0 0 0 0
2356 2 0 0 0 0
2371 2 0 0 0 0
2386 2 0 0 0 0
2401 2 0 0 0 0
2416 0 2 0 0 0
2431 0 2 0 0 0
2446 0 0 0 0 0
2461 0 0 0 0 0
2476 0 0 0 0 0
2491 0 0 0 0 0
2506 0 2 0 0 0
2521 0 0 0 0 0
2536 0 0 0 0 0
2551 0 0 0 0 0
2566 0 0 0 0 0
2573 0 0 0 0 0
