1 0 0 2 0 0
16 0 0 2 0 0
31 0 0 2 0 0
46 0 0 2 0 0
61 0 0 2 0 0
76 0 0 2 0 0
91 0 0 2 0 0
99 0 0 2 0 0
102 0 2 2 0 0
117 0 2 2 0 0
132 0 2 2 0 0
147 0 2 0 2 0
162 2 0 0 0 0
177 2 0 0 0 0
192 2 0 0 0 0
207 2 0 0 0 0
222 2 0 0 2 0
237 2 0 0 2 0
252 2 0 0 2 0
267 2 0 0 2 0
282 2 0 0 2 0
297 2 0 0 2 0
312 2 0 0 2 0
326 0 2 2 0 0
329 0 2 2 0 0
344 0 0 2 0 0
359 0 0 2 0 0
374 0 0 2 0 0
389 0 0 2 0 0
404 0 0 2 0 0
419 0 0 2 0 0
434 0 0 2 0 0
449 0 0 2 0 0
459 0 0 2 0 0
462 0 0 2 0 0
477 0 0 2 0 0
492 0 0 2 0 0
507 0 0 2 0 0
522 0 0 2 0 0
537 0 0 2 0 0
552 0 0 0 0 0
567 0 0 2 0 0
582 0 0 2 0 0
597 0 0 2 0 0
612 0 0 2 0 0
627 0 0 2 0 0
642 0 0 2 0 0
657 0 0 2 0 0
672 0 0 2 0 0
687 0 0 2 0 0
702 0 0 2 0 0
717 0 0 2 0 0
732 0 0 2 0 0
747 0 2 2 0 0
762 0 2 2 0 0
777 0 2 2 0 0
783 0 2 0 2 0
786 2 0 0 2 0
801 2 0 0 2 0
816 2 0 0 0 0
831 2 0 0 0 0
846 0 0 0 0 0
861 0 0 0 0 0
876 0 0 0 0 0
891 0 0 0 0 0
899 0 0 0 0 0
902 0 0 0 0 0
917 0 0 0 0 0
932 2 0 0 0 0
947 2 0 0 0 0
962 2 0 0 0 0
977 2 0 0 2 0
992 2 0 0 0 0
1007 2 0 0 2 0
1022 0 2 2 0 0
1027 0 2 2 0 0
1030 0 2 2 0 0
1045 0 0 2 0 0
1060 0 2 2 0 0
1075 0 2 2 0 0
1090 0 2 2 0 0
1105 0 2 2 0 0
1120 2 0 0 2 0
1135 2 0 0 0 0
1150 2 0 0 0 0
1165 2 0 0 0 0
1180 2 0 0 2 0
1195 2 0 0 2 0
1205 0 2 2 0 0
1208 0 2 2 0 0
1223 0 0 2 0 0
1238 0 0 2 0 0
1253 0 0 2 0 0
1268 0 0 2 0 0
1283 0 0 2 0 0
1298 0 0 2 0 0
1313 0 0 2 0 0
1319 0 0 2 0 0
1322 0 0 2 0 0
1337 0 0 2 0 0
1352 0 0 2 0 0
1367 0 0 2 0 0
1382 0 0 2 0 0
1397 0 0 2 0 0
1412 0 0 2 0 0
1427 0 0 2 0 0
1442 0 0 2 0 0
1457 0 0 2 0 0
1472 0 2 2 0 0
1487 0 2 2 0 0
1503 2 0 0 2 0
1506 2 0 0 2 0
1521 2 0 0 0 0
1536 2 0 0 0 0
1551 0 0 0 0 0
1566 0 0 0 0 0
1581 0 0 0 0 0
1596 0 0 0 0 0
1611 2 0 0 0 0
1626 2 0 0 0 0
1641 2 0 0 2 0
1656 2 0 0 2 0
1671 2 0 0 2 0
1683 0 2 2 0 0
1686 0 2 2 0 0
1701 0 0 2 0 0
1716 0 0 2 0 0
1731 0 0 2 0 0
1746 0 0 2 0 0
1761 0 0 2 0 0
1776 0 0 2 0 0
1791 0 0 2 0 0
1806 0 0 2 0 0
1821 0 0 2 0 0
1836 0 0 2 0 0
1851 0 0 2 0 0
1857 0 0 2 0 0
1860 0 0 2 0 0
1875 0 0 2 0 0
1890 0 0 2 0 0
1905 0 0 2 0 0
1920 0 0 2 0 0
1935 0 0 2 0 0
1950 0 0 2 0 0
1965 0 0 2 0 0
1980 0 0 2 0 0
1995 0 0 2 0 0
2010 0 0 2 0 0
2025 0 0 2 0 0
2040 0 0 2 0 0
2055 0 0 2 0 0
2070 0 2 2 0 0
2084 0 2 2 0 0
2087 0 2 0 2 0
2102 0 2 0 2 0
2117 0 0 0 0 0
2132 0 0 0 0 0
2147 0 0 0 0 0
2161 0 0 0 0 0
2164 0 0 0 0 0
2179 0 0 0 0 0
2194 0 0 0 0 0
2209 2 0 0 0 0
2224 2 0 0 0 0
2239 2 0 0 2 0
2254 2 0 0 2 0
2269 2 0 0 2 0
2284 2 0 0 2 0
2299 2 0 0 2 0
2314 2 0 0 2 0
2332 0 2 2 0 0
2335 0 2 2 0 0
2350 0 0 2 0 0
2365 0 0 2 0 0
2380 0 0 2 0 0
2395 0 0 2 0 0
2410 0 0 2 0 0
2413 0 0 0 0 0
2428 0 0 0 0 0
2443 0 0 0 0 0
2458 0 0 0 0 0
2473 0 0 0 0 0
2488 0 0 2 0 0
2503 0 0 2 0 0
2518 0 0 0 0 0
2533 0 0 2 0 0
2548 0 0 2 0 0
2563 0 0 2 0 0
2578 0 0 2 0 0
2593 0 0 2 0 0
2608 0 0 2 0 0
2623 0 0 2 0 0
2638 0 0 2 0 0
2653 0 0 2 0 0
2668 0 0 2 0 0
2683 0 0 2 0 0
2698 0 0 2 0 0
2713 0 0 2 0 0
2728 0 0 2 0 0
2743 0 0 2 0 0
2758 0 0 2 0 0
2773 0 2 2 0 0
2788 0 2 2 0 0
2803 0 0 2 0 0
2818 0 2 2 0 0
2831 0 2 0 2 0
2834 2 0 0 2 0
2849 2 0 0 0 0
2864 0 0 0 0 0
2879 2 0 0 0 0
2894 2 0 0 0 0
2909 2 0 0 0 0
2924 0 0 0 0 0
2939 0 0 0 0 0
2954 2 0 0 0 0
2969 2 0 0 0 0
2984 0 2 2 0 0
3003 2 0 0 2 0
3006 2 0 0 2 0
3021 2 0 0 2 0
3036 0 2 2 0 0
3051 0 0 0 0 0
3066 0 0 2 0 0
3081 0 0 2 0 0
3096 0 0 2 0 0
3111 0 0 2 0 0
3126 0 0 0 0 0
3141 0 0 2 0 0
3156 0 0 0 2 0
3171 0 0 0 2 0
3186 0 0 0 0 0
3201 0 0 0 0 0
3216 0 0 0 0 0
3231 0 0 0 0 0
3246 0 0 0 0 0
3265 0 0 0 0 0
