1 0 0 0 2 0
16 0 0 0 2 0
31 0 0 0 2 0
46 0 0 0 2 0
61 0 0 0 2 0
76 0 0 0 2 0
91 0 2 0 2 0
97 0 2 0 2 0
100 0 2 0 2 0
115 0 0 0 2 0
130 0 2 0 2 0
145 0 2 0 0 0
160 0 0 0 0 0
175 0 0 0 0 0
190 0 2 0 2 0
200 0 2 0 2 0
203 0 2 0 2 0
218 0 0 0 2 0
233 0 0 2 0 0
246 0 0 0 2 0
249 0 0 0 2 0
264 0 0 2 0 0
279 0 0 2 0 0
294 0 0 2 0 0
309 0 0 0 2 0
324 0 0 0 2 0
339 0 0 2 0 0
354 0 0 2 0 0
369 0 0 2 0 0
384 0 0 2 0 0
399 0 0 2 0 0
414 0 0 2 0 0
429 0 2 2 0 0
443 0 0 2 0 0
446 0 0 2 0 0
461 0 0 0 2 0
476 0 2 0 2 0
491 2 0 0 0 0
506 2 0 0 0 0
521 0 0 0 0 0
536 0 0 0 0 0
551 2 0 0 0 0
566 0 0 0 0 0
581 0 0 0 0 0
596 0 0 0 0 0
608 0 0 0 0 0
611 0 0 0 0 0
626 0 0 0 0 0
641 0 0 0 0 0
656 0 0 0 0 0
671 2 0 0 0 0
686 0 0 0 2 0
701 0 0 0 2 0
716 0 0 0 2 0
724 0 2 0 2 0
727 0 2 0 2 0
742 0 0 0 2 0
757 0 0 0 2 0
772 0 0 0 2 0
787 0 0 0 2 0
803 0 0 0 2 0
806 0 0 0 2 0
821 0 0 0 2 0
836 0 0 0 2 0
851 0 0 0 2 0
866 0 0 0 2 0
881 0 0 0 2 0
896 0 0 0 2 0
911 0 0 0 2 0
926 0 2 0 2 0
931 0 2 0 2 0
934 0 2 0 2 0
949 0 2 0 2 0
964 2 0 0 0 0
979 2 0 0 0 0
994 2 0 0 0 0
1009 0 0 0 0 0
1024 0 0 0 0 0
1039 0 0 0 0 0
1054 0 0 0 0 0
1059 0 0 0 0 0
1062 0 0 0 0 0
1077 0 0 0 0 0
1092 0 2 0 0 0
1107 0 2 0 2 0
1122 0 2 0 2 0
1137 0 0 0 0 0
1152 0 2 0 2 0
1167 0 2 0 2 0
1178 0 0 0 2 0
1181 0 0 0 0 0
1196 0 0 0 2 0
1211 0 0 0 2 0
1226 0 0 0 2 0
1233 0 0 0 2 0
1236 0 0 0 2 0
1251 0 0 0 2 0
1266 0 0 0 2 0
1281 0 0 0 2 0
1296 0 0 0 2 0
1311 0 0 0 2 0
1326 0 0 0 2 0
1341 0 0 0 2 0
1356 0 0 0 2 0
1371 0 0 0 2 0
1386 0 0 0 2 0
1401 0 0 0 2 0
1416 0 0 2 0 0
1431 0 0 2 0 0
1446 0 0 0 0 0
1461 0 0 2 0 0
1476 0 0 2 0 0
1491 0 0 2 0 0
1506 0 0 0 2 0
1521 0 0 2 0 0
1536 0 2 2 0 0
1551 0 2 2 0 0
1560 0 2 2 0 0
1563 0 2 2 0 0
1578 0 2 0 2 0
1593 0 2 0 0 0
1608 0 0 0 0 0
1623 0 0 0 0 0
1638 0 0 0 0 0
1653 0 0 0 0 0
1668 0 0 0 0 0
1683 0 0 0 0 0
1698 0 0 0 0 0
1713 0 0 0 0 0
1728 0 0 0 0 0
1747 0 0 0 0 0
1750 0 0 0 0 0
1765 0 0 0 0 0
1780 0 0 0 0 0
1795 0 2 0 2 0
1810 0 0 0 2 0
1825 0 0 0 2 0
1840 0 0 0 2 0
1855 0 0 0 2 0
1871 0 2 0 2 0
1874 0 2 0 2 0
1889 0 0 0 2 0
1904 0 0 0 2 0
1923 0 0 2 0 0
1926 0 0 2 0 0
1941 0 0 2 0 0
1956 0 0 2 0 0
1971 0 0 2 0 0
1986 0 0 2 0 0
2001 0 0 2 0 0
2016 0 0 2 0 0
2031 0 0 0 2 0
2046 0 0 0 2 0
2061 0 0 0 2 0
2076 0 0 0 2 0
2091 0 0 0 2 0
2106 0 2 2 0 0
2121 0 2 2 0 0
2136 0 2 0 2 0
2146 0 2 0 2 0
2149 0 2 0 2 0
2164 0 2 0 0 0
2179 0 0 0 0 0
2194 0 0 0 0 0
2209 0 0 0 0 0
2224 0 0 0 0 0
2239 0 0 0 0 0
2254 0 2 0 0 0
2272 0 0 0 0 0
2275 0 2 0 0 0
2290 0 2 0 0 0
2305 0 0 0 0 0
2320 0 0 0 0 0
2335 0 0 0 0 0
2350 0 0 0 0 0
2365 0 0 0 0 0
2380 0 0 0 0 0
2395 0 0 0 0 0
2410 0 0 0 0 0
2425 0 0 0 0 0
2440 0 0 0 0 0
2452 0 0 0 0 0
