13 0 0 0 0 0
25 0 0 0 2 0
37 0 0 0 2 0
47 0 0 2 0 0
50 0 0 2 0 0
65 0 0 2 0 0
80 0 0 2 0 0
95 0 0 2 0 0
110 0 0 2 0 0
125 0 0 2 0 0
140 0 2 2 0 0
148 0 0 0 0 0
151 0 2 2 0 0
166 0 0 2 0 0
181 0 0 2 0 0
196 0 0 2 0 0
211 0 2 2 0 0
226 0 2 0 2 0
241 2 0 0 2 0
256 2 0 0 0 0
271 2 0 0 0 0
286 2 0 0 0 0
301 2 0 0 0 0
316 2 0 0 2 0
331 2 0 0 2 0
346 2 0 0 2 0
363 0 2 2 0 0
366 0 2 2 0 0
381 0 0 2 0 0
396 0 0 2 0 0
411 0 0 2 0 0
426 0 0 2 0 0
441 0 0 2 0 0
456 0 0 2 0 0
472 0 0 2 0 0
475 0 0 2 0 0
490 0 0 2 0 0
505 0 0 2 0 0
520 0 0 2 0 0
535 0 0 2 0 0
550 0 0 2 0 0
565 0 0 2 0 0
580 0 0 2 0 0
595 0 0 2 0 0
610 0 0 2 0 0
625 0 0 2 0 0
640 0 0 2 0 0
655 0 0 2 0 0
670 0 2 2 0 0
685 0 2 2 0 0
700 0 2 2 0 0
711 0 2 2 0 0
714 0 2 0 2 0
729 2 0 0 2 0
744 2 0 0 0 0
759 0 0 0 0 0
774 0 0 0 0 0
789 0 0 0 0 0
804 0 0 0 0 0
819 0 0 0 0 0
827 0 0 0 0 0
830 0 0 0 0 0
845 0 0 0 0 0
860 2 0 0 0 0
875 2 0 0 0 0
890 2 0 0 2 0
905 2 0 0 2 0
920 2 0 0 2 0
935 2 0 0 2 0
954 0 2 2 0 0
957 0 2 2 0 0
972 0 0 2 0 0
987 0 0 2 0 0
1002 0 0 2 0 0
1017 0 0 2 0 0
1032 0 0 2 0 0
1047 0 0 2 0 0
1062 0 0 2 0 0
1077 0 0 2 0 0
1092 0 0 2 0 0
1107 0 0 2 0 0
1122 0 0 2 0 0
1137 0 0 2 0 0
1152 0 0 2 0 0
1158 0 0 2 0 0
1161 0 0 2 0 0
1176 0 0 2 0 0
1191 0 0 2 0 0
1206 0 0 2 0 0
1221 0 0 2 0 0
1236 0 0 2 0 0
1251 0 0 2 0 0
1266 0 2 2 0 0
1281 0 2 2 0 0
1296 0 2 2 0 0
1311 0 2 2 0 0
1322 2 0 0 2 0
1325 2 0 0 2 0
1340 2 0 0 0 0
1355 2 0 0 0 0
1370 0 0 0 0 0
1385 0 0 0 0 0
1400 0 0 0 0 0
1415 0 0 0 0 0
1430 0 0 0 0 0
1445 0 0 0 0 0
1460 0 0 0 0 0
1475 0 0 0 0 0
1486 0 0 0 0 0
1489 0 0 0 0 0
1504 0 0 0 0 0
1519 0 0 0 0 0
1534 2 0 0 0 0
1549 2 0 0 2 0
1564 2 0 0 0 0
1579 2 0 0 0 0
1594 2 0 0 2 0
1605 0 2 0 2 0
1608 0 2 2 0 0
1623 0 0 2 0 0
1638 0 0 2 0 0
1653 0 0 2 0 0
1668 0 0 2 0 0
1683 0 0 2 0 0
1698 0 0 2 0 0
1705 0 0 2 0 0
1708 0 0 2 0 0
1723 0 0 2 0 0
1738 0 0 2 0 0
1753 0 0 2 0 0
1768 0 0 2 0 0
1783 0 0 2 0 0
1798 0 0 2 0 0
1813 0 0 2 0 0
1828 0 0 2 0 0
1843 0 0 2 0 0
1858 0 0 2 0 0
1873 0 2 2 0 0
1888 0 2 2 0 0
1903 0 2 2 0 0
1918 0 2 0 2 0
1926 0 2 0 2 0
1929 0 2 0 0 0
1944 2 0 0 0 0
1959 0 0 0 0 0
1974 2 0 0 0 0
1989 0 0 0 0 0
2004 0 0 0 0 0
2019 0 0 0 0 0
2034 0 0 0 0 0
2049 0 0 0 0 0
2055 0 0 0 0 0
2058 0 0 0 0 0
2073 0 0 0 0 0
2088 2 0 0 0 0
2103 2 0 0 0 0
2118 2 0 0 0 0
2133 2 0 0 2 0
2148 2 0 0 2 0
2163 2 0 0 2 0
2178 2 0 0 2 0
2193 2 0 0 2 0
2210 0 2 2 0 0
2213 0 2 2 0 0
2228 0 0 2 0 0
2243 0 0 2 0 0
2257 0 0 2 0 0
2260 0 0 2 0 0
2275 0 0 2 0 0
2290 0 0 2 0 0
2305 0 0 2 0 0
2320 0 0 2 0 0
2335 0 0 2 0 0
2350 0 0 2 0 0
2365 0 0 2 0 0
2380 0 0 2 0 0
2395 0 0 2 0 0
2410 0 0 2 0 0
2425 0 0 2 0 0
2440 0 0 2 0 0
2455 0 0 2 0 0
2470 0 2 2 0 0
2485 0 2 2 0 0
2502 2 0 0 2 0
2505 2 0 0 2 0
2520 0 0 0 2 0
2535 0 0 0 0 0
2550 0 0 0 0 0
2565 2 0 0 0 0
2580 0 0 0 0 0
2595 0 0 0 0 0
2610 0 0 0 0 0
2625 0 0 0 0 0
2640 0 0 0 0 0
2655 0 0 0 0 0
2670 0 0 0 0 0
2685 0 0 0 0 0
2700 0 0 0 0 0
2715 0 0 0 0 0
2730 0 0 0 0 0
2745 0 0 0 0 0
2760 0 0 0 0 0
2775 2 0 0 0 0
2790 2 0 0 2 0
2805 2 0 0 2 0
2816 0 2 2 0 0
2819 0 2 2 0 0
2834 0 0 2 0 0
2849 0 0 2 0 0
2864 0 0 2 0 0
2879 0 0 2 0 0
2894 0 0 2 0 0
2909 0 0 2 0 0
2924 0 0 2 0 0
2939 0 0 0 0 0
2954 0 0 2 0 0
2969 0 0 0 2 0
2984 0 0 0 0 0
2999 0 0 0 0 0
3014 0 0 0 0 0
3029 0 0 0 0 0
3044 0 0 0 0 0
3058 0 0 0 0 0
