1 0 0 2 0 0
16 0 0 2 0 0
31 0 0 2 0 0
46 0 0 0 0 0
61 0 2 0 0 0
76 0 2 2 0 0
91 0 2 2 0 0
106 0 2 2 0 0
121 0 2 2 0 0
129 0 2 0 0 0
132 0 2 0 0 0
147 0 0 0 0 0
162 0 0 0 0 0
177 2 0 0 0 0
192 2 0 0 0 0
207 2 0 0 0 0
222 2 0 0 2 0
237 2 0 0 2 0
252 2 0 0 2 0
267 2 0 0 2 0
282 2 0 0 2 0
297 2 0 0 2 0
312 0 2 2 0 0
318 0 2 2 0 0
321 0 0 2 0 0
336 0 0 2 0 0
351 0 0 2 0 0
366 0 0 2 0 0
381 0 0 2 0 0
396 0 0 2 0 0
411 0 0 2 0 0
414 0 0 2 0 0
429 0 0 2 0 0
444 0 0 2 0 0
459 0 0 2 0 0
474 0 0 2 0 0
489 0 0 2 0 0
504 0 0 2 0 0
519 0 0 2 0 0
534 0 0 2 0 0
549 0 0 2 0 0
564 0 0 2 0 0
579 0 2 2 0 0
594 0 2 2 0 0
609 0 2 2 0 0
617 0 2 0 2 0
620 0 2 0 2 0
635 0 2 0 0 0
650 0 0 0 0 0
665 2 0 0 0 0
680 2 0 0 0 0
695 0 0 0 0 0
710 0 0 0 0 0
725 0 0 0 0 0
740 0 0 0 0 0
755 0 0 0 0 0
765 0 0 0 0 0
768 0 0 0 0 0
783 0 0 0 0 0
798 0 0 0 0 0
813 0 0 0 0 0
828 2 0 0 0 0
843 2 0 0 0 0
858 2 0 0 0 0
873 2 0 0 0 0
888 2 0 0 0 0
903 2 0 0 0 0
918 2 0 0 2 0
933 2 0 0 2 0
948 2 0 0 2 0
959 0 2 0 2 0
962 0 2 0 2 0
977 0 0 2 0 0
992 0 0 2 0 0
1007 0 0 2 0 0
1022 0 0 2 0 0
1037 0 0 2 0 0
1052 0 0 2 0 0
1067 0 0 0 0 0
1082 0 0 2 0 0
1097 0 0 2 0 0
1112 0 0 0 0 0
1126 0 0 2 0 0
1129 0 0 2 0 0
1144 0 0 2 0 0
1159 0 0 2 0 0
1174 0 0 2 0 0
1189 0 0 2 0 0
1204 0 0 2 0 0
1219 0 0 2 0 0
1234 0 0 2 0 0
1249 0 0 2 0 0
1264 0 0 2 0 0
1279 0 0 2 0 0
1294 0 0 2 0 0
1309 0 0 2 0 0
1324 0 0 2 0 0
1339 0 0 2 0 0
1354 0 0 2 0 0
1369 0 0 2 0 0
1384 0 0 2 0 0
1399 0 2 2 0 0
1414 0 0 2 0 0
1427 0 0 2 0 0
1430 0 2 2 0 0
1445 0 2 0 2 0
1460 0 2 0 0 0
1475 0 0 0 0 0
1490 0 0 0 0 0
1505 0 0 0 0 0
1520 0 0 0 0 0
1535 0 0 0 0 0
1550 0 0 0 0 0
1565 0 0 0 0 0
1580 0 0 0 0 0
1595 0 0 0 0 0
1610 0 0 0 0 0
1625 0 0 0 0 0
1640 0 0 0 0 0
1655 0 0 0 0 0
1665 0 0 0 0 0
1668 0 0 0 0 0
1683 0 0 0 0 0
1698 2 0 0 0 0
1713 2 0 0 0 0
1728 2 0 0 0 0
1743 2 0 0 0 0
1758 2 0 0 0 0
1773 2 0 0 2 0
1788 2 0 0 2 0
1803 2 0 0 2 0
1818 0 2 0 2 0
1826 0 2 0 2 0
1829 0 2 2 0 0
1844 0 0 2 0 0
1859 0 0 2 0 0
1874 0 0 2 0 0
1889 0 0 2 0 0
1904 0 0 2 0 0
1919 0 0 2 0 0
1931 0 0 2 0 0
1934 0 0 2 0 0
1949 0 0 2 0 0
1964 0 0 2 0 0
1979 0 0 2 0 0
1994 0 0 2 0 0
2009 0 0 2 0 0
2024 0 0 2 0 0
2039 0 0 2 0 0
2054 0 0 2 0 0
2069 0 0 2 0 0
2084 0 0 2 0 0
2099 0 0 2 0 0
2114 0 0 2 0 0
2129 0 0 2 0 0
2144 0 0 2 0 0
2159 0 0 2 0 0
2174 0 0 2 0 0
2189 0 0 2 0 0
2204 0 0 0 0 0
2219 0 0 2 0 0
2234 0 2 2 0 0
2249 0 2 2 0 0
2264 0 2 2 0 0
2279 0 0 2 0 0
2286 0 0 0 2 0
2289 0 2 0 2 0
2304 2 0 0 0 0
2319 2 0 0 0 0
2334 2 0 0 0 0
2349 2 0 0 0 0
2364 2 0 0 0 0
2379 2 0 0 0 0
2394 2 0 0 0 0
2409 0 0 0 0 0
2424 0 0 0 0 0
2439 0 0 0 0 0
2451 0 0 0 0 0
2454 0 0 0 0 0
2469 0 0 0 0 0
2484 2 0 0 0 0
2499 2 0 0 0 0
2514 0 0 0 0 0
2529 0 0 0 0 0
2544 2 0 0 0 0
2559 0 0 0 0 0
2574 2 0 0 2 0
2589 2 0 0 2 0
2604 2 0 0 2 0
2622 0 2 0 2 0
2625 0 0 2 0 0
2640 0 0 2 0 0
2655 0 0 2 0 0
2670 0 0 2 0 0
2685 0 0 2 0 0
2700 0 0 0 0 0
2715 0 0 2 0 0
2730 0 0 2 0 0
2736 0 0 2 0 0
2739 0 0 2 0 0
2754 0 0 2 0 0
2769 0 0 2 0 0
2784 0 0 2 0 0
2799 0 0 2 0 0
2814 0 0 2 0 0
2829 0 0 2 0 0
2844 0 0 2 0 0
2859 0 0 2 0 0
2874 0 0 2 0 0
2889 0 0 2 0 0
2904 0 0 2 0 0
2919 0 0 2 0 0
2934 0 0 2 0 0
2949 0 0 2 0 0
2964 0 2 2 0 0
2979 0 2 2 0 0
2996 0 2 2 0 0
2999 0 2 2 0 0
3014 2 0 0 2 0
3029 2 0 0 0 0
3044 2 0 0 0 0
3059 0 0 0 0 0
3074 2 0 0 0 0
3089 0 0 0 0 0
3104 2 0 0 0 0
3119 0 2 0 0 0
3125 0 2 0 0 0
3128 0 0 0 0 0
3143 0 0 0 0 0
3158 0 0 0 0 0
3173 0 0 0 0 0
3188 0 0 0 0 0
3203 0 0 0 0 0
3218 0 0 0 0 0
3233 0 0 0 0 0
3248 0 0 0 0 0
3263 0 0 0 0 0
3277 0 0 0 0 0
