90 0 0 0 0 0
105 0 0 0 0 0
120 0 0 0 0 0
135 0 0 0 0 0
150 0 0 0 0 0
163 0 0 0 0 0
166 0 0 0 2 0
181 0 0 0 2 0
196 0 0 0 2 0
211 0 0 2 0 0
226 0 2 2 0 0
241 0 2 2 0 0
256 0 2 2 0 0
271 0 2 2 0 0
286 0 2 2 0 0
301 0 0 2 0 0
315 0 2 2 0 0
318 0 2 2 0 0
333 0 2 0 2 0
348 2 0 0 2 0
363 2 0 0 0 0
378 2 0 0 0 0
393 2 0 0 0 0
408 2 0 0 0 0
423 2 0 0 0 0
438 2 0 0 0 0
453 2 0 0 2 0
468 2 0 0 2 0
483 2 0 0 2 0
498 2 0 0 2 0
513 2 0 0 2 0
528 2 0 0 2 0
543 0 2 0 2 0
550 0 2 0 2 0
553 0 2 0 2 0
568 0 0 2 0 0
583 0 0 2 0 0
598 0 0 2 0 0
613 0 0 2 0 0
628 0 0 2 0 0
643 0 0 2 0 0
658 0 0 2 0 0
673 0 0 2 0 0
688 0 0 2 0 0
703 0 0 2 0 0
708 0 0 2 0 0
711 0 0 2 0 0
726 0 0 2 0 0
741 0 0 2 0 0
756 0 0 2 0 0
771 0 0 2 0 0
786 0 0 0 2 0
801 0 0 0 0 0
816 0 0 0 2 0
831 0 0 0 2 0
846 0 0 0 2 0
861 0 0 0 2 0
876 0 0 0 2 0
891 0 0 0 2 0
906 0 0 0 2 0
921 0 0 0 2 0
936 0 0 0 2 0
951 0 0 0 2 0
966 0 0 0 2 0
981 0 0 0 2 0
996 0 0 0 2 0
1011 0 0 2 0 0
1026 0 2 0 2 0
1041 0 2 2 0 0
1056 0 2 2 0 0
1071 0 2 2 0 0
1086 0 2 2 0 0
1101 0 2 2 0 0
1116 0 2 0 2 0
1131 0 2 0 0 0
1146 0 2 0 2 0
1161 0 2 0 2 0
1176 0 0 0 0 0
1191 0 0 0 2 0
1206 0 0 0 2 0
1221 0 2 0 2 0
1236 0 0 0 2 0
1251 0 0 0 2 0
1266 0 0 0 2 0
1281 0 0 0 0 0
1296 0 0 2 0 0
1311 0 0 2 0 0
1326 0 0 2 0 0
1341 0 0 2 0 0
1356 0 0 0 2 0
1371 0 0 0 2 0
1386 0 0 0 2 0
1401 0 0 0 2 0
1416 0 0 2 0 0
1431 0 0 2 0 0
1446 0 0 2 0 0
1460 0 2 2 0 0
1463 0 2 2 0 0
1478 0 2 0 2 0
1493 2 0 0 0 0
1508 2 0 0 0 0
1523 0 0 0 0 0
1538 0 0 0 0 0
1553 0 0 0 0 0
1568 0 0 0 0 0
1583 0 0 0 0 0
1598 0 0 0 0 0
1613 0 0 0 0 0
1628 0 0 0 0 0
1633 0 0 0 0 0
1636 0 0 0 0 0
1651 0 0 0 0 0
1666 0 0 0 0 0
1681 0 0 0 0 0
1696 2 0 0 0 0
1711 2 0 0 0 0
1726 0 0 0 0 0
1741 0 0 0 2 0
1756 0 0 0 0 0
1771 0 0 0 0 0
1786 0 0 0 2 0
1801 0 0 0 2 0
1815 0 0 0 2 0
1818 0 0 0 2 0
1833 0 0 2 0 0
1848 0 0 2 0 0
1863 0 0 2 0 0
1878 0 0 2 0 0
1893 0 0 2 0 0
1908 0 0 2 0 0
1923 0 0 0 0 0
1938 0 0 2 0 0
1953 0 0 2 0 0
1968 0 0 2 0 0
1983 0 0 2 0 0
1998 0 0 0 0 0
2005 0 0 2 0 0
2008 0 0 0 0 0
2023 0 0 2 0 0
2038 0 0 2 0 0
2053 0 0 2 0 0
2068 0 0 2 0 0
2083 0 0 2 0 0
2098 0 0 2 0 0
2113 0 0 2 0 0
2128 0 0 2 0 0
2143 0 0 2 0 0
2158 0 0 2 0 0
2173 0 2 2 0 0
2188 0 0 2 0 0
2203 0 2 2 0 0
2218 0 0 2 0 0
2233 0 0 2 0 0
2248 0 0 2 0 0
2263 0 0 2 0 0
2273 0 0 2 0 0
2276 0 2 2 0 0
2291 2 0 0 2 0
2306 2 0 0 0 0
2321 2 0 0 0 0
2336 0 0 0 0 0
2351 0 0 0 0 0
2366 2 0 0 2 0
2381 2 0 0 0 0
2396 2 0 0 0 0
2411 2 0 0 0 0
2426 2 0 0 0 0
2441 2 0 0 0 0
2456 2 0 0 0 0
2471 0 0 0 0 0
2486 0 0 0 0 0
2501 0 0 0 0 0
2516 0 0 0 0 0
2535 0 0 0 0 0
2538 0 0 0 0 0
2553 0 0 0 0 0
2568 0 0 0 0 0
2583 0 0 0 0 0
2598 0 0 0 0 0
2613 0 0 0 0 0
2628 2 0 0 0 0
2641 2 0 0 0 0
2644 0 0 0 0 0
2659 0 0 0 0 0
2674 0 0 0 0 0
2689 0 0 0 0 0
2704 0 0 0 0 0
2719 0 0 0 0 0
2734 0 0 0 0 0
2739 0 0 0 0 0
2742 0 0 0 0 0
2757 0 0 0 0 0
2772 0 0 0 0 0
2790 0 0 0 0 0
2793 0 0 0 0 0
2808 0 0 0 0 0
2823 0 0 0 0 0
2838 0 0 0 0 0
2853 0 0 0 0 0
2868 0 0 0 0 0
2883 0 0 0 0 0
2898 0 0 0 0 0
2913 0 0 0 0 0
2928 0 0 0 0 0
2943 2 0 0 0 0
2949 2 0 0 0 0
2952 0 0 0 0 0
2967 0 0 0 0 0
2982 0 0 0 0 0
2993 0 0 0 0 0
2996 0 0 0 0 0
3011 0 0 0 0 0
3026 0 0 0 0 0
3041 0 0 0 0 0
3056 0 0 0 0 0
3071 0 0 0 0 0
3082 0 0 0 0 0
3085 0 0 0 0 0
3100 0 0 0 0 0
3115 0 0 0 0 0
3130 0 0 0 0 0
3149 0 0 0 0 0
3152 0 0 0 0 0
3167 2 0 0 0 0
3182 0 0 0 0 0
3197 2 0 0 0 0
3212 2 0 0 0 0
3227 2 0 0 0 0
3242 2 0 0 0 0
3257 2 0 0 0 0
3272 0 0 0 2 0
3287 2 0 0 2 0
3302 0 0 0 0 0
3317 2 0 0 2 0
3332 2 0 0 0 0
3347 2 0 0 2 0
3362 0 0 0 2 0
3377 0 0 0 2 0
3392 0 0 0 2 0
3397 0 2 2 0 0
3400 0 0 2 0 0
3415 0 0 2 0 0
3430 0 0 2 0 0
3445 0 0 2 0 0
3460 0 0 0 0 0
3475 0 0 2 0 0
3490 0 0 2 0 0
3505 0 0 2 0 0
3520 0 0 2 0 0
3535 0 0 2 0 0
3550 0 0 2 0 0
3565 0 0 2 0 0
3580 0 0 2 0 0
3595 0 0 2 0 0
3610 0 0 2 0 0
3620 0 0 2 0 0
3623 0 0 2 0 0
3638 0 0 2 0 0
3653 0 0 2 0 0
3668 0 0 2 0 0
3683 0 0 2 0 0
3698 0 0 2 0 0
3713 0 0 2 0 0
3728 0 0 2 0 0
3743 0 0 2 0 0
3758 0 0 2 0 0
3773 0 0 2 0 0
3788 0 0 2 0 0
3803 0 0 2 0 0
3818 0 0 2 0 0
3833 0 0 2 0 0
3848 0 0 2 0 0
3863 0 0 2 0 0
3878 0 0 2 0 0
3893 0 0 2 0 0
3908 0 0 2 0 0
3923 0 0 2 0 0
3938 0 0 2 0 0
3953 0 0 2 0 0
3961 0 0 2 0 0
3964 0 0 2 0 0
3979 0 0 0 2 0
3994 0 0 0 2 0
4009 2 0 0 2 0
4024 2 0 0 0 0
4039 0 0 0 0 0
4054 0 0 0 0 0
4069 2 0 0 0 0
4084 2 0 0 0 0
4099 0 0 0 0 0
4114 0 0 0 0 0
4129 0 0 0 0 0
4144 0 0 0 0 0
4162 0 0 0 0 0
4165 0 0 0 0 0
4180 0 0 0 0 0
4195 0 0 0 0 0
4210 0 0 0 0 0
4225 0 0 0 0 0
4240 2 0 0 0 0
4255 0 0 0 0 0
4270 2 0 0 0 0
4285 0 0 0 0 0
4300 2 0 0 2 0
4315 0 0 0 2 0
4330 0 0 0 2 0
4345 0 0 0 2 0
4360 2 0 0 2 0
4366 0 0 0 2 0
4369 0 2 0 2 0
4384 0 0 2 0 0
4399 0 0 2 0 0
4414 0 0 2 0 0
4429 0 0 2 0 0
4444 0 0 2 0 0
4459 0 0 2 0 0
4474 0 0 2 0 0
4489 0 0 2 0 0
4504 0 0 2 0 0
4519 0 0 2 0 0
4534 0 0 2 0 0
4549 0 0 2 0 0
4566 0 0 2 0 0
4569 0 0 2 0 0
4584 0 0 2 0 0
4599 0 0 2 0 0
4614 0 0 2 0 0
4629 0 0 2 0 0
4644 0 0 2 0 0
4659 0 0 2 0 0
4674 0 0 2 0 0
4689 0 0 2 0 0
4704 0 0 2 0 0
4719 0 0 2 0 0
4734 0 0 0 0 0
4749 0 0 2 0 0
4764 0 0 2 0 0
4779 0 0 2 0 0
4794 0 0 2 0 0
4809 0 0 2 0 0
4824 0 0 2 0 0
4839 0 0 2 0 0
4854 0 0 2 0 0
4869 0 0 2 0 0
4884 0 0 2 0 0
4899 0 0 2 0 0
4914 0 0 2 0 0
4929 0 0 2 0 0
4944 0 0 2 0 0
4959 0 0 2 0 0
4973 0 0 2 0 0
4976 0 0 0 0 0
4991 0 0 0 2 0
5006 0 0 0 2 0
5021 0 0 0 0 0
5036 0 0 0 0 0
5051 0 0 0 0 0
5066 2 0 0 0 0
5081 2 0 0 0 0
5096 0 0 0 0 0
5111 0 0 0 0 0
5126 0 0 0 0 0
5141 0 0 0 0 0
5156 0 0 0 0 0
5171 0 0 0 0 0
5186 0 0 0 0 0
5192 0 0 0 0 0
5195 0 0 0 0 0
5210 0 0 0 0 0
5225 0 0 0 0 0
5240 0 0 0 0 0
5255 0 0 0 0 0
5270 0 0 0 0 0
5285 0 0 0 0 0
5300 0 0 0 0 0
5315 0 0 0 0 0
5330 0 0 0 0 0
5345 0 0 0 0 0
5361 0 0 0 0 0
