1 0 0 0 2 0
16 0 0 0 2 0
31 0 0 0 2 0
47 0 0 2 0 0
50 0 0 2 0 0
65 0 0 2 0 0
80 0 0 2 0 0
89 0 0 2 0 0
92 0 0 2 0 0
107 0 0 2 0 0
122 0 0 2 0 0
139 0 0 2 0 0
142 0 0 2 0 0
157 0 0 2 0 0
172 0 0 2 0 0
187 0 0 0 0 0
202 0 0 0 0 0
217 0 0 2 0 0
232 0 0 2 0 0
247 0 0 2 0 0
262 0 0 2 0 0
277 0 0 2 0 0
292 0 0 2 0 0
307 0 2 2 0 0
322 0 0 2 0 0
337 0 2 2 0 0
352 0 0 2 0 0
361 0 0 2 0 0
364 0 0 2 0 0
379 0 0 0 2 0
394 0 0 0 2 0
409 0 0 0 0 0
424 0 0 0 0 0
439 0 0 0 0 0
454 2 0 0 0 0
469 2 0 0 0 0
484 0 0 0 0 0
499 0 0 0 0 0
505 0 0 0 0 0
508 0 0 0 0 0
523 0 0 0 0 0
538 0 0 0 0 0
553 2 0 0 0 0
568 0 0 0 0 0
583 0 0 0 2 0
598 0 0 0 2 0
613 0 0 0 2 0
628 0 0 0 2 0
642 0 0 2 0 0
645 0 0 2 0 0
660 0 0 2 0 0
675 0 0 2 0 0
690 0 0 2 0 0
705 0 0 2 0 0
720 0 0 2 0 0
737 0 0 2 0 0
740 0 0 2 0 0
755 0 0 2 0 0
770 0 0 2 0 0
785 0 0 2 0 0
800 0 0 2 0 0
815 0 0 2 0 0
830 0 0 2 0 0
845 0 0 2 0 0
860 0 0 2 0 0
875 0 2 2 0 0
890 0 2 2 0 0
895 2 0 0 2 0
898 2 0 0 2 0
913 2 0 0 0 0
928 2 0 0 0 0
943 2 0 0 0 0
958 0 0 0 0 0
973 2 0 0 0 0
988 2 0 0 0 0
1003 2 0 0 0 0
1018 0 0 0 0 0
1033 0 0 0 0 0
1052 0 0 0 0 0
1055 0 0 0 0 0
1070 2 0 0 0 0
1085 2 0 0 0 0
1100 2 0 0 0 0
1115 2 0 0 0 0
1130 2 0 0 2 0
1145 2 0 0 2 0
1160 2 0 0 2 0
1168 0 2 2 0 0
1171 0 2 2 0 0
1186 0 0 2 0 0
1201 0 0 2 0 0
1214 0 0 2 0 0
1217 0 0 2 0 0
1232 0 0 2 0 0
1247 0 0 2 0 0
1262 0 0 2 0 0
1277 0 0 2 0 0
1292 0 0 2 0 0
1307 0 0 2 0 0
1322 0 0 2 0 0
1337 0 0 2 0 0
1352 0 0 2 0 0
1367 0 0 2 0 0
1382 0 0 2 0 0
1397 0 0 2 0 0
1415 0 2 0 2 0
1418 0 2 0 2 0
1433 0 2 0 0 0
1448 2 0 0 0 0
1463 0 0 0 0 0
1478 0 0 0 0 0
1493 0 0 0 0 0
1508 0 0 0 0 0
1523 2 0 0 0 0
1538 2 0 0 0 0
1550 2 0 0 0 0
1553 2 0 0 0 0
1568 2 0 0 0 0
1583 2 0 0 0 0
1598 2 0 0 2 0
1613 2 0 0 2 0
1628 2 0 0 2 0
1638 0 2 2 0 0
1641 0 2 2 0 0
1656 0 0 2 0 0
1671 0 0 2 0 0
1686 0 0 2 0 0
1695 0 0 2 0 0
1698 0 0 2 0 0
1713 0 0 2 0 0
1728 0 0 2 0 0
1743 0 0 2 0 0
1758 0 0 0 0 0
1773 0 0 2 0 0
1788 0 0 2 0 0
1803 0 0 2 0 0
1818 0 0 2 0 0
1833 0 2 2 0 0
1848 0 2 2 0 0
1863 0 2 2 0 0
1875 0 2 0 2 0
1878 0 2 0 2 0
1893 0 2 0 2 0
1908 2 0 0 2 0
1923 0 0 0 0 0
1938 0 0 0 0 0
1953 0 0 0 0 0
1968 2 0 0 0 0
1983 2 0 0 0 0
1998 2 0 0 0 0
2004 0 0 0 0 0
2007 0 0 0 0 0
2022 2 0 0 0 0
2037 2 0 0 0 0
2052 2 0 0 0 0
2067 2 0 0 0 0
2082 0 0 0 0 0
2097 0 0 0 2 0
2112 0 0 0 0 0
2127 2 0 0 2 0
2142 0 0 2 0 0
2157 0 0 2 0 0
2172 0 0 2 0 0
2187 0 0 2 0 0
2202 0 0 0 0 0
2217 0 2 0 0 0
2232 0 2 2 0 0
2247 2 0 0 2 0
2262 0 0 0 0 0
2277 2 0 0 0 0
2292 2 0 0 0 0
2307 2 0 0 0 0
2322 2 0 0 0 0
2337 2 0 0 0 0
2352 2 0 0 0 0
2367 0 0 0 0 0
2382 0 2 0 0 0
2397 0 0 0 0 0
2412 0 0 0 0 0
2427 0 0 0 0 0
2442 0 0 0 0 0
2457 0 0 0 0 0
2472 0 0 0 0 0
2481 0 0 0 0 0
