21 0 0 0 2 0
33 0 0 0 2 0
45 0 0 0 2 0
55 0 0 0 2 0
58 0 0 2 0 0
73 0 0 2 0 0
88 0 0 2 0 0
103 0 0 2 0 0
118 0 0 2 0 0
132 0 2 2 0 0
135 0 2 2 0 0
150 2 0 0 2 0
165 2 0 0 0 0
180 2 0 0 0 0
195 2 0 0 2 0
210 2 0 0 2 0
219 0 2 2 0 0
222 0 2 2 0 0
237 0 0 2 0 0
252 0 0 2 0 0
267 0 0 2 0 0
282 0 0 2 0 0
292 0 0 2 0 0
295 0 0 2 0 0
310 0 0 2 0 0
325 0 0 2 0 0
340 0 0 2 0 0
355 0 0 2 0 0
370 0 0 2 0 0
385 0 2 2 0 0
400 0 2 2 0 0
403 2 0 2 0 0
418 2 0 0 0 0
433 0 0 0 0 0
448 0 0 0 0 0
464 0 0 0 0 0
467 0 0 0 0 0
482 0 0 0 0 0
497 0 0 0 0 0
512 0 0 0 0 0
526 0 0 0 0 0
529 0 0 0 0 0
544 0 0 0 0 0
559 0 0 0 0 0
574 0 0 0 2 0
589 0 0 0 2 0
604 0 0 0 2 0
619 0 0 2 0 0
622 0 0 2 0 0
637 0 0 2 0 0
652 0 0 2 0 0
667 0 0 2 0 0
682 0 0 2 0 0
687 0 0 2 0 0
690 0 0 2 0 0
705 0 0 2 0 0
720 0 0 0 0 0
735 0 0 2 0 0
750 0 0 2 0 0
765 0 0 2 0 0
780 0 0 2 0 0
795 0 2 2 0 0
810 2 0 0 2 0
818 2 0 0 2 0
821 2 0 0 2 0
836 0 0 0 0 0
851 2 0 0 0 0
866 2 0 0 0 0
873 2 0 0 0 0
876 0 0 0 0 0
891 2 0 0 0 0
906 0 0 0 0 0
921 2 0 0 0 0
928 0 0 0 0 0
931 0 0 0 0 0
946 0 0 0 0 0
961 0 0 0 2 0
976 0 0 0 2 0
991 0 0 2 0 0
1009 0 0 2 0 0
1012 0 0 2 0 0
1027 0 0 2 0 0
1042 0 0 2 0 0
1057 0 0 2 0 0
1072 0 0 2 0 0
1087 0 0 2 0 0
1102 0 0 2 0 0
1113 0 0 2 0 0
1116 0 0 2 0 0
1131 0 0 2 0 0
1146 0 0 2 0 0
1161 0 0 2 0 0
1176 0 0 2 0 0
1191 0 0 2 0 0
1206 0 2 2 0 0
1221 0 2 2 0 0
1236 0 2 2 0 0
1247 2 0 0 2 0
1250 0 0 0 2 0
1265 0 0 0 2 0
1280 0 0 0 0 0
1295 0 0 0 0 0
1310 0 0 0 0 0
1325 0 0 0 0 0
1334 0 0 0 0 0
1337 0 0 0 0 0
1349 0 0 0 0 0
1361 0 0 0 0 0
1371 0 0 0 0 0
1374 0 0 0 0 0
1389 0 0 0 0 0
1404 0 0 0 2 0
1419 0 2 2 0 0
1431 0 0 2 0 0
1434 0 0 2 0 0
1449 0 0 2 0 0
1464 0 0 2 0 0
1479 0 0 2 0 0
1494 0 0 2 0 0
1497 0 0 2 0 0
1512 0 0 2 0 0
1527 0 0 0 0 0
1542 0 0 2 0 0
1557 0 0 2 0 0
1572 0 0 2 0 0
1587 0 0 2 0 0
1602 0 2 2 0 0
1617 2 0 0 2 0
1623 2 0 0 2 0
1626 2 0 0 2 0
1641 2 0 0 0 0
1656 2 0 0 0 0
1671 0 0 0 0 0
1676 0 0 0 0 0
1679 0 0 0 0 0
1691 0 0 0 0 0
1703 0 0 0 0 0
1712 0 0 0 0 0
1715 0 0 0 0 0
1730 0 0 0 0 0
1745 0 0 0 0 0
1760 0 0 0 0 0
1777 0 0 0 0 0
