35 0 0 0 0 0
50 0 0 0 0 0
65 0 0 0 2 0
83 0 0 0 2 0
86 0 0 0 2 0
101 0 0 0 2 0
116 0 0 0 2 0
131 0 0 0 2 0
146 0 2 0 2 0
162 0 2 0 2 0
165 0 2 0 2 0
180 0 2 0 0 0
195 0 2 0 2 0
213 0 2 0 2 0
216 0 2 0 2 0
231 0 0 2 0 0
246 0 0 2 0 0
261 0 0 2 0 0
276 0 0 2 0 0
292 0 0 2 0 0
295 0 0 2 0 0
310 0 0 2 0 0
325 0 0 2 0 0
340 0 0 2 0 0
355 0 0 2 0 0
370 0 0 2 0 0
385 0 0 2 0 0
400 0 0 2 0 0
415 0 0 2 0 0
430 0 0 2 0 0
445 0 0 0 2 0
460 0 0 0 2 0
475 0 0 0 2 0
490 0 0 2 0 0
505 0 2 2 0 0
520 0 0 2 0 0
530 0 2 0 2 0
533 0 2 0 2 0
548 0 2 0 2 0
563 0 0 0 0 0
578 0 0 0 0 0
593 0 0 0 0 0
608 2 0 0 2 0
623 2 0 0 2 0
638 2 0 0 2 0
653 2 0 0 2 0
668 2 0 0 2 0
683 0 0 0 0 0
698 0 0 0 0 0
713 0 0 0 0 0
728 0 0 0 0 0
743 0 0 0 0 0
751 0 0 0 0 0
754 0 0 0 0 0
769 0 0 0 0 0
784 0 0 0 0 0
799 0 0 0 0 0
814 2 0 0 2 0
829 2 0 0 2 0
844 2 0 0 2 0
852 0 2 0 2 0
855 0 2 0 2 0
870 0 0 2 0 0
885 0 0 2 0 0
900 0 0 2 0 0
915 0 0 2 0 0
932 0 0 2 0 0
935 0 0 2 0 0
950 0 0 2 0 0
965 0 0 2 0 0
980 0 0 2 0 0
995 0 0 2 0 0
1010 0 0 2 0 0
1025 0 0 2 0 0
1040 0 0 2 0 0
1055 0 0 2 0 0
1070 0 0 2 0 0
1085 0 0 2 0 0
1100 0 0 0 2 0
1115 0 0 0 2 0
1130 0 0 2 0 0
1143 0 0 2 0 0
1146 0 2 2 0 0
1161 0 2 2 0 0
1176 0 2 0 2 0
1191 0 0 0 0 0
1206 0 0 0 0 0
1221 0 0 0 0 0
1236 0 0 0 0 0
1252 0 0 0 0 0
1255 0 0 0 0 0
1270 0 0 0 0 0
1285 2 0 0 0 0
1300 2 0 0 0 0
1315 2 0 0 2 0
1330 2 0 0 2 0
1345 2 0 0 2 0
1360 0 2 0 2 0
1367 0 2 0 2 0
1370 0 2 0 2 0
1385 0 0 0 2 0
1400 0 0 0 2 0
1415 0 0 2 0 0
1430 0 0 2 0 0
1445 0 0 2 0 0
1460 0 0 2 0 0
1473 0 0 2 0 0
1476 0 0 2 0 0
1491 0 0 2 0 0
1506 0 0 2 0 0
1521 0 0 2 0 0
1536 0 0 2 0 0
1551 0 0 2 0 0
1566 0 0 2 0 0
1581 0 0 2 0 0
1596 0 0 2 0 0
1611 0 0 0 2 0
1626 0 0 0 2 0
1641 0 0 0 2 0
1656 0 0 0 2 0
1671 0 2 0 2 0
1686 0 2 0 2 0
1699 0 2 2 0 0
1702 0 2 2 0 0
1717 0 0 0 2 0
1732 0 0 0 0 0
1747 0 0 0 0 0
1762 0 0 0 0 0
1777 0 0 0 0 0
1792 0 0 0 0 0
1799 0 0 0 0 0
1802 0 0 0 0 0
1817 0 0 0 0 0
1832 2 0 0 0 0
1847 2 0 0 0 0
1862 0 0 0 0 0
1877 0 0 0 0 0
1892 0 0 0 2 0
1907 0 0 0 0 0
1922 0 0 0 0 0
1937 0 0 0 2 0
1952 2 0 0 2 0
1967 0 0 0 2 0
1982 0 0 0 2 0
1993 0 0 0 2 0
1996 0 2 0 2 0
2011 0 0 2 0 0
2026 0 0 2 0 0
2041 0 0 2 0 0
2056 0 0 2 0 0
2071 0 0 2 0 0
2086 0 0 2 0 0
2101 0 0 2 0 0
2116 0 0 2 0 0
2131 0 0 2 0 0
2146 0 0 2 0 0
2161 0 0 2 0 0
2176 0 0 2 0 0
2191 0 0 2 0 0
2197 0 0 2 0 0
2200 0 0 2 0 0
2215 0 0 2 0 0
2230 0 0 2 0 0
2245 0 0 0 2 0
2260 0 0 2 0 0
2275 0 0 0 2 0
2290 0 0 2 0 0
2305 0 0 0 2 0
2320 0 0 0 2 0
2335 0 0 0 2 0
2350 0 0 0 2 0
2365 0 2 0 2 0
2380 0 2 0 2 0
2395 0 2 0 2 0
2410 0 2 0 2 0
2425 0 0 0 0 0
2440 0 0 0 0 0
2455 0 0 0 0 0
2470 0 0 0 0 0
2485 0 0 0 0 0
2496 0 0 0 0 0
2499 0 0 0 0 0
2514 2 0 0 0 0
2529 0 0 0 0 0
2544 2 0 0 2 0
2559 0 0 0 2 0
2574 0 0 0 2 0
2589 0 0 0 2 0
2604 0 0 0 2 0
2619 0 0 0 2 0
2634 0 0 0 2 0
2649 0 0 0 0 0
2664 0 0 0 2 0
2679 0 0 0 2 0
2694 0 0 0 2 0
2709 0 0 0 0 0
2724 0 2 0 0 0
2739 0 0 0 0 0
2754 2 0 0 0 0
2769 0 0 0 0 0
2784 0 0 0 0 0
2799 0 0 0 0 0
2814 0 0 0 0 0
2829 0 0 0 0 0
2836 0 0 0 0 0
