1 0 2 0 0 0
16 2 0 0 0 0
31 2 0 0 0 0
46 2 0 0 0 0
61 2 0 0 0 0
76 2 0 0 2 0
91 2 0 0 2 0
106 2 0 0 2 0
121 0 2 0 2 0
136 0 2 0 2 0
151 0 2 0 2 0
166 0 2 0 2 0
181 0 0 0 2 0
196 0 0 0 2 0
211 0 0 0 2 0
226 0 2 2 0 0
241 0 0 2 0 0
256 0 0 2 0 0
271 0 2 2 0 0
286 0 2 0 0 0
301 0 2 0 0 0
316 0 2 0 0 0
331 0 0 0 0 0
346 0 2 0 2 0
361 0 0 0 2 0
376 0 0 0 2 0
391 0 2 0 2 0
404 0 2 0 2 0
407 0 0 0 2 0
422 0 0 0 0 0
437 0 0 0 2 0
452 0 0 2 0 0
467 0 0 2 0 0
481 0 0 2 0 0
484 0 0 2 0 0
499 0 0 2 0 0
514 0 0 2 0 0
529 0 0 2 0 0
544 0 0 2 0 0
559 0 0 2 0 0
574 0 0 2 0 0
589 0 0 0 2 0
604 0 0 0 2 0
619 0 0 2 0 0
634 0 0 2 0 0
649 0 0 2 0 0
664 0 0 2 0 0
679 0 0 2 0 0
687 0 0 2 0 0
690 0 0 0 0 0
705 0 0 0 2 0
720 0 2 0 0 0
735 0 2 0 0 0
750 0 0 2 0 0
765 0 0 0 0 0
780 0 0 0 0 0
795 0 0 2 0 0
810 0 0 0 0 0
825 0 0 0 2 0
840 0 0 0 0 0
855 0 2 0 0 0
870 0 2 0 0 0
885 0 0 0 0 0
900 0 0 0 0 0
915 0 0 0 0 0
930 0 0 0 0 0
935 0 0 0 0 0
938 0 0 0 0 0
953 0 0 0 0 0
968 2 0 0 0 0
983 2 0 0 2 0
998 2 0 0 2 0
1013 2 0 0 0 0
1028 2 0 0 0 0
1043 0 0 0 2 0
1058 2 0 0 2 0
1070 0 2 0 2 0
1073 0 2 0 2 0
1085 0 0 0 2 0
1097 0 0 0 2 0
1107 0 0 2 0 0
1110 0 0 0 2 0
1125 0 0 2 0 0
1140 0 0 2 0 0
1155 0 0 2 0 0
1170 0 0 0 2 0
1185 0 0 0 2 0
1200 0 0 2 0 0
1215 0 0 2 0 0
1227 0 0 2 0 0
1230 0 0 0 0 0
1245 0 0 2 0 0
1260 0 0 2 0 0
1275 0 0 2 0 0
1290 0 0 2 0 0
1305 0 2 2 0 0
1320 0 2 2 0 0
1335 0 0 2 0 0
1350 0 2 2 0 0
1365 0 0 0 2 0
1380 0 2 0 2 0
1395 0 2 0 0 0
1410 0 2 0 0 0
1425 0 2 0 0 0
1440 0 2 0 0 0
1455 0 0 0 0 0
1470 0 0 0 0 0
1485 0 0 0 0 0
1500 0 0 0 0 0
1506 0 0 0 0 0
1509 0 0 0 0 0
1524 0 0 0 0 0
1539 0 0 0 0 0
1554 0 2 0 0 0
1569 0 2 0 0 0
1584 0 2 0 0 0
1599 0 2 0 2 0
1614 0 2 0 2 0
1629 0 2 0 2 0
1638 0 0 0 2 0
1641 0 0 0 2 0
1656 0 2 0 2 0
1671 0 0 2 0 0
1686 0 0 2 0 0
1701 0 0 2 0 0
1716 0 0 2 0 0
1723 0 0 0 0 0
1726 0 0 2 0 0
1741 0 0 2 0 0
1756 0 0 0 0 0
1771 0 0 2 0 0
1786 0 0 2 0 0
1801 0 0 2 0 0
1816 0 0 0 2 0
1831 0 0 0 2 0
1846 0 0 2 0 0
1861 0 0 2 0 0
1876 0 0 2 0 0
1891 0 2 2 0 0
1906 0 0 2 0 0
1921 0 0 2 0 0
1936 0 0 0 2 0
1951 0 0 2 0 0
1966 0 2 2 0 0
1981 0 2 2 0 0
1990 0 2 2 0 0
1993 0 2 2 0 0
2008 0 2 0 2 0
2023 0 2 0 2 0
2038 0 2 0 2 0
2053 0 2 0 2 0
2068 0 2 0 2 0
2083 0 2 0 2 0
2098 0 2 0 2 0
2113 0 2 0 2 0
2128 0 2 0 2 0
2143 0 2 0 2 0
2158 0 2 0 2 0
2172 0 2 0 2 0
2175 0 2 0 2 0
2190 0 0 0 2 0
2205 0 0 2 0 0
2220 0 0 2 0 0
2227 0 0 2 0 0
2230 0 0 0 0 0
2245 0 0 0 0 0
2260 0 0 0 0 0
2275 0 0 2 0 0
2290 0 0 2 0 0
2305 0 0 0 2 0
2320 0 0 0 2 0
2335 0 0 0 2 0
2350 0 0 0 2 0
2365 0 0 0 2 0
2380 0 0 0 2 0
2395 0 0 0 2 0
2410 0 0 0 2 0
2425 0 0 0 2 0
2440 0 0 0 2 0
2455 0 0 0 2 0
2470 0 0 0 2 0
2485 0 0 0 2 0
2500 0 0 0 2 0
2515 0 0 0 2 0
2530 0 0 0 2 0
2545 0 0 0 2 0
2560 0 0 0 2 0
2575 0 0 2 0 0
2590 0 0 0 2 0
2605 0 0 0 2 0
2620 0 0 0 2 0
2635 0 0 0 2 0
2650 0 0 0 2 0
2665 0 0 0 2 0
2680 0 0 2 0 0
2695 0 0 2 0 0
2703 0 0 2 0 0
2706 0 2 2 0 0
2721 0 0 0 2 0
2736 0 0 0 0 0
2751 0 0 0 0 0
2766 0 0 0 0 0
2781 0 0 0 0 0
2796 0 0 0 0 0
2811 0 0 0 0 0
2828 0 0 0 0 0
2831 0 0 0 0 0
2846 0 2 0 0 0
2861 0 2 0 0 0
2876 0 0 0 0 0
2891 0 2 0 0 0
2906 0 0 0 2 0
2921 0 0 0 0 0
2936 0 2 0 2 0
2951 0 0 0 2 0
2966 0 0 0 2 0
2981 0 0 0 2 0
2996 0 0 0 0 0
3011 0 0 0 2 0
3026 0 2 0 2 0
3041 0 0 0 2 0
3051 0 2 0 2 0
3054 0 0 0 0 0
3069 0 0 0 0 0
3084 0 0 0 0 0
3099 0 0 0 0 0
3114 0 0 0 0 0
3129 0 0 0 0 0
3144 0 0 0 0 0
3159 0 0 0 0 0
3174 0 0 0 0 0
3189 0 0 0 0 0
3204 0 2 0 0 0
3219 0 2 0 0 0
3234 0 0 0 0 0
3249 0 0 0 0 0
3264 0 0 0 0 0
3279 0 0 0 0 0
3294 0 0 0 0 0
3309 0 0 0 0 0
3324 0 0 0 0 0
3339 0 0 0 0 0
3354 0 0 0 0 0
3369 0 0 0 0 0
3384 0 0 0 0 0
3399 0 0 0 0 0
3414 0 0 0 0 0
3429 0 2 0 0 0
3444 0 0 0 0 0
3459 0 0 0 0 0
3474 0 0 0 0 0
3489 0 0 0 0 0
3504 0 0 0 0 0
3519 0 0 0 0 0
3534 0 0 0 0 0
3549 0 0 0 0 0
3564 0 0 0 0 0
3579 0 0 0 0 0
3594 0 0 0 0 0
3609 0 0 0 0 0
3624 0 0 0 0 0
3639 0 0 0 0 0
3654 0 0 0 0 0
3669 0 0 0 0 0
3684 0 0 0 0 0
3699 0 0 0 0 0
3714 0 0 0 0 0
3729 0 0 0 0 0
3744 0 0 0 0 0
3759 0 0 0 0 0
3774 0 0 0 2 0
3788 0 0 0 2 0
3791 0 0 0 2 0
3806 0 0 0 2 0
3821 0 0 2 0 0
3835 0 0 2 0 0
3838 0 0 0 0 0
3853 0 0 0 2 0
3868 0 2 0 2 0
3883 0 0 0 2 0
3898 0 2 0 2 0
3913 0 2 0 2 0
3928 0 2 0 2 0
3943 0 2 0 0 0
3958 0 2 0 0 0
3973 0 2 0 2 0
3988 0 2 0 2 0
4003 0 2 0 2 0
4018 0 2 0 2 0
4033 0 2 0 2 0
4048 0 2 0 0 0
4063 0 2 0 0 0
4078 0 2 0 2 0
4093 0 2 0 2 0
4108 0 0 0 0 0
4123 0 2 0 0 0
4138 0 0 0 2 0
4153 0 0 0 2 0
4168 0 0 0 2 0
4183 0 2 0 2 0
4198 0 0 0 2 0
4213 0 2 0 2 0
4228 0 2 0 2 0
4243 0 2 0 2 0
4258 0 2 0 0 0
4273 0 2 0 2 0
4288 0 2 0 2 0
4303 0 2 0 2 0
4318 0 2 0 2 0
4333 0 2 0 2 0
4348 0 2 0 0 0
4363 0 2 0 2 0
4378 0 2 0 2 0
4393 0 2 0 2 0
4408 0 2 0 2 0
4419 0 2 0 2 0
4422 0 2 0 2 0
4437 0 0 0 2 0
4452 0 0 0 2 0
4467 0 0 0 2 0
4482 0 0 0 2 0
4497 0 0 0 2 0
4512 0 0 0 2 0
4527 0 0 0 2 0
4532 0 0 0 2 0
4535 0 0 0 2 0
4550 0 0 0 2 0
4565 0 0 0 2 0
4580 0 0 0 2 0
4595 0 0 0 2 0
4610 0 0 0 2 0
4625 0 0 0 2 0
4640 0 0 0 2 0
4655 0 0 0 2 0
4670 0 0 0 2 0
4685 0 0 0 2 0
4700 0 0 0 2 0
4715 0 0 0 2 0
4730 0 0 0 2 0
4745 0 0 0 2 0
4760 0 0 0 2 0
4775 0 0 0 2 0
4790 0 0 0 2 0
4805 0 2 0 2 0
4818 0 2 0 2 0
4821 0 2 0 2 0
4836 0 2 0 2 0
4851 0 2 0 2 0
4866 2 0 0 0 0
4881 0 0 0 0 0
4896 0 0 0 0 0
4911 0 0 0 2 0
4926 0 2 0 0 0
4941 0 0 0 0 0
4956 0 0 0 0 0
4972 0 0 0 0 0
4975 0 0 0 0 0
4990 0 0 0 0 0
5005 0 0 0 0 0
5020 0 2 0 0 0
5035 0 2 0 0 0
5050 0 2 0 0 0
5065 0 0 0 0 0
5080 0 0 0 0 0
5095 0 0 0 0 0
5110 0 0 0 0 0
5125 0 0 0 0 0
5140 0 0 0 0 0
5158 0 0 0 0 0
