1 0 0 0 2 0
16 0 0 0 2 0
31 0 0 0 2 0
44 0 0 0 2 0
47 0 0 0 2 0
62 0 0 0 2 0
77 0 0 0 2 0
92 0 0 0 2 0
101 0 0 2 0 0
104 0 0 2 0 0
116 0 0 2 0 0
126 0 0 0 2 0
129 0 0 2 0 0
144 0 0 0 2 0
159 0 0 2 0 0
174 0 0 2 0 0
189 0 0 0 0 0
204 0 0 0 0 0
219 0 0 2 0 0
234 0 0 0 0 0
249 0 0 2 0 0
264 0 0 2 0 0
279 0 0 2 0 0
294 0 0 0 0 0
309 0 0 0 0 0
324 0 0 0 0 0
339 0 0 2 0 0
354 0 0 0 0 0
369 0 0 2 0 0
384 0 0 2 0 0
399 0 0 0 0 0
414 0 0 0 2 0
429 0 0 0 0 0
444 0 0 0 0 0
459 0 0 0 0 0
474 0 0 0 2 0
489 0 0 0 0 0
504 0 0 0 0 0
519 0 0 0 2 0
534 0 0 0 2 0
549 0 0 0 2 0
564 0 2 0 2 0
579 0 2 0 2 0
594 0 2 0 2 0
609 0 2 0 2 0
624 0 0 0 2 0
639 0 0 0 2 0
654 0 2 0 2 0
669 0 2 0 2 0
684 0 0 0 2 0
694 0 2 0 2 0
697 0 2 0 0 0
712 0 2 0 0 0
727 2 0 0 0 0
742 2 0 0 0 0
757 2 0 0 0 0
772 2 0 0 0 0
787 0 0 0 0 0
802 0 0 0 0 0
817 0 0 0 0 0
832 0 0 0 0 0
847 0 0 0 0 0
862 0 0 0 0 0
874 0 0 0 0 0
877 0 0 0 0 0
892 0 0 0 0 0
907 0 0 0 0 0
922 0 0 0 0 0
937 0 0 0 0 0
952 2 0 0 0 0
967 2 0 0 2 0
982 2 0 0 2 0
997 0 2 0 2 0
1013 0 2 0 2 0
1016 0 2 0 2 0
1031 0 2 0 0 0
1046 0 0 0 2 0
1061 0 0 0 0 0
1076 0 0 0 0 0
1091 0 0 0 0 0
1106 0 0 0 0 0
1121 0 0 0 0 0
1136 0 0 0 0 0
1151 0 0 0 0 0
1166 0 0 0 0 0
1181 0 0 0 0 0
1196 0 0 0 2 0
1211 0 0 0 2 0
1226 0 0 0 0 0
1241 0 0 0 0 0
1256 0 0 0 2 0
1271 0 0 0 2 0
1286 0 0 0 2 0
1301 0 0 0 2 0
1316 0 0 0 2 0
1331 0 0 0 2 0
1346 0 2 0 2 0
1361 0 2 0 2 0
1376 0 2 0 2 0
1391 0 2 0 2 0
1406 0 2 0 2 0
1415 0 2 0 0 0
1418 0 2 0 2 0
1433 2 0 0 0 0
1448 2 0 0 0 0
1463 2 0 0 0 0
1478 2 0 0 0 0
1493 0 0 0 0 0
1508 2 0 0 0 0
1523 0 0 0 0 0
1538 0 0 0 0 0
1553 0 0 0 0 0
1568 0 0 0 0 0
1583 0 0 0 0 0
1601 0 0 0 0 0
1604 0 0 0 0 0
1619 0 0 0 0 0
1634 0 0 0 0 0
1649 0 0 0 0 0
1664 2 0 0 0 0
1679 2 0 0 0 0
1694 2 0 0 2 0
1709 0 2 0 2 0
1720 0 2 0 2 0
1723 0 2 2 0 0
1738 0 0 2 0 0
1753 0 0 2 0 0
1768 0 0 0 0 0
1783 0 0 0 0 0
1797 0 0 0 0 0
1800 0 0 0 0 0
1815 0 0 0 0 0
1830 0 0 0 0 0
1845 0 0 0 0 0
1860 0 0 2 0 0
1875 0 0 0 2 0
1890 0 0 0 2 0
1905 0 0 0 2 0
1920 0 0 0 2 0
1935 0 0 0 2 0
1950 0 0 0 2 0
1965 0 2 2 0 0
1980 0 2 2 0 0
1995 2 0 0 2 0
2010 0 2 2 0 0
2025 0 2 2 0 0
2040 0 0 2 0 0
2055 0 0 2 0 0
2070 0 2 2 0 0
2085 0 2 2 0 0
2100 0 2 2 0 0
2115 0 2 2 0 0
2130 0 2 2 0 0
2145 2 0 0 2 0
2160 0 2 0 0 0
2175 0 0 0 2 0
2184 0 2 0 2 0
2187 0 0 0 2 0
2202 0 2 0 2 0
2217 2 0 0 2 0
2232 2 0 0 0 0
2247 2 0 0 0 0
2262 0 0 0 0 0
2277 0 0 0 0 0
2292 0 0 0 0 0
2307 0 0 0 0 0
2324 0 0 0 0 0
2327 0 0 0 0 0
2342 0 0 0 0 0
2357 0 0 0 0 0
2372 2 0 0 0 0
2387 2 0 0 0 0
2402 0 2 0 2 0
2417 0 2 0 2 0
2427 0 2 0 2 0
2430 0 2 0 2 0
2445 0 0 0 0 0
2460 0 0 0 0 0
2475 0 0 0 0 0
2490 0 0 0 0 0
2505 0 0 0 0 0
2520 0 0 0 2 0
2535 0 0 0 2 0
2550 0 2 0 2 0
2562 0 2 2 0 0
2565 0 0 0 2 0
2580 0 0 0 2 0
2595 0 0 0 2 0
2610 0 0 0 0 0
2625 0 0 0 2 0
2640 0 0 0 2 0
2655 0 0 2 0 0
2670 0 0 0 2 0
2685 0 0 0 2 0
2700 0 0 2 0 0
2715 0 0 0 2 0
2730 0 0 0 2 0
2745 0 0 0 2 0
2760 0 0 0 2 0
2775 0 0 0 2 0
2790 0 0 0 2 0
2805 0 0 0 2 0
2820 0 0 0 2 0
2835 0 0 0 2 0
2850 0 2 0 2 0
2858 2 0 0 2 0
2861 2 0 2 0 0
2876 0 2 2 0 0
2891 0 2 2 0 0
2906 0 2 2 0 0
2921 0 2 2 0 0
2936 0 0 0 2 0
2951 0 2 0 0 0
2966 2 0 0 0 0
2981 2 0 0 0 0
2996 0 0 0 0 0
3011 0 0 0 0 0
3026 0 0 0 0 0
3041 0 0 0 0 0
3056 0 0 0 0 0
3067 0 0 0 0 0
3070 0 0 0 0 0
3085 0 0 0 0 0
3100 0 0 0 0 0
3115 2 0 0 0 0
3130 2 0 0 0 0
3145 2 0 0 0 0
3160 0 2 0 0 0
3175 0 0 0 0 0
3190 0 0 0 0 0
3205 0 0 0 0 0
3220 0 0 0 0 0
3235 0 0 0 0 0
3250 0 0 0 0 0
3255 0 0 0 0 0
