1 0 0 0 0 0
16 0 0 0 2 0
31 0 0 0 2 0
46 0 0 0 0 0
61 0 0 0 2 0
76 0 0 0 2 0
88 0 0 0 2 0
91 0 0 0 2 0
106 0 0 0 2 0
121 0 0 0 2 0
136 0 0 0 2 0
151 0 0 0 2 0
166 0 0 0 2 0
181 0 0 0 2 0
196 0 0 0 2 0
211 0 2 0 2 0
226 0 0 0 2 0
243 0 2 0 0 0
246 0 2 0 2 0
261 0 0 0 2 0
276 2 0 0 0 0
291 0 0 0 0 0
306 0 0 0 0 0
321 2 0 0 0 0
336 2 0 0 2 0
351 2 0 0 2 0
366 2 0 0 2 0
381 2 0 0 2 0
396 2 0 0 2 0
411 2 0 0 2 0
426 0 2 0 2 0
432 0 2 0 2 0
435 0 2 0 2 0
450 0 0 2 0 0
465 0 0 2 0 0
480 0 0 2 0 0
495 0 0 2 0 0
510 0 0 2 0 0
525 0 0 2 0 0
540 0 0 2 0 0
550 0 0 0 0 0
553 0 0 2 0 0
568 0 0 2 0 0
583 0 0 2 0 0
598 0 0 2 0 0
613 0 0 2 0 0
628 0 0 2 0 0
643 0 0 2 0 0
658 0 0 2 0 0
673 0 0 2 0 0
688 0 0 2 0 0
703 0 0 2 0 0
718 0 0 0 2 0
733 0 0 2 0 0
748 0 0 2 0 0
763 0 0 2 0 0
778 0 0 0 2 0
793 0 2 2 0 0
808 0 2 2 0 0
823 0 2 2 0 0
838 2 0 2 0 0
853 0 2 2 0 0
868 0 0 2 0 0
883 0 2 2 0 0
898 0 0 0 2 0
906 0 2 0 2 0
909 0 2 0 2 0
924 0 0 0 0 0
939 0 0 0 0 0
954 0 0 0 0 0
969 0 0 0 0 0
984 0 0 0 0 0
999 0 0 0 0 0
1014 0 0 0 0 0
1029 0 0 0 0 0
1044 0 0 0 0 0
1059 0 0 0 0 0
1074 0 0 0 0 0
1089 0 0 0 0 0
1104 0 0 0 0 0
1111 0 0 0 0 0
1114 0 0 0 0 0
1129 0 0 0 0 0
1144 0 0 0 0 0
1160 0 0 0 0 0
1163 0 0 0 0 0
1178 0 0 0 0 0
1193 0 0 0 0 0
1208 0 0 0 0 0
1223 0 0 0 0 0
1238 0 0 0 0 0
1253 0 0 0 2 0
1268 0 0 0 2 0
1283 0 0 0 2 0
1298 0 0 0 2 0
1313 0 0 0 2 0
1328 0 0 0 2 0
1345 0 0 0 2 0
1348 0 0 0 2 0
1363 0 0 2 0 0
1378 0 0 2 0 0
1393 0 0 2 0 0
1408 0 0 2 0 0
1423 0 0 2 0 0
1438 0 0 2 0 0
1453 0 0 2 0 0
1468 0 0 2 0 0
1483 0 0 2 0 0
1490 0 0 2 0 0
1493 0 0 2 0 0
1508 0 0 2 0 0
1523 0 0 2 0 0
1538 0 0 2 0 0
1553 0 0 2 0 0
1568 0 0 2 0 0
1583 0 0 2 0 0
1598 0 0 2 0 0
1613 0 0 2 0 0
1628 0 0 2 0 0
1643 0 0 2 0 0
1658 0 0 2 0 0
1673 0 2 2 0 0
1688 0 2 2 0 0
1706 0 2 0 2 0
1709 0 0 0 2 0
1724 2 0 0 0 0
1739 0 0 0 0 0
1754 0 0 0 0 0
1769 0 0 0 0 0
1784 0 0 0 0 0
1799 0 0 0 0 0
1814 0 0 0 0 0
1829 0 0 0 0 0
1844 0 0 0 0 0
1859 0 0 0 0 0
1871 0 0 0 0 0
1874 0 0 0 0 0
1889 0 0 0 0 0
1904 2 0 0 0 0
1919 2 0 0 0 0
1934 2 0 0 0 0
1949 2 0 0 2 0
1964 2 0 0 2 0
1979 0 2 0 2 0
1989 0 2 2 0 0
1992 0 2 2 0 0
2007 0 0 2 0 0
2022 0 0 2 0 0
2037 0 0 2 0 0
2052 0 0 2 0 0
2067 0 0 2 0 0
2082 0 0 2 0 0
2088 0 0 2 0 0
2091 0 0 2 0 0
2106 0 0 2 0 0
2121 0 0 2 0 0
2136 0 0 2 0 0
2151 0 0 2 0 0
2166 0 0 2 0 0
2181 0 0 2 0 0
2196 0 0 2 0 0
2211 0 0 2 0 0
2226 0 0 2 0 0
2241 0 0 2 0 0
2256 0 0 2 0 0
2271 0 0 2 0 0
2286 0 0 2 0 0
2301 0 0 2 0 0
2316 0 0 2 0 0
2331 0 0 2 0 0
2346 0 0 2 0 0
2361 0 0 2 0 0
2376 0 0 2 0 0
2391 0 0 2 0 0
2406 0 2 2 0 0
2421 0 0 0 2 0
2430 0 0 0 2 0
2433 0 2 0 2 0
2448 0 0 0 0 0
2463 0 0 0 0 0
2478 0 0 0 0 0
2493 0 0 0 0 0
2508 0 0 0 0 0
2523 0 0 0 0 0
2538 0 0 0 0 0
2547 0 0 0 0 0
2550 0 0 0 0 0
2565 2 0 0 0 0
2580 0 0 0 0 0
2595 0 0 0 0 0
2610 0 0 0 2 0
2625 0 0 0 0 0
2640 0 0 0 2 0
2655 2 0 0 2 0
2670 0 2 0 2 0
2680 0 0 0 2 0
2683 0 0 0 2 0
2698 0 0 2 0 0
2713 0 0 2 0 0
2728 0 2 2 0 0
2743 0 0 2 0 0
2758 0 0 2 0 0
2773 0 0 2 0 0
2788 0 0 2 0 0
2805 0 0 2 0 0
2808 0 0 2 0 0
2823 0 0 2 0 0
2838 0 0 2 0 0
2853 0 0 2 0 0
2868 0 0 2 0 0
2883 0 0 2 0 0
2898 0 0 2 0 0
2913 0 0 2 0 0
2928 0 0 2 0 0
2943 0 2 2 0 0
2958 0 0 2 0 0
2973 0 2 2 0 0
2988 0 2 2 0 0
3006 0 2 2 0 0
3009 0 2 0 2 0
3024 0 2 0 2 0
3039 2 0 0 2 0
3054 2 0 0 0 0
3069 0 0 0 0 0
3084 0 0 0 0 0
3099 0 0 0 0 0
3114 0 0 0 0 0
3129 0 0 0 0 0
3147 0 0 0 0 0
3150 0 0 0 0 0
3165 0 0 0 0 0
3180 0 0 0 0 0
3195 0 0 0 0 0
3210 0 0 0 0 0
3225 0 0 0 0 0
3240 0 0 0 0 0
3255 0 0 0 0 0
3270 0 0 0 0 0
3285 0 0 0 0 0
3300 0 0 0 0 0
3318 0 0 0 0 0
