80 0 0 0 0 0
95 0 0 0 2 0
110 0 0 0 0 0
125 0 0 0 0 0
140 0 0 0 0 0
155 0 0 0 2 0
170 0 0 0 0 0
185 0 0 0 0 0
200 0 0 0 0 0
217 0 0 0 2 0
220 0 0 0 2 0
235 0 0 2 0 0
250 0 0 2 0 0
265 0 0 2 0 0
280 0 0 2 0 0
295 0 0 2 0 0
310 0 0 2 0 0
325 0 0 2 0 0
340 0 0 2 0 0
355 0 0 2 0 0
368 0 2 2 0 0
371 0 2 2 0 0
386 0 2 2 0 0
401 0 0 2 0 0
416 0 2 2 0 0
431 0 2 2 0 0
446 0 2 2 0 0
461 2 0 2 0 0
476 2 0 0 2 0
491 2 0 0 0 0
506 2 0 0 0 0
521 2 0 0 0 0
536 2 0 0 0 0
551 2 0 0 2 0
566 2 0 0 2 0
581 0 2 2 0 0
588 0 2 2 0 0
591 0 2 0 0 0
606 0 0 2 0 0
621 0 0 0 0 0
636 0 0 0 0 0
651 0 0 0 0 0
658 0 0 0 0 0
661 0 0 0 0 0
676 0 0 0 0 0
691 0 0 0 0 0
706 0 0 0 0 0
721 0 0 2 0 0
736 0 0 2 0 0
751 0 0 2 0 0
766 0 0 2 0 0
781 0 0 2 0 0
796 0 0 2 0 0
811 0 0 2 0 0
826 0 0 2 0 0
841 0 0 2 0 0
856 0 0 2 0 0
871 0 0 0 0 0
886 0 0 2 0 0
901 0 0 2 0 0
916 0 0 2 0 0
931 0 0 2 0 0
946 0 0 2 0 0
952 0 0 2 0 0
955 0 0 2 0 0
970 0 0 2 0 0
985 0 0 2 0 0
1000 0 2 2 0 0
1015 0 2 2 0 0
1030 0 2 2 0 0
1045 2 0 2 0 0
1060 2 0 0 2 0
1075 2 0 0 2 0
1090 0 2 2 0 0
1095 0 2 2 0 0
1098 0 2 2 0 0
1110 0 0 2 0 0
1122 0 0 2 0 0
1125 0 0 2 0 0
1140 0 0 2 0 0
1155 0 0 2 0 0
1170 0 0 2 0 0
1185 0 0 2 0 0
1200 0 0 2 0 0
1215 0 0 2 0 0
1230 0 0 2 0 0
1245 0 0 2 0 0
1260 0 0 2 0 0
1275 0 0 2 0 0
1290 0 0 2 0 0
1305 0 0 2 0 0
1320 0 0 2 0 0
1335 0 0 2 0 0
1350 0 0 2 0 0
1365 0 0 2 0 0
1380 0 0 2 0 0
1399 0 0 2 0 0
1402 0 0 2 0 0
1417 0 0 2 0 0
1432 0 0 2 0 0
1437 0 0 2 0 0
1440 0 0 2 0 0
1455 0 2 2 0 0
1470 0 2 2 0 0
1485 0 2 2 0 0
1500 0 2 2 0 0
1515 0 2 2 0 0
1530 0 2 2 0 0
1545 2 0 0 2 0
1560 2 0 0 2 0
1575 2 0 0 0 0
1590 2 0 0 2 0
1605 2 0 0 0 0
1620 2 0 0 2 0
1635 2 0 0 2 0
1650 2 0 0 2 0
1665 2 0 0 0 0
1680 2 0 0 2 0
1696 0 2 2 0 0
1699 0 0 2 0 0
1714 0 0 0 0 0
1729 0 0 2 0 0
1744 0 0 0 0 0
1759 0 0 0 0 0
1774 0 0 0 0 0
1781 0 0 0 0 0
1784 0 0 0 0 0
1799 0 0 0 0 0
1814 0 0 2 0 0
1829 0 0 2 0 0
1844 0 0 2 0 0
1859 0 0 2 0 0
1874 0 0 2 0 0
1889 0 0 2 0 0
1904 0 0 2 0 0
1919 0 0 2 0 0
1934 0 0 2 0 0
1949 0 0 2 0 0
1964 0 0 2 0 0
1979 0 0 2 0 0
1994 0 0 2 0 0
2009 0 0 2 0 0
2024 0 0 2 0 0
2039 0 0 2 0 0
2054 0 0 2 0 0
2069 0 0 2 0 0
2084 0 0 2 0 0
2099 0 0 2 0 0
2114 0 0 2 0 0
2129 0 0 2 0 0
2144 0 0 2 0 0
2159 0 0 2 0 0
2174 0 2 2 0 0
2189 0 2 2 0 0
2204 0 0 2 0 0
2219 0 0 2 0 0
2234 0 2 2 0 0
2249 2 0 2 0 0
2264 2 0 0 2 0
2283 2 0 0 0 0
2286 2 0 0 0 0
2301 0 0 0 0 0
2316 2 0 0 0 0
2331 0 0 0 0 0
2346 2 0 0 0 0
2361 2 0 0 0 0
2376 0 0 0 0 0
2391 2 0 0 0 0
2406 0 0 0 0 0
2421 0 0 0 0 0
2436 0 0 0 0 0
2451 0 0 0 0 0
2466 0 0 0 0 0
2481 0 0 0 0 0
2493 0 0 0 0 0
2496 0 0 0 0 0
2511 0 0 0 0 0
2526 0 0 0 0 0
2541 0 0 0 0 0
2556 0 0 0 0 0
2571 0 0 0 0 0
2586 0 0 0 0 0
2601 0 0 0 0 0
2616 0 0 0 2 0
2631 0 0 0 2 0
2646 2 0 0 2 0
2661 2 0 0 2 0
2677 0 2 2 0 0
2680 0 0 0 0 0
2695 0 0 2 0 0
2710 0 0 2 0 0
2725 0 0 2 0 0
2740 0 0 2 0 0
2748 0 0 2 0 0
2751 0 0 2 0 0
2766 0 0 2 0 0
2781 0 0 2 0 0
2796 0 0 2 0 0
2811 0 0 2 0 0
2826 0 0 2 0 0
2841 0 0 2 0 0
2856 0 0 2 0 0
2871 0 0 2 0 0
2886 0 0 2 0 0
2901 0 0 2 0 0
2916 0 0 2 0 0
2931 0 0 2 0 0
2946 0 2 2 0 0
2961 0 2 2 0 0
2974 0 2 2 0 0
2977 0 2 0 0 0
2992 2 0 0 2 0
3007 2 0 0 0 0
3022 2 0 0 0 0
3037 2 0 0 0 0
3052 2 0 0 0 0
3067 0 0 0 0 0
3082 0 0 0 0 0
3097 0 0 0 0 0
3112 0 0 0 0 0
3127 0 0 0 0 0
3142 0 0 0 0 0
3153 0 0 0 0 0
3156 0 0 0 0 0
3171 0 0 0 0 0
3186 0 0 0 0 0
3201 2 0 0 0 0
3216 2 0 0 0 0
3231 2 0 0 0 0
3246 2 0 0 0 0
3261 2 0 0 0 0
3276 2 0 0 2 0
3291 2 0 0 2 0
3306 0 2 0 0 0
3309 0 2 0 0 0
3324 0 0 2 0 0
3339 0 0 0 0 0
3354 0 0 2 0 0
3369 0 0 0 0 0
3384 0 0 0 0 0
3399 0 0 0 0 0
3414 0 0 0 0 0
3429 0 0 0 0 0
3444 0 0 0 0 0
3459 0 0 2 0 0
3474 0 0 2 0 0
3489 0 0 0 0 0
3504 0 0 0 0 0
3519 0 0 0 0 0
3534 0 0 0 0 0
3549 0 0 0 0 0
3564 0 0 0 0 0
3579 0 0 0 0 0
3594 0 0 2 0 0
3609 0 0 0 0 0
3624 0 0 0 0 0
3639 0 0 0 0 0
3657 0 0 0 0 0
3660 0 0 0 0 0
3675 0 0 0 0 0
3690 0 0 0 0 0
3705 0 0 0 0 0
3720 0 0 0 0 0
3735 0 0 0 0 0
3750 0 0 2 0 0
3765 0 0 2 0 0
3780 0 0 2 0 0
3795 0 0 2 0 0
3810 0 0 2 0 0
3825 0 0 2 0 0
3840 0 0 2 0 0
3855 0 0 2 0 0
3870 0 0 2 0 0
3885 0 0 2 0 0
3900 0 0 2 0 0
3915 0 0 2 0 0
3930 0 0 2 0 0
3945 0 0 2 0 0
3960 0 0 2 0 0
3975 0 0 2 0 0
3990 0 0 2 0 0
4009 0 0 2 0 0
4012 0 0 2 0 0
4027 0 0 2 0 0
4042 0 0 2 0 0
4057 0 0 2 0 0
4072 0 2 2 0 0
4087 0 0 2 0 0
4102 0 2 2 0 0
4117 0 0 2 0 0
4132 0 2 2 0 0
4147 0 2 2 0 0
4162 0 0 2 0 0
4177 0 0 2 0 0
4192 2 0 2 0 0
4207 2 0 0 2 0
4222 2 0 0 2 0
4237 2 0 0 0 0
4252 2 0 0 2 0
4267 2 0 0 2 0
4282 2 0 0 2 0
4297 0 0 2 0 0
4312 0 2 2 0 0
4319 0 0 2 0 0
4322 0 0 2 0 0
4337 0 0 2 0 0
4352 0 0 0 0 0
4367 0 0 0 0 0
4372 0 0 0 0 0
4375 0 0 0 0 0
4390 0 0 0 0 0
4405 0 0 0 0 0
4420 0 0 0 0 0
4435 0 0 0 0 0
4450 0 0 2 0 0
4465 0 0 2 0 0
4480 0 0 2 0 0
4495 0 0 2 0 0
4510 0 0 2 0 0
4525 0 0 2 0 0
4540 0 0 2 0 0
4555 0 0 2 0 0
4570 0 0 2 0 0
4585 0 0 2 0 0
4600 0 0 2 0 0
4615 0 0 2 0 0
4630 0 0 2 0 0
4645 0 0 2 0 0
4660 0 2 2 0 0
4675 0 2 2 0 0
4690 2 0 2 0 0
4702 2 0 0 2 0
4705 2 0 0 0 0
4720 2 0 0 2 0
4735 0 0 0 0 0
4750 0 0 0 0 0
4765 0 0 0 0 0
4780 0 0 0 0 0
4795 0 0 0 0 0
4810 0 0 0 0 0
4825 0 0 0 0 0
4844 0 0 0 0 0
4847 0 0 0 0 0
4862 2 0 0 0 0
4877 0 0 0 0 0
4892 2 0 0 0 0
4907 2 0 0 0 0
4922 2 0 0 0 0
4937 2 0 0 2 0
4952 0 0 0 0 0
4967 2 0 2 0 0
4981 0 2 2 0 0
4984 0 0 2 0 0
4999 0 0 2 0 0
5014 0 0 2 0 0
5029 0 0 0 0 0
5044 0 0 0 0 0
5057 0 0 0 0 0
5060 0 0 0 0 0
5075 0 0 0 0 0
5090 0 0 0 0 0
5105 0 0 0 0 0
5120 0 0 2 0 0
5135 0 0 2 0 0
5150 0 0 2 0 0
5165 0 0 2 0 0
5180 0 0 2 0 0
5195 0 0 2 0 0
5210 0 0 0 0 0
5225 0 0 2 0 0
5240 0 0 2 0 0
5255 0 0 2 0 0
5270 0 0 2 0 0
5285 0 0 2 0 0
5300 0 0 2 0 0
5315 0 2 2 0 0
5330 2 0 0 2 0
5345 2 0 0 0 0
5352 2 0 0 0 0
5355 2 0 0 0 0
5370 0 0 0 0 0
5385 0 0 0 0 0
5400 0 0 0 0 0
5415 0 0 0 0 0
5430 0 0 0 0 0
5445 0 0 0 0 0
5448 0 0 0 0 0
5463 0 0 0 0 0
5478 0 0 0 0 0
5493 0 2 0 0 0
5508 0 2 0 0 0
5523 0 0 0 0 0
5538 0 0 0 0 0
5553 0 0 0 0 0
5568 0 0 0 0 0
5583 0 0 0 0 0
5598 0 0 0 0 0
5613 0 0 0 0 0
5628 0 0 0 0 0
5633 0 0 0 0 0
