73 0 0 0 2 0
88 0 0 0 0 0
103 0 0 0 0 0
118 0 0 0 2 0
133 0 0 0 2 0
149 0 0 0 2 0
152 0 0 0 2 0
167 0 0 0 2 0
182 0 0 0 2 0
197 0 0 2 0 0
212 0 0 0 2 0
227 0 0 0 0 0
239 0 0 2 0 0
242 0 0 0 0 0
257 0 2 2 0 0
272 0 0 2 0 0
287 0 2 2 0 0
302 0 2 2 0 0
317 0 2 0 2 0
332 0 2 0 2 0
347 0 2 0 2 0
362 0 2 0 0 0
377 2 0 0 0 0
392 2 0 0 0 0
407 2 0 0 0 0
422 2 0 0 2 0
437 2 0 0 0 0
452 2 0 0 2 0
467 2 0 0 0 0
482 2 0 0 2 0
497 2 0 0 2 0
516 0 2 0 2 0
519 0 2 0 2 0
534 0 2 0 2 0
549 0 0 2 0 0
564 0 0 2 0 0
579 0 0 2 0 0
594 0 0 2 0 0
609 0 0 2 0 0
624 0 0 2 0 0
639 0 0 2 0 0
656 0 0 2 0 0
659 0 0 2 0 0
674 0 0 2 0 0
689 0 0 2 0 0
704 0 0 2 0 0
719 0 0 2 0 0
734 0 0 2 0 0
749 0 0 2 0 0
764 0 0 2 0 0
779 0 0 2 0 0
794 0 0 2 0 0
809 0 0 2 0 0
824 0 0 0 0 0
839 0 0 2 0 0
854 0 0 2 0 0
869 0 0 2 0 0
884 0 0 2 0 0
899 0 0 2 0 0
914 0 0 2 0 0
929 0 0 2 0 0
944 0 0 2 0 0
959 0 0 2 0 0
974 0 0 2 0 0
989 0 0 2 0 0
1004 0 0 2 0 0
1019 0 0 2 0 0
1034 0 0 2 0 0
1049 0 0 2 0 0
1064 0 0 2 0 0
1079 0 0 2 0 0
1094 0 0 2 0 0
1109 0 0 2 0 0
1124 0 0 2 0 0
1139 0 0 2 0 0
1154 0 2 2 0 0
1169 0 2 2 0 0
1184 0 2 2 0 0
1196 0 2 0 2 0
1199 0 2 0 2 0
1214 0 2 0 0 0
1229 0 2 0 0 0
1244 0 0 0 0 0
1259 2 0 0 0 0
1274 2 0 0 0 0
1289 2 0 0 0 0
1304 0 0 0 0 0
1319 0 0 0 0 0
1334 0 0 0 0 0
1349 0 0 0 0 0
1362 0 0 0 0 0
1365 0 0 0 0 0
1380 0 0 0 0 0
1395 2 0 0 0 0
1410 2 0 0 0 0
1425 2 0 0 0 0
1440 2 0 0 0 0
1455 2 0 0 2 0
1470 2 0 0 2 0
1484 0 2 0 2 0
1487 0 0 0 2 0
1502 0 2 2 0 0
1517 0 0 2 0 0
1532 0 0 2 0 0
1547 0 0 2 0 0
1562 0 0 2 0 0
1577 0 0 2 0 0
1592 0 0 2 0 0
1607 0 0 2 0 0
1622 0 0 2 0 0
1637 0 0 2 0 0
1652 0 0 2 0 0
1667 0 0 2 0 0
1682 0 0 2 0 0
1693 0 0 2 0 0
1696 0 0 2 0 0
1711 0 0 2 0 0
1726 0 0 2 0 0
1741 0 0 0 0 0
1756 0 0 0 0 0
1771 0 0 2 0 0
1786 0 0 2 0 0
1801 0 0 2 0 0
1816 0 0 2 0 0
1831 0 0 2 0 0
1846 0 0 2 0 0
1861 0 0 2 0 0
1876 0 0 2 0 0
1891 0 0 2 0 0
1906 0 0 2 0 0
1921 0 0 2 0 0
1936 0 2 2 0 0
1951 0 2 2 0 0
1966 0 2 2 0 0
1977 0 2 0 2 0
1980 0 2 0 2 0
1995 2 0 0 0 0
2010 0 2 0 0 0
2025 2 0 0 0 0
2040 2 0 0 0 0
2055 2 0 0 0 0
2070 0 0 0 0 0
2085 0 0 0 0 0
2100 0 0 0 0 0
2115 0 0 0 0 0
2130 0 0 0 0 0
2145 0 0 0 0 0
2160 0 0 0 0 0
2175 0 0 0 0 0
2186 0 0 0 0 0
2189 0 0 0 0 0
2204 0 0 0 0 0
2219 2 0 0 0 0
2234 2 0 0 0 0
2249 2 0 0 2 0
2264 2 0 0 0 0
2279 2 0 0 2 0
2294 0 2 0 2 0
2310 0 2 0 2 0
2313 0 2 0 2 0
2328 0 2 0 2 0
2343 0 0 2 0 0
2358 0 0 2 0 0
2373 0 0 2 0 0
2388 2 0 2 0 0
2403 0 0 2 0 0
2418 0 0 2 0 0
2433 0 0 2 0 0
2448 0 0 2 0 0
2463 0 0 2 0 0
2478 0 0 2 0 0
2493 0 0 2 0 0
2508 0 0 2 0 0
2521 0 0 2 0 0
2524 0 0 0 0 0
2539 0 0 0 0 0
2554 0 0 0 0 0
2569 0 0 0 0 0
2584 0 0 2 0 0
2599 0 0 2 0 0
2614 0 0 2 0 0
2629 0 0 2 0 0
2644 0 0 2 0 0
2659 0 0 2 0 0
2674 0 0 2 0 0
2689 0 0 2 0 0
2704 0 0 2 0 0
2719 0 0 2 0 0
2734 0 0 2 0 0
2749 0 0 2 0 0
2764 0 0 2 0 0
2779 0 2 2 0 0
2794 0 0 2 0 0
2809 0 2 2 0 0
2824 0 2 2 0 0
2833 0 2 0 2 0
2836 0 2 0 2 0
2851 0 2 0 0 0
2866 2 0 0 0 0
2881 2 0 0 0 0
2896 0 0 0 0 0
2911 0 0 0 0 0
2926 0 0 0 0 0
2941 0 0 0 0 0
2956 0 0 0 0 0
2975 0 0 0 0 0
2978 0 0 0 0 0
2993 0 0 0 0 0
3008 2 0 0 0 0
3023 2 0 0 0 0
3038 2 0 0 0 0
3053 2 0 0 2 0
3068 0 2 0 2 0
3075 0 2 2 0 0
3078 0 2 2 0 0
3093 0 0 2 0 0
3108 0 0 2 0 0
3123 0 0 2 0 0
3138 0 0 2 0 0
3153 0 0 2 0 0
3168 0 0 2 0 0
3183 0 0 2 0 0
3198 0 0 2 0 0
3213 0 0 2 0 0
3232 0 0 2 0 0
3235 0 0 2 0 0
3250 0 0 2 0 0
3265 0 0 0 0 0
3280 0 0 0 0 0
3295 0 0 0 0 0
3310 0 0 0 0 0
3325 0 0 0 0 0
3340 0 0 0 0 0
3355 0 0 2 0 0
3370 0 0 2 0 0
3385 0 0 2 0 0
3400 0 0 2 0 0
3415 0 0 2 0 0
3430 0 0 2 0 0
3445 0 0 2 0 0
3460 0 0 2 0 0
3475 0 0 2 0 0
3490 0 2 2 0 0
3505 0 2 2 0 0
3520 0 0 2 0 0
3535 0 0 2 0 0
3550 0 0 2 0 0
3562 0 0 0 2 0
3565 0 2 0 2 0
3580 0 0 0 0 0
3595 2 0 0 0 0
3610 0 0 0 0 0
3625 0 0 0 0 0
3640 0 0 0 0 0
3656 0 0 0 0 0
3659 0 0 0 0 0
3674 2 0 0 0 0
3689 0 0 0 0 0
3704 0 0 0 0 0
3719 0 0 0 0 0
3734 0 0 0 0 0
3749 0 0 0 0 0
3764 0 0 0 0 0
3771 0 0 0 0 0
