57 0 0 0 0 0
72 0 0 0 0 0
87 0 0 0 0 0
102 0 0 0 2 0
117 0 0 0 2 0
128 0 0 2 0 0
131 0 0 2 0 0
146 0 0 2 0 0
161 0 0 2 0 0
168 0 0 2 0 0
171 0 0 2 0 0
186 0 0 2 0 0
201 0 0 2 0 0
216 0 0 2 0 0
235 0 0 2 0 0
238 0 0 2 0 0
253 0 0 2 0 0
268 0 0 2 0 0
283 0 0 2 0 0
298 0 0 2 0 0
313 0 0 2 0 0
328 0 0 2 0 0
343 0 0 2 0 0
358 0 0 2 0 0
373 0 0 2 0 0
388 0 0 2 0 0
403 0 0 2 0 0
418 0 0 2 0 0
433 0 0 2 0 0
448 0 0 2 0 0
463 0 0 2 0 0
478 0 2 2 0 0
493 0 2 2 0 0
508 0 0 2 0 0
523 0 2 2 0 0
535 0 2 0 2 0
538 2 0 0 2 0
553 2 0 0 0 0
568 2 0 0 0 0
583 0 0 0 0 0
598 2 0 0 0 0
613 2 0 0 0 0
628 0 0 0 0 0
643 2 0 0 0 0
658 2 0 0 0 0
673 0 0 0 0 0
688 0 0 0 0 0
693 0 0 0 0 0
696 0 0 0 0 0
711 0 0 0 0 0
726 2 0 0 0 0
741 0 0 0 0 0
756 0 0 0 0 0
771 0 0 0 2 0
786 2 0 0 2 0
802 0 2 2 0 0
805 0 2 2 0 0
820 0 0 2 0 0
835 0 0 2 0 0
850 0 0 2 0 0
865 0 0 2 0 0
868 0 0 2 0 0
883 0 0 2 0 0
898 0 0 2 0 0
913 0 0 2 0 0
928 0 0 2 0 0
943 0 0 2 0 0
958 0 0 2 0 0
973 0 0 2 0 0
988 0 0 0 0 0
1003 0 0 2 0 0
1018 0 0 0 0 0
1033 0 0 2 0 0
1048 0 0 2 0 0
1063 0 0 2 0 0
1078 0 0 2 0 0
1093 0 2 2 0 0
1108 0 2 2 0 0
1119 0 2 0 0 0
1122 2 0 0 2 0
1137 2 0 0 2 0
1152 2 0 0 0 0
1167 2 0 0 0 0
1182 0 0 0 0 0
1197 2 0 0 0 0
1212 2 0 0 0 0
1227 2 0 0 0 0
1242 0 0 0 0 0
1259 0 0 0 0 0
1262 0 0 0 0 0
1277 2 0 0 0 0
1292 2 0 0 0 0
1307 2 0 0 0 0
1322 2 0 0 2 0
1337 2 0 0 2 0
1352 2 0 0 2 0
1367 2 0 0 2 0
1382 2 0 0 2 0
1397 2 0 0 2 0
1412 2 0 0 2 0
1427 2 0 2 0 0
1433 0 2 2 0 0
1436 0 2 2 0 0
1451 0 0 2 0 0
1466 0 0 2 0 0
1482 0 0 2 0 0
1485 0 0 2 0 0
1500 0 0 2 0 0
1515 0 0 2 0 0
1530 0 0 2 0 0
1545 0 0 2 0 0
1560 0 0 2 0 0
1575 0 0 2 0 0
1590 0 0 2 0 0
1605 0 0 0 0 0
1620 0 2 2 0 0
1635 0 2 2 0 0
1650 0 0 2 0 0
1666 0 2 2 0 0
1669 0 2 2 0 0
1684 2 0 0 2 0
1699 2 0 0 0 0
1714 2 0 0 0 0
1729 2 0 0 0 0
1744 0 0 0 0 0
1759 0 0 0 0 0
1774 0 0 0 0 0
1789 2 0 0 0 0
1807 0 0 0 0 0
1810 2 0 0 0 0
1825 2 0 0 0 0
1840 2 0 0 0 0
1855 0 0 0 0 0
1870 0 0 0 0 0
1885 0 0 0 0 0
1900 0 0 0 0 0
1903 0 0 0 0 0
1918 0 0 0 0 0
1933 2 0 0 0 0
1948 2 0 0 0 0
1963 2 0 0 0 0
1974 2 0 0 0 0
1977 2 0 0 0 0
1992 2 0 0 0 0
2007 0 0 0 0 0
2022 0 0 0 0 0
2037 0 0 0 0 0
2052 0 0 0 0 0
2067 0 0 0 2 0
2082 0 0 0 2 0
2097 0 0 0 2 0
2112 2 0 0 2 0
2127 2 0 0 2 0
2139 0 2 2 0 0
2142 0 2 2 0 0
2157 0 2 2 0 0
2172 0 0 2 0 0
2186 0 0 2 0 0
2189 0 0 2 0 0
2204 0 0 2 0 0
2219 0 0 2 0 0
2234 0 0 2 0 0
2249 0 0 2 0 0
2264 0 0 2 0 0
2279 0 0 2 0 0
2294 0 0 2 0 0
2309 0 0 2 0 0
2324 0 0 2 0 0
2339 0 0 2 0 0
2354 0 0 2 0 0
2369 0 2 2 0 0
2384 0 2 2 0 0
2399 0 2 0 2 0
2413 0 2 0 2 0
2416 2 0 0 0 0
2431 2 0 0 0 0
2446 2 0 0 0 0
2461 0 2 0 0 0
2476 0 2 0 0 0
2491 0 2 0 0 0
2506 2 0 0 0 0
2525 2 0 0 0 0
2528 2 0 0 0 0
2543 2 0 0 0 0
2558 2 0 0 0 0
2573 2 0 0 0 0
2588 2 0 0 2 0
2603 2 0 0 2 0
2618 0 2 0 2 0
2633 0 2 2 0 0
2648 0 0 2 0 0
2663 0 0 0 0 0
2678 0 0 0 0 0
2693 0 0 2 0 0
2708 0 2 2 0 0
2723 0 2 2 0 0
2738 0 2 2 0 0
2753 0 2 0 2 0
2768 2 0 0 0 0
2783 2 0 0 0 0
2798 2 0 0 0 0
2813 2 0 0 0 0
2828 2 0 0 0 0
2843 2 0 0 0 0
2858 2 0 0 0 0
2873 2 0 0 0 0
2888 2 0 0 0 0
2903 2 0 0 0 0
2918 0 2 0 0 0
2924 0 2 0 0 0
