1 0 0 0 2 0
16 0 0 0 2 0
31 0 2 0 2 0
46 0 2 0 2 0
51 0 2 0 2 0
54 0 0 0 2 0
69 0 2 0 0 0
84 0 2 0 0 0
99 0 2 0 2 0
114 0 2 0 2 0
132 0 2 0 2 0
135 0 2 0 2 0
150 0 0 0 2 0
165 0 0 2 0 0
180 0 0 0 2 0
195 0 0 2 0 0
210 0 0 2 0 0
215 0 0 2 0 0
218 0 0 2 0 0
233 0 0 2 0 0
248 0 0 2 0 0
263 0 0 2 0 0
278 0 0 2 0 0
293 0 0 2 0 0
308 0 0 2 0 0
323 0 0 2 0 0
338 0 0 2 0 0
353 0 0 0 2 0
368 0 0 0 2 0
383 0 0 0 2 0
398 0 2 0 2 0
414 0 2 0 2 0
417 0 2 0 2 0
432 0 0 0 0 0
447 0 0 0 0 0
462 0 0 0 0 0
477 0 0 0 0 0
490 0 0 0 0 0
493 0 0 0 0 0
508 0 0 0 0 0
523 0 2 0 0 0
538 2 0 0 0 0
553 2 0 0 0 0
568 2 0 0 2 0
587 0 0 2 0 0
590 0 2 2 0 0
605 0 0 0 2 0
620 0 0 2 0 0
635 0 0 2 0 0
650 0 0 2 0 0
666 0 0 2 0 0
669 0 0 2 0 0
684 0 0 2 0 0
699 0 0 2 0 0
714 0 0 2 0 0
729 0 0 2 0 0
744 0 0 2 0 0
759 0 0 2 0 0
774 0 0 2 0 0
789 0 0 2 0 0
804 0 0 2 0 0
819 0 0 2 0 0
834 0 0 2 0 0
849 0 2 2 0 0
854 0 2 2 0 0
857 0 2 0 2 0
872 0 0 0 0 0
887 2 0 0 0 0
902 0 0 0 0 0
917 0 0 0 0 0
926 0 0 0 0 0
929 0 0 0 0 0
944 0 0 0 0 0
959 0 0 0 0 0
974 0 0 0 0 0
989 2 0 0 0 0
1004 2 0 0 2 0
1019 2 0 0 2 0
1034 0 0 0 2 0
1049 0 0 0 2 0
1064 0 2 0 2 0
1079 0 2 0 2 0
1094 0 2 0 2 0
1109 0 2 0 2 0
1124 0 2 0 0 0
1139 2 0 0 2 0
1154 2 0 0 2 0
1169 0 2 0 2 0
1174 0 2 2 0 0
1177 0 2 0 2 0
1192 0 0 2 0 0
1207 0 0 2 0 0
1222 0 0 2 0 0
1237 0 0 2 0 0
1256 0 0 2 0 0
1259 0 0 2 0 0
1274 0 0 2 0 0
1289 0 0 2 0 0
1304 0 0 2 0 0
1319 0 0 2 0 0
1334 0 0 2 0 0
1349 0 0 2 0 0
1364 0 0 2 0 0
1379 0 0 2 0 0
1394 0 0 2 0 0
1409 0 0 2 0 0
1424 0 0 2 0 0
1439 0 0 2 0 0
1454 0 0 2 0 0
1469 0 0 2 0 0
1484 0 0 2 0 0
1499 0 0 2 0 0
1514 0 0 2 0 0
1529 0 0 0 2 0
1544 0 0 2 0 0
1559 0 0 2 0 0
1574 0 2 2 0 0
1586 0 2 2 0 0
1589 0 2 2 0 0
1604 0 2 0 2 0
1619 2 0 0 0 0
1634 0 0 0 0 0
1649 0 0 0 0 0
1664 0 0 0 0 0
1671 0 0 0 0 0
1674 0 0 0 0 0
1689 0 0 0 0 0
1704 0 0 0 0 0
1719 2 0 0 2 0
1734 2 0 0 2 0
1749 2 0 0 2 0
1760 0 2 0 2 0
1763 0 2 0 2 0
1778 0 0 0 2 0
1793 0 0 0 2 0
1808 0 0 0 0 0
1823 0 0 0 2 0
1838 0 0 0 2 0
1853 0 0 0 2 0
1871 0 0 0 0 0
1874 0 0 2 0 0
1889 0 0 0 0 0
1904 0 0 0 0 0
1919 0 0 2 0 0
1934 0 0 2 0 0
1949 0 0 2 0 0
1964 0 0 2 0 0
1979 0 0 2 0 0
1994 0 0 2 0 0
2009 0 0 2 0 0
2024 0 0 0 2 0
2039 0 2 2 0 0
2054 0 2 2 0 0
2059 0 2 2 0 0
2062 0 2 2 0 0
2077 0 2 0 2 0
2092 0 2 0 0 0
2107 0 0 0 0 0
2122 0 0 0 0 0
2137 0 0 0 0 0
2143 0 0 0 0 0
2146 0 0 0 0 0
2161 0 0 0 0 0
2176 0 0 0 0 0
2191 0 2 0 0 0
2206 2 0 0 2 0
2221 0 2 0 2 0
2236 0 0 0 2 0
2251 0 0 0 2 0
2266 0 0 0 2 0
2281 0 0 0 2 0
2296 0 0 0 2 0
2311 0 0 0 2 0
2326 0 0 0 0 0
2341 0 0 0 0 0
2356 0 2 0 0 0
2371 0 0 0 0 0
