1 0 0 0 2 0
16 0 0 2 0 0
31 0 0 0 2 0
46 0 0 0 2 0
54 0 0 2 0 0
57 0 0 2 0 0
72 0 0 2 0 0
87 0 0 2 0 0
102 0 0 2 0 0
117 0 0 2 0 0
132 0 0 2 0 0
143 0 0 0 0 0
146 0 0 0 0 0
161 0 2 2 0 0
176 0 2 0 0 0
191 0 2 0 0 0
206 0 2 0 0 0
221 0 2 0 0 0
236 2 0 0 0 0
251 2 0 0 0 0
266 2 0 0 0 0
281 2 0 0 0 0
296 2 0 0 0 0
311 2 0 0 0 0
326 2 0 0 2 0
341 2 0 0 2 0
356 2 0 2 0 0
371 2 0 2 0 0
386 2 0 0 2 0
401 2 0 0 2 0
416 2 0 0 0 0
431 2 0 0 2 0
446 2 0 0 2 0
461 2 0 0 2 0
476 2 0 0 2 0
491 2 0 2 0 0
498 0 2 0 2 0
501 0 2 0 2 0
516 0 0 0 2 0
531 0 0 2 0 0
546 0 0 2 0 0
561 0 0 2 0 0
576 0 0 0 0 0
591 0 0 2 0 0
606 0 0 2 0 0
621 0 0 2 0 0
637 0 0 2 0 0
640 0 0 2 0 0
655 0 0 2 0 0
670 0 0 2 0 0
685 0 0 2 0 0
700 0 0 2 0 0
715 0 0 2 0 0
730 0 0 2 0 0
745 0 0 2 0 0
760 0 0 2 0 0
775 0 0 2 0 0
790 0 0 2 0 0
805 0 0 2 0 0
820 0 0 2 0 0
835 0 0 2 0 0
850 0 0 2 0 0
865 0 0 2 0 0
880 0 0 2 0 0
895 0 0 2 0 0
910 0 0 2 0 0
925 0 0 2 0 0
940 0 0 2 0 0
955 0 0 2 0 0
970 0 0 2 0 0
985 0 0 2 0 0
1000 0 2 2 0 0
1015 0 2 2 0 0
1030 0 2 2 0 0
1045 0 0 2 0 0
1060 0 0 2 0 0
1075 0 2 2 0 0
1090 0 2 2 0 0
1103 0 2 2 0 0
1106 0 2 2 0 0
1121 0 2 0 2 0
1136 0 2 0 2 0
1151 0 2 0 0 0
1166 2 0 0 0 0
1181 2 0 0 0 0
1196 2 0 0 0 0
1211 2 0 0 0 0
1226 2 0 0 0 0
1241 2 0 0 0 0
1256 2 0 0 0 0
1271 2 0 0 0 0
1286 2 0 0 0 0
1301 0 0 0 0 0
1316 0 0 0 0 0
1331 0 0 0 0 0
1346 0 0 0 0 0
1361 0 0 0 0 0
1368 0 0 0 0 0
1371 0 0 0 0 0
1386 0 0 0 0 0
1401 0 0 0 0 0
1416 2 0 0 0 0
1431 2 0 0 0 0
1446 2 0 0 0 0
1461 2 0 0 0 0
1476 2 0 0 0 0
1491 2 0 0 0 0
1506 2 0 0 0 0
1521 2 0 0 2 0
1536 2 0 0 2 0
1551 2 0 0 2 0
1566 2 0 0 2 0
1581 2 0 0 2 0
1598 0 2 2 0 0
1601 0 2 2 0 0
1616 0 2 2 0 0
1631 0 0 2 0 0
1646 0 0 2 0 0
1661 0 0 2 0 0
1676 0 2 2 0 0
1691 0 0 2 0 0
1706 0 0 2 0 0
1721 0 0 2 0 0
1736 0 0 2 0 0
1751 0 0 2 0 0
1766 0 0 2 0 0
1781 0 2 0 0 0
1796 0 0 2 0 0
1811 0 0 2 0 0
1826 0 0 0 0 0
1841 0 0 2 0 0
1856 0 0 2 0 0
1871 0 0 2 0 0
1886 0 0 2 0 0
1901 0 0 2 0 0
1916 0 0 2 0 0
1931 0 0 2 0 0
1940 0 0 2 0 0
1943 0 0 2 0 0
1958 0 0 2 0 0
1973 0 0 2 0 0
1988 0 0 2 0 0
2003 0 0 2 0 0
2018 0 0 2 0 0
2033 0 0 2 0 0
2048 0 0 0 0 0
2063 0 0 2 0 0
2078 0 0 2 0 0
2093 0 0 2 0 0
2108 0 0 2 0 0
2123 0 0 2 0 0
2138 0 0 2 0 0
2153 0 0 2 0 0
2168 0 0 2 0 0
2183 0 0 2 0 0
2198 0 0 2 0 0
2213 0 0 2 0 0
2228 0 0 2 0 0
2243 0 0 2 0 0
2258 0 2 2 0 0
2273 0 2 2 0 0
2288 0 2 2 0 0
2303 0 2 2 0 0
2311 0 2 2 0 0
2314 0 2 2 0 0
2329 0 2 0 2 0
2344 0 2 0 2 0
2359 0 2 0 0 0
2374 2 0 0 2 0
2389 2 0 0 2 0
2404 2 0 0 2 0
2419 2 0 0 2 0
2434 2 0 0 0 0
2449 2 0 0 0 0
2464 2 0 0 0 0
2479 2 0 0 0 0
2494 0 0 0 0 0
2509 0 0 0 0 0
2524 0 0 0 0 0
2539 0 0 0 0 0
2554 0 0 0 0 0
2569 0 0 0 0 0
2584 0 0 0 0 0
2599 0 0 0 0 0
2614 0 0 0 0 0
2628 0 0 0 0 0
2631 0 0 0 0 0
2646 0 0 0 0 0
2661 2 0 0 0 0
2676 2 0 0 2 0
2691 2 0 0 0 0
2706 2 0 0 0 0
2721 2 0 0 2 0
2736 2 0 0 2 0
2750 0 2 2 0 0
2753 0 0 2 0 0
2768 0 0 2 0 0
2783 0 0 2 0 0
2798 0 0 2 0 0
2813 0 0 2 0 0
2828 0 0 0 0 0
2843 0 0 2 0 0
2858 0 0 2 0 0
2873 0 0 2 0 0
2888 0 0 2 0 0
2903 0 0 2 0 0
2918 0 0 2 0 0
2933 0 0 2 0 0
2948 0 0 0 0 0
2963 0 0 2 0 0
2969 0 0 2 0 0
2972 0 0 2 0 0
2987 0 0 2 0 0
3002 0 0 2 0 0
3017 0 0 2 0 0
3032 0 0 2 0 0
3047 0 0 2 0 0
3062 0 0 2 0 0
3077 0 0 2 0 0
3092 0 0 2 0 0
3107 0 0 2 0 0
3122 0 0 2 0 0
3137 0 0 2 0 0
3152 0 0 2 0 0
3167 0 0 2 0 0
3182 0 0 2 0 0
3197 0 0 2 0 0
3212 0 0 2 0 0
3227 0 0 2 0 0
3242 0 2 2 0 0
3257 0 2 2 0 0
3272 0 2 2 0 0
3287 0 2 2 0 0
3305 0 2 0 2 0
3308 0 2 0 2 0
3323 0 2 0 2 0
3338 0 2 0 0 0
3353 0 0 0 0 0
3368 0 2 0 0 0
3383 2 0 0 0 0
3398 2 0 0 0 0
3413 0 0 0 0 0
3428 0 0 0 0 0
3443 0 0 0 0 0
3449 0 0 0 0 0
3452 0 0 0 0 0
3467 0 0 0 0 0
3482 0 0 0 0 0
3497 2 0 0 0 0
3512 0 2 0 0 0
3527 2 0 0 0 0
3542 2 0 0 0 0
3557 2 0 0 0 0
3572 2 0 0 0 0
3587 2 0 0 2 0
3602 2 0 0 2 0
3621 0 2 0 2 0
3624 0 0 0 0 0
3639 0 2 0 2 0
3654 0 0 2 0 0
3669 0 0 2 0 0
3684 0 0 2 0 0
3699 0 0 2 0 0
3714 0 0 2 0 0
3729 0 0 2 0 0
3744 0 0 2 0 0
3759 0 0 2 0 0
3774 0 0 2 0 0
3789 0 0 2 0 0
3804 0 0 2 0 0
3812 0 0 2 0 0
3815 0 0 2 0 0
3830 0 0 2 0 0
3845 0 0 2 0 0
3860 0 0 2 0 0
3875 0 0 2 0 0
3890 0 0 2 0 0
3905 0 0 2 0 0
3920 0 0 2 0 0
3935 0 0 2 0 0
3950 0 0 2 0 0
3965 0 0 2 0 0
3980 0 0 2 0 0
3995 0 0 2 0 0
4010 0 0 2 0 0
4025 0 0 2 0 0
4040 0 0 2 0 0
4055 0 0 2 0 0
4070 0 0 2 0 0
4085 0 0 0 0 0
4100 0 2 2 0 0
4115 0 2 2 0 0
4130 0 2 2 0 0
4145 0 0 2 0 0
4160 0 2 2 0 0
4175 0 2 2 0 0
4190 0 2 2 0 0
4207 0 2 0 2 0
4210 0 2 0 2 0
4225 0 2 0 2 0
4240 0 2 0 0 0
4255 0 2 0 0 0
4270 0 0 0 0 0
4285 2 0 0 0 0
4300 2 0 0 0 0
4315 0 0 0 0 0
4322 0 0 0 0 0
4325 0 0 0 0 0
4340 0 0 0 0 0
4355 0 0 0 0 0
4370 0 0 0 0 0
4385 0 0 0 0 0
4400 0 0 0 0 0
4410 0 0 0 0 0
