1 0 0 0 2 0
13 0 0 0 2 0
28 0 0 0 2 0
31 0 0 0 2 0
46 0 0 0 2 0
61 0 0 0 2 0
76 0 0 2 0 0
91 0 0 2 0 0
106 0 0 2 0 0
121 0 0 2 0 0
136 0 2 2 0 0
151 0 2 2 0 0
162 0 2 2 0 0
165 0 2 0 0 0
180 0 2 0 0 0
195 0 2 0 0 0
210 0 0 0 0 0
225 2 0 0 0 0
240 2 0 0 0 0
255 2 0 0 0 0
270 2 0 0 0 0
285 2 0 0 2 0
300 2 0 0 0 0
315 2 0 0 0 0
330 2 0 0 2 0
345 2 0 0 2 0
356 0 2 2 0 0
359 0 0 2 0 0
374 0 2 2 0 0
389 0 0 2 0 0
404 0 0 2 0 0
419 0 0 2 0 0
434 0 0 2 0 0
449 0 0 2 0 0
464 0 0 2 0 0
479 0 0 2 0 0
494 0 0 2 0 0
506 0 0 2 0 0
509 0 0 2 0 0
524 0 0 2 0 0
539 0 0 2 0 0
554 0 0 2 0 0
569 0 0 2 0 0
584 0 0 2 0 0
599 0 0 2 0 0
614 0 0 2 0 0
629 0 0 2 0 0
644 0 0 2 0 0
659 0 0 2 0 0
674 0 0 2 0 0
689 0 0 2 0 0
704 0 0 2 0 0
719 0 0 2 0 0
734 0 0 2 0 0
749 0 0 2 0 0
764 0 0 2 0 0
779 0 0 2 0 0
794 0 2 2 0 0
809 0 2 2 0 0
824 0 0 2 0 0
839 0 2 2 0 0
854 0 2 2 0 0
869 0 2 2 0 0
874 0 2 2 0 0
877 0 2 2 0 0
892 0 0 0 2 0
907 0 0 0 2 0
922 0 2 0 0 0
937 0 0 0 0 0
952 0 0 0 0 0
967 0 0 0 0 0
982 2 0 0 0 0
997 2 0 0 0 0
1012 0 0 0 0 0
1027 0 0 0 0 0
1044 0 0 0 0 0
1047 0 0 0 0 0
1062 0 0 0 0 0
1077 2 0 0 0 0
1092 2 0 0 0 0
1107 2 0 0 2 0
1122 2 0 0 0 0
1137 2 0 0 2 0
1152 2 0 0 2 0
1167 2 0 0 2 0
1182 2 0 0 2 0
1192 0 2 2 0 0
1195 0 0 0 0 0
1210 0 0 0 0 0
1225 0 0 0 0 0
1240 0 0 2 0 0
1255 0 0 2 0 0
1270 0 0 2 0 0
1285 0 0 2 0 0
1300 0 0 2 0 0
1315 0 0 2 0 0
1330 0 0 2 0 0
1349 0 0 2 0 0
1352 0 0 2 0 0
1367 0 0 2 0 0
1382 0 0 2 0 0
1397 0 0 2 0 0
1412 0 0 2 0 0
1427 0 0 2 0 0
1442 0 0 2 0 0
1457 0 0 0 0 0
1472 0 0 2 0 0
1487 0 0 2 0 0
1502 0 0 2 0 0
1517 0 0 2 0 0
1532 0 0 2 0 0
1547 0 0 2 0 0
1562 0 2 2 0 0
1577 0 2 2 0 0
1592 0 2 2 0 0
1607 0 2 2 0 0
1619 0 2 2 0 0
1622 0 0 2 0 0
1637 0 0 2 0 0
1652 0 0 0 2 0
1667 0 0 0 0 0
1682 0 0 0 0 0
1697 0 0 0 0 0
1712 0 0 0 0 0
1727 2 0 0 0 0
1742 2 0 0 0 0
1757 0 0 0 0 0
1772 0 0 0 0 0
1787 0 0 0 0 0
1806 0 0 0 0 0
1809 0 0 0 0 0
1824 0 0 0 0 0
1839 2 0 0 0 0
1854 2 0 0 0 0
1869 2 0 0 0 0
1884 2 0 0 0 0
1899 2 0 0 2 0
1914 2 0 0 2 0
1929 2 0 0 0 0
1944 2 0 0 2 0
1959 2 0 0 2 0
1974 2 0 0 2 0
1989 0 0 0 2 0
2004 2 0 0 2 0
2015 0 2 2 0 0
2018 0 0 2 0 0
2033 0 0 2 0 0
2048 0 0 2 0 0
2063 0 0 2 0 0
2078 0 0 2 0 0
2093 0 0 2 0 0
2108 0 0 2 0 0
2127 0 0 2 0 0
2130 0 0 0 0 0
2145 0 0 0 0 0
2160 0 0 2 0 0
2175 0 0 0 0 0
2190 0 0 2 0 0
2205 0 0 2 0 0
2220 0 0 2 0 0
2235 0 0 2 0 0
2250 0 0 2 0 0
2265 0 0 2 0 0
2280 0 0 0 0 0
2295 0 0 2 0 0
2310 0 0 2 0 0
2325 0 0 2 0 0
2340 0 0 2 0 0
2355 0 0 2 0 0
2370 0 0 2 0 0
2385 0 0 2 0 0
2400 0 0 2 0 0
2415 0 2 2 0 0
2430 0 2 2 0 0
2445 0 2 2 0 0
2460 0 0 2 0 0
2475 0 2 2 0 0
2490 0 2 2 0 0
2505 0 2 0 2 0
2508 0 2 0 2 0
2523 2 0 0 2 0
2538 2 0 0 0 0
2553 2 0 0 0 0
2568 2 0 0 0 0
2583 0 0 0 0 0
2598 2 0 0 0 0
2613 2 0 0 0 0
2628 0 0 0 0 0
2640 2 0 0 0 0
2643 0 0 0 0 0
2658 0 0 0 0 0
2673 2 0 0 0 0
2688 2 0 0 0 0
2703 0 0 0 0 0
2718 2 0 0 2 0
2733 0 0 0 2 0
2748 0 0 0 2 0
2763 2 0 0 2 0
2778 2 0 0 2 0
2793 0 0 0 2 0
2808 2 0 0 0 0
2823 2 0 0 0 0
2838 2 0 0 2 0
2853 2 0 0 2 0
2868 2 0 0 2 0
2883 2 0 0 2 0
2898 0 2 0 2 0
2903 0 2 2 0 0
2906 0 0 2 0 0
2921 0 2 2 0 0
2936 0 0 2 0 0
2951 0 0 2 0 0
2966 0 2 2 0 0
2981 0 2 2 0 0
2996 0 0 2 0 0
3011 0 0 2 0 0
3026 0 0 2 0 0
3041 0 0 2 0 0
3056 0 0 2 0 0
3071 0 0 2 0 0
3086 0 0 2 0 0
3101 0 0 2 0 0
3116 0 0 2 0 0
3131 0 0 2 0 0
3146 0 0 2 0 0
3161 0 0 2 0 0
3176 0 0 2 0 0
3191 0 0 2 0 0
3206 0 0 2 0 0
3221 0 0 2 0 0
3236 0 0 2 0 0
3251 0 0 2 0 0
3266 0 0 2 0 0
3281 0 0 2 0 0
3296 0 0 2 0 0
3311 0 0 2 0 0
3326 0 0 2 0 0
3341 0 0 2 0 0
3356 0 0 2 0 0
3368 0 0 2 0 0
3371 0 0 2 0 0
3386 0 0 2 0 0
3401 0 0 2 0 0
3416 0 0 2 0 0
3431 0 0 2 0 0
3446 0 0 2 0 0
3461 0 0 2 0 0
3476 0 0 2 0 0
3491 0 0 2 0 0
3506 0 0 2 0 0
3509 0 0 2 0 0
3524 0 0 2 0 0
3539 0 0 2 0 0
3554 0 0 2 0 0
3569 0 0 2 0 0
3584 0 0 2 0 0
3599 0 0 2 0 0
3614 0 0 2 0 0
3629 0 0 2 0 0
3644 0 0 2 0 0
3659 0 0 2 0 0
3674 0 0 2 0 0
3689 0 0 2 0 0
3704 0 0 2 0 0
3719 0 0 2 0 0
3734 0 0 2 0 0
3749 0 0 2 0 0
3764 0 2 2 0 0
3779 0 2 2 0 0
3794 0 0 2 0 0
3811 0 2 2 0 0
3814 0 2 0 0 0
3829 0 2 0 2 0
3844 0 2 0 0 0
3859 0 2 0 0 0
3874 0 0 0 0 0
3889 0 0 0 0 0
3904 0 0 0 0 0
3919 0 0 0 0 0
3934 0 0 0 0 0
3949 2 0 0 0 0
3964 2 0 0 0 0
3979 2 0 0 0 0
3994 2 0 0 0 0
4009 0 0 0 0 0
4024 0 0 0 0 0
4027 0 0 0 0 0
4042 0 0 0 0 0
4057 0 0 0 0 0
4072 0 0 0 0 0
4087 0 0 0 0 0
4102 0 0 0 0 0
4117 0 0 0 2 0
4132 0 0 0 2 0
4147 0 0 0 2 0
4162 0 0 0 2 0
4177 0 0 0 2 0
4192 0 0 0 2 0
4207 0 0 0 0 0
4222 0 0 0 0 0
4237 0 0 0 0 0
4252 0 0 0 0 0
4267 0 0 0 0 0
4282 0 0 0 0 0
4297 0 0 0 0 0
4308 0 0 0 0 0
