26 0 0 0 0 0
41 0 0 0 0 0
56 0 0 0 2 0
65 0 0 0 2 0
68 0 0 0 2 0
83 0 0 2 0 0
98 0 0 2 0 0
113 0 0 2 0 0
128 0 0 2 0 0
143 0 0 2 0 0
158 0 2 2 0 0
173 0 2 2 0 0
189 0 2 2 0 0
192 0 2 2 0 0
207 2 0 0 2 0
222 2 0 0 0 0
237 2 0 0 2 0
252 0 0 0 0 0
267 2 0 0 2 0
282 2 0 0 2 0
297 0 2 2 0 0
303 0 2 2 0 0
306 0 2 2 0 0
321 0 0 2 0 0
336 0 0 2 0 0
351 0 0 2 0 0
366 0 0 2 0 0
381 0 0 2 0 0
396 0 0 2 0 0
411 0 0 2 0 0
414 0 0 2 0 0
429 0 0 2 0 0
444 0 0 2 0 0
459 0 0 2 0 0
474 0 0 2 0 0
489 0 0 2 0 0
504 0 0 2 0 0
519 0 0 2 0 0
534 0 0 2 0 0
549 0 0 2 0 0
564 0 0 2 0 0
579 0 0 2 0 0
594 0 0 2 0 0
609 0 0 2 0 0
624 0 0 2 0 0
639 0 0 2 0 0
654 0 0 2 0 0
669 0 0 2 0 0
684 0 0 2 0 0
699 0 0 2 0 0
714 0 0 2 0 0
729 0 0 2 0 0
744 0 2 2 0 0
759 0 2 2 0 0
774 0 2 0 2 0
779 2 0 0 2 0
782 2 0 0 2 0
797 0 0 0 0 0
812 0 0 0 0 0
827 0 0 0 0 0
842 0 0 0 0 0
852 0 0 0 0 0
855 0 0 0 0 0
870 0 0 0 0 0
885 0 0 0 0 0
900 0 0 0 0 0
915 2 0 0 0 0
930 2 0 0 0 0
945 2 0 0 0 0
960 2 0 0 0 0
975 2 0 0 0 0
990 2 0 0 2 0
1005 2 0 0 2 0
1020 2 0 0 2 0
1037 0 2 2 0 0
1040 0 2 2 0 0
1055 0 0 2 0 0
1070 0 0 2 0 0
1085 0 0 2 0 0
1100 0 2 0 2 0
1115 2 0 0 2 0
1130 0 0 0 0 0
1145 2 0 0 2 0
1160 2 0 0 2 0
1175 2 0 0 2 0
1189 0 2 2 0 0
1192 0 2 2 0 0
1207 0 0 2 0 0
1222 0 0 2 0 0
1237 0 0 2 0 0
1252 0 0 2 0 0
1267 0 0 2 0 0
1282 0 0 2 0 0
1297 0 0 2 0 0
1312 0 0 2 0 0
1327 0 0 2 0 0
1342 0 0 2 0 0
1352 0 0 2 0 0
1355 0 0 0 0 0
1370 0 0 0 0 0
1385 0 0 2 0 0
1400 0 0 2 0 0
1415 0 0 2 0 0
1430 0 0 2 0 0
1445 0 0 2 0 0
1460 0 0 2 0 0
1475 0 0 2 0 0
1490 0 0 2 0 0
1505 0 0 2 0 0
1520 0 0 2 0 0
1535 0 0 2 0 0
1550 0 2 2 0 0
1565 0 2 2 0 0
1579 0 2 0 2 0
1582 0 2 0 2 0
1597 0 0 0 0 0
1612 0 0 0 0 0
1627 0 0 0 0 0
1642 0 0 0 0 0
1657 0 0 0 0 0
1672 0 0 0 0 0
1687 2 0 0 0 0
1702 0 0 0 0 0
1717 0 0 0 0 0
1732 0 0 0 0 0
1747 0 0 0 0 0
1762 0 0 0 0 0
1777 0 0 0 0 0
1791 0 0 0 0 0
1794 0 0 0 0 0
1809 0 0 0 0 0
1824 0 0 0 0 0
1839 0 0 0 0 0
1854 2 0 0 2 0
1869 2 0 0 2 0
1884 2 0 0 0 0
1899 2 0 0 2 0
1913 0 2 2 0 0
1916 0 2 2 0 0
1931 0 0 2 0 0
1946 0 0 2 0 0
1961 0 0 2 0 0
1976 0 0 2 0 0
1991 0 0 2 0 0
2006 0 0 2 0 0
2014 0 0 2 0 0
2017 0 0 0 0 0
2032 0 0 0 0 0
2047 0 0 0 0 0
2062 0 0 0 0 0
2077 0 0 0 0 0
2092 0 0 2 0 0
2107 0 0 2 0 0
2122 0 0 2 0 0
2137 0 0 2 0 0
2152 0 0 2 0 0
2167 0 0 2 0 0
2182 0 0 2 0 0
2197 0 2 2 0 0
2212 0 2 2 0 0
2227 0 2 2 0 0
2242 0 2 2 0 0
2251 0 2 0 2 0
2254 2 0 0 2 0
2269 2 0 0 2 0
2284 0 0 0 0 0
2299 0 0 0 0 0
2314 0 0 0 0 0
2329 2 0 0 0 0
2344 2 0 0 0 0
2359 0 0 0 0 0
2374 0 0 0 0 0
2389 0 0 0 0 0
2408 0 0 0 0 0
2411 0 0 0 0 0
2426 0 0 0 0 0
2441 2 0 0 0 0
2456 2 0 0 0 0
2471 2 0 0 2 0
2486 2 0 0 2 0
2501 2 0 0 2 0
2516 2 0 0 2 0
2527 0 2 2 0 0
2530 0 2 2 0 0
2545 0 0 2 0 0
2560 0 0 2 0 0
2575 0 0 2 0 0
2590 0 0 2 0 0
2605 0 0 2 0 0
2621 0 0 2 0 0
2624 0 0 2 0 0
2639 0 0 2 0 0
2654 0 0 2 0 0
2669 0 0 2 0 0
2684 0 0 2 0 0
2699 0 0 2 0 0
2714 0 0 2 0 0
2729 0 0 2 0 0
2744 0 0 2 0 0
2759 0 2 2 0 0
2774 0 2 2 0 0
2780 0 2 2 0 0
2783 0 2 0 2 0
2798 2 0 0 2 0
2813 0 0 0 0 0
2828 2 0 0 0 0
2843 2 0 0 0 0
2858 2 0 0 0 0
2873 2 0 0 0 0
2888 0 0 0 0 0
2903 0 0 0 0 0
2918 2 0 0 0 0
2933 2 0 0 0 0
2948 2 0 0 0 0
2963 2 0 0 2 0
2978 0 2 2 0 0
2985 0 2 2 0 0
2988 0 2 2 0 0
3003 0 0 2 0 0
3018 0 0 2 0 0
3033 0 0 2 0 0
3048 0 0 2 0 0
3063 0 0 2 0 0
3078 0 0 2 0 0
3093 0 0 2 0 0
3108 0 0 0 2 0
3123 0 0 0 0 0
3138 0 0 0 0 0
3153 0 0 0 0 0
3168 0 0 0 0 0
3178 0 0 0 0 0
