0 0 3 0 3 1
10 3 0 3 0 1
20 3 0 0 0 1
30 3 0 0 0 1
40 3 0 0 3 1
50 3 0 0 3 1
60 3 0 0 3 1
70 3 0 0 3 1
80 3 0 0 3 1
90 3 0 0 0 1
100 3 0 0 0 1
110 3 0 0 0 1
120 3 0 0 3 1
130 3 0 3 0 1
140 3 0 3 0 1
150 3 0 3 0 1
160 3 0 3 0 1
170 3 0 3 0 1
180 3 0 3 0 1
190 3 0 3 0 1
200 3 0 3 0 1
210 3 0 3 0 1
220 3 0 3 0 2
230 3 0 3 0 2
240 3 0 3 0 2
250 3 0 3 0 3
260 3 0 3 0 3
270 3 0 0 0 3
280 3 0 0 0 3
290 3 0 0 0 3
300 3 0 0 0 3
310 3 0 0 3 3
320 3 0 3 0 3
330 3 0 3 0 3
340 3 0 3 0 3
350 0 0 0 0 3
360 0 0 0 0 3
370 0 0 0 0 3
380 0 0 0 0 1
390 0 0 0 3 1
400 0 0 0 3 1
410 0 0 3 0 1
420 0 0 3 0 1
430 0 0 3 0 1
440 0 0 3 0 1
450 0 3 3 0 1
460 3 0 3 0 1
470 3 0 0 0 1
480 3 0 0 0 1
490 3 0 0 0 1
500 3 0 0 0 1
510 3 0 0 3 1
520 3 0 0 3 1
530 3 0 0 3 1
540 3 0 3 0 1
550 3 0 3 0 1
560 3 0 3 0 1
570 3 0 3 0 1
580 3 0 3 0 1
590 3 0 3 0 1
600 3 0 3 0 1
610 3 0 3 0 1
620 3 0 3 0 1
630 3 0 3 0 1
640 3 0 3 0 1
650 3 0 3 0 1
660 3 0 3 0 1
670 3 0 3 0 1
680 3 0 3 0 1
690 3 0 3 0 1
700 3 0 3 0 1
710 3 0 3 0 1
720 3 0 3 0 1
730 3 0 3 0 1
740 3 0 3 0 1
750 3 0 3 0 2
760 3 0 3 0 2
770 3 0 3 0 3
780 3 0 3 0 3
790 3 0 3 0 3
800 3 0 3 0 3
810 3 0 3 0 3
820 3 0 3 0 3
830 3 0 3 0 3
840 3 0 3 0 3
850 0 0 0 0 3
860 0 0 0 0 3
870 0 0 0 0 3
880 0 0 0 0 3
890 0 0 0 0 3
900 0 0 0 0 3
910 0 6 0 6 3
920 0 0 0 0 3
