0 00000 00000 00000 00000 1.0 1.0 1.0 1.0 1.0 1.0 1.0 1.0
10 00000 00000 00000 00000 1.0 1.0 1.0 1.0 1.0 1.0 1.0 1.0
20 00000 00000 00000 00000 1.0 1.0 1.0 1.0 1.0 1.0 1.0 1.0
30 00000 00000 00000 00000 1.0 1.0 1.0 1.0 1.0 1.0 1.0 1.0
40 00000 00000 00000 00000 1.0 1.0 1.0 1.0 1.0 1.0 1.0 1.0
50 00000 00000 00000 00000 1.0 1.0 1.0 1.0 1.0 1.0 1.0 1.0
60 00000 00000 00000 00000 1.0 1.0 1.0 1.0 1.0 1.0 1.0 1.0
70 00000 00000 00000 00000 1.0 1.0 1.0 1.0 1.0 1.0 1.0 1.0
80 00000 00000 00000 00000 1.0 1.0 1.0 1.0 1.0 1.0 1.0 1.0
90 00000 00000 00000 00000 1.0 1.0 1.0 1.0 1.0 1.0 1.0 1.0
100 00000 00000 00000 00000 1.0 1.0 1.0 1.0 1.0 1.0 1.0 1.0
110 00000 00000 00000 00000 1.0 1.0 1.0 1.0 1.0 1.0 1.0 1.0
120 00000 00000 00000 00000 1.0 1.0 1.0 1.0 1.0 1.0 1.0 1.0
130 00030 00000 00000 00000 1.0 1.0 1.0 1.0 1.0 1.0 1.0 1.0
140 00300 00300 00300 00300 1.00 1.00 1.00 1.00 1.00 1.00 1.00 1.00
150 00300 00300 00300 00300 1.00 1.00 1.00 1.00 1.00 1.00 1.00 1.00
160 00300 00300 00300 00300 1.00 1.00 1.00 1.00 1.00 1.00 1.00 1.00
170 00300 00300 00300 00300 1.00 1.00 1.00 1.00 1.00 1.00 1.00 1.00
180 00300 00300 00300 00300 1.00 1.00 1.00 1.00 1.00 1.00 1.00 1.00
190 03300 00300 00300 00300 .68 .68 .68 .68 .75 .75 .75 .75
200 30300 30300 30300 30300 1.00 1.00 1.00 1.00 1.00 1.00 1.00 1.00
210 30000 30000 30300 30000 .68 .68 .68 .68 .75 .75 .75 .75
220 30000 30000 30030 30000 .68 .68 .68 .68 .75 .75 .75 .75
230 30000 30000 30000 30000 1.00 1.00 1.00 1.00 1.00 1.00 1.00 1.00
240 30000 30000 30000 30000 1.00 1.00 1.00 1.00 1.00 1.00 1.00 1.00
250 30000 30000 30000 30000 1.00 1.00 1.00 1.00 1.00 1.00 1.00 1.00
260 30000 30000 30030 30000 .68 .68 .68 .68 .75 .75 .75 .75
270 30000 30000 30030 30000 .68 .68 .68 .68 .75 .75 .75 .75
280 30001 30001 30030 30001 .55 .55 .63 .50 .66 .65 .70 .62
290 30001 30001 30030 30001 .55 .55 .63 .50 .66 .65 .70 .62
300 30001 30001 30030 30001 .55 .55 .63 .50 .66 .65 .70 .62
310 30001 30001 30030 30001 .55 .55 .63 .50 .66 .65 .70 .62
320 30001 30001 30031 30001 .79 .67 .65 .76 .84 .75 .72 .82
330 30031 30001 30031 30031 .80 .68 .68 .77 .85 .76 .76 .82
340 30031 30001 30031 30031 .80 .68 .68 .77 .85 .76 .76 .82
350 30000 30000 30031 30000 .48 .54 .64 .45 .57 .63 .71 .55
360 30000 30000 30031 30000 .48 .54 .64 .45 .57 .63 .71 .55
370 30000 30000 30031 30000 .48 .54 .64 .45 .57 .63 .71 .55
380 30000 30000 30031 30000 .48 .54 .64 .45 .57 .63 .71 .55
390 30000 30000 30031 30000 .48 .54 .64 .45 .57 .63 .71 .55
400 30000 30000 30031 30000 .48 .54 .64 .45 .57 .63 .71 .55
410 30000 30000 30031 30000 .48 .54 .64 .45 .57 .63 .71 .55
420 30000 30000 30031 30000 .48 .54 .64 .45 .57 .63 .71 .55
430 30000 30000 30031 30000 .48 .54 .64 .45 .57 .63 .71 .55
440 30000 30000 30031 30000 .48 .54 .64 .45 .57 .63 .71 .55
450 30000 30000 30031 30000 .48 .54 .64 .45 .57 .63 .71 .55
460 30000 30000 30031 30000 .48 .54 .64 .45 .57 .63 .71 .55
470 30000 30000 30031 30000 .48 .54 .64 .45 .57 .63 .71 .55
480 30000 30000 30031 30000 .48 .54 .64 .45 .57 .63 .71 .55
490 30000 30000 30031 30000 .48 .54 .64 .45 .57 .63 .71 .55
500 30000 30000 30031 30000 .48 .54 .64 .45 .57 .63 .71 .55
510 30000 30000 30031 30000 .48 .54 .64 .45 .57 .63 .71 .55
520 30000 30000 30031 30000 .48 .54 .64 .45 .57 .63 .71 .55
530 30000 30000 30031 30000 .48 .54 .64 .45 .57 .63 .71 .55
540 30000 30000 30031 30000 .48 .54 .64 .45 .57 .63 .71 .55
550 30000 30000 30031 30000 .48 .54 .64 .45 .57 .63 .71 .55
560 30001 30000 30031 30001 .55 .55 .63 .50 .66 .65 .70 .62
570 30001 30000 30031 30001 .55 .55 .63 .50 .66 .65 .70 .62
580 30001 30001 30031 30001 .79 .67 .65 .76 .84 .75 .72 .82
590 30001 30001 30031 30001 .79 .67 .65 .76 .84 .75 .72 .82
600 30001 30001 30031 30001 .79 .67 .65 .76 .84 .75 .72 .82
610 30001 30001 30031 30001 .79 .67 .65 .76 .84 .75 .72 .82
620 30031 30301 30301 30301 .61 .38 .39 .52 .70 .52 .54 .63
630 30301 30301 30301 30301 1.00 1.00 1.00 1.00 1.00 1.00 1.00 1.00
640 30301 30301 30301 30301 1.00 1.00 1.00 1.00 1.00 1.00 1.00 1.00
650 30302 30302 30302 30302 1.00 1.00 1.00 1.00 1.00 1.00 1.00 1.00
660 30302 30302 30302 30302 1.00 1.00 1.00 1.00 1.00 1.00 1.00 1.00
670 30302 30302 30303 30302 .79 .92 .97 .99 .85 .94 .98 .99
680 30302 30303 30303 30303 .77 .91 .97 .99 .82 .93 .98 .99
690 30303 30303 30303 30303 1.00 1.00 1.00 1.00 1.00 1.00 1.00 1.00
700 30303 30303 30303 30303 1.00 1.00 1.00 1.00 1.00 1.00 1.00 1.00
710 30303 30303 30303 30303 1.00 1.00 1.00 1.00 1.00 1.00 1.00 1.00
720 30303 30303 30303 30303 1.00 1.00 1.00 1.00 1.00 1.00 1.00 1.00
730 03303 03303 30303 03303 .48 .48 .48 .48 .60 .60 .60 .60
740 03003 00000 00000 00000 -0.08 -0.08 -0.08 -0.08 -0.06 -0.06 -0.06 -0.06
750 03003 00000 00000 00000 -0.08 -0.08 -0.08 -0.08 -0.06 -0.06 -0.06 -0.06
760 00003 00000 00000 00000 1.0 1.0 1.0 1.0 1.0 1.0 1.0 1.0
770 00000 00000 00000 00000 1.0 1.0 1.0 1.0 1.0 1.0 1.0 1.0
780 00000 00000 00000 00000 1.0 1.0 1.0 1.0 1.0 1.0 1.0 1.0
790 00000 00000 00000 00000 1.0 1.0 1.0 1.0 1.0 1.0 1.0 1.0
800 00000 00000 00000 00000 1.0 1.0 1.0 1.0 1.0 1.0 1.0 1.0
810 00000 00000 00000 00000 1.0 1.0 1.0 1.0 1.0 1.0 1.0 1.0
820 00300 00300 00000 00300 .46 .46 .46 .46 .63 .63 .63 .63
830 00300 00300 00000 00300 .46 .46 .46 .46 .63 .63 .63 .63
840 00300 00300 00300 00300 1.00 1.00 1.00 1.00 1.00 1.00 1.00 1.00
850 00300 00300 00300 00300 1.00 1.00 1.00 1.00 1.00 1.00 1.00 1.00
860 00300 00300 00300 00300 1.00 1.00 1.00 1.00 1.00 1.00 1.00 1.00
870 00300 00300 00300 00300 1.00 1.00 1.00 1.00 1.00 1.00 1.00 1.00
880 00300 00300 00300 00300 1.00 1.00 1.00 1.00 1.00 1.00 1.00 1.00
890 00300 00300 00300 00300 1.00 1.00 1.00 1.00 1.00 1.00 1.00 1.00
900 00300 00300 00300 00300 1.00 1.00 1.00 1.00 1.00 1.00 1.00 1.00
910 00300 00300 00300 00300 1.00 1.00 1.00 1.00 1.00 1.00 1.00 1.00
920 00300 00300 00300 00300 1.00 1.00 1.00 1.00 1.00 1.00 1.00 1.00
930 03300 30300 30300 30300 .48 .48 .48 .48 .60 .60 .60 .60
940 30300 30300 30300 30300 1.00 1.00 1.00 1.00 1.00 1.00 1.00 1.00
950 30300 30000 30000 30000 .68 .68 .68 .68 .75 .75 .75 .75
960 30030 30000 30000 30000 .68 .68 .68 .68 .75 .75 .75 .75
970 30000 30000 30000 30000 1.00 1.00 1.00 1.00 1.00 1.00 1.00 1.00
980 30000 30000 30000 30000 1.00 1.00 1.00 1.00 1.00 1.00 1.00 1.00
990 30000 30000 30000 30000 1.00 1.00 1.00 1.00 1.00 1.00 1.00 1.00
1000 30000 30000 30000 30000 1.00 1.00 1.00 1.00 1.00 1.00 1.00 1.00
1010 30000 30000 30000 30000 1.00 1.00 1.00 1.00 1.00 1.00 1.00 1.00
1020 30000 30000 30000 30000 1.00 1.00 1.00 1.00 1.00 1.00 1.00 1.00
1030 30000 30000 30000 30000 1.00 1.00 1.00 1.00 1.00 1.00 1.00 1.00
1040 30000 30000 30000 30000 1.00 1.00 1.00 1.00 1.00 1.00 1.00 1.00
1050 30000 30000 30000 30000 1.00 1.00 1.00 1.00 1.00 1.00 1.00 1.00
1060 30000 30000 30000 30000 1.00 1.00 1.00 1.00 1.00 1.00 1.00 1.00
1070 30000 30000 30000 30000 1.00 1.00 1.00 1.00 1.00 1.00 1.00 1.00
1080 30000 30000 30000 30000 1.00 1.00 1.00 1.00 1.00 1.00 1.00 1.00
1090 30000 30000 30030 30000 .68 .68 .68 .68 .75 .75 .75 .75
1100 30001 30000 30030 30000 .48 .54 .64 .45 .57 .63 .71 .55
1110 30001 30000 30030 30000 .48 .54 .64 .45 .57 .63 .71 .55
1120 30001 30001 30030 30001 .55 .55 .63 .50 .66 .65 .70 .62
1130 30001 30001 30031 30001 .79 .67 .65 .76 .84 .75 .72 .82
1140 30001 30001 30031 30001 .79 .67 .65 .76 .84 .75 .72 .82
1150 30001 30001 30031 30001 .79 .67 .65 .76 .84 .75 .72 .82
1160 30031 30001 30031 30031 .80 .68 .68 .77 .85 .76 .76 .82
1170 30301 30301 30301 30301 1.00 1.00 1.00 1.00 1.00 1.00 1.00 1.00
1180 30301 30301 30301 30301 1.00 1.00 1.00 1.00 1.00 1.00 1.00 1.00
1190 30301 30302 30301 30301 .81 .99 .97 .97 .85 .99 .97 .98
1200 30302 30302 30301 30302 .81 .99 .97 .97 .85 .99 .97 .98
1210 30302 30302 30302 30302 1.00 1.00 1.00 1.00 1.00 1.00 1.00 1.00
1220 30302 30302 30302 30302 1.00 1.00 1.00 1.00 1.00 1.00 1.00 1.00
1230 30303 30303 30303 30303 1.00 1.00 1.00 1.00 1.00 1.00 1.00 1.00
1240 30303 30303 30303 30303 1.00 1.00 1.00 1.00 1.00 1.00 1.00 1.00
1250 30303 30303 30303 30303 1.00 1.00 1.00 1.00 1.00 1.00 1.00 1.00
1260 30303 30303 30303 30303 1.00 1.00 1.00 1.00 1.00 1.00 1.00 1.00
1270 30303 30303 30303 30303 1.00 1.00 1.00 1.00 1.00 1.00 1.00 1.00
1280 03033 03003 00000 03003 .16 .16 .16 .16 .37 .37 .37 .37
1290 00003 00000 00000 00000 1.0 1.0 1.0 1.0 1.0 1.0 1.0 1.0
1300 00003 00000 00000 00000 1.0 1.0 1.0 1.0 1.0 1.0 1.0 1.0
1310 00003 00000 00000 00000 1.0 1.0 1.0 1.0 1.0 1.0 1.0 1.0
1320 00003 00000 00000 00000 1.0 1.0 1.0 1.0 1.0 1.0 1.0 1.0
1330 00003 00000 00060 00000 -0.04 -0.08 -0.06 -0.07 -0.03 -0.06 -0.04 -0.05
1340 00003 00000 00060 00000 -0.04 -0.08 -0.06 -0.07 -0.03 -0.06 -0.04 -0.05
1350 00003 00000 00060 00000 -0.04 -0.08 -0.06 -0.07 -0.03 -0.06 -0.04 -0.05
1360 00003 00000 00060 00000 -0.04 -0.08 -0.06 -0.07 -0.03 -0.06 -0.04 -0.05
1370 00003 00000 00060 00000 -0.04 -0.08 -0.06 -0.07 -0.03 -0.06 -0.04 -0.05
1380 00003 00000 00000 00000 1.0 1.0 1.0 1.0 1.0 1.0 1.0 1.0
1390 00003 00000 00000 00000 1.0 1.0 1.0 1.0 1.0 1.0 1.0 1.0
1400 00003 00000 00000 00000 1.0 1.0 1.0 1.0 1.0 1.0 1.0 1.0
