0 00000 00000 00000 00000 1.0 1.0 1.0 1.0 1.0 1.0 1.0 1.0
10 00000 00000 00000 00000 1.0 1.0 1.0 1.0 1.0 1.0 1.0 1.0
20 00000 00000 00000 00000 1.0 1.0 1.0 1.0 1.0 1.0 1.0 1.0
30 00000 00000 00000 00000 1.0 1.0 1.0 1.0 1.0 1.0 1.0 1.0
40 00000 00000 00000 00000 1.0 1.0 1.0 1.0 1.0 1.0 1.0 1.0
50 00000 00000 00000 00000 1.0 1.0 1.0 1.0 1.0 1.0 1.0 1.0
60 00000 00000 00000 00000 1.0 1.0 1.0 1.0 1.0 1.0 1.0 1.0
70 03000 03000 00000 03000 .46 .46 .46 .46 .63 .63 .63 .63
80 03000 03000 00000 03000 .46 .46 .46 .46 .63 .63 .63 .63
90 30000 03000 30000 30000 .22 .22 .22 .22 .41 .41 .41 .41
100 30000 30000 30000 30000 1.00 1.00 1.00 1.00 1.00 1.00 1.00 1.00
110 30000 30000 30000 30000 1.00 1.00 1.00 1.00 1.00 1.00 1.00 1.00
120 30000 30000 30000 30000 1.00 1.00 1.00 1.00 1.00 1.00 1.00 1.00
130 30000 30000 30000 30000 1.00 1.00 1.00 1.00 1.00 1.00 1.00 1.00
140 30000 30000 30000 30000 1.00 1.00 1.00 1.00 1.00 1.00 1.00 1.00
150 30000 30000 30000 30000 1.00 1.00 1.00 1.00 1.00 1.00 1.00 1.00
160 30000 30000 30000 30000 1.00 1.00 1.00 1.00 1.00 1.00 1.00 1.00
170 30000 30000 30000 30000 1.00 1.00 1.00 1.00 1.00 1.00 1.00 1.00
180 30000 30000 30000 30000 1.00 1.00 1.00 1.00 1.00 1.00 1.00 1.00
190 30000 30000 30000 30000 1.00 1.00 1.00 1.00 1.00 1.00 1.00 1.00
200 30000 30000 30000 30000 1.00 1.00 1.00 1.00 1.00 1.00 1.00 1.00
210 30001 30001 30030 30001 .55 .55 .63 .50 .66 .65 .70 .62
220 30001 30001 30030 30001 .55 .55 .63 .50 .66 .65 .70 .62
230 30001 30001 30030 30001 .55 .55 .63 .50 .66 .65 .70 .62
240 30001 30001 30030 30001 .55 .55 .63 .50 .66 .65 .70 .62
250 30001 30001 30030 30001 .55 .55 .63 .50 .66 .65 .70 .62
260 30001 30001 30030 30001 .55 .55 .63 .50 .66 .65 .70 .62
270 30001 30001 30030 30001 .55 .55 .63 .50 .66 .65 .70 .62
280 30001 30001 30031 30001 .79 .67 .65 .76 .84 .75 .72 .82
290 30031 30031 30031 30031 1.00 1.00 1.00 1.00 1.00 1.00 1.00 1.00
300 30301 30301 30031 30301 .61 .38 .39 .52 .70 .52 .54 .63
310 30301 30301 30031 30301 .61 .38 .39 .52 .70 .52 .54 .63
320 30301 30301 30031 30301 .61 .38 .39 .52 .70 .52 .54 .63
330 30301 30301 30031 30301 .61 .38 .39 .52 .70 .52 .54 .63
340 30301 30301 30301 30301 1.00 1.00 1.00 1.00 1.00 1.00 1.00 1.00
350 30301 30301 30301 30301 1.00 1.00 1.00 1.00 1.00 1.00 1.00 1.00
360 30301 30302 30301 30301 .81 .99 .97 .97 .85 .99 .97 .98
370 30302 30302 30301 30302 .81 .99 .97 .97 .85 .99 .97 .98
380 30302 30302 30301 30302 .81 .99 .97 .97 .85 .99 .97 .98
390 30302 30302 30301 30302 .81 .99 .97 .97 .85 .99 .97 .98
400 30302 30302 30301 30302 .81 .99 .97 .97 .85 .99 .97 .98
410 30302 30302 30301 30302 .81 .99 .97 .97 .85 .99 .97 .98
420 30302 30303 30302 30302 .79 .92 .97 .99 .85 .94 .98 .99
430 30303 30303 30302 30303 .77 .91 .97 .99 .82 .93 .98 .99
440 30003 30003 30002 30003 .76 .96 .97 .99 .82 .97 .98 .99
450 30003 30003 30002 30003 .76 .96 .97 .99 .82 .97 .98 .99
460 03003 30003 00000 00003 .05 .05 .05 .05 .24 .24 .24 .24
470 00003 00000 00000 00000 1.0 1.0 1.0 1.0 1.0 1.0 1.0 1.0
480 00003 00000 00000 00000 1.0 1.0 1.0 1.0 1.0 1.0 1.0 1.0
490 00003 00000 00000 00000 1.0 1.0 1.0 1.0 1.0 1.0 1.0 1.0
500 00000 00000 00000 00000 1.0 1.0 1.0 1.0 1.0 1.0 1.0 1.0
510 00000 00000 00000 00000 1.0 1.0 1.0 1.0 1.0 1.0 1.0 1.0
520 00000 00000 00000 00000 1.0 1.0 1.0 1.0 1.0 1.0 1.0 1.0
530 00000 00000 00000 00000 1.0 1.0 1.0 1.0 1.0 1.0 1.0 1.0
540 00000 00000 30000 00000 1.0 1.0 1.0 1.0 1.0 1.0 1.0 1.0
550 30000 03000 30000 30000 .22 .22 .22 .22 .41 .41 .41 .41
560 30000 30000 30000 30000 1.00 1.00 1.00 1.00 1.00 1.00 1.00 1.00
570 30000 30000 30000 30000 1.00 1.00 1.00 1.00 1.00 1.00 1.00 1.00
580 30300 30300 30000 30300 .72 .72 .72 .72 .79 .79 .79 .79
590 30300 30300 30000 30300 .72 .72 .72 .72 .79 .79 .79 .79
600 30300 30300 30000 30300 .72 .72 .72 .72 .79 .79 .79 .79
610 30030 30000 30300 30000 .44 .44 .44 .44 .55 .55 .55 .55
620 30300 30000 30302 30300 .53 .60 .59 .48 .63 .71 .70 .61
630 30300 30200 30302 30300 .58 .85 .84 .74 .66 .89 .88 .80
640 30300 30200 30302 30300 .58 .85 .84 .74 .66 .89 .88 .80
650 30300 30200 30303 30300 .55 .68 .70 .74 .64 .76 .77 .80
660 30300 00000 30003 30000 .05 .05 .05 .05 .24 .24 .24 .24
670 00000 00000 00000 00000 1.0 1.0 1.0 1.0 1.0 1.0 1.0 1.0
680 00000 00000 00000 00000 1.0 1.0 1.0 1.0 1.0 1.0 1.0 1.0
690 00000 00000 00000 00000 1.0 1.0 1.0 1.0 1.0 1.0 1.0 1.0
700 00000 00000 00000 00000 1.0 1.0 1.0 1.0 1.0 1.0 1.0 1.0
710 00000 00000 00000 00000 1.0 1.0 1.0 1.0 1.0 1.0 1.0 1.0
720 00000 00000 00000 00000 1.0 1.0 1.0 1.0 1.0 1.0 1.0 1.0
730 00000 00000 00000 00000 1.0 1.0 1.0 1.0 1.0 1.0 1.0 1.0
740 00000 00000 00000 00000 1.0 1.0 1.0 1.0 1.0 1.0 1.0 1.0
750 30000 30000 30000 30000 1.00 1.00 1.00 1.00 1.00 1.00 1.00 1.00
760 30000 30000 30000 30000 1.00 1.00 1.00 1.00 1.00 1.00 1.00 1.00
770 30000 30000 30000 30000 1.00 1.00 1.00 1.00 1.00 1.00 1.00 1.00
780 30000 30000 30000 30000 1.00 1.00 1.00 1.00 1.00 1.00 1.00 1.00
790 30000 30000 30000 30000 1.00 1.00 1.00 1.00 1.00 1.00 1.00 1.00
800 30000 30000 30000 30000 1.00 1.00 1.00 1.00 1.00 1.00 1.00 1.00
810 30000 30000 30000 30000 1.00 1.00 1.00 1.00 1.00 1.00 1.00 1.00
820 30000 30000 30000 30000 1.00 1.00 1.00 1.00 1.00 1.00 1.00 1.00
830 30000 30000 30000 30000 1.00 1.00 1.00 1.00 1.00 1.00 1.00 1.00
840 30000 30000 30000 30000 1.00 1.00 1.00 1.00 1.00 1.00 1.00 1.00
850 30000 30000 30000 30000 1.00 1.00 1.00 1.00 1.00 1.00 1.00 1.00
860 30000 30000 30000 30000 1.00 1.00 1.00 1.00 1.00 1.00 1.00 1.00
870 30000 30000 30000 30000 1.00 1.00 1.00 1.00 1.00 1.00 1.00 1.00
880 30000 30000 30030 30000 .68 .68 .68 .68 .75 .75 .75 .75
890 30000 30000 30030 30000 .68 .68 .68 .68 .75 .75 .75 .75
900 30000 30000 30030 30000 .68 .68 .68 .68 .75 .75 .75 .75
910 30001 30001 30030 30001 .55 .55 .63 .50 .66 .65 .70 .62
920 30001 30001 30030 30001 .55 .55 .63 .50 .66 .65 .70 .62
930 30001 30001 30030 30001 .55 .55 .63 .50 .66 .65 .70 .62
940 30001 30001 30031 30001 .79 .67 .65 .76 .84 .75 .72 .82
950 30001 30001 30031 30001 .79 .67 .65 .76 .84 .75 .72 .82
960 30001 30001 30031 30001 .79 .67 .65 .76 .84 .75 .72 .82
970 30001 30001 30031 30001 .79 .67 .65 .76 .84 .75 .72 .82
980 30001 30001 30031 30001 .79 .67 .65 .76 .84 .75 .72 .82
990 30001 30001 30031 30001 .79 .67 .65 .76 .84 .75 .72 .82
1000 30001 30001 30031 30001 .79 .67 .65 .76 .84 .75 .72 .82
1010 30001 30001 30031 30001 .79 .67 .65 .76 .84 .75 .72 .82
1020 30301 30301 30301 30301 1.00 1.00 1.00 1.00 1.00 1.00 1.00 1.00
1030 30301 30301 30301 30301 1.00 1.00 1.00 1.00 1.00 1.00 1.00 1.00
1040 30301 30301 30301 30301 1.00 1.00 1.00 1.00 1.00 1.00 1.00 1.00
1050 30301 30301 30301 30301 1.00 1.00 1.00 1.00 1.00 1.00 1.00 1.00
1060 30301 30301 30301 30301 1.00 1.00 1.00 1.00 1.00 1.00 1.00 1.00
1070 30302 30302 30301 30302 .81 .99 .97 .97 .85 .99 .97 .98
1080 30302 30302 30301 30302 .81 .99 .97 .97 .85 .99 .97 .98
1090 30302 30302 30301 30302 .81 .99 .97 .97 .85 .99 .97 .98
1100 30302 30302 30301 30302 .81 .99 .97 .97 .85 .99 .97 .98
1110 30302 30302 30301 30302 .81 .99 .97 .97 .85 .99 .97 .98
1120 30302 30302 30301 30302 .81 .99 .97 .97 .85 .99 .97 .98
1130 30302 30302 30301 30302 .81 .99 .97 .97 .85 .99 .97 .98
1140 30302 30302 30301 30302 .81 .99 .97 .97 .85 .99 .97 .98
1150 30302 30302 30301 30302 .81 .99 .97 .97 .85 .99 .97 .98
1160 30302 30302 30301 30302 .81 .99 .97 .97 .85 .99 .97 .98
1170 30303 30303 30302 30303 .77 .91 .97 .99 .82 .93 .98 .99
1180 30303 30303 30302 30303 .77 .91 .97 .99 .82 .93 .98 .99
1190 30303 30303 30300 30303 .75 .75 .75 .75 .81 .81 .81 .81
1200 30303 30303 30300 30303 .75 .75 .75 .75 .81 .81 .81 .81
1210 00033 00033 00000 00033 .36 .36 .36 .36 .55 .55 .55 .55
1220 00033 00033 00000 00033 .36 .36 .36 .36 .55 .55 .55 .55
1230 00033 00033 00000 00033 .36 .36 .36 .36 .55 .55 .55 .55
1240 00033 00033 00000 00033 .36 .36 .36 .36 .55 .55 .55 .55
1250 00033 00033 00000 00033 .36 .36 .36 .36 .55 .55 .55 .55
1260 00033 00033 00000 00033 .36 .36 .36 .36 .55 .55 .55 .55
1270 00033 00033 00000 00033 .36 .36 .36 .36 .55 .55 .55 .55
1280 00033 00033 00000 00033 .36 .36 .36 .36 .55 .55 .55 .55
1290 00033 00033 00000 00033 .36 .36 .36 .36 .55 .55 .55 .55
1300 00033 00000 00000 00000 -0.08 -0.08 -0.08 -0.08 -0.06 -0.06 -0.06 -0.06
1310 00033 00000 00000 00000 -0.08 -0.08 -0.08 -0.08 -0.06 -0.06 -0.06 -0.06
1320 00033 00000 00000 00000 -0.08 -0.08 -0.08 -0.08 -0.06 -0.06 -0.06 -0.06
1330 00033 00000 00000 00000 -0.08 -0.08 -0.08 -0.08 -0.06 -0.06 -0.06 -0.06
1340 00033 00000 00000 00000 -0.08 -0.08 -0.08 -0.08 -0.06 -0.06 -0.06 -0.06
1350 00033 00000 00000 00000 -0.08 -0.08 -0.08 -0.08 -0.06 -0.06 -0.06 -0.06
1360 00033 00000 00000 00000 -0.08 -0.08 -0.08 -0.08 -0.06 -0.06 -0.06 -0.06
1370 00033 00000 00000 00000 -0.08 -0.08 -0.08 -0.08 -0.06 -0.06 -0.06 -0.06
1380 00033 00000 00000 00000 -0.08 -0.08 -0.08 -0.08 -0.06 -0.06 -0.06 -0.06
1390 00033 00000 00000 00000 -0.08 -0.08 -0.08 -0.08 -0.06 -0.06 -0.06 -0.06
1400 00003 00000 00000 00000 1.0 1.0 1.0 1.0 1.0 1.0 1.0 1.0
1410 00003 00000 00000 00000 1.0 1.0 1.0 1.0 1.0 1.0 1.0 1.0
1420 00003 00000 00000 00000 1.0 1.0 1.0 1.0 1.0 1.0 1.0 1.0
1430 00003 00000 00000 00000 1.0 1.0 1.0 1.0 1.0 1.0 1.0 1.0
1440 00003 00000 00000 00000 1.0 1.0 1.0 1.0 1.0 1.0 1.0 1.0
1450 00003 00000 00000 00000 1.0 1.0 1.0 1.0 1.0 1.0 1.0 1.0
1460 00003 00000 00000 00000 1.0 1.0 1.0 1.0 1.0 1.0 1.0 1.0
1470 00003 00000 00000 00000 1.0 1.0 1.0 1.0 1.0 1.0 1.0 1.0
1480 00003 00000 00000 00000 1.0 1.0 1.0 1.0 1.0 1.0 1.0 1.0
