0 00000 00000 10100 00000 -0.08 -0.08 -0.08 -0.08 -0.06 -0.06 -0.06 -0.06
10 00000 00000 10100 00000 -0.08 -0.08 -0.08 -0.08 -0.06 -0.06 -0.06 -0.06
20 00000 00000 10100 00000 -0.08 -0.08 -0.08 -0.08 -0.06 -0.06 -0.06 -0.06
30 00000 00000 10100 00000 -0.08 -0.08 -0.08 -0.08 -0.06 -0.06 -0.06 -0.06
40 00000 00000 10100 00000 -0.08 -0.08 -0.08 -0.08 -0.06 -0.06 -0.06 -0.06
50 00000 00000 10100 00000 -0.08 -0.08 -0.08 -0.08 -0.06 -0.06 -0.06 -0.06
60 00000 00000 10100 00000 -0.08 -0.08 -0.08 -0.08 -0.06 -0.06 -0.06 -0.06
70 00000 00000 00100 00000 1.0 1.0 1.0 1.0 1.0 1.0 1.0 1.0
80 00000 00000 00000 00000 1.0 1.0 1.0 1.0 1.0 1.0 1.0 1.0
90 00000 00000 00000 00000 1.0 1.0 1.0 1.0 1.0 1.0 1.0 1.0
100 00000 00000 00000 00000 1.0 1.0 1.0 1.0 1.0 1.0 1.0 1.0
110 00000 00000 00000 00000 1.0 1.0 1.0 1.0 1.0 1.0 1.0 1.0
120 00000 00000 00000 00000 1.0 1.0 1.0 1.0 1.0 1.0 1.0 1.0
130 03000 00000 00000 00000 1.0 1.0 1.0 1.0 1.0 1.0 1.0 1.0
140 30000 30000 30000 30000 1.00 1.00 1.00 1.00 1.00 1.00 1.00 1.00
150 30000 30000 30000 30000 1.00 1.00 1.00 1.00 1.00 1.00 1.00 1.00
160 30000 30000 30000 30000 1.00 1.00 1.00 1.00 1.00 1.00 1.00 1.00
170 30000 30000 30000 30000 1.00 1.00 1.00 1.00 1.00 1.00 1.00 1.00
180 30000 30000 30000 30000 1.00 1.00 1.00 1.00 1.00 1.00 1.00 1.00
190 30000 30000 30000 30000 1.00 1.00 1.00 1.00 1.00 1.00 1.00 1.00
200 30000 30000 30000 30000 1.00 1.00 1.00 1.00 1.00 1.00 1.00 1.00
210 30000 30000 30000 30000 1.00 1.00 1.00 1.00 1.00 1.00 1.00 1.00
220 30300 30300 30300 30300 1.00 1.00 1.00 1.00 1.00 1.00 1.00 1.00
230 30300 30300 30300 30300 1.00 1.00 1.00 1.00 1.00 1.00 1.00 1.00
240 30300 30300 30300 30300 1.00 1.00 1.00 1.00 1.00 1.00 1.00 1.00
250 00300 00300 00300 00300 1.00 1.00 1.00 1.00 1.00 1.00 1.00 1.00
260 00300 00300 00300 00300 1.00 1.00 1.00 1.00 1.00 1.00 1.00 1.00
270 00300 00300 00300 00300 1.00 1.00 1.00 1.00 1.00 1.00 1.00 1.00
280 00300 00300 03300 00300 .68 .68 .68 .68 .75 .75 .75 .75
290 00300 00300 03300 00300 .68 .68 .68 .68 .75 .75 .75 .75
300 00300 00300 03300 00300 .68 .68 .68 .68 .75 .75 .75 .75
310 00300 00300 03300 00300 .68 .68 .68 .68 .75 .75 .75 .75
320 30300 30300 30300 30300 1.00 1.00 1.00 1.00 1.00 1.00 1.00 1.00
330 30030 30000 30030 30030 .72 .72 .72 .72 .79 .79 .79 .79
340 30000 30000 30000 30000 1.00 1.00 1.00 1.00 1.00 1.00 1.00 1.00
350 30000 30000 30000 30000 1.00 1.00 1.00 1.00 1.00 1.00 1.00 1.00
360 30000 30000 30000 30000 1.00 1.00 1.00 1.00 1.00 1.00 1.00 1.00
370 30000 30000 30030 30000 .68 .68 .68 .68 .75 .75 .75 .75
380 30000 30000 30030 30000 .68 .68 .68 .68 .75 .75 .75 .75
390 30000 30000 30030 30000 .68 .68 .68 .68 .75 .75 .75 .75
400 30000 30000 30030 30000 .68 .68 .68 .68 .75 .75 .75 .75
410 30000 30000 30030 30000 .68 .68 .68 .68 .75 .75 .75 .75
420 30001 30001 30030 30001 .55 .55 .63 .50 .66 .65 .70 .62
430 30001 30001 30030 30001 .55 .55 .63 .50 .66 .65 .70 .62
440 30001 30001 30031 30001 .79 .67 .65 .76 .84 .75 .72 .82
450 30001 30001 30031 30001 .79 .67 .65 .76 .84 .75 .72 .82
460 30001 30001 30031 30001 .79 .67 .65 .76 .84 .75 .72 .82
470 30001 30001 30031 30001 .79 .67 .65 .76 .84 .75 .72 .82
480 30001 30001 30031 30001 .79 .67 .65 .76 .84 .75 .72 .82
490 30001 30001 30031 30001 .79 .67 .65 .76 .84 .75 .72 .82
500 30001 30031 30031 30031 .80 .68 .68 .77 .85 .76 .76 .82
510 30001 30031 30031 30031 .80 .68 .68 .77 .85 .76 .76 .82
520 30001 30031 30301 30001 .61 .37 .36 .53 .69 .51 .49 .64
530 30001 30031 30301 30001 .61 .37 .36 .53 .69 .51 .49 .64
540 30001 30031 30301 30001 .61 .37 .36 .53 .69 .51 .49 .64
550 30001 30031 30301 30001 .61 .37 .36 .53 .69 .51 .49 .64
560 30001 30031 30301 30001 .61 .37 .36 .53 .69 .51 .49 .64
570 30001 30031 30301 30001 .61 .37 .36 .53 .69 .51 .49 .64
580 30001 30031 30301 30001 .61 .37 .36 .53 .69 .51 .49 .64
590 30001 30031 30301 30001 .61 .37 .36 .53 .69 .51 .49 .64
600 30001 30031 30301 30001 .61 .37 .36 .53 .69 .51 .49 .64
610 30001 30031 30301 30001 .61 .37 .36 .53 .69 .51 .49 .64
620 30001 30031 30301 30001 .61 .37 .36 .53 .69 .51 .49 .64
630 30001 30031 30301 30001 .61 .37 .36 .53 .69 .51 .49 .64
640 30001 30031 30301 30001 .61 .37 .36 .53 .69 .51 .49 .64
650 30001 30031 30301 30001 .61 .37 .36 .53 .69 .51 .49 .64
660 30001 30001 30301 30001 .79 .67 .65 .76 .84 .75 .72 .82
670 30000 30000 30300 30000 .68 .68 .68 .68 .75 .75 .75 .75
680 30000 30000 30300 30000 .68 .68 .68 .68 .75 .75 .75 .75
690 30000 30000 30300 30000 .68 .68 .68 .68 .75 .75 .75 .75
700 30000 30000 30000 30000 1.00 1.00 1.00 1.00 1.00 1.00 1.00 1.00
710 30000 30000 30000 30000 1.00 1.00 1.00 1.00 1.00 1.00 1.00 1.00
720 30000 30000 30030 30000 .68 .68 .68 .68 .75 .75 .75 .75
730 30000 30000 30030 30000 .68 .68 .68 .68 .75 .75 .75 .75
740 30300 30300 30310 30300 .77 .91 .97 .76 .82 .93 .98 .81
750 30300 30300 30310 30300 .77 .91 .97 .76 .82 .93 .98 .81
760 30300 30300 30310 30300 .77 .91 .97 .76 .82 .93 .98 .81
770 30300 30300 30300 30300 1.00 1.00 1.00 1.00 1.00 1.00 1.00 1.00
780 30300 30300 30310 30300 .77 .91 .97 .76 .82 .93 .98 .81
790 30300 30300 30310 30300 .77 .91 .97 .76 .82 .93 .98 .81
800 30300 30300 30310 30300 .77 .91 .97 .76 .82 .93 .98 .81
810 30300 30300 30300 30300 1.00 1.00 1.00 1.00 1.00 1.00 1.00 1.00
820 30300 30300 30300 30300 1.00 1.00 1.00 1.00 1.00 1.00 1.00 1.00
830 30300 30300 30300 30300 1.00 1.00 1.00 1.00 1.00 1.00 1.00 1.00
840 30300 30300 30300 30300 1.00 1.00 1.00 1.00 1.00 1.00 1.00 1.00
850 30030 30300 30300 30300 .48 .48 .48 .48 .60 .60 .60 .60
860 30000 30000 30000 30000 1.00 1.00 1.00 1.00 1.00 1.00 1.00 1.00
870 30000 30000 30000 30000 1.00 1.00 1.00 1.00 1.00 1.00 1.00 1.00
880 30000 30000 30300 30000 .68 .68 .68 .68 .75 .75 .75 .75
890 30000 30000 30300 30000 .68 .68 .68 .68 .75 .75 .75 .75
900 30000 30000 30300 30000 .68 .68 .68 .68 .75 .75 .75 .75
910 30000 30000 30300 30000 .68 .68 .68 .68 .75 .75 .75 .75
920 30000 30000 30300 30000 .68 .68 .68 .68 .75 .75 .75 .75
930 30000 30000 30300 30000 .68 .68 .68 .68 .75 .75 .75 .75
940 30001 30000 30300 30000 .48 .54 .64 .45 .57 .63 .71 .55
950 30001 30000 30300 30000 .48 .54 .64 .45 .57 .63 .71 .55
960 30001 30000 30300 30000 .48 .54 .64 .45 .57 .63 .71 .55
970 30001 30001 30300 30001 .55 .55 .63 .50 .66 .65 .70 .62
980 30001 30001 30301 30001 .79 .67 .65 .76 .84 .75 .72 .82
990 30000 30001 30301 30001 .55 .55 .63 .50 .66 .65 .70 .62
1000 30000 30000 30000 30000 1.00 1.00 1.00 1.00 1.00 1.00 1.00 1.00
1010 30000 30000 30000 30000 1.00 1.00 1.00 1.00 1.00 1.00 1.00 1.00
1020 30000 30000 30000 30000 1.00 1.00 1.00 1.00 1.00 1.00 1.00 1.00
1030 30000 30000 30000 30000 1.00 1.00 1.00 1.00 1.00 1.00 1.00 1.00
1040 30000 30000 30000 30000 1.00 1.00 1.00 1.00 1.00 1.00 1.00 1.00
1050 03000 00000 03000 03000 .46 .46 .46 .46 .63 .63 .63 .63
1060 00000 00000 00000 00000 1.0 1.0 1.0 1.0 1.0 1.0 1.0 1.0
1070 00000 00000 00000 00000 1.0 1.0 1.0 1.0 1.0 1.0 1.0 1.0
1080 00000 00000 00000 00000 1.0 1.0 1.0 1.0 1.0 1.0 1.0 1.0
1090 00000 00000 00000 00000 1.0 1.0 1.0 1.0 1.0 1.0 1.0 1.0
1100 30000 30000 30000 30000 1.00 1.00 1.00 1.00 1.00 1.00 1.00 1.00
1110 30030 30000 30000 30000 .68 .68 .68 .68 .75 .75 .75 .75
1120 30030 30000 30030 30030 .72 .72 .72 .72 .79 .79 .79 .79
1130 30030 30000 30030 30030 .72 .72 .72 .72 .79 .79 .79 .79
1140 30300 30300 30030 30300 .48 .48 .48 .48 .60 .60 .60 .60
1150 30300 30300 30300 30300 1.00 1.00 1.00 1.00 1.00 1.00 1.00 1.00
1160 30300 30300 30300 30300 1.00 1.00 1.00 1.00 1.00 1.00 1.00 1.00
1170 30300 30300 30300 30300 1.00 1.00 1.00 1.00 1.00 1.00 1.00 1.00
1180 30300 30300 30300 30300 1.00 1.00 1.00 1.00 1.00 1.00 1.00 1.00
1190 30300 30300 30300 30300 1.00 1.00 1.00 1.00 1.00 1.00 1.00 1.00
1200 30300 30300 30300 30300 1.00 1.00 1.00 1.00 1.00 1.00 1.00 1.00
1210 30300 30300 30300 30300 1.00 1.00 1.00 1.00 1.00 1.00 1.00 1.00
1220 30300 30300 30300 30300 1.00 1.00 1.00 1.00 1.00 1.00 1.00 1.00
1230 30300 30300 30300 30300 1.00 1.00 1.00 1.00 1.00 1.00 1.00 1.00
1240 30300 30300 30300 30300 1.00 1.00 1.00 1.00 1.00 1.00 1.00 1.00
1250 30300 30300 30300 30300 1.00 1.00 1.00 1.00 1.00 1.00 1.00 1.00
1260 30300 30300 30300 30300 1.00 1.00 1.00 1.00 1.00 1.00 1.00 1.00
1270 03300 00300 00300 00300 .68 .68 .68 .68 .75 .75 .75 .75
1280 00000 00000 00000 00000 1.0 1.0 1.0 1.0 1.0 1.0 1.0 1.0
1290 00000 00000 00000 00000 1.0 1.0 1.0 1.0 1.0 1.0 1.0 1.0
1300 00000 00000 00000 00000 1.0 1.0 1.0 1.0 1.0 1.0 1.0 1.0
1310 00000 00000 00000 00000 1.0 1.0 1.0 1.0 1.0 1.0 1.0 1.0
1320 00000 00000 00000 00000 1.0 1.0 1.0 1.0 1.0 1.0 1.0 1.0
1330 03000 00000 00000 00000 1.0 1.0 1.0 1.0 1.0 1.0 1.0 1.0
1340 03000 30000 30000 30000 .22 .22 .22 .22 .41 .41 .41 .41
1350 30000 30000 30000 30000 1.00 1.00 1.00 1.00 1.00 1.00 1.00 1.00
1360 30000 30000 30000 30000 1.00 1.00 1.00 1.00 1.00 1.00 1.00 1.00
1370 30000 30000 30000 30000 1.00 1.00 1.00 1.00 1.00 1.00 1.00 1.00
1380 30000 30000 30000 30000 1.00 1.00 1.00 1.00 1.00 1.00 1.00 1.00
1390 30000 30000 30000 30000 1.00 1.00 1.00 1.00 1.00 1.00 1.00 1.00
1400 30000 30000 30000 30000 1.00 1.00 1.00 1.00 1.00 1.00 1.00 1.00
1410 30000 30000 30000 30000 1.00 1.00 1.00 1.00 1.00 1.00 1.00 1.00
1420 30000 30000 30000 30000 1.00 1.00 1.00 1.00 1.00 1.00 1.00 1.00
1430 30000 30000 30030 30000 .68 .68 .68 .68 .75 .75 .75 .75
1440 30300 30300 30300 30300 1.00 1.00 1.00 1.00 1.00 1.00 1.00 1.00
1450 00300 00300 00300 00300 1.00 1.00 1.00 1.00 1.00 1.00 1.00 1.00
1460 00300 00300 00300 00300 1.00 1.00 1.00 1.00 1.00 1.00 1.00 1.00
1470 00300 00300 00300 00300 1.00 1.00 1.00 1.00 1.00 1.00 1.00 1.00
1480 00300 00300 00300 00300 1.00 1.00 1.00 1.00 1.00 1.00 1.00 1.00
1490 00300 00300 03300 00300 .68 .68 .68 .68 .75 .75 .75 .75
1500 30300 30300 30300 30300 1.00 1.00 1.00 1.00 1.00 1.00 1.00 1.00
1510 30300 30300 30300 30300 1.00 1.00 1.00 1.00 1.00 1.00 1.00 1.00
1520 30000 30000 30000 30000 1.00 1.00 1.00 1.00 1.00 1.00 1.00 1.00
1530 30000 30000 30000 30000 1.00 1.00 1.00 1.00 1.00 1.00 1.00 1.00
1540 30000 30000 30000 30000 1.00 1.00 1.00 1.00 1.00 1.00 1.00 1.00
1550 30000 30000 30000 30000 1.00 1.00 1.00 1.00 1.00 1.00 1.00 1.00
1560 30000 30000 30030 30000 .68 .68 .68 .68 .75 .75 .75 .75
1570 30000 30000 30030 30000 .68 .68 .68 .68 .75 .75 .75 .75
1580 30001 30001 30030 30001 .55 .55 .63 .50 .66 .65 .70 .62
1590 30001 30001 30030 30001 .55 .55 .63 .50 .66 .65 .70 .62
1600 30001 30001 30030 30001 .55 .55 .63 .50 .66 .65 .70 .62
1610 30001 30001 30031 30001 .79 .67 .65 .76 .84 .75 .72 .82
1620 30001 30001 30031 30001 .79 .67 .65 .76 .84 .75 .72 .82
1630 30001 30001 30031 30001 .79 .67 .65 .76 .84 .75 .72 .82
1640 30001 30001 30031 30001 .79 .67 .65 .76 .84 .75 .72 .82
1650 30031 30001 30031 30031 .80 .68 .68 .77 .85 .76 .76 .82
1660 30031 30001 30031 30031 .80 .68 .68 .77 .85 .76 .76 .82
1670 30301 30301 30301 30301 1.00 1.00 1.00 1.00 1.00 1.00 1.00 1.00
1680 30301 30301 30301 30301 1.00 1.00 1.00 1.00 1.00 1.00 1.00 1.00
1690 30301 30301 30301 30301 1.00 1.00 1.00 1.00 1.00 1.00 1.00 1.00
1700 30301 30301 30301 30301 1.00 1.00 1.00 1.00 1.00 1.00 1.00 1.00
1710 30301 30301 30301 30301 1.00 1.00 1.00 1.00 1.00 1.00 1.00 1.00
1720 30302 30301 30302 30302 .81 .99 .97 .97 .85 .99 .97 .98
1730 30302 30302 30302 30302 1.00 1.00 1.00 1.00 1.00 1.00 1.00 1.00
1740 30302 30302 30302 30302 1.00 1.00 1.00 1.00 1.00 1.00 1.00 1.00
1750 30302 30302 30302 30302 1.00 1.00 1.00 1.00 1.00 1.00 1.00 1.00
1760 30302 30302 30302 30302 1.00 1.00 1.00 1.00 1.00 1.00 1.00 1.00
1770 30302 30302 30302 30302 1.00 1.00 1.00 1.00 1.00 1.00 1.00 1.00
1780 30002 30002 30002 30002 1.00 1.00 1.00 1.00 1.00 1.00 1.00 1.00
1790 30002 30002 30002 30002 1.00 1.00 1.00 1.00 1.00 1.00 1.00 1.00
1800 30002 30002 30002 30002 1.00 1.00 1.00 1.00 1.00 1.00 1.00 1.00
1810 30002 30002 30002 30002 1.00 1.00 1.00 1.00 1.00 1.00 1.00 1.00
1820 30002 30002 30002 30002 1.00 1.00 1.00 1.00 1.00 1.00 1.00 1.00
1830 30002 30002 30002 30002 1.00 1.00 1.00 1.00 1.00 1.00 1.00 1.00
1840 30002 30002 30302 30002 .79 .67 .68 .75 .84 .75 .75 .81
1850 30002 30002 30302 30002 .79 .67 .68 .75 .84 .75 .75 .81
1860 30002 30002 30302 30002 .79 .67 .68 .75 .84 .75 .75 .81
1870 30002 30002 30302 30002 .79 .67 .68 .75 .84 .75 .75 .81
1880 30002 30002 30002 30002 1.00 1.00 1.00 1.00 1.00 1.00 1.00 1.00
1890 30002 30002 30002 30002 1.00 1.00 1.00 1.00 1.00 1.00 1.00 1.00
1900 30002 30002 30002 30002 1.00 1.00 1.00 1.00 1.00 1.00 1.00 1.00
1910 30002 30002 30032 30002 .79 .67 .68 .75 .84 .75 .75 .81
1920 30032 30002 30032 30032 .80 .68 .70 .75 .85 .76 .77 .81
1930 30302 30002 30302 30302 .80 .68 .70 .75 .85 .76 .77 .81
1940 30302 30302 30302 30302 1.00 1.00 1.00 1.00 1.00 1.00 1.00 1.00
1950 30302 30302 30302 30302 1.00 1.00 1.00 1.00 1.00 1.00 1.00 1.00
1960 30302 30302 30302 30302 1.00 1.00 1.00 1.00 1.00 1.00 1.00 1.00
1970 30302 30302 30302 30302 1.00 1.00 1.00 1.00 1.00 1.00 1.00 1.00
1980 30302 30302 30302 30302 1.00 1.00 1.00 1.00 1.00 1.00 1.00 1.00
1990 30002 30002 30002 30002 1.00 1.00 1.00 1.00 1.00 1.00 1.00 1.00
2000 30002 30002 30002 30002 1.00 1.00 1.00 1.00 1.00 1.00 1.00 1.00
2010 30002 30002 30002 30002 1.00 1.00 1.00 1.00 1.00 1.00 1.00 1.00
2020 30002 30002 30002 30002 1.00 1.00 1.00 1.00 1.00 1.00 1.00 1.00
2030 30002 30002 30002 30002 1.00 1.00 1.00 1.00 1.00 1.00 1.00 1.00
2040 30032 30032 30032 30032 1.00 1.00 1.00 1.00 1.00 1.00 1.00 1.00
2050 30032 30032 30032 30032 1.00 1.00 1.00 1.00 1.00 1.00 1.00 1.00
2060 30032 30002 30032 30032 .80 .68 .70 .75 .85 .76 .77 .81
2070 30032 30002 30032 30032 .80 .68 .70 .75 .85 .76 .77 .81
2080 30032 30002 30032 30032 .80 .68 .70 .75 .85 .76 .77 .81
2090 30032 30002 30032 30032 .80 .68 .70 .75 .85 .76 .77 .81
2100 30032 30032 30032 30032 1.00 1.00 1.00 1.00 1.00 1.00 1.00 1.00
2110 30032 30032 30032 30032 1.00 1.00 1.00 1.00 1.00 1.00 1.00 1.00
2120 30032 30032 30032 30032 1.00 1.00 1.00 1.00 1.00 1.00 1.00 1.00
2130 30032 30032 30032 30032 1.00 1.00 1.00 1.00 1.00 1.00 1.00 1.00
2140 30032 30032 30302 30032 .61 .38 .39 .49 .70 .52 .54 .61
2150 30032 30032 30302 30032 .61 .38 .39 .49 .70 .52 .54 .61
2160 30302 30032 30302 30302 .61 .38 .39 .49 .70 .52 .54 .61
2170 30302 30032 30302 30302 .61 .38 .39 .49 .70 .52 .54 .61
2180 30303 30032 30302 30302 .38 .34 .40 .48 .54 .49 .53 .60
2190 30303 30032 30302 30302 .38 .34 .40 .48 .54 .49 .53 .60
2200 30303 30032 30302 30302 .38 .34 .40 .48 .54 .49 .53 .60
2210 30303 30032 30302 30302 .38 .34 .40 .48 .54 .49 .53 .60
2220 30303 30302 30302 30302 .79 .92 .97 .99 .85 .94 .98 .99
2230 30303 30303 30302 30303 .77 .91 .97 .99 .82 .93 .98 .99
2240 30303 30303 30302 30303 .77 .91 .97 .99 .82 .93 .98 .99
2250 30303 30303 30302 30303 .77 .91 .97 .99 .82 .93 .98 .99
2260 30303 30303 30302 30303 .77 .91 .97 .99 .82 .93 .98 .99
2270 30303 30303 30302 30303 .77 .91 .97 .99 .82 .93 .98 .99
2280 30303 30303 30302 30303 .77 .91 .97 .99 .82 .93 .98 .99
2290 30303 30303 30302 30303 .77 .91 .97 .99 .82 .93 .98 .99
2300 00303 00000 00302 00303 .26 .36 .35 .36 .43 .54 .53 .54
2310 00003 00000 00002 00003 .22 .46 .42 .45 .40 .62 .60 .62
2320 00003 00000 00002 00003 .22 .46 .42 .45 .40 .62 .60 .62
2330 00000 00000 00002 00000 1.0 1.0 1.0 1.0 1.0 1.0 1.0 1.0
2340 00000 00000 00002 00000 1.0 1.0 1.0 1.0 1.0 1.0 1.0 1.0
2350 00000 00000 03002 00000 -0.04 -0.08 -0.07 -0.08 -0.03 -0.06 -0.05 -0.05
2360 00000 00000 03000 00000 1.0 1.0 1.0 1.0 1.0 1.0 1.0 1.0
2370 00000 00000 03000 00000 1.0 1.0 1.0 1.0 1.0 1.0 1.0 1.0
2380 00000 00000 30000 00000 1.0 1.0 1.0 1.0 1.0 1.0 1.0 1.0
2390 03000 30000 30000 30000 .22 .22 .22 .22 .41 .41 .41 .41
2400 30000 30000 30000 30000 1.00 1.00 1.00 1.00 1.00 1.00 1.00 1.00
2410 30000 30000 30000 30000 1.00 1.00 1.00 1.00 1.00 1.00 1.00 1.00
2420 30000 30000 30000 30000 1.00 1.00 1.00 1.00 1.00 1.00 1.00 1.00
2430 30000 30000 30030 30000 .68 .68 .68 .68 .75 .75 .75 .75
2440 30000 30000 30030 30000 .68 .68 .68 .68 .75 .75 .75 .75
2450 30000 30000 30030 30000 .68 .68 .68 .68 .75 .75 .75 .75
2460 30000 30000 30030 30000 .68 .68 .68 .68 .75 .75 .75 .75
2470 30000 30000 30030 30000 .68 .68 .68 .68 .75 .75 .75 .75
2480 30001 30000 30030 30000 .48 .54 .64 .45 .57 .63 .71 .55
2490 30001 30001 30030 30001 .55 .55 .63 .50 .66 .65 .70 .62
2500 30001 30001 30030 30001 .55 .55 .63 .50 .66 .65 .70 .62
2510 30001 30001 30031 30001 .79 .67 .65 .76 .84 .75 .72 .82
2520 30001 30001 30031 30001 .79 .67 .65 .76 .84 .75 .72 .82
2530 30001 30001 30031 30001 .79 .67 .65 .76 .84 .75 .72 .82
2540 30001 30001 30031 30001 .79 .67 .65 .76 .84 .75 .72 .82
2550 30001 30001 30031 30001 .79 .67 .65 .76 .84 .75 .72 .82
2560 30001 30001 30031 30001 .79 .67 .65 .76 .84 .75 .72 .82
2570 30001 30031 30031 30031 .80 .68 .68 .77 .85 .76 .76 .82
2580 30001 30031 30031 30031 .80 .68 .68 .77 .85 .76 .76 .82
2590 30001 30031 30031 30031 .80 .68 .68 .77 .85 .76 .76 .82
2600 30001 30031 30031 30031 .80 .68 .68 .77 .85 .76 .76 .82
2610 30001 30031 30031 30031 .80 .68 .68 .77 .85 .76 .76 .82
2620 30001 30030 30031 30031 .58 .60 .66 .52 .69 .70 .74 .64
2630 30001 30030 30301 30001 .36 .30 .36 .28 .51 .44 .48 .45
2640 30001 30030 30301 30001 .36 .30 .36 .28 .51 .44 .48 .45
2650 30001 30030 30301 30001 .36 .30 .36 .28 .51 .44 .48 .45
2660 30001 30030 30301 30001 .36 .30 .36 .28 .51 .44 .48 .45
2670 30001 30030 30301 30001 .36 .30 .36 .28 .51 .44 .48 .45
2680 30001 30030 30301 30001 .36 .30 .36 .28 .51 .44 .48 .45
2690 30000 30000 30000 30000 1.00 1.00 1.00 1.00 1.00 1.00 1.00 1.00
2700 30000 30000 30000 30000 1.00 1.00 1.00 1.00 1.00 1.00 1.00 1.00
2710 30000 30000 30000 30000 1.00 1.00 1.00 1.00 1.00 1.00 1.00 1.00
2720 30000 30000 30000 30000 1.00 1.00 1.00 1.00 1.00 1.00 1.00 1.00
2730 30000 30000 30030 30000 .68 .68 .68 .68 .75 .75 .75 .75
2740 30000 30000 30030 30000 .68 .68 .68 .68 .75 .75 .75 .75
2750 30000 30000 30030 30000 .68 .68 .68 .68 .75 .75 .75 .75
2760 30001 30000 30030 30000 .48 .54 .64 .45 .57 .63 .71 .55
2770 30001 30000 30030 30000 .48 .54 .64 .45 .57 .63 .71 .55
2780 30001 30000 30030 30000 .48 .54 .64 .45 .57 .63 .71 .55
2790 30001 30000 30030 30000 .48 .54 .64 .45 .57 .63 .71 .55
2800 30000 30000 30030 30000 .68 .68 .68 .68 .75 .75 .75 .75
2810 30000 30000 30030 30000 .68 .68 .68 .68 .75 .75 .75 .75
2820 30000 30000 30000 30000 1.00 1.00 1.00 1.00 1.00 1.00 1.00 1.00
2830 30000 30000 30000 30000 1.00 1.00 1.00 1.00 1.00 1.00 1.00 1.00
2840 30000 30000 30000 30000 1.00 1.00 1.00 1.00 1.00 1.00 1.00 1.00
2850 30000 30000 30000 30000 1.00 1.00 1.00 1.00 1.00 1.00 1.00 1.00
2860 30000 30000 30000 30000 1.00 1.00 1.00 1.00 1.00 1.00 1.00 1.00
2870 30000 30000 30000 30000 1.00 1.00 1.00 1.00 1.00 1.00 1.00 1.00
2880 30000 30000 30000 30000 1.00 1.00 1.00 1.00 1.00 1.00 1.00 1.00
2890 30300 30300 30300 30300 1.00 1.00 1.00 1.00 1.00 1.00 1.00 1.00
2900 30300 30300 30300 30300 1.00 1.00 1.00 1.00 1.00 1.00 1.00 1.00
2910 30300 30300 30300 30300 1.00 1.00 1.00 1.00 1.00 1.00 1.00 1.00
2920 30300 30300 30300 30300 1.00 1.00 1.00 1.00 1.00 1.00 1.00 1.00
2930 30300 30300 30300 30300 1.00 1.00 1.00 1.00 1.00 1.00 1.00 1.00
2940 30030 30000 30300 30000 .44 .44 .44 .44 .55 .55 .55 .55
2950 30030 30000 30030 30030 .72 .72 .72 .72 .79 .79 .79 .79
2960 30000 30000 30030 30000 .68 .68 .68 .68 .75 .75 .75 .75
2970 30000 30000 30000 30000 1.00 1.00 1.00 1.00 1.00 1.00 1.00 1.00
2980 30000 30000 30000 30000 1.00 1.00 1.00 1.00 1.00 1.00 1.00 1.00
2990 30000 30000 30030 30000 .68 .68 .68 .68 .75 .75 .75 .75
3000 30030 30000 30300 30000 .44 .44 .44 .44 .55 .55 .55 .55
3010 30300 30300 30300 30300 1.00 1.00 1.00 1.00 1.00 1.00 1.00 1.00
3020 30030 30000 30030 30030 .72 .72 .72 .72 .79 .79 .79 .79
3030 30030 30000 30030 30030 .72 .72 .72 .72 .79 .79 .79 .79
3040 30300 30300 30300 30300 1.00 1.00 1.00 1.00 1.00 1.00 1.00 1.00
3050 03300 00300 03300 03300 .72 .72 .72 .72 .79 .79 .79 .79
3060 00300 00300 00300 00300 1.00 1.00 1.00 1.00 1.00 1.00 1.00 1.00
3070 00300 00300 00300 00300 1.00 1.00 1.00 1.00 1.00 1.00 1.00 1.00
3080 00300 00300 00300 00300 1.00 1.00 1.00 1.00 1.00 1.00 1.00 1.00
3090 00300 00300 00300 00300 1.00 1.00 1.00 1.00 1.00 1.00 1.00 1.00
3100 00300 00300 00300 00300 1.00 1.00 1.00 1.00 1.00 1.00 1.00 1.00
3110 03300 00300 03300 03300 .72 .72 .72 .72 .79 .79 .79 .79
3120 30300 30300 30300 30300 1.00 1.00 1.00 1.00 1.00 1.00 1.00 1.00
3130 30300 30300 30300 30300 1.00 1.00 1.00 1.00 1.00 1.00 1.00 1.00
3140 30300 30300 30300 30300 1.00 1.00 1.00 1.00 1.00 1.00 1.00 1.00
3150 30300 30300 30300 30300 1.00 1.00 1.00 1.00 1.00 1.00 1.00 1.00
3160 30300 30300 30300 30300 1.00 1.00 1.00 1.00 1.00 1.00 1.00 1.00
3170 30300 30300 30300 30300 1.00 1.00 1.00 1.00 1.00 1.00 1.00 1.00
3180 30300 30300 30300 30300 1.00 1.00 1.00 1.00 1.00 1.00 1.00 1.00
3190 30300 30300 30300 30300 1.00 1.00 1.00 1.00 1.00 1.00 1.00 1.00
3200 30300 30300 30300 30300 1.00 1.00 1.00 1.00 1.00 1.00 1.00 1.00
3210 30300 30300 30300 30300 1.00 1.00 1.00 1.00 1.00 1.00 1.00 1.00
3220 30300 30300 30300 30300 1.00 1.00 1.00 1.00 1.00 1.00 1.00 1.00
3230 30300 30300 30300 30300 1.00 1.00 1.00 1.00 1.00 1.00 1.00 1.00
3240 03300 00300 03300 03300 .72 .72 .72 .72 .79 .79 .79 .79
3250 03300 00300 03300 03300 .72 .72 .72 .72 .79 .79 .79 .79
3260 00300 00300 00300 00300 1.00 1.00 1.00 1.00 1.00 1.00 1.00 1.00
3270 00300 00300 00300 00300 1.00 1.00 1.00 1.00 1.00 1.00 1.00 1.00
3280 00300 00300 00300 00300 1.00 1.00 1.00 1.00 1.00 1.00 1.00 1.00
3290 00300 00300 00300 00300 1.00 1.00 1.00 1.00 1.00 1.00 1.00 1.00
3300 00300 00300 00300 00300 1.00 1.00 1.00 1.00 1.00 1.00 1.00 1.00
3310 03300 30300 03300 03300 .48 .48 .48 .48 .60 .60 .60 .60
3320 30300 30300 30300 30300 1.00 1.00 1.00 1.00 1.00 1.00 1.00 1.00
3330 30000 30000 30000 30000 1.00 1.00 1.00 1.00 1.00 1.00 1.00 1.00
3340 30000 30000 30000 30000 1.00 1.00 1.00 1.00 1.00 1.00 1.00 1.00
3350 30000 30000 30030 30000 .68 .68 .68 .68 .75 .75 .75 .75
3360 30000 30000 30030 30000 .68 .68 .68 .68 .75 .75 .75 .75
3370 30000 30000 30030 30000 .68 .68 .68 .68 .75 .75 .75 .75
3380 30000 30000 30030 30000 .68 .68 .68 .68 .75 .75 .75 .75
3390 30001 30001 30030 30001 .55 .55 .63 .50 .66 .65 .70 .62
3400 30001 30001 30030 30001 .55 .55 .63 .50 .66 .65 .70 .62
3410 30001 30001 30030 30001 .55 .55 .63 .50 .66 .65 .70 .62
3420 30001 30001 30031 30001 .79 .67 .65 .76 .84 .75 .72 .82
3430 30001 30001 30031 30001 .79 .67 .65 .76 .84 .75 .72 .82
3440 30001 30001 30031 30001 .79 .67 .65 .76 .84 .75 .72 .82
3450 30031 30001 30031 30031 .80 .68 .68 .77 .85 .76 .76 .82
3460 30301 30301 30301 30301 1.00 1.00 1.00 1.00 1.00 1.00 1.00 1.00
3470 30301 30301 30301 30301 1.00 1.00 1.00 1.00 1.00 1.00 1.00 1.00
3480 30301 30301 30301 30301 1.00 1.00 1.00 1.00 1.00 1.00 1.00 1.00
3490 30301 30301 30301 30301 1.00 1.00 1.00 1.00 1.00 1.00 1.00 1.00
3500 30301 30301 30301 30301 1.00 1.00 1.00 1.00 1.00 1.00 1.00 1.00
3510 30301 30301 30301 30301 1.00 1.00 1.00 1.00 1.00 1.00 1.00 1.00
3520 30302 30302 30301 30302 .81 .99 .97 .97 .85 .99 .97 .98
3530 30302 30302 30302 30302 1.00 1.00 1.00 1.00 1.00 1.00 1.00 1.00
3540 30302 30302 30302 30302 1.00 1.00 1.00 1.00 1.00 1.00 1.00 1.00
3550 30302 30302 30302 30302 1.00 1.00 1.00 1.00 1.00 1.00 1.00 1.00
3560 30302 30302 30302 30302 1.00 1.00 1.00 1.00 1.00 1.00 1.00 1.00
3570 30002 30002 30032 30002 .79 .67 .68 .75 .84 .75 .75 .81
3580 30002 30002 30032 30002 .79 .67 .68 .75 .84 .75 .75 .81
3590 30002 30002 30032 30002 .79 .67 .68 .75 .84 .75 .75 .81
3600 30002 30002 30032 30002 .79 .67 .68 .75 .84 .75 .75 .81
3610 30002 30302 30302 30302 .80 .68 .70 .75 .85 .76 .77 .81
3620 30002 30302 30302 30302 .80 .68 .70 .75 .85 .76 .77 .81
3630 30302 30302 30302 30302 1.00 1.00 1.00 1.00 1.00 1.00 1.00 1.00
3640 30302 30302 30302 30302 1.00 1.00 1.00 1.00 1.00 1.00 1.00 1.00
3650 30302 30302 30302 30302 1.00 1.00 1.00 1.00 1.00 1.00 1.00 1.00
3660 30303 30302 30302 30302 .79 .92 .97 .99 .85 .94 .98 .99
3670 30303 30303 30303 30303 1.00 1.00 1.00 1.00 1.00 1.00 1.00 1.00
3680 30303 30303 30303 30303 1.00 1.00 1.00 1.00 1.00 1.00 1.00 1.00
3690 30303 30303 30303 30303 1.00 1.00 1.00 1.00 1.00 1.00 1.00 1.00
3700 30303 30303 30303 30303 1.00 1.00 1.00 1.00 1.00 1.00 1.00 1.00
3710 30303 30303 30303 30303 1.00 1.00 1.00 1.00 1.00 1.00 1.00 1.00
3720 30303 30303 30303 30303 1.00 1.00 1.00 1.00 1.00 1.00 1.00 1.00
3730 30303 30303 30303 30303 1.00 1.00 1.00 1.00 1.00 1.00 1.00 1.00
3740 30033 30003 30003 30003 .75 .75 .75 .75 .81 .81 .81 .81
3750 30033 30003 30033 30033 .75 .75 .75 .75 .81 .81 .81 .81
3760 00003 00000 00000 00000 1.0 1.0 1.0 1.0 1.0 1.0 1.0 1.0
3770 00003 00000 00000 00000 1.0 1.0 1.0 1.0 1.0 1.0 1.0 1.0
3780 00003 00000 00000 00000 1.0 1.0 1.0 1.0 1.0 1.0 1.0 1.0
3790 00003 00000 00000 00000 1.0 1.0 1.0 1.0 1.0 1.0 1.0 1.0
3800 00003 00000 00000 00000 1.0 1.0 1.0 1.0 1.0 1.0 1.0 1.0
3810 00003 00000 00000 00000 1.0 1.0 1.0 1.0 1.0 1.0 1.0 1.0
3820 00003 00000 00000 00000 1.0 1.0 1.0 1.0 1.0 1.0 1.0 1.0
3830 00003 00000 10013 00003 .13 .13 .35 .07 .30 .34 .54 .25
3840 00003 00000 10013 00003 .13 .13 .35 .07 .30 .34 .54 .25
3850 00003 00000 10013 00003 .13 .13 .35 .07 .30 .34 .54 .25
3860 00003 00000 10013 00003 .13 .13 .35 .07 .30 .34 .54 .25
