0 00000 00000 00000 00000 1.0 1.0 1.0 1.0 1.0 1.0 1.0 1.0
10 00000 00000 00000 00000 1.0 1.0 1.0 1.0 1.0 1.0 1.0 1.0
20 00000 00000 00000 00000 1.0 1.0 1.0 1.0 1.0 1.0 1.0 1.0
30 00000 00000 00000 00000 1.0 1.0 1.0 1.0 1.0 1.0 1.0 1.0
40 00000 00000 00000 00000 1.0 1.0 1.0 1.0 1.0 1.0 1.0 1.0
50 00000 00000 00000 00000 1.0 1.0 1.0 1.0 1.0 1.0 1.0 1.0
60 00000 00000 00000 00000 1.0 1.0 1.0 1.0 1.0 1.0 1.0 1.0
70 00000 00000 03000 00000 1.0 1.0 1.0 1.0 1.0 1.0 1.0 1.0
80 00000 00000 03000 00000 1.0 1.0 1.0 1.0 1.0 1.0 1.0 1.0
90 00000 00000 03000 00000 1.0 1.0 1.0 1.0 1.0 1.0 1.0 1.0
100 00000 00000 03000 00000 1.0 1.0 1.0 1.0 1.0 1.0 1.0 1.0
110 00000 00000 03030 00000 -0.08 -0.08 -0.08 -0.08 -0.06 -0.06 -0.06 -0.06
120 00000 00000 03030 00000 -0.08 -0.08 -0.08 -0.08 -0.06 -0.06 -0.06 -0.06
130 00300 00300 03300 00300 .68 .68 .68 .68 .75 .75 .75 .75
140 00300 00300 03300 00300 .68 .68 .68 .68 .75 .75 .75 .75
150 00300 00300 00300 00300 1.00 1.00 1.00 1.00 1.00 1.00 1.00 1.00
160 00300 00300 00300 00300 1.00 1.00 1.00 1.00 1.00 1.00 1.00 1.00
170 00300 00300 00300 00300 1.00 1.00 1.00 1.00 1.00 1.00 1.00 1.00
180 00300 00300 00300 00300 1.00 1.00 1.00 1.00 1.00 1.00 1.00 1.00
190 00300 00300 03300 00300 .68 .68 .68 .68 .75 .75 .75 .75
200 00300 00300 03300 00300 .68 .68 .68 .68 .75 .75 .75 .75
210 00300 00300 03300 00300 .68 .68 .68 .68 .75 .75 .75 .75
220 00300 00300 03300 00300 .68 .68 .68 .68 .75 .75 .75 .75
230 30300 30300 30300 30300 1.00 1.00 1.00 1.00 1.00 1.00 1.00 1.00
240 30030 30030 30300 30030 .48 .48 .48 .48 .60 .60 .60 .60
250 30000 30000 30000 30000 1.00 1.00 1.00 1.00 1.00 1.00 1.00 1.00
260 30000 30000 30000 30000 1.00 1.00 1.00 1.00 1.00 1.00 1.00 1.00
270 30000 30000 30000 30000 1.00 1.00 1.00 1.00 1.00 1.00 1.00 1.00
280 30000 30000 30300 30000 .68 .68 .68 .68 .75 .75 .75 .75
290 30000 30000 30300 30000 .68 .68 .68 .68 .75 .75 .75 .75
300 30000 30000 30301 30000 .48 .54 .64 .45 .57 .63 .71 .55
310 30000 30000 30301 30000 .48 .54 .64 .45 .57 .63 .71 .55
320 30000 30000 30301 30000 .48 .54 .64 .45 .57 .63 .71 .55
330 30000 30000 30301 30000 .48 .54 .64 .45 .57 .63 .71 .55
340 30001 30001 30301 30001 .79 .67 .65 .76 .84 .75 .72 .82
350 30001 30001 30301 30001 .79 .67 .65 .76 .84 .75 .72 .82
360 30001 30001 30301 30001 .79 .67 .65 .76 .84 .75 .72 .82
370 30001 30001 30301 30001 .79 .67 .65 .76 .84 .75 .72 .82
380 30031 30031 30301 30031 .61 .38 .39 .52 .70 .52 .54 .63
390 30031 30031 30301 30031 .61 .38 .39 .52 .70 .52 .54 .63
400 30031 30031 30301 30031 .61 .38 .39 .52 .70 .52 .54 .63
410 30031 30031 30301 30031 .61 .38 .39 .52 .70 .52 .54 .63
420 30031 30031 30301 30031 .61 .38 .39 .52 .70 .52 .54 .63
430 30301 30031 30301 30301 .61 .38 .39 .52 .70 .52 .54 .63
440 30301 30301 30301 30301 1.00 1.00 1.00 1.00 1.00 1.00 1.00 1.00
450 30301 30301 30301 30301 1.00 1.00 1.00 1.00 1.00 1.00 1.00 1.00
460 30301 30301 30301 30301 1.00 1.00 1.00 1.00 1.00 1.00 1.00 1.00
470 30302 30302 30301 30302 .81 .99 .97 .97 .85 .99 .97 .98
480 30302 30302 30302 30302 1.00 1.00 1.00 1.00 1.00 1.00 1.00 1.00
490 30302 30302 30302 30302 1.00 1.00 1.00 1.00 1.00 1.00 1.00 1.00
500 30302 30302 30302 30302 1.00 1.00 1.00 1.00 1.00 1.00 1.00 1.00
510 30302 30302 30303 30302 .79 .92 .97 .99 .85 .94 .98 .99
520 30303 30302 30303 30303 .77 .91 .97 .99 .82 .93 .98 .99
530 30303 30303 30303 30303 1.00 1.00 1.00 1.00 1.00 1.00 1.00 1.00
540 30303 30303 30303 30303 1.00 1.00 1.00 1.00 1.00 1.00 1.00 1.00
550 30303 30303 30303 30303 1.00 1.00 1.00 1.00 1.00 1.00 1.00 1.00
560 30303 30303 30303 30303 1.00 1.00 1.00 1.00 1.00 1.00 1.00 1.00
570 30303 30303 30303 30303 1.00 1.00 1.00 1.00 1.00 1.00 1.00 1.00
580 30303 30303 30303 30303 1.00 1.00 1.00 1.00 1.00 1.00 1.00 1.00
590 30303 30303 30300 30303 .75 .75 .75 .75 .81 .81 .81 .81
600 30303 30303 30300 30303 .75 .75 .75 .75 .81 .81 .81 .81
610 30033 30033 30030 30033 .75 .75 .75 .75 .81 .81 .81 .81
620 03003 03003 03030 03003 .48 .48 .48 .48 .60 .60 .60 .60
630 03003 03003 03000 03003 .72 .72 .72 .72 .79 .79 .79 .79
640 00003 00000 00000 00000 1.0 1.0 1.0 1.0 1.0 1.0 1.0 1.0
650 00003 00000 00000 00000 1.0 1.0 1.0 1.0 1.0 1.0 1.0 1.0
660 00003 00000 00030 00000 -0.08 -0.08 -0.08 -0.08 -0.06 -0.06 -0.06 -0.06
670 00000 00000 00030 00000 1.0 1.0 1.0 1.0 1.0 1.0 1.0 1.0
680 00000 00000 00030 00000 1.0 1.0 1.0 1.0 1.0 1.0 1.0 1.0
690 00000 00000 00030 00000 1.0 1.0 1.0 1.0 1.0 1.0 1.0 1.0
700 00300 00300 00300 00300 1.00 1.00 1.00 1.00 1.00 1.00 1.00 1.00
710 00300 00300 00300 00300 1.00 1.00 1.00 1.00 1.00 1.00 1.00 1.00
720 00300 00300 00300 00300 1.00 1.00 1.00 1.00 1.00 1.00 1.00 1.00
730 00300 00300 00300 00300 1.00 1.00 1.00 1.00 1.00 1.00 1.00 1.00
740 00300 00300 00300 00300 1.00 1.00 1.00 1.00 1.00 1.00 1.00 1.00
750 00300 00300 03300 00300 .68 .68 .68 .68 .75 .75 .75 .75
760 00300 00300 03301 00300 .48 .54 .64 .45 .57 .63 .71 .55
770 00300 00300 30301 00300 .48 .54 .64 .45 .57 .63 .71 .55
780 00300 00300 30301 00300 .48 .54 .64 .45 .57 .63 .71 .55
790 00300 00300 30301 00300 .48 .54 .64 .45 .57 .63 .71 .55
800 30300 30300 30301 30300 .77 .91 .97 .76 .82 .93 .98 .81
810 30030 30300 30301 30300 .32 .37 .43 .27 .47 .53 .57 .44
820 30000 30000 30001 30000 .70 .80 .96 .69 .76 .84 .97 .75
830 30000 30000 30001 30000 .70 .80 .96 .69 .76 .84 .97 .75
840 30000 30000 30001 30000 .70 .80 .96 .69 .76 .84 .97 .75
850 30000 30000 30001 30000 .70 .80 .96 .69 .76 .84 .97 .75
860 30000 30000 30301 30000 .48 .54 .64 .45 .57 .63 .71 .55
870 30000 30000 30301 30000 .48 .54 .64 .45 .57 .63 .71 .55
880 30000 30000 30301 30000 .48 .54 .64 .45 .57 .63 .71 .55
890 30000 30000 30301 30000 .48 .54 .64 .45 .57 .63 .71 .55
900 30000 30000 30301 30000 .48 .54 .64 .45 .57 .63 .71 .55
910 30001 30000 30301 30001 .55 .55 .63 .50 .66 .65 .70 .62
920 30001 30001 30301 30001 .79 .67 .65 .76 .84 .75 .72 .82
930 30001 30001 30301 30001 .79 .67 .65 .76 .84 .75 .72 .82
940 30001 30001 30301 30001 .79 .67 .65 .76 .84 .75 .72 .82
950 30001 30001 30301 30001 .79 .67 .65 .76 .84 .75 .72 .82
960 30001 30001 30301 30001 .79 .67 .65 .76 .84 .75 .72 .82
970 30001 30001 30301 30001 .79 .67 .65 .76 .84 .75 .72 .82
980 30001 30001 30301 30001 .79 .67 .65 .76 .84 .75 .72 .82
990 30031 30031 30301 30031 .61 .38 .39 .52 .70 .52 .54 .63
1000 30301 30301 30301 30301 1.00 1.00 1.00 1.00 1.00 1.00 1.00 1.00
1010 30301 30301 30301 30301 1.00 1.00 1.00 1.00 1.00 1.00 1.00 1.00
1020 30301 30301 30301 30301 1.00 1.00 1.00 1.00 1.00 1.00 1.00 1.00
1030 30301 30302 30301 30301 .81 .99 .97 .97 .85 .99 .97 .98
1040 30302 30302 30301 30302 .81 .99 .97 .97 .85 .99 .97 .98
1050 30302 30302 30302 30302 1.00 1.00 1.00 1.00 1.00 1.00 1.00 1.00
1060 30302 30302 30302 30302 1.00 1.00 1.00 1.00 1.00 1.00 1.00 1.00
1070 30303 30302 30302 30302 .79 .92 .97 .99 .85 .94 .98 .99
1080 30303 30303 30303 30303 1.00 1.00 1.00 1.00 1.00 1.00 1.00 1.00
1090 30303 30303 30303 30303 1.00 1.00 1.00 1.00 1.00 1.00 1.00 1.00
1100 30303 30303 30303 30303 1.00 1.00 1.00 1.00 1.00 1.00 1.00 1.00
1110 30303 30303 30303 30303 1.00 1.00 1.00 1.00 1.00 1.00 1.00 1.00
1120 30303 30303 30303 30303 1.00 1.00 1.00 1.00 1.00 1.00 1.00 1.00
1130 30303 30303 30303 30303 1.00 1.00 1.00 1.00 1.00 1.00 1.00 1.00
1140 30303 30303 30303 30303 1.00 1.00 1.00 1.00 1.00 1.00 1.00 1.00
1150 30303 30303 30303 30303 1.00 1.00 1.00 1.00 1.00 1.00 1.00 1.00
1160 30033 30303 30303 30303 .48 .48 .48 .48 .60 .60 .60 .60
1170 00033 00000 00000 00000 -0.08 -0.08 -0.08 -0.08 -0.06 -0.06 -0.06 -0.06
1180 00003 00000 00000 00000 1.0 1.0 1.0 1.0 1.0 1.0 1.0 1.0
1190 00003 00000 00000 00000 1.0 1.0 1.0 1.0 1.0 1.0 1.0 1.0
1200 00003 00000 00000 00000 1.0 1.0 1.0 1.0 1.0 1.0 1.0 1.0
1210 00003 00000 00000 00000 1.0 1.0 1.0 1.0 1.0 1.0 1.0 1.0
1220 00003 00000 00000 00000 1.0 1.0 1.0 1.0 1.0 1.0 1.0 1.0
1230 00003 00000 00000 00000 1.0 1.0 1.0 1.0 1.0 1.0 1.0 1.0
1240 00003 00000 00000 00000 1.0 1.0 1.0 1.0 1.0 1.0 1.0 1.0
1250 00003 00000 00000 00000 1.0 1.0 1.0 1.0 1.0 1.0 1.0 1.0
1260 00003 00000 00000 00000 1.0 1.0 1.0 1.0 1.0 1.0 1.0 1.0
1270 00003 00000 00000 00000 1.0 1.0 1.0 1.0 1.0 1.0 1.0 1.0
1280 00003 00000 00000 00000 1.0 1.0 1.0 1.0 1.0 1.0 1.0 1.0
1290 00003 00000 00000 00000 1.0 1.0 1.0 1.0 1.0 1.0 1.0 1.0
1300 00003 00000 00000 00000 1.0 1.0 1.0 1.0 1.0 1.0 1.0 1.0
