0 03000 30000 30300 30000 .05 .05 .05 .05 .24 .24 .24 .24
10 30000 30000 30300 30000 .68 .68 .68 .68 .75 .75 .75 .75
20 30000 30000 30000 30000 1.00 1.00 1.00 1.00 1.00 1.00 1.00 1.00
30 30000 30000 30000 30000 1.00 1.00 1.00 1.00 1.00 1.00 1.00 1.00
40 30000 30000 30030 30000 .68 .68 .68 .68 .75 .75 .75 .75
50 30000 30000 30031 30000 .48 .54 .64 .45 .57 .63 .71 .55
60 30000 30000 30031 30000 .48 .54 .64 .45 .57 .63 .71 .55
70 30000 30001 30031 30001 .55 .55 .63 .50 .66 .65 .70 .62
80 30001 30001 30031 30001 .79 .67 .65 .76 .84 .75 .72 .82
90 30001 30001 30031 30001 .79 .67 .65 .76 .84 .75 .72 .82
100 30001 30001 30031 30001 .79 .67 .65 .76 .84 .75 .72 .82
110 30001 30001 30031 30001 .79 .67 .65 .76 .84 .75 .72 .82
120 30031 30031 30031 30031 1.00 1.00 1.00 1.00 1.00 1.00 1.00 1.00
130 30301 30301 30031 30301 .61 .38 .39 .52 .70 .52 .54 .63
140 30301 30301 30301 30301 1.00 1.00 1.00 1.00 1.00 1.00 1.00 1.00
150 30301 30301 30301 30301 1.00 1.00 1.00 1.00 1.00 1.00 1.00 1.00
160 30302 30302 30302 30302 1.00 1.00 1.00 1.00 1.00 1.00 1.00 1.00
170 30302 30302 30302 30302 1.00 1.00 1.00 1.00 1.00 1.00 1.00 1.00
180 30302 30302 30302 30302 1.00 1.00 1.00 1.00 1.00 1.00 1.00 1.00
190 30302 30302 30302 30302 1.00 1.00 1.00 1.00 1.00 1.00 1.00 1.00
200 30302 30302 30302 30302 1.00 1.00 1.00 1.00 1.00 1.00 1.00 1.00
210 30302 30302 30302 30302 1.00 1.00 1.00 1.00 1.00 1.00 1.00 1.00
220 30302 30302 30302 30302 1.00 1.00 1.00 1.00 1.00 1.00 1.00 1.00
230 30302 30302 30302 30302 1.00 1.00 1.00 1.00 1.00 1.00 1.00 1.00
240 30303 30302 30302 30302 .79 .92 .97 .99 .85 .94 .98 .99
250 30303 30302 30302 30302 .79 .92 .97 .99 .85 .94 .98 .99
260 30303 30303 30303 30303 1.00 1.00 1.00 1.00 1.00 1.00 1.00 1.00
270 30003 30003 30000 30003 .72 .72 .72 .72 .79 .79 .79 .79
280 30003 30003 30000 30003 .72 .72 .72 .72 .79 .79 .79 .79
290 30003 30003 30030 30003 .48 .48 .48 .48 .60 .60 .60 .60
300 30003 30003 30030 30003 .48 .48 .48 .48 .60 .60 .60 .60
310 30303 30003 30303 30303 .75 .75 .75 .75 .81 .81 .81 .81
320 30303 30303 30303 30303 1.00 1.00 1.00 1.00 1.00 1.00 1.00 1.00
330 30303 30303 30303 30303 1.00 1.00 1.00 1.00 1.00 1.00 1.00 1.00
340 30303 30303 30303 30303 1.00 1.00 1.00 1.00 1.00 1.00 1.00 1.00
350 00003 00000 03030 00000 -0.17 -0.17 -0.17 -0.17 -0.12 -0.12 -0.12 -0.12
360 00000 00000 00000 00000 1.0 1.0 1.0 1.0 1.0 1.0 1.0 1.0
370 00000 00000 00000 00000 1.0 1.0 1.0 1.0 1.0 1.0 1.0 1.0
380 00000 00000 00000 00000 1.0 1.0 1.0 1.0 1.0 1.0 1.0 1.0
390 00000 00000 00030 00000 1.0 1.0 1.0 1.0 1.0 1.0 1.0 1.0
400 00030 00030 00030 00030 1.00 1.00 1.00 1.00 1.00 1.00 1.00 1.00
410 00300 00300 00300 00300 1.00 1.00 1.00 1.00 1.00 1.00 1.00 1.00
420 00300 00300 00300 00300 1.00 1.00 1.00 1.00 1.00 1.00 1.00 1.00
430 00300 00300 00300 00300 1.00 1.00 1.00 1.00 1.00 1.00 1.00 1.00
440 00300 00300 03300 00300 .68 .68 .68 .68 .75 .75 .75 .75
450 00300 00300 30300 00300 .68 .68 .68 .68 .75 .75 .75 .75
460 30300 30300 30300 30300 1.00 1.00 1.00 1.00 1.00 1.00 1.00 1.00
470 30000 30000 00300 30000 .22 .22 .22 .22 .41 .41 .41 .41
480 30000 30000 30000 30000 1.00 1.00 1.00 1.00 1.00 1.00 1.00 1.00
490 30000 30000 30300 30000 .68 .68 .68 .68 .75 .75 .75 .75
500 30000 30000 30300 30000 .68 .68 .68 .68 .75 .75 .75 .75
510 30000 30000 30300 30000 .68 .68 .68 .68 .75 .75 .75 .75
520 30000 30000 30301 30000 .48 .54 .64 .45 .57 .63 .71 .55
530 30000 30000 30301 30000 .48 .54 .64 .45 .57 .63 .71 .55
540 30001 30001 30301 30001 .79 .67 .65 .76 .84 .75 .72 .82
550 30001 30001 30301 30001 .79 .67 .65 .76 .84 .75 .72 .82
560 30001 30001 30301 30001 .79 .67 .65 .76 .84 .75 .72 .82
570 30001 30001 30301 30001 .79 .67 .65 .76 .84 .75 .72 .82
580 30001 30001 30301 30001 .79 .67 .65 .76 .84 .75 .72 .82
590 30001 30001 30301 30001 .79 .67 .65 .76 .84 .75 .72 .82
600 30001 30001 30301 30001 .79 .67 .65 .76 .84 .75 .72 .82
610 30001 30001 30301 30001 .79 .67 .65 .76 .84 .75 .72 .82
620 30001 30001 30301 30001 .79 .67 .65 .76 .84 .75 .72 .82
630 30001 30001 30301 30001 .79 .67 .65 .76 .84 .75 .72 .82
640 30001 30001 30301 30001 .79 .67 .65 .76 .84 .75 .72 .82
650 30001 30001 30301 30001 .79 .67 .65 .76 .84 .75 .72 .82
660 30001 30001 30301 30001 .79 .67 .65 .76 .84 .75 .72 .82
670 30001 30001 30301 30001 .79 .67 .65 .76 .84 .75 .72 .82
680 30001 30001 30301 30001 .79 .67 .65 .76 .84 .75 .72 .82
690 30001 30001 30301 30001 .79 .67 .65 .76 .84 .75 .72 .82
700 30001 30001 30301 30001 .79 .67 .65 .76 .84 .75 .72 .82
710 30001 30001 30301 30001 .79 .67 .65 .76 .84 .75 .72 .82
720 30301 30301 30301 30301 1.00 1.00 1.00 1.00 1.00 1.00 1.00 1.00
730 30301 30301 30301 30301 1.00 1.00 1.00 1.00 1.00 1.00 1.00 1.00
740 30302 30302 30302 30302 1.00 1.00 1.00 1.00 1.00 1.00 1.00 1.00
750 30302 30302 30302 30302 1.00 1.00 1.00 1.00 1.00 1.00 1.00 1.00
760 30302 30303 30302 30302 .79 .92 .97 .99 .85 .94 .98 .99
770 30302 30303 30302 30302 .79 .92 .97 .99 .85 .94 .98 .99
780 30303 30303 30303 30303 1.00 1.00 1.00 1.00 1.00 1.00 1.00 1.00
790 30303 30303 30303 30303 1.00 1.00 1.00 1.00 1.00 1.00 1.00 1.00
800 30303 30303 30303 30303 1.00 1.00 1.00 1.00 1.00 1.00 1.00 1.00
810 30303 30303 30303 30303 1.00 1.00 1.00 1.00 1.00 1.00 1.00 1.00
820 30303 30303 30303 30303 1.00 1.00 1.00 1.00 1.00 1.00 1.00 1.00
830 30303 30303 30303 30303 1.00 1.00 1.00 1.00 1.00 1.00 1.00 1.00
840 30033 30003 30030 30033 .50 .50 .50 .50 .62 .62 .62 .62
850 00003 00000 00000 00000 1.0 1.0 1.0 1.0 1.0 1.0 1.0 1.0
860 00003 00000 00000 00000 1.0 1.0 1.0 1.0 1.0 1.0 1.0 1.0
870 00003 00000 00000 00000 1.0 1.0 1.0 1.0 1.0 1.0 1.0 1.0
880 00003 00000 00000 00000 1.0 1.0 1.0 1.0 1.0 1.0 1.0 1.0
890 00003 00000 00000 00000 1.0 1.0 1.0 1.0 1.0 1.0 1.0 1.0
900 00003 00000 00000 00000 1.0 1.0 1.0 1.0 1.0 1.0 1.0 1.0
910 00003 00000 00000 00000 1.0 1.0 1.0 1.0 1.0 1.0 1.0 1.0
920 00003 00000 00000 00000 1.0 1.0 1.0 1.0 1.0 1.0 1.0 1.0
