0 00000 00000 00000 00000 1.0 1.0 1.0 1.0 1.0 1.0 1.0 1.0
10 00000 00000 00000 00000 1.0 1.0 1.0 1.0 1.0 1.0 1.0 1.0
20 00000 00000 00000 00000 1.0 1.0 1.0 1.0 1.0 1.0 1.0 1.0
30 00000 00000 00000 00000 1.0 1.0 1.0 1.0 1.0 1.0 1.0 1.0
40 00000 00000 00000 00000 1.0 1.0 1.0 1.0 1.0 1.0 1.0 1.0
50 00000 00000 00000 00000 1.0 1.0 1.0 1.0 1.0 1.0 1.0 1.0
60 00000 00000 00000 00000 1.0 1.0 1.0 1.0 1.0 1.0 1.0 1.0
70 00000 00000 00000 00000 1.0 1.0 1.0 1.0 1.0 1.0 1.0 1.0
80 00030 00030 00000 00030 .46 .46 .46 .46 .63 .63 .63 .63
90 00300 00300 00000 00300 .46 .46 .46 .46 .63 .63 .63 .63
100 00300 00300 00000 00300 .46 .46 .46 .46 .63 .63 .63 .63
110 00300 00300 00300 00300 1.00 1.00 1.00 1.00 1.00 1.00 1.00 1.00
120 00300 00300 00300 00300 1.00 1.00 1.00 1.00 1.00 1.00 1.00 1.00
130 00300 00300 00300 00300 1.00 1.00 1.00 1.00 1.00 1.00 1.00 1.00
140 00300 00300 00300 00300 1.00 1.00 1.00 1.00 1.00 1.00 1.00 1.00
150 00300 00300 30300 00300 .68 .68 .68 .68 .75 .75 .75 .75
160 30300 30300 30300 30300 1.00 1.00 1.00 1.00 1.00 1.00 1.00 1.00
170 30030 30000 30000 30000 .68 .68 .68 .68 .75 .75 .75 .75
180 30000 30000 30000 30000 1.00 1.00 1.00 1.00 1.00 1.00 1.00 1.00
190 30000 30000 30000 30000 1.00 1.00 1.00 1.00 1.00 1.00 1.00 1.00
200 30000 30000 30000 30000 1.00 1.00 1.00 1.00 1.00 1.00 1.00 1.00
210 30001 30000 30000 30000 .70 .80 .96 .69 .76 .84 .97 .75
220 30001 30001 30031 30001 .79 .67 .65 .76 .84 .75 .72 .82
230 30001 30001 30031 30001 .79 .67 .65 .76 .84 .75 .72 .82
240 30001 30001 30031 30001 .79 .67 .65 .76 .84 .75 .72 .82
250 30001 30001 30031 30001 .79 .67 .65 .76 .84 .75 .72 .82
260 30301 30301 30301 30301 1.00 1.00 1.00 1.00 1.00 1.00 1.00 1.00
270 30301 30301 30301 30301 1.00 1.00 1.00 1.00 1.00 1.00 1.00 1.00
280 30301 30301 30301 30301 1.00 1.00 1.00 1.00 1.00 1.00 1.00 1.00
290 30301 30301 30301 30301 1.00 1.00 1.00 1.00 1.00 1.00 1.00 1.00
300 30301 30302 30301 30301 .81 .99 .97 .97 .85 .99 .97 .98
310 30302 30302 30301 30302 .81 .99 .97 .97 .85 .99 .97 .98
320 30302 30302 30302 30302 1.00 1.00 1.00 1.00 1.00 1.00 1.00 1.00
330 30302 30302 30302 30302 1.00 1.00 1.00 1.00 1.00 1.00 1.00 1.00
340 30302 30303 30302 30302 .79 .92 .97 .99 .85 .94 .98 .99
350 30303 30303 30302 30303 .77 .91 .97 .99 .82 .93 .98 .99
360 30303 30303 30303 30303 1.00 1.00 1.00 1.00 1.00 1.00 1.00 1.00
370 30303 30303 30303 30303 1.00 1.00 1.00 1.00 1.00 1.00 1.00 1.00
380 30033 00000 00000 00000 -0.17 -0.17 -0.17 -0.17 -0.12 -0.12 -0.12 -0.12
390 03033 00000 00000 00000 -0.17 -0.17 -0.17 -0.17 -0.12 -0.12 -0.12 -0.12
400 00003 00000 00000 00000 1.0 1.0 1.0 1.0 1.0 1.0 1.0 1.0
410 00000 00000 00000 00000 1.0 1.0 1.0 1.0 1.0 1.0 1.0 1.0
420 00000 00000 00000 00000 1.0 1.0 1.0 1.0 1.0 1.0 1.0 1.0
430 00000 00000 00000 00000 1.0 1.0 1.0 1.0 1.0 1.0 1.0 1.0
440 00000 00000 00000 00000 1.0 1.0 1.0 1.0 1.0 1.0 1.0 1.0
450 30000 30000 30000 30000 1.00 1.00 1.00 1.00 1.00 1.00 1.00 1.00
460 30000 30000 30000 30000 1.00 1.00 1.00 1.00 1.00 1.00 1.00 1.00
470 30000 30000 30000 30000 1.00 1.00 1.00 1.00 1.00 1.00 1.00 1.00
480 30000 30000 30000 30000 1.00 1.00 1.00 1.00 1.00 1.00 1.00 1.00
490 30000 30000 30000 30000 1.00 1.00 1.00 1.00 1.00 1.00 1.00 1.00
500 30000 30000 30000 30000 1.00 1.00 1.00 1.00 1.00 1.00 1.00 1.00
510 30000 30000 30000 30000 1.00 1.00 1.00 1.00 1.00 1.00 1.00 1.00
520 30000 30000 30000 30000 1.00 1.00 1.00 1.00 1.00 1.00 1.00 1.00
530 30300 30300 30000 30300 .72 .72 .72 .72 .79 .79 .79 .79
540 30300 30300 30000 30300 .72 .72 .72 .72 .79 .79 .79 .79
550 03300 03300 30300 03300 .48 .48 .48 .48 .60 .60 .60 .60
560 00300 00300 30300 00300 .68 .68 .68 .68 .75 .75 .75 .75
570 00300 00300 30300 00300 .68 .68 .68 .68 .75 .75 .75 .75
580 00300 00300 00300 00300 1.00 1.00 1.00 1.00 1.00 1.00 1.00 1.00
590 00300 00300 00300 00300 1.00 1.00 1.00 1.00 1.00 1.00 1.00 1.00
600 00300 00300 00300 00300 1.00 1.00 1.00 1.00 1.00 1.00 1.00 1.00
610 30030 30000 30000 30000 .68 .68 .68 .68 .75 .75 .75 .75
620 30000 30000 30000 30000 1.00 1.00 1.00 1.00 1.00 1.00 1.00 1.00
630 30000 30000 30000 30000 1.00 1.00 1.00 1.00 1.00 1.00 1.00 1.00
640 30000 30000 30000 30000 1.00 1.00 1.00 1.00 1.00 1.00 1.00 1.00
650 30000 30000 30030 30000 .68 .68 .68 .68 .75 .75 .75 .75
660 30000 30000 30030 30000 .68 .68 .68 .68 .75 .75 .75 .75
670 30001 30001 30030 30001 .55 .55 .63 .50 .66 .65 .70 .62
680 30001 30001 30031 30001 .79 .67 .65 .76 .84 .75 .72 .82
690 30001 30001 30031 30001 .79 .67 .65 .76 .84 .75 .72 .82
700 30001 30001 30031 30001 .79 .67 .65 .76 .84 .75 .72 .82
710 30001 30001 30031 30001 .79 .67 .65 .76 .84 .75 .72 .82
720 30001 30001 30031 30001 .79 .67 .65 .76 .84 .75 .72 .82
730 30301 30301 30301 30301 1.00 1.00 1.00 1.00 1.00 1.00 1.00 1.00
740 30301 30301 30301 30301 1.00 1.00 1.00 1.00 1.00 1.00 1.00 1.00
750 30301 30301 30301 30301 1.00 1.00 1.00 1.00 1.00 1.00 1.00 1.00
760 30301 30301 30301 30301 1.00 1.00 1.00 1.00 1.00 1.00 1.00 1.00
770 30301 30301 30301 30301 1.00 1.00 1.00 1.00 1.00 1.00 1.00 1.00
780 30301 30302 30301 30301 .81 .99 .97 .97 .85 .99 .97 .98
790 30302 30302 30302 30302 1.00 1.00 1.00 1.00 1.00 1.00 1.00 1.00
800 30302 30302 30302 30302 1.00 1.00 1.00 1.00 1.00 1.00 1.00 1.00
810 30302 30302 30302 30302 1.00 1.00 1.00 1.00 1.00 1.00 1.00 1.00
820 30302 30302 30302 30302 1.00 1.00 1.00 1.00 1.00 1.00 1.00 1.00
830 30303 30303 30302 30303 .77 .91 .97 .99 .82 .93 .98 .99
840 30303 30303 30302 30303 .77 .91 .97 .99 .82 .93 .98 .99
850 30303 00303 30302 30303 .56 .67 .71 .74 .65 .74 .78 .80
860 30003 00000 00000 00000 -0.08 -0.08 -0.08 -0.08 -0.06 -0.06 -0.06 -0.06
870 03003 03003 00000 03003 .36 .36 .36 .36 .55 .55 .55 .55
880 03003 03003 00000 03003 .36 .36 .36 .36 .55 .55 .55 .55
890 30003 03003 00000 00003 .05 .05 .05 .05 .24 .24 .24 .24
900 30003 03003 00000 00003 .05 .05 .05 .05 .24 .24 .24 .24
910 03003 03003 00000 03003 .36 .36 .36 .36 .55 .55 .55 .55
920 03003 03003 00000 03003 .36 .36 .36 .36 .55 .55 .55 .55
930 00003 00000 00000 00000 1.0 1.0 1.0 1.0 1.0 1.0 1.0 1.0
940 00003 00000 00000 00000 1.0 1.0 1.0 1.0 1.0 1.0 1.0 1.0
950 00003 00000 00000 00000 1.0 1.0 1.0 1.0 1.0 1.0 1.0 1.0
960 00003 00000 00000 00000 1.0 1.0 1.0 1.0 1.0 1.0 1.0 1.0
970 00003 00000 00000 00000 1.0 1.0 1.0 1.0 1.0 1.0 1.0 1.0
980 00003 00000 00000 00000 1.0 1.0 1.0 1.0 1.0 1.0 1.0 1.0
990 00003 00000 00000 00000 1.0 1.0 1.0 1.0 1.0 1.0 1.0 1.0
1000 00003 00000 00000 00000 1.0 1.0 1.0 1.0 1.0 1.0 1.0 1.0
1010 00003 00000 00000 00000 1.0 1.0 1.0 1.0 1.0 1.0 1.0 1.0
1020 00003 00000 00000 00000 1.0 1.0 1.0 1.0 1.0 1.0 1.0 1.0
1030 00003 00000 00000 00000 1.0 1.0 1.0 1.0 1.0 1.0 1.0 1.0
1040 00003 00000 00000 00000 1.0 1.0 1.0 1.0 1.0 1.0 1.0 1.0
1050 00003 00000 00000 00000 1.0 1.0 1.0 1.0 1.0 1.0 1.0 1.0
1060 00003 00000 00000 00000 1.0 1.0 1.0 1.0 1.0 1.0 1.0 1.0
1070 00003 00000 00000 00000 1.0 1.0 1.0 1.0 1.0 1.0 1.0 1.0
