0 00000 00000 00000 00000 1.0 1.0 1.0 1.0 1.0 1.0 1.0 1.0
10 00000 00000 00000 00000 1.0 1.0 1.0 1.0 1.0 1.0 1.0 1.0
20 00000 00000 00000 00000 1.0 1.0 1.0 1.0 1.0 1.0 1.0 1.0
30 00000 00000 00000 00000 1.0 1.0 1.0 1.0 1.0 1.0 1.0 1.0
40 00000 00000 00000 00000 1.0 1.0 1.0 1.0 1.0 1.0 1.0 1.0
50 00000 00000 00000 00000 1.0 1.0 1.0 1.0 1.0 1.0 1.0 1.0
60 00000 00000 00000 00000 1.0 1.0 1.0 1.0 1.0 1.0 1.0 1.0
70 00000 00000 00000 00000 1.0 1.0 1.0 1.0 1.0 1.0 1.0 1.0
80 00000 00000 00000 00000 1.0 1.0 1.0 1.0 1.0 1.0 1.0 1.0
90 00300 00300 00300 00300 1.00 1.00 1.00 1.00 1.00 1.00 1.00 1.00
100 00300 00300 00300 00300 1.00 1.00 1.00 1.00 1.00 1.00 1.00 1.00
110 00300 00300 00300 00300 1.00 1.00 1.00 1.00 1.00 1.00 1.00 1.00
120 00300 00300 00300 00300 1.00 1.00 1.00 1.00 1.00 1.00 1.00 1.00
130 00300 00300 00300 00300 1.00 1.00 1.00 1.00 1.00 1.00 1.00 1.00
140 00300 00300 00300 00300 1.00 1.00 1.00 1.00 1.00 1.00 1.00 1.00
150 00300 00300 00300 00300 1.00 1.00 1.00 1.00 1.00 1.00 1.00 1.00
160 00300 00300 00300 00300 1.00 1.00 1.00 1.00 1.00 1.00 1.00 1.00
170 00300 00300 00300 00300 1.00 1.00 1.00 1.00 1.00 1.00 1.00 1.00
180 30300 30300 00300 30300 .72 .72 .72 .72 .79 .79 .79 .79
190 30030 30000 00300 30000 .05 .05 .05 .05 .24 .24 .24 .24
200 30000 30000 30000 30000 1.00 1.00 1.00 1.00 1.00 1.00 1.00 1.00
210 30000 30000 30000 30000 1.00 1.00 1.00 1.00 1.00 1.00 1.00 1.00
220 30000 30000 30000 30000 1.00 1.00 1.00 1.00 1.00 1.00 1.00 1.00
230 30000 30000 30000 30000 1.00 1.00 1.00 1.00 1.00 1.00 1.00 1.00
240 30000 30000 30000 30000 1.00 1.00 1.00 1.00 1.00 1.00 1.00 1.00
250 30000 30000 30000 30000 1.00 1.00 1.00 1.00 1.00 1.00 1.00 1.00
260 30000 30000 30030 30000 .68 .68 .68 .68 .75 .75 .75 .75
270 30001 30001 30030 30001 .55 .55 .63 .50 .66 .65 .70 .62
280 30001 30001 30030 30001 .55 .55 .63 .50 .66 .65 .70 .62
290 30001 30001 30031 30001 .79 .67 .65 .76 .84 .75 .72 .82
300 30001 30001 30031 30001 .79 .67 .65 .76 .84 .75 .72 .82
310 30001 30001 30031 30001 .79 .67 .65 .76 .84 .75 .72 .82
320 30031 30031 30031 30031 1.00 1.00 1.00 1.00 1.00 1.00 1.00 1.00
330 30031 30301 30301 30301 .61 .38 .39 .52 .70 .52 .54 .63
340 30031 30301 30301 30301 .61 .38 .39 .52 .70 .52 .54 .63
350 30031 30001 30301 30001 .61 .37 .36 .53 .69 .51 .49 .64
360 30031 30001 30001 30001 .79 .67 .65 .76 .84 .75 .72 .82
370 30031 30001 30001 30001 .79 .67 .65 .76 .84 .75 .72 .82
380 30031 30031 30001 30031 .80 .68 .68 .77 .85 .76 .76 .82
390 30031 30031 30001 30031 .80 .68 .68 .77 .85 .76 .76 .82
400 30031 30031 30001 30031 .80 .68 .68 .77 .85 .76 .76 .82
410 30031 30301 30001 30001 .61 .37 .36 .53 .69 .51 .49 .64
420 30031 30301 30001 30001 .61 .37 .36 .53 .69 .51 .49 .64
430 30031 30301 30001 30001 .61 .37 .36 .53 .69 .51 .49 .64
440 30301 30301 30001 30301 .80 .68 .68 .77 .85 .76 .76 .82
450 30301 30301 30001 30301 .80 .68 .68 .77 .85 .76 .76 .82
460 30301 30301 30302 30301 .81 .99 .97 .97 .85 .99 .97 .98
470 30302 30302 30302 30302 1.00 1.00 1.00 1.00 1.00 1.00 1.00 1.00
480 30302 30302 30303 30302 .79 .92 .97 .99 .85 .94 .98 .99
490 30303 30303 30303 30303 1.00 1.00 1.00 1.00 1.00 1.00 1.00 1.00
500 30303 30303 30303 30303 1.00 1.00 1.00 1.00 1.00 1.00 1.00 1.00
510 30303 30303 30303 30303 1.00 1.00 1.00 1.00 1.00 1.00 1.00 1.00
520 30303 30303 30303 30303 1.00 1.00 1.00 1.00 1.00 1.00 1.00 1.00
530 30303 30303 30303 30303 1.00 1.00 1.00 1.00 1.00 1.00 1.00 1.00
540 03303 03303 00303 03303 .75 .75 .75 .75 .81 .81 .81 .81
550 03003 03003 00000 03003 .36 .36 .36 .36 .55 .55 .55 .55
560 00003 00000 00000 00000 1.0 1.0 1.0 1.0 1.0 1.0 1.0 1.0
570 00003 00000 00000 00000 1.0 1.0 1.0 1.0 1.0 1.0 1.0 1.0
580 00000 00000 00000 00000 1.0 1.0 1.0 1.0 1.0 1.0 1.0 1.0
590 00000 00000 00000 00000 1.0 1.0 1.0 1.0 1.0 1.0 1.0 1.0
600 00000 00000 00000 00000 1.0 1.0 1.0 1.0 1.0 1.0 1.0 1.0
610 00300 00300 00000 00300 .46 .46 .46 .46 .63 .63 .63 .63
620 00300 00300 00300 00300 1.00 1.00 1.00 1.00 1.00 1.00 1.00 1.00
630 00300 00300 00300 00300 1.00 1.00 1.00 1.00 1.00 1.00 1.00 1.00
640 00300 00300 00300 00300 1.00 1.00 1.00 1.00 1.00 1.00 1.00 1.00
650 00300 00300 00300 00300 1.00 1.00 1.00 1.00 1.00 1.00 1.00 1.00
660 00300 00300 00300 00300 1.00 1.00 1.00 1.00 1.00 1.00 1.00 1.00
670 00300 00300 00300 00300 1.00 1.00 1.00 1.00 1.00 1.00 1.00 1.00
680 00300 00300 00300 00300 1.00 1.00 1.00 1.00 1.00 1.00 1.00 1.00
690 00300 00300 00300 00300 1.00 1.00 1.00 1.00 1.00 1.00 1.00 1.00
700 00300 00300 00300 00300 1.00 1.00 1.00 1.00 1.00 1.00 1.00 1.00
710 00300 00300 00300 00300 1.00 1.00 1.00 1.00 1.00 1.00 1.00 1.00
720 00300 00300 00300 00300 1.00 1.00 1.00 1.00 1.00 1.00 1.00 1.00
730 30300 30300 00300 30300 .72 .72 .72 .72 .79 .79 .79 .79
740 30300 30300 30300 30300 1.00 1.00 1.00 1.00 1.00 1.00 1.00 1.00
750 30030 30000 30300 30000 .44 .44 .44 .44 .55 .55 .55 .55
760 30030 30000 30300 30000 .44 .44 .44 .44 .55 .55 .55 .55
770 30030 30000 30000 30000 .68 .68 .68 .68 .75 .75 .75 .75
780 30000 30000 30000 30000 1.00 1.00 1.00 1.00 1.00 1.00 1.00 1.00
790 30000 30000 30000 30000 1.00 1.00 1.00 1.00 1.00 1.00 1.00 1.00
800 30000 30000 30000 30000 1.00 1.00 1.00 1.00 1.00 1.00 1.00 1.00
810 30000 30000 30000 30000 1.00 1.00 1.00 1.00 1.00 1.00 1.00 1.00
820 30000 30000 30000 30000 1.00 1.00 1.00 1.00 1.00 1.00 1.00 1.00
830 30000 30000 30000 30000 1.00 1.00 1.00 1.00 1.00 1.00 1.00 1.00
840 30000 30000 30000 30000 1.00 1.00 1.00 1.00 1.00 1.00 1.00 1.00
850 30000 30000 30000 30000 1.00 1.00 1.00 1.00 1.00 1.00 1.00 1.00
860 30000 30000 30000 30000 1.00 1.00 1.00 1.00 1.00 1.00 1.00 1.00
870 30001 30001 30030 30001 .55 .55 .63 .50 .66 .65 .70 .62
880 30001 30001 30030 30001 .55 .55 .63 .50 .66 .65 .70 .62
890 30001 30001 30030 30001 .55 .55 .63 .50 .66 .65 .70 .62
900 30001 30001 30030 30001 .55 .55 .63 .50 .66 .65 .70 .62
910 30001 30001 30030 30001 .55 .55 .63 .50 .66 .65 .70 .62
920 30001 30001 30030 30001 .55 .55 .63 .50 .66 .65 .70 .62
930 30001 30001 30030 30001 .55 .55 .63 .50 .66 .65 .70 .62
940 30001 30001 30031 30001 .79 .67 .65 .76 .84 .75 .72 .82
950 30001 30001 30031 30001 .79 .67 .65 .76 .84 .75 .72 .82
960 30001 30001 30031 30001 .79 .67 .65 .76 .84 .75 .72 .82
970 30001 30001 30031 30001 .79 .67 .65 .76 .84 .75 .72 .82
980 30001 30001 30031 30001 .79 .67 .65 .76 .84 .75 .72 .82
990 30001 30001 30031 30001 .79 .67 .65 .76 .84 .75 .72 .82
1000 30031 30031 30031 30031 1.00 1.00 1.00 1.00 1.00 1.00 1.00 1.00
1010 30301 30301 30031 30301 .61 .38 .39 .52 .70 .52 .54 .63
1020 30301 30301 30031 30301 .61 .38 .39 .52 .70 .52 .54 .63
1030 30301 30301 30031 30301 .61 .38 .39 .52 .70 .52 .54 .63
1040 30301 30302 30301 30301 .81 .99 .97 .97 .85 .99 .97 .98
1050 30302 30302 30301 30302 .81 .99 .97 .97 .85 .99 .97 .98
1060 30302 30302 30301 30302 .81 .99 .97 .97 .85 .99 .97 .98
1070 30302 30302 30301 30302 .81 .99 .97 .97 .85 .99 .97 .98
1080 30302 30302 30302 30302 1.00 1.00 1.00 1.00 1.00 1.00 1.00 1.00
1090 30302 30302 30302 30302 1.00 1.00 1.00 1.00 1.00 1.00 1.00 1.00
1100 30302 30302 30302 30302 1.00 1.00 1.00 1.00 1.00 1.00 1.00 1.00
1110 30302 30303 30303 30303 .77 .91 .97 .99 .82 .93 .98 .99
1120 30303 30303 30303 30303 1.00 1.00 1.00 1.00 1.00 1.00 1.00 1.00
1130 30303 30303 30303 30303 1.00 1.00 1.00 1.00 1.00 1.00 1.00 1.00
1140 30303 30303 30303 30303 1.00 1.00 1.00 1.00 1.00 1.00 1.00 1.00
1150 30303 03303 00303 00303 .50 .50 .50 .50 .62 .62 .62 .62
1160 00003 03003 00000 00003 .22 .22 .22 .22 .41 .41 .41 .41
1170 00003 00000 00000 00000 1.0 1.0 1.0 1.0 1.0 1.0 1.0 1.0
1180 00003 00000 00000 00000 1.0 1.0 1.0 1.0 1.0 1.0 1.0 1.0
1190 00003 00000 00000 00000 1.0 1.0 1.0 1.0 1.0 1.0 1.0 1.0
1200 00003 00000 00000 00000 1.0 1.0 1.0 1.0 1.0 1.0 1.0 1.0
1210 00003 00000 00000 00000 1.0 1.0 1.0 1.0 1.0 1.0 1.0 1.0
1220 00003 00000 00000 00000 1.0 1.0 1.0 1.0 1.0 1.0 1.0 1.0
1230 00003 00000 00000 00000 1.0 1.0 1.0 1.0 1.0 1.0 1.0 1.0
1240 00003 00000 00000 00000 1.0 1.0 1.0 1.0 1.0 1.0 1.0 1.0
