0 03300 00300 03300 03300 .72 .72 .72 .72 .79 .79 .79 .79
10 03300 00300 03300 03300 .72 .72 .72 .72 .79 .79 .79 .79
20 30300 30300 30300 30300 1.00 1.00 1.00 1.00 1.00 1.00 1.00 1.00
30 30000 30000 30000 30000 1.00 1.00 1.00 1.00 1.00 1.00 1.00 1.00
40 30000 30000 30000 30000 1.00 1.00 1.00 1.00 1.00 1.00 1.00 1.00
50 30000 30000 30300 30000 .68 .68 .68 .68 .75 .75 .75 .75
60 30000 30000 30300 30000 .68 .68 .68 .68 .75 .75 .75 .75
70 30000 30000 30301 30000 .48 .54 .64 .45 .57 .63 .71 .55
80 30001 30001 30301 30001 .79 .67 .65 .76 .84 .75 .72 .82
90 30001 30001 30301 30001 .79 .67 .65 .76 .84 .75 .72 .82
100 30001 30001 30301 30001 .79 .67 .65 .76 .84 .75 .72 .82
110 30001 30001 30301 30001 .79 .67 .65 .76 .84 .75 .72 .82
120 30001 30001 30301 30001 .79 .67 .65 .76 .84 .75 .72 .82
130 30001 30001 30301 30001 .79 .67 .65 .76 .84 .75 .72 .82
140 30031 30031 30301 30031 .61 .38 .39 .52 .70 .52 .54 .63
150 30031 30031 30301 30031 .61 .38 .39 .52 .70 .52 .54 .63
160 30031 30001 30301 30001 .61 .37 .36 .53 .69 .51 .49 .64
170 30000 30000 30301 30000 .48 .54 .64 .45 .57 .63 .71 .55
180 30000 30000 30301 30000 .48 .54 .64 .45 .57 .63 .71 .55
190 30000 30000 30301 30000 .48 .54 .64 .45 .57 .63 .71 .55
200 30000 30000 30301 30000 .48 .54 .64 .45 .57 .63 .71 .55
210 30000 30000 30301 30000 .48 .54 .64 .45 .57 .63 .71 .55
220 30000 30000 30301 30000 .48 .54 .64 .45 .57 .63 .71 .55
230 30000 30000 30301 30000 .48 .54 .64 .45 .57 .63 .71 .55
240 30000 30000 30301 30000 .48 .54 .64 .45 .57 .63 .71 .55
250 30000 30000 30000 30000 1.00 1.00 1.00 1.00 1.00 1.00 1.00 1.00
260 30000 30000 30000 30000 1.00 1.00 1.00 1.00 1.00 1.00 1.00 1.00
270 30000 30000 30000 30000 1.00 1.00 1.00 1.00 1.00 1.00 1.00 1.00
280 30000 30000 30000 30000 1.00 1.00 1.00 1.00 1.00 1.00 1.00 1.00
290 30000 30000 30000 30000 1.00 1.00 1.00 1.00 1.00 1.00 1.00 1.00
300 30000 30000 30301 30000 .48 .54 .64 .45 .57 .63 .71 .55
310 30000 30000 30301 30000 .48 .54 .64 .45 .57 .63 .71 .55
320 30001 30001 30301 30001 .79 .67 .65 .76 .84 .75 .72 .82
330 30001 30001 30301 30001 .79 .67 .65 .76 .84 .75 .72 .82
340 30001 30001 30301 30001 .79 .67 .65 .76 .84 .75 .72 .82
350 30001 30001 30301 30001 .79 .67 .65 .76 .84 .75 .72 .82
360 30001 30001 30301 30001 .79 .67 .65 .76 .84 .75 .72 .82
370 30001 30001 30301 30001 .79 .67 .65 .76 .84 .75 .72 .82
380 30031 30001 30301 30001 .61 .37 .36 .53 .69 .51 .49 .64
390 30031 30301 30301 30301 .61 .38 .39 .52 .70 .52 .54 .63
400 30301 30301 30301 30301 1.00 1.00 1.00 1.00 1.00 1.00 1.00 1.00
410 30301 30301 30301 30301 1.00 1.00 1.00 1.00 1.00 1.00 1.00 1.00
420 30301 30301 30301 30301 1.00 1.00 1.00 1.00 1.00 1.00 1.00 1.00
430 30301 30301 30301 30301 1.00 1.00 1.00 1.00 1.00 1.00 1.00 1.00
440 30302 30301 30302 30302 .81 .99 .97 .97 .85 .99 .97 .98
450 30302 30301 30302 30302 .81 .99 .97 .97 .85 .99 .97 .98
460 30302 30301 30302 30302 .81 .99 .97 .97 .85 .99 .97 .98
470 30302 30302 30302 30302 1.00 1.00 1.00 1.00 1.00 1.00 1.00 1.00
480 30302 30302 30302 30302 1.00 1.00 1.00 1.00 1.00 1.00 1.00 1.00
490 30302 30302 30302 30302 1.00 1.00 1.00 1.00 1.00 1.00 1.00 1.00
500 30302 30302 30302 30302 1.00 1.00 1.00 1.00 1.00 1.00 1.00 1.00
510 30302 30302 30302 30302 1.00 1.00 1.00 1.00 1.00 1.00 1.00 1.00
520 30302 30302 30302 30302 1.00 1.00 1.00 1.00 1.00 1.00 1.00 1.00
530 30302 30302 30302 30302 1.00 1.00 1.00 1.00 1.00 1.00 1.00 1.00
540 30302 30302 30302 30302 1.00 1.00 1.00 1.00 1.00 1.00 1.00 1.00
550 30303 30302 30303 30303 .77 .91 .97 .99 .82 .93 .98 .99
560 30303 30302 30303 30303 .77 .91 .97 .99 .82 .93 .98 .99
570 30303 30302 30303 30303 .77 .91 .97 .99 .82 .93 .98 .99
580 30303 30303 30303 30303 1.00 1.00 1.00 1.00 1.00 1.00 1.00 1.00
590 30303 30303 30303 30303 1.00 1.00 1.00 1.00 1.00 1.00 1.00 1.00
600 30303 30303 30300 30303 .75 .75 .75 .75 .81 .81 .81 .81
610 00003 00000 00000 00000 1.0 1.0 1.0 1.0 1.0 1.0 1.0 1.0
620 00000 00000 00000 00000 1.0 1.0 1.0 1.0 1.0 1.0 1.0 1.0
630 00000 00000 00000 00000 1.0 1.0 1.0 1.0 1.0 1.0 1.0 1.0
640 00000 00000 00000 00000 1.0 1.0 1.0 1.0 1.0 1.0 1.0 1.0
650 00000 00000 00000 00000 1.0 1.0 1.0 1.0 1.0 1.0 1.0 1.0
660 00000 00000 00300 00000 1.0 1.0 1.0 1.0 1.0 1.0 1.0 1.0
670 00300 00300 00300 00300 1.00 1.00 1.00 1.00 1.00 1.00 1.00 1.00
680 00300 00300 00300 00300 1.00 1.00 1.00 1.00 1.00 1.00 1.00 1.00
690 00300 00300 00300 00300 1.00 1.00 1.00 1.00 1.00 1.00 1.00 1.00
700 00300 00300 00300 00300 1.00 1.00 1.00 1.00 1.00 1.00 1.00 1.00
710 00300 00300 00300 00300 1.00 1.00 1.00 1.00 1.00 1.00 1.00 1.00
720 00300 00300 00300 00300 1.00 1.00 1.00 1.00 1.00 1.00 1.00 1.00
730 30300 30300 30300 30300 1.00 1.00 1.00 1.00 1.00 1.00 1.00 1.00
740 30000 30000 30000 30000 1.00 1.00 1.00 1.00 1.00 1.00 1.00 1.00
750 30000 30000 30000 30000 1.00 1.00 1.00 1.00 1.00 1.00 1.00 1.00
760 30000 30000 30000 30000 1.00 1.00 1.00 1.00 1.00 1.00 1.00 1.00
770 30000 30000 30000 30000 1.00 1.00 1.00 1.00 1.00 1.00 1.00 1.00
780 30000 30000 30000 30000 1.00 1.00 1.00 1.00 1.00 1.00 1.00 1.00
790 30000 30000 30000 30000 1.00 1.00 1.00 1.00 1.00 1.00 1.00 1.00
800 30030 30000 30300 30000 .44 .44 .44 .44 .55 .55 .55 .55
810 30300 30000 30300 30300 .72 .72 .72 .72 .79 .79 .79 .79
820 30300 30300 30300 30300 1.00 1.00 1.00 1.00 1.00 1.00 1.00 1.00
830 03300 03300 30300 03300 .48 .48 .48 .48 .60 .60 .60 .60
840 30300 03300 30300 30300 .48 .48 .48 .48 .60 .60 .60 .60
850 03300 03300 30300 03300 .48 .48 .48 .48 .60 .60 .60 .60
860 03300 03300 03300 03300 1.00 1.00 1.00 1.00 1.00 1.00 1.00 1.00
870 30300 30300 30300 30300 1.00 1.00 1.00 1.00 1.00 1.00 1.00 1.00
880 30000 30000 30000 30000 1.00 1.00 1.00 1.00 1.00 1.00 1.00 1.00
890 30000 30000 30000 30000 1.00 1.00 1.00 1.00 1.00 1.00 1.00 1.00
900 30000 30000 30000 30000 1.00 1.00 1.00 1.00 1.00 1.00 1.00 1.00
910 30000 30000 30000 30000 1.00 1.00 1.00 1.00 1.00 1.00 1.00 1.00
920 30000 30000 30301 30000 .48 .54 .64 .45 .57 .63 .71 .55
930 30000 30000 30301 30000 .48 .54 .64 .45 .57 .63 .71 .55
940 30001 30001 30301 30001 .79 .67 .65 .76 .84 .75 .72 .82
950 30001 30001 30301 30001 .79 .67 .65 .76 .84 .75 .72 .82
960 30001 30001 30301 30001 .79 .67 .65 .76 .84 .75 .72 .82
970 30001 30001 30301 30001 .79 .67 .65 .76 .84 .75 .72 .82
980 30001 30001 30301 30001 .79 .67 .65 .76 .84 .75 .72 .82
990 30000 30000 30301 30000 .48 .54 .64 .45 .57 .63 .71 .55
1000 30000 30000 30301 30000 .48 .54 .64 .45 .57 .63 .71 .55
1010 30000 30000 30301 30000 .48 .54 .64 .45 .57 .63 .71 .55
1020 30000 30000 30301 30000 .48 .54 .64 .45 .57 .63 .71 .55
1030 30000 30000 30001 30000 .70 .80 .96 .69 .76 .84 .97 .75
1040 30000 30000 30031 30000 .48 .54 .64 .45 .57 .63 .71 .55
1050 30000 30000 30031 30000 .48 .54 .64 .45 .57 .63 .71 .55
1060 30000 30000 30031 30000 .48 .54 .64 .45 .57 .63 .71 .55
1070 30000 30000 30031 30000 .48 .54 .64 .45 .57 .63 .71 .55
1080 30000 30000 30031 30000 .48 .54 .64 .45 .57 .63 .71 .55
1090 30000 30000 30031 30000 .48 .54 .64 .45 .57 .63 .71 .55
1100 30000 30000 30031 30000 .48 .54 .64 .45 .57 .63 .71 .55
1110 30001 30001 30031 30001 .79 .67 .65 .76 .84 .75 .72 .82
1120 30001 30001 30031 30001 .79 .67 .65 .76 .84 .75 .72 .82
1130 30001 30001 30031 30001 .79 .67 .65 .76 .84 .75 .72 .82
1140 30001 30001 30031 30001 .79 .67 .65 .76 .84 .75 .72 .82
1150 30001 30001 30301 30001 .79 .67 .65 .76 .84 .75 .72 .82
1160 30001 30001 30301 30001 .79 .67 .65 .76 .84 .75 .72 .82
1170 30001 30001 30301 30001 .79 .67 .65 .76 .84 .75 .72 .82
1180 30001 30001 30301 30001 .79 .67 .65 .76 .84 .75 .72 .82
1190 30001 30031 30301 30001 .61 .37 .36 .53 .69 .51 .49 .64
1200 30031 30031 30301 30031 .61 .38 .39 .52 .70 .52 .54 .63
1210 30031 30031 30301 30031 .61 .38 .39 .52 .70 .52 .54 .63
1220 30031 30031 30301 30031 .61 .38 .39 .52 .70 .52 .54 .63
1230 30031 30031 30301 30031 .61 .38 .39 .52 .70 .52 .54 .63
1240 30031 30031 30301 30031 .61 .38 .39 .52 .70 .52 .54 .63
1250 30031 30031 30301 30031 .61 .38 .39 .52 .70 .52 .54 .63
1260 30301 30301 30301 30301 1.00 1.00 1.00 1.00 1.00 1.00 1.00 1.00
1270 30301 30301 30301 30301 1.00 1.00 1.00 1.00 1.00 1.00 1.00 1.00
1280 30301 30301 30301 30301 1.00 1.00 1.00 1.00 1.00 1.00 1.00 1.00
1290 30301 30301 30301 30301 1.00 1.00 1.00 1.00 1.00 1.00 1.00 1.00
1300 30301 30301 30301 30301 1.00 1.00 1.00 1.00 1.00 1.00 1.00 1.00
1310 30302 30301 30301 30301 .81 .99 .97 .97 .85 .99 .97 .98
1320 30302 30301 30302 30302 .81 .99 .97 .97 .85 .99 .97 .98
1330 30302 30301 30302 30302 .81 .99 .97 .97 .85 .99 .97 .98
1340 30302 30301 30302 30302 .81 .99 .97 .97 .85 .99 .97 .98
1350 30302 30302 30302 30302 1.00 1.00 1.00 1.00 1.00 1.00 1.00 1.00
1360 30302 30302 30302 30302 1.00 1.00 1.00 1.00 1.00 1.00 1.00 1.00
1370 30002 30002 30302 30002 .79 .67 .68 .75 .84 .75 .75 .81
1380 30002 30002 30002 30002 1.00 1.00 1.00 1.00 1.00 1.00 1.00 1.00
1390 30002 30002 30002 30002 1.00 1.00 1.00 1.00 1.00 1.00 1.00 1.00
1400 30002 30002 30002 30002 1.00 1.00 1.00 1.00 1.00 1.00 1.00 1.00
1410 30302 30002 30002 30002 .79 .67 .68 .75 .84 .75 .75 .81
1420 30302 30002 30002 30002 .79 .67 .68 .75 .84 .75 .75 .81
1430 30302 30002 30002 30002 .79 .67 .68 .75 .84 .75 .75 .81
1440 30002 30002 30002 30002 1.00 1.00 1.00 1.00 1.00 1.00 1.00 1.00
1450 30002 30002 30002 30002 1.00 1.00 1.00 1.00 1.00 1.00 1.00 1.00
1460 30032 30002 30002 30002 .79 .67 .68 .75 .84 .75 .75 .81
1470 30032 30002 30302 30002 .61 .37 .39 .51 .69 .51 .53 .62
1480 30032 30032 30302 30032 .61 .38 .39 .49 .70 .52 .54 .61
1490 30032 30032 30302 30032 .61 .38 .39 .49 .70 .52 .54 .61
1500 30032 30032 30302 30032 .61 .38 .39 .49 .70 .52 .54 .61
1510 30002 30002 30302 30002 .79 .67 .68 .75 .84 .75 .75 .81
1520 30002 30002 30002 30002 1.00 1.00 1.00 1.00 1.00 1.00 1.00 1.00
1530 30002 30002 30002 30002 1.00 1.00 1.00 1.00 1.00 1.00 1.00 1.00
1540 30002 30002 30002 30002 1.00 1.00 1.00 1.00 1.00 1.00 1.00 1.00
1550 30002 30002 30002 30002 1.00 1.00 1.00 1.00 1.00 1.00 1.00 1.00
1560 30002 30002 30002 30002 1.00 1.00 1.00 1.00 1.00 1.00 1.00 1.00
1570 30002 30002 30002 30002 1.00 1.00 1.00 1.00 1.00 1.00 1.00 1.00
1580 30002 30002 30302 30002 .79 .67 .68 .75 .84 .75 .75 .81
1590 30002 30002 30302 30002 .79 .67 .68 .75 .84 .75 .75 .81
1600 30302 30302 30302 30302 1.00 1.00 1.00 1.00 1.00 1.00 1.00 1.00
1610 30302 30302 30302 30302 1.00 1.00 1.00 1.00 1.00 1.00 1.00 1.00
1620 30302 30302 30302 30302 1.00 1.00 1.00 1.00 1.00 1.00 1.00 1.00
1630 30302 30302 30302 30302 1.00 1.00 1.00 1.00 1.00 1.00 1.00 1.00
1640 30302 30302 30302 30302 1.00 1.00 1.00 1.00 1.00 1.00 1.00 1.00
1650 30302 30302 30302 30302 1.00 1.00 1.00 1.00 1.00 1.00 1.00 1.00
1660 30302 30302 30302 30302 1.00 1.00 1.00 1.00 1.00 1.00 1.00 1.00
1670 30302 30302 30302 30302 1.00 1.00 1.00 1.00 1.00 1.00 1.00 1.00
1680 30302 30303 30302 30302 .79 .92 .97 .99 .85 .94 .98 .99
1690 30303 30303 30303 30303 1.00 1.00 1.00 1.00 1.00 1.00 1.00 1.00
1700 30303 30303 30303 30303 1.00 1.00 1.00 1.00 1.00 1.00 1.00 1.00
1710 30303 30303 30303 30303 1.00 1.00 1.00 1.00 1.00 1.00 1.00 1.00
1720 30303 30303 30303 30303 1.00 1.00 1.00 1.00 1.00 1.00 1.00 1.00
1730 03303 00303 30303 00303 .50 .50 .50 .50 .62 .62 .62 .62
1740 00003 00000 00000 00000 1.0 1.0 1.0 1.0 1.0 1.0 1.0 1.0
1750 00003 00000 00000 00000 1.0 1.0 1.0 1.0 1.0 1.0 1.0 1.0
1760 00003 00000 00000 00000 1.0 1.0 1.0 1.0 1.0 1.0 1.0 1.0
1770 00003 00000 00000 00000 1.0 1.0 1.0 1.0 1.0 1.0 1.0 1.0
1780 00003 00000 00000 00000 1.0 1.0 1.0 1.0 1.0 1.0 1.0 1.0
1790 00003 00000 00000 00000 1.0 1.0 1.0 1.0 1.0 1.0 1.0 1.0
1800 00003 00000 00000 00000 1.0 1.0 1.0 1.0 1.0 1.0 1.0 1.0
1810 00003 00000 00000 00000 1.0 1.0 1.0 1.0 1.0 1.0 1.0 1.0
1820 00003 00000 00000 00000 1.0 1.0 1.0 1.0 1.0 1.0 1.0 1.0
1830 00003 00000 00000 00000 1.0 1.0 1.0 1.0 1.0 1.0 1.0 1.0
