0 00000 00000 01100 00000 -0.08 -0.08 -0.08 -0.08 -0.06 -0.06 -0.06 -0.06
10 00000 00000 01100 00000 -0.08 -0.08 -0.08 -0.08 -0.06 -0.06 -0.06 -0.06
20 00000 00000 01100 00000 -0.08 -0.08 -0.08 -0.08 -0.06 -0.06 -0.06 -0.06
30 00000 00000 01100 00000 -0.08 -0.08 -0.08 -0.08 -0.06 -0.06 -0.06 -0.06
40 00000 00000 01100 00000 -0.08 -0.08 -0.08 -0.08 -0.06 -0.06 -0.06 -0.06
50 00000 00000 01100 00000 -0.08 -0.08 -0.08 -0.08 -0.06 -0.06 -0.06 -0.06
60 00000 00000 01100 00000 -0.08 -0.08 -0.08 -0.08 -0.06 -0.06 -0.06 -0.06
70 00000 00000 01100 00000 -0.08 -0.08 -0.08 -0.08 -0.06 -0.06 -0.06 -0.06
80 00000 00000 01100 00000 -0.08 -0.08 -0.08 -0.08 -0.06 -0.06 -0.06 -0.06
90 00000 00000 01100 00000 -0.08 -0.08 -0.08 -0.08 -0.06 -0.06 -0.06 -0.06
100 00000 00000 01100 00000 -0.08 -0.08 -0.08 -0.08 -0.06 -0.06 -0.06 -0.06
110 00000 00000 01100 00000 -0.08 -0.08 -0.08 -0.08 -0.06 -0.06 -0.06 -0.06
120 00000 00000 01100 00000 -0.08 -0.08 -0.08 -0.08 -0.06 -0.06 -0.06 -0.06
130 00000 00000 01100 00000 -0.08 -0.08 -0.08 -0.08 -0.06 -0.06 -0.06 -0.06
140 00000 00000 01100 00000 -0.08 -0.08 -0.08 -0.08 -0.06 -0.06 -0.06 -0.06
150 00000 00000 01100 00000 -0.08 -0.08 -0.08 -0.08 -0.06 -0.06 -0.06 -0.06
160 00000 00000 01100 00000 -0.08 -0.08 -0.08 -0.08 -0.06 -0.06 -0.06 -0.06
170 00000 00000 01100 00000 -0.08 -0.08 -0.08 -0.08 -0.06 -0.06 -0.06 -0.06
180 00000 00000 01100 00000 -0.08 -0.08 -0.08 -0.08 -0.06 -0.06 -0.06 -0.06
190 00000 00000 01100 00000 -0.08 -0.08 -0.08 -0.08 -0.06 -0.06 -0.06 -0.06
200 00000 00000 01000 00000 1.0 1.0 1.0 1.0 1.0 1.0 1.0 1.0
210 00000 00000 00000 00000 1.0 1.0 1.0 1.0 1.0 1.0 1.0 1.0
220 00000 00000 00000 00000 1.0 1.0 1.0 1.0 1.0 1.0 1.0 1.0
230 00000 00000 00000 00000 1.0 1.0 1.0 1.0 1.0 1.0 1.0 1.0
240 00000 00000 00000 00000 1.0 1.0 1.0 1.0 1.0 1.0 1.0 1.0
250 03000 00000 00000 00000 1.0 1.0 1.0 1.0 1.0 1.0 1.0 1.0
260 30000 00000 03000 00000 -0.08 -0.08 -0.08 -0.08 -0.06 -0.06 -0.06 -0.06
270 30000 30000 30000 30000 1.00 1.00 1.00 1.00 1.00 1.00 1.00 1.00
280 30000 30000 30000 30000 1.00 1.00 1.00 1.00 1.00 1.00 1.00 1.00
290 30000 30000 30000 30000 1.00 1.00 1.00 1.00 1.00 1.00 1.00 1.00
300 30000 30000 30000 30000 1.00 1.00 1.00 1.00 1.00 1.00 1.00 1.00
310 30000 30000 30000 30000 1.00 1.00 1.00 1.00 1.00 1.00 1.00 1.00
320 30000 30000 30000 30000 1.00 1.00 1.00 1.00 1.00 1.00 1.00 1.00
330 30000 30000 30000 30000 1.00 1.00 1.00 1.00 1.00 1.00 1.00 1.00
340 30000 30000 30000 30000 1.00 1.00 1.00 1.00 1.00 1.00 1.00 1.00
350 30000 30000 30030 30000 .68 .68 .68 .68 .75 .75 .75 .75
360 30030 30000 30030 30030 .72 .72 .72 .72 .79 .79 .79 .79
370 30300 30300 30300 30300 1.00 1.00 1.00 1.00 1.00 1.00 1.00 1.00
380 00300 00300 00300 00300 1.00 1.00 1.00 1.00 1.00 1.00 1.00 1.00
390 00300 00300 00300 00300 1.00 1.00 1.00 1.00 1.00 1.00 1.00 1.00
400 00300 00300 00300 00300 1.00 1.00 1.00 1.00 1.00 1.00 1.00 1.00
410 00300 00300 00300 00300 1.00 1.00 1.00 1.00 1.00 1.00 1.00 1.00
420 00300 00300 00300 00300 1.00 1.00 1.00 1.00 1.00 1.00 1.00 1.00
430 00300 00300 00300 00300 1.00 1.00 1.00 1.00 1.00 1.00 1.00 1.00
440 30300 30300 30300 30300 1.00 1.00 1.00 1.00 1.00 1.00 1.00 1.00
450 30000 30000 30000 30000 1.00 1.00 1.00 1.00 1.00 1.00 1.00 1.00
460 30000 30000 30000 30000 1.00 1.00 1.00 1.00 1.00 1.00 1.00 1.00
470 30000 30000 30000 30000 1.00 1.00 1.00 1.00 1.00 1.00 1.00 1.00
480 30000 30000 30030 30000 .68 .68 .68 .68 .75 .75 .75 .75
490 30000 30000 30030 30000 .68 .68 .68 .68 .75 .75 .75 .75
500 30000 30000 30030 30000 .68 .68 .68 .68 .75 .75 .75 .75
510 30000 30000 30030 30000 .68 .68 .68 .68 .75 .75 .75 .75
520 30001 30001 30030 30001 .55 .55 .63 .50 .66 .65 .70 .62
530 30001 30001 30030 30001 .55 .55 .63 .50 .66 .65 .70 .62
540 30001 30001 30031 30001 .79 .67 .65 .76 .84 .75 .72 .82
550 30001 30001 30031 30001 .79 .67 .65 .76 .84 .75 .72 .82
560 30001 30001 30031 30001 .79 .67 .65 .76 .84 .75 .72 .82
570 30031 30001 30031 30031 .80 .68 .68 .77 .85 .76 .76 .82
580 30031 30001 30031 30031 .80 .68 .68 .77 .85 .76 .76 .82
590 30031 30001 30031 30031 .80 .68 .68 .77 .85 .76 .76 .82
600 30031 30001 30031 30031 .80 .68 .68 .77 .85 .76 .76 .82
610 30301 30301 30301 30301 1.00 1.00 1.00 1.00 1.00 1.00 1.00 1.00
620 30301 30301 30301 30301 1.00 1.00 1.00 1.00 1.00 1.00 1.00 1.00
630 30301 30301 30301 30301 1.00 1.00 1.00 1.00 1.00 1.00 1.00 1.00
640 30301 30301 30301 30301 1.00 1.00 1.00 1.00 1.00 1.00 1.00 1.00
650 30301 30301 30301 30301 1.00 1.00 1.00 1.00 1.00 1.00 1.00 1.00
660 30302 30302 30302 30302 1.00 1.00 1.00 1.00 1.00 1.00 1.00 1.00
670 30302 30302 30302 30302 1.00 1.00 1.00 1.00 1.00 1.00 1.00 1.00
680 30302 30302 30302 30302 1.00 1.00 1.00 1.00 1.00 1.00 1.00 1.00
690 30002 30002 30002 30002 1.00 1.00 1.00 1.00 1.00 1.00 1.00 1.00
700 30002 30002 30002 30002 1.00 1.00 1.00 1.00 1.00 1.00 1.00 1.00
710 30002 30002 30002 30002 1.00 1.00 1.00 1.00 1.00 1.00 1.00 1.00
720 30002 30002 30002 30002 1.00 1.00 1.00 1.00 1.00 1.00 1.00 1.00
730 30002 30002 30002 30002 1.00 1.00 1.00 1.00 1.00 1.00 1.00 1.00
740 30002 30002 30032 30002 .79 .67 .68 .75 .84 .75 .75 .81
750 30002 30002 30302 30002 .79 .67 .68 .75 .84 .75 .75 .81
760 30002 30002 30302 30002 .79 .67 .68 .75 .84 .75 .75 .81
770 30002 30002 30302 30002 .79 .67 .68 .75 .84 .75 .75 .81
780 30002 30002 30032 30002 .79 .67 .68 .75 .84 .75 .75 .81
790 30002 30002 30032 30002 .79 .67 .68 .75 .84 .75 .75 .81
800 30002 30002 30032 30002 .79 .67 .68 .75 .84 .75 .75 .81
810 30032 30002 30302 30002 .61 .37 .39 .51 .69 .51 .53 .62
820 30302 30302 30302 30302 1.00 1.00 1.00 1.00 1.00 1.00 1.00 1.00
830 30302 30302 30302 30302 1.00 1.00 1.00 1.00 1.00 1.00 1.00 1.00
840 30302 30302 30302 30302 1.00 1.00 1.00 1.00 1.00 1.00 1.00 1.00
850 30302 30302 30302 30302 1.00 1.00 1.00 1.00 1.00 1.00 1.00 1.00
860 30302 30302 30302 30302 1.00 1.00 1.00 1.00 1.00 1.00 1.00 1.00
870 30302 30302 30302 30302 1.00 1.00 1.00 1.00 1.00 1.00 1.00 1.00
880 30002 30002 30002 30002 1.00 1.00 1.00 1.00 1.00 1.00 1.00 1.00
890 30002 30002 30002 30002 1.00 1.00 1.00 1.00 1.00 1.00 1.00 1.00
900 30002 30002 30002 30002 1.00 1.00 1.00 1.00 1.00 1.00 1.00 1.00
910 30002 30002 30032 30002 .79 .67 .68 .75 .84 .75 .75 .81
920 30002 30002 30032 30002 .79 .67 .68 .75 .84 .75 .75 .81
930 30032 30002 30302 30002 .61 .37 .39 .51 .69 .51 .53 .62
940 30302 30302 30302 30302 1.00 1.00 1.00 1.00 1.00 1.00 1.00 1.00
950 30302 30302 30302 30302 1.00 1.00 1.00 1.00 1.00 1.00 1.00 1.00
960 30303 30302 30303 30303 .77 .91 .97 .99 .82 .93 .98 .99
970 30303 30302 30303 30303 .77 .91 .97 .99 .82 .93 .98 .99
980 30303 00302 30303 30303 .56 .67 .71 .74 .65 .74 .78 .80
990 03303 00302 03303 03303 .56 .67 .71 .74 .65 .74 .78 .80
1000 03303 00302 03303 03303 .56 .67 .71 .74 .65 .74 .78 .80
1010 00303 00302 03303 00303 .55 .68 .70 .74 .64 .76 .77 .80
1020 00303 00302 03303 00303 .55 .68 .70 .74 .64 .76 .77 .80
1030 00303 00302 03303 00303 .55 .68 .70 .74 .64 .76 .77 .80
1040 30303 30302 30303 30303 .77 .91 .97 .99 .82 .93 .98 .99
1050 30303 30302 30303 30303 .77 .91 .97 .99 .82 .93 .98 .99
1060 30303 30302 30303 30303 .77 .91 .97 .99 .82 .93 .98 .99
1070 30303 30303 30303 30303 1.00 1.00 1.00 1.00 1.00 1.00 1.00 1.00
1080 30303 30303 30303 30303 1.00 1.00 1.00 1.00 1.00 1.00 1.00 1.00
1090 30303 30303 30303 30303 1.00 1.00 1.00 1.00 1.00 1.00 1.00 1.00
1100 30303 30303 30303 30303 1.00 1.00 1.00 1.00 1.00 1.00 1.00 1.00
1110 30303 30303 30303 30303 1.00 1.00 1.00 1.00 1.00 1.00 1.00 1.00
1120 30003 30003 30003 30003 1.00 1.00 1.00 1.00 1.00 1.00 1.00 1.00
1130 03003 00000 03033 03003 .16 .16 .16 .16 .37 .37 .37 .37
1140 00003 00000 00000 00000 1.0 1.0 1.0 1.0 1.0 1.0 1.0 1.0
1150 00000 00000 00000 00000 1.0 1.0 1.0 1.0 1.0 1.0 1.0 1.0
1160 00000 00000 00000 00000 1.0 1.0 1.0 1.0 1.0 1.0 1.0 1.0
1170 00000 00000 00000 00000 1.0 1.0 1.0 1.0 1.0 1.0 1.0 1.0
1180 00000 03000 03003 03000 .22 .22 .22 .22 .41 .41 .41 .41
1190 03000 03000 03003 03000 .68 .68 .68 .68 .75 .75 .75 .75
1200 30000 30000 30003 30000 .68 .68 .68 .68 .75 .75 .75 .75
1210 30000 30000 30000 30000 1.00 1.00 1.00 1.00 1.00 1.00 1.00 1.00
1220 30000 30000 30000 30000 1.00 1.00 1.00 1.00 1.00 1.00 1.00 1.00
1230 30000 30000 30000 30000 1.00 1.00 1.00 1.00 1.00 1.00 1.00 1.00
1240 30000 30000 30000 30000 1.00 1.00 1.00 1.00 1.00 1.00 1.00 1.00
1250 30000 30000 30000 30000 1.00 1.00 1.00 1.00 1.00 1.00 1.00 1.00
1260 30000 30000 30000 30000 1.00 1.00 1.00 1.00 1.00 1.00 1.00 1.00
1270 30030 30300 30300 30300 .48 .48 .48 .48 .60 .60 .60 .60
1280 30030 30300 30300 30300 .48 .48 .48 .48 .60 .60 .60 .60
1290 00030 00300 00300 00300 .22 .22 .22 .22 .41 .41 .41 .41
1300 00030 00300 00300 00300 .22 .22 .22 .22 .41 .41 .41 .41
1310 00030 00300 00300 00300 .22 .22 .22 .22 .41 .41 .41 .41
1320 00030 00300 00300 00300 .22 .22 .22 .22 .41 .41 .41 .41
1330 00030 00300 03300 00300 .05 .05 .05 .05 .24 .24 .24 .24
1340 03030 00300 30300 00300 -0.12 -0.12 -0.12 -0.12 .10 .10 .10 .10
1350 03030 00300 30300 00300 -0.12 -0.12 -0.12 -0.12 .10 .10 .10 .10
1360 03030 00300 30300 00300 -0.12 -0.12 -0.12 -0.12 .10 .10 .10 .10
1370 03030 03300 30300 03300 -0.04 -0.04 -0.04 -0.04 .21 .21 .21 .21
1380 03030 03300 30300 03300 -0.04 -0.04 -0.04 -0.04 .21 .21 .21 .21
1390 00030 00300 00300 00300 .22 .22 .22 .22 .41 .41 .41 .41
1400 00030 00300 00300 00300 .22 .22 .22 .22 .41 .41 .41 .41
1410 00030 00300 00300 00300 .22 .22 .22 .22 .41 .41 .41 .41
1420 00030 00300 03300 00300 .05 .05 .05 .05 .24 .24 .24 .24
1430 00030 00300 03300 00300 .05 .05 .05 .05 .24 .24 .24 .24
1440 00030 00300 03300 00300 .05 .05 .05 .05 .24 .24 .24 .24
1450 00030 00300 00300 00300 .22 .22 .22 .22 .41 .41 .41 .41
1460 00030 00300 03300 00300 .05 .05 .05 .05 .24 .24 .24 .24
1470 00030 00300 00300 00300 .22 .22 .22 .22 .41 .41 .41 .41
1480 00030 00300 03300 00300 .05 .05 .05 .05 .24 .24 .24 .24
1490 00030 00300 03300 00300 .05 .05 .05 .05 .24 .24 .24 .24
1500 03030 03300 03300 03300 .48 .48 .48 .48 .60 .60 .60 .60
1510 03030 03300 03300 03300 .48 .48 .48 .48 .60 .60 .60 .60
1520 03030 00300 30300 00300 -0.12 -0.12 -0.12 -0.12 .10 .10 .10 .10
1530 30000 30300 30300 30300 .72 .72 .72 .72 .79 .79 .79 .79
1540 30000 30300 30300 30300 .72 .72 .72 .72 .79 .79 .79 .79
1550 30000 30000 30000 30000 1.00 1.00 1.00 1.00 1.00 1.00 1.00 1.00
1560 30000 30000 30000 30000 1.00 1.00 1.00 1.00 1.00 1.00 1.00 1.00
1570 30000 30000 30000 30000 1.00 1.00 1.00 1.00 1.00 1.00 1.00 1.00
1580 30000 30000 30000 30000 1.00 1.00 1.00 1.00 1.00 1.00 1.00 1.00
1590 30300 30300 30300 30300 1.00 1.00 1.00 1.00 1.00 1.00 1.00 1.00
1600 03300 00300 00300 00300 .68 .68 .68 .68 .75 .75 .75 .75
1610 00300 00300 00300 00300 1.00 1.00 1.00 1.00 1.00 1.00 1.00 1.00
1620 00300 00300 00300 00300 1.00 1.00 1.00 1.00 1.00 1.00 1.00 1.00
1630 00300 00300 00300 00300 1.00 1.00 1.00 1.00 1.00 1.00 1.00 1.00
1640 00300 00300 00300 00300 1.00 1.00 1.00 1.00 1.00 1.00 1.00 1.00
1650 00300 30300 03300 00300 .44 .44 .44 .44 .55 .55 .55 .55
1660 30300 30300 30300 30300 1.00 1.00 1.00 1.00 1.00 1.00 1.00 1.00
1670 30030 30300 30300 30300 .48 .48 .48 .48 .60 .60 .60 .60
1680 30000 30000 30000 30000 1.00 1.00 1.00 1.00 1.00 1.00 1.00 1.00
1690 30000 30000 30000 30000 1.00 1.00 1.00 1.00 1.00 1.00 1.00 1.00
1700 30000 30000 30000 30000 1.00 1.00 1.00 1.00 1.00 1.00 1.00 1.00
1710 30000 30000 30030 30000 .68 .68 .68 .68 .75 .75 .75 .75
1720 30000 30000 30030 30000 .68 .68 .68 .68 .75 .75 .75 .75
1730 30001 30001 30030 30001 .55 .55 .63 .50 .66 .65 .70 .62
1740 30001 30001 30030 30001 .55 .55 .63 .50 .66 .65 .70 .62
1750 30001 30001 30031 30001 .79 .67 .65 .76 .84 .75 .72 .82
1760 30001 30001 30031 30001 .79 .67 .65 .76 .84 .75 .72 .82
1770 30001 30001 30031 30001 .79 .67 .65 .76 .84 .75 .72 .82
1780 30001 30001 30031 30001 .79 .67 .65 .76 .84 .75 .72 .82
1790 30001 30001 30031 30001 .79 .67 .65 .76 .84 .75 .72 .82
1800 30001 30001 30031 30001 .79 .67 .65 .76 .84 .75 .72 .82
1810 30001 30001 30031 30001 .79 .67 .65 .76 .84 .75 .72 .82
1820 30001 30001 30031 30001 .79 .67 .65 .76 .84 .75 .72 .82
1830 30001 30001 30031 30001 .79 .67 .65 .76 .84 .75 .72 .82
1840 30001 30001 30031 30001 .79 .67 .65 .76 .84 .75 .72 .82
1850 30001 30001 30031 30001 .79 .67 .65 .76 .84 .75 .72 .82
1860 30001 30001 30031 30001 .79 .67 .65 .76 .84 .75 .72 .82
1870 30001 30001 30031 30001 .79 .67 .65 .76 .84 .75 .72 .82
1880 30001 30001 30031 30001 .79 .67 .65 .76 .84 .75 .72 .82
1890 30031 30001 30031 30031 .80 .68 .68 .77 .85 .76 .76 .82
1900 30031 30001 30031 30031 .80 .68 .68 .77 .85 .76 .76 .82
1910 30301 30001 30301 30301 .80 .68 .68 .77 .85 .76 .76 .82
1920 30301 30301 30301 30301 1.00 1.00 1.00 1.00 1.00 1.00 1.00 1.00
1930 30301 30301 30301 30301 1.00 1.00 1.00 1.00 1.00 1.00 1.00 1.00
1940 30301 30301 30301 30301 1.00 1.00 1.00 1.00 1.00 1.00 1.00 1.00
1950 30301 30301 30301 30301 1.00 1.00 1.00 1.00 1.00 1.00 1.00 1.00
1960 30302 30302 30301 30302 .81 .99 .97 .97 .85 .99 .97 .98
1970 30302 30302 30302 30302 1.00 1.00 1.00 1.00 1.00 1.00 1.00 1.00
1980 30302 30302 30302 30302 1.00 1.00 1.00 1.00 1.00 1.00 1.00 1.00
1990 30302 30302 30302 30302 1.00 1.00 1.00 1.00 1.00 1.00 1.00 1.00
2000 30302 30302 30302 30302 1.00 1.00 1.00 1.00 1.00 1.00 1.00 1.00
2010 30302 30302 30302 30302 1.00 1.00 1.00 1.00 1.00 1.00 1.00 1.00
2020 30303 30302 30302 30302 .79 .92 .97 .99 .85 .94 .98 .99
2030 30303 30302 30302 30302 .79 .92 .97 .99 .85 .94 .98 .99
2040 03303 30302 30302 30302 .38 .34 .40 .48 .54 .49 .53 .60
2050 03303 00302 03302 03302 .59 .65 .69 .74 .69 .72 .76 .80
2060 00303 00302 03302 00302 .58 .65 .68 .74 .68 .73 .74 .80
2070 00303 00302 03302 00302 .58 .65 .68 .74 .68 .73 .74 .80
2080 00303 00302 03302 00302 .58 .65 .68 .74 .68 .73 .74 .80
2090 03303 30302 30302 30302 .38 .34 .40 .48 .54 .49 .53 .60
2100 30303 30302 30302 30302 .79 .92 .97 .99 .85 .94 .98 .99
2110 30303 30302 30302 30302 .79 .92 .97 .99 .85 .94 .98 .99
2120 30303 30302 30302 30302 .79 .92 .97 .99 .85 .94 .98 .99
2130 30303 30302 30302 30302 .79 .92 .97 .99 .85 .94 .98 .99
2140 30303 00302 30302 30302 .59 .65 .69 .74 .69 .72 .76 .80
2150 03303 00302 03302 03302 .59 .65 .69 .74 .69 .72 .76 .80
2160 03303 00302 03302 03302 .59 .65 .69 .74 .69 .72 .76 .80
2170 30303 30302 30302 30302 .79 .92 .97 .99 .85 .94 .98 .99
2180 30303 30302 30302 30302 .79 .92 .97 .99 .85 .94 .98 .99
2190 30303 30302 30302 30302 .79 .92 .97 .99 .85 .94 .98 .99
2200 30303 30302 30302 30302 .79 .92 .97 .99 .85 .94 .98 .99
2210 30303 30303 30302 30303 .77 .91 .97 .99 .82 .93 .98 .99
2220 30303 30303 30303 30303 1.00 1.00 1.00 1.00 1.00 1.00 1.00 1.00
2230 30303 30303 30303 30303 1.00 1.00 1.00 1.00 1.00 1.00 1.00 1.00
2240 30303 30303 30303 30303 1.00 1.00 1.00 1.00 1.00 1.00 1.00 1.00
2250 30303 30303 30303 30303 1.00 1.00 1.00 1.00 1.00 1.00 1.00 1.00
2260 03303 00303 03303 03303 .75 .75 .75 .75 .81 .81 .81 .81
2270 00033 00303 00033 00033 .48 .48 .48 .48 .60 .60 .60 .60
2280 00003 00000 00000 00000 1.0 1.0 1.0 1.0 1.0 1.0 1.0 1.0
2290 00003 00000 00000 00000 1.0 1.0 1.0 1.0 1.0 1.0 1.0 1.0
2300 00003 00000 00000 00000 1.0 1.0 1.0 1.0 1.0 1.0 1.0 1.0
2310 00003 00000 00000 00000 1.0 1.0 1.0 1.0 1.0 1.0 1.0 1.0
2320 00003 00000 00000 00000 1.0 1.0 1.0 1.0 1.0 1.0 1.0 1.0
2330 00003 00000 00000 00000 1.0 1.0 1.0 1.0 1.0 1.0 1.0 1.0
2340 00003 00000 00000 00000 1.0 1.0 1.0 1.0 1.0 1.0 1.0 1.0
2350 00003 00000 00000 00000 1.0 1.0 1.0 1.0 1.0 1.0 1.0 1.0
2360 00003 00000 00000 00000 1.0 1.0 1.0 1.0 1.0 1.0 1.0 1.0
2370 00003 00000 00013 00003 .26 .27 .41 .23 .43 .46 .59 .41
2380 00003 00000 00013 00003 .26 .27 .41 .23 .43 .46 .59 .41
2390 00003 00000 01013 00003 .13 .13 .35 .07 .30 .34 .54 .25
2400 00003 00000 01013 00003 .13 .13 .35 .07 .30 .34 .54 .25
2410 00003 00000 01013 00003 .13 .13 .35 .07 .30 .34 .54 .25
2420 00003 00000 01013 00003 .13 .13 .35 .07 .30 .34 .54 .25
