0 00000 00000 00000 00000 1.0 1.0 1.0 1.0 1.0 1.0 1.0 1.0
10 00000 00000 00000 00000 1.0 1.0 1.0 1.0 1.0 1.0 1.0 1.0
20 00000 00000 00000 00000 1.0 1.0 1.0 1.0 1.0 1.0 1.0 1.0
30 00000 00000 03000 00000 1.0 1.0 1.0 1.0 1.0 1.0 1.0 1.0
40 03000 30000 30000 30000 .22 .22 .22 .22 .41 .41 .41 .41
50 30000 30000 30000 30000 1.00 1.00 1.00 1.00 1.00 1.00 1.00 1.00
60 30000 30000 30000 30000 1.00 1.00 1.00 1.00 1.00 1.00 1.00 1.00
70 30000 30000 30000 30000 1.00 1.00 1.00 1.00 1.00 1.00 1.00 1.00
80 30000 30000 30000 30000 1.00 1.00 1.00 1.00 1.00 1.00 1.00 1.00
90 30000 30000 30030 30000 .68 .68 .68 .68 .75 .75 .75 .75
100 30000 30000 30030 30000 .68 .68 .68 .68 .75 .75 .75 .75
110 30000 30000 30030 30000 .68 .68 .68 .68 .75 .75 .75 .75
120 30000 30000 30030 30000 .68 .68 .68 .68 .75 .75 .75 .75
130 30300 30300 30300 30300 1.00 1.00 1.00 1.00 1.00 1.00 1.00 1.00
140 00300 00300 00300 00300 1.00 1.00 1.00 1.00 1.00 1.00 1.00 1.00
150 00300 00300 00300 00300 1.00 1.00 1.00 1.00 1.00 1.00 1.00 1.00
160 00300 00300 00300 00300 1.00 1.00 1.00 1.00 1.00 1.00 1.00 1.00
170 00300 00300 00300 00300 1.00 1.00 1.00 1.00 1.00 1.00 1.00 1.00
180 00300 00300 00300 00300 1.00 1.00 1.00 1.00 1.00 1.00 1.00 1.00
190 00300 00300 03300 00300 .68 .68 .68 .68 .75 .75 .75 .75
200 00300 00300 03300 00300 .68 .68 .68 .68 .75 .75 .75 .75
210 00300 00300 03300 00300 .68 .68 .68 .68 .75 .75 .75 .75
220 30300 00300 30300 30300 .72 .72 .72 .72 .79 .79 .79 .79
230 30300 30300 30300 30300 1.00 1.00 1.00 1.00 1.00 1.00 1.00 1.00
240 30000 30000 30030 30000 .68 .68 .68 .68 .75 .75 .75 .75
250 30000 30000 30000 30000 1.00 1.00 1.00 1.00 1.00 1.00 1.00 1.00
260 30000 30000 30000 30000 1.00 1.00 1.00 1.00 1.00 1.00 1.00 1.00
270 30000 30000 30030 30000 .68 .68 .68 .68 .75 .75 .75 .75
280 30000 30000 30000 30000 1.00 1.00 1.00 1.00 1.00 1.00 1.00 1.00
290 30000 30000 30030 30000 .68 .68 .68 .68 .75 .75 .75 .75
300 30000 30000 30030 30000 .68 .68 .68 .68 .75 .75 .75 .75
310 30001 30001 30030 30001 .55 .55 .63 .50 .66 .65 .70 .62
320 30001 30001 30030 30001 .55 .55 .63 .50 .66 .65 .70 .62
330 30001 30001 30030 30001 .55 .55 .63 .50 .66 .65 .70 .62
340 30001 30001 30031 30001 .79 .67 .65 .76 .84 .75 .72 .82
350 30031 30001 30031 30031 .80 .68 .68 .77 .85 .76 .76 .82
360 30301 30001 30301 30301 .80 .68 .68 .77 .85 .76 .76 .82
370 30301 30301 30301 30301 1.00 1.00 1.00 1.00 1.00 1.00 1.00 1.00
380 30301 30301 30301 30301 1.00 1.00 1.00 1.00 1.00 1.00 1.00 1.00
390 30301 30301 30301 30301 1.00 1.00 1.00 1.00 1.00 1.00 1.00 1.00
400 30302 30302 30301 30302 .81 .99 .97 .97 .85 .99 .97 .98
410 30302 30302 30302 30302 1.00 1.00 1.00 1.00 1.00 1.00 1.00 1.00
420 30302 30302 30302 30302 1.00 1.00 1.00 1.00 1.00 1.00 1.00 1.00
430 30302 30302 30302 30302 1.00 1.00 1.00 1.00 1.00 1.00 1.00 1.00
440 30302 30302 30302 30302 1.00 1.00 1.00 1.00 1.00 1.00 1.00 1.00
450 30302 30302 30302 30302 1.00 1.00 1.00 1.00 1.00 1.00 1.00 1.00
460 30303 30302 30302 30302 .79 .92 .97 .99 .85 .94 .98 .99
470 30303 30303 30302 30303 .77 .91 .97 .99 .82 .93 .98 .99
480 30303 30303 30302 30303 .77 .91 .97 .99 .82 .93 .98 .99
490 30303 30303 30302 30303 .77 .91 .97 .99 .82 .93 .98 .99
500 30303 30303 30303 30303 1.00 1.00 1.00 1.00 1.00 1.00 1.00 1.00
510 30303 30303 30303 30303 1.00 1.00 1.00 1.00 1.00 1.00 1.00 1.00
520 03303 00303 03303 03303 .75 .75 .75 .75 .81 .81 .81 .81
530 00303 00303 00303 00303 1.00 1.00 1.00 1.00 1.00 1.00 1.00 1.00
540 00303 00303 00303 00303 1.00 1.00 1.00 1.00 1.00 1.00 1.00 1.00
550 00303 00303 00303 00303 1.00 1.00 1.00 1.00 1.00 1.00 1.00 1.00
560 00303 00303 00303 00303 1.00 1.00 1.00 1.00 1.00 1.00 1.00 1.00
570 03303 00303 03303 03303 .75 .75 .75 .75 .81 .81 .81 .81
580 30303 30303 30303 30303 1.00 1.00 1.00 1.00 1.00 1.00 1.00 1.00
590 30303 30303 30303 30303 1.00 1.00 1.00 1.00 1.00 1.00 1.00 1.00
600 30303 30303 30303 30303 1.00 1.00 1.00 1.00 1.00 1.00 1.00 1.00
610 30303 30303 30303 30303 1.00 1.00 1.00 1.00 1.00 1.00 1.00 1.00
620 30303 30303 30303 30303 1.00 1.00 1.00 1.00 1.00 1.00 1.00 1.00
630 00303 00000 03303 00303 .16 .16 .16 .16 .37 .37 .37 .37
640 00003 00000 00000 00000 1.0 1.0 1.0 1.0 1.0 1.0 1.0 1.0
650 00000 00000 00000 00000 1.0 1.0 1.0 1.0 1.0 1.0 1.0 1.0
660 00000 00000 00000 00000 1.0 1.0 1.0 1.0 1.0 1.0 1.0 1.0
670 00000 00000 00000 00000 1.0 1.0 1.0 1.0 1.0 1.0 1.0 1.0
680 00000 00000 00000 00000 1.0 1.0 1.0 1.0 1.0 1.0 1.0 1.0
690 00000 00000 03000 00000 1.0 1.0 1.0 1.0 1.0 1.0 1.0 1.0
700 00000 00000 03000 00000 1.0 1.0 1.0 1.0 1.0 1.0 1.0 1.0
710 00000 00000 03000 00000 1.0 1.0 1.0 1.0 1.0 1.0 1.0 1.0
720 00000 00000 03000 00000 1.0 1.0 1.0 1.0 1.0 1.0 1.0 1.0
730 00000 00000 03000 00000 1.0 1.0 1.0 1.0 1.0 1.0 1.0 1.0
740 30000 30000 03000 30000 .22 .22 .22 .22 .41 .41 .41 .41
750 30000 30000 30000 30000 1.00 1.00 1.00 1.00 1.00 1.00 1.00 1.00
760 30000 30000 30000 30000 1.00 1.00 1.00 1.00 1.00 1.00 1.00 1.00
770 30000 30000 30000 30000 1.00 1.00 1.00 1.00 1.00 1.00 1.00 1.00
780 30000 30000 30000 30000 1.00 1.00 1.00 1.00 1.00 1.00 1.00 1.00
790 30000 30000 30000 30000 1.00 1.00 1.00 1.00 1.00 1.00 1.00 1.00
800 30000 30000 30030 30000 .68 .68 .68 .68 .75 .75 .75 .75
810 30000 30000 30030 30000 .68 .68 .68 .68 .75 .75 .75 .75
820 30300 30300 30300 30300 1.00 1.00 1.00 1.00 1.00 1.00 1.00 1.00
830 00300 00300 00300 00300 1.00 1.00 1.00 1.00 1.00 1.00 1.00 1.00
840 00300 00300 00300 00300 1.00 1.00 1.00 1.00 1.00 1.00 1.00 1.00
850 00300 00300 00300 00300 1.00 1.00 1.00 1.00 1.00 1.00 1.00 1.00
860 00300 00300 03300 00300 .68 .68 .68 .68 .75 .75 .75 .75
870 00300 00300 03300 00300 .68 .68 .68 .68 .75 .75 .75 .75
880 00300 00300 03300 00300 .68 .68 .68 .68 .75 .75 .75 .75
890 00300 00300 00300 00300 1.00 1.00 1.00 1.00 1.00 1.00 1.00 1.00
900 00300 00300 00300 00300 1.00 1.00 1.00 1.00 1.00 1.00 1.00 1.00
910 00300 00300 00300 00300 1.00 1.00 1.00 1.00 1.00 1.00 1.00 1.00
920 00300 00300 03300 00300 .68 .68 .68 .68 .75 .75 .75 .75
930 00300 00300 00300 00300 1.00 1.00 1.00 1.00 1.00 1.00 1.00 1.00
940 00300 00300 00300 00300 1.00 1.00 1.00 1.00 1.00 1.00 1.00 1.00
950 00300 00300 00300 00300 1.00 1.00 1.00 1.00 1.00 1.00 1.00 1.00
960 00300 00300 03300 00300 .68 .68 .68 .68 .75 .75 .75 .75
970 00300 00300 03300 00300 .68 .68 .68 .68 .75 .75 .75 .75
980 30300 30300 30300 30300 1.00 1.00 1.00 1.00 1.00 1.00 1.00 1.00
990 30300 30300 30300 30300 1.00 1.00 1.00 1.00 1.00 1.00 1.00 1.00
1000 30030 30300 30300 30300 .48 .48 .48 .48 .60 .60 .60 .60
1010 30030 30000 30300 30000 .44 .44 .44 .44 .55 .55 .55 .55
1020 30000 30000 30000 30000 1.00 1.00 1.00 1.00 1.00 1.00 1.00 1.00
1030 30000 30000 30000 30000 1.00 1.00 1.00 1.00 1.00 1.00 1.00 1.00
1040 30000 30000 30000 30000 1.00 1.00 1.00 1.00 1.00 1.00 1.00 1.00
1050 30000 30000 30030 30000 .68 .68 .68 .68 .75 .75 .75 .75
1060 30000 30000 30030 30000 .68 .68 .68 .68 .75 .75 .75 .75
1070 30000 30000 30030 30000 .68 .68 .68 .68 .75 .75 .75 .75
1080 30000 30000 30030 30000 .68 .68 .68 .68 .75 .75 .75 .75
1090 30001 30001 30030 30001 .55 .55 .63 .50 .66 .65 .70 .62
1100 30001 30001 30030 30001 .55 .55 .63 .50 .66 .65 .70 .62
1110 30001 30001 30030 30001 .55 .55 .63 .50 .66 .65 .70 .62
1120 30001 30001 30031 30001 .79 .67 .65 .76 .84 .75 .72 .82
1130 30001 30001 30031 30001 .79 .67 .65 .76 .84 .75 .72 .82
1140 30001 30001 30031 30001 .79 .67 .65 .76 .84 .75 .72 .82
1150 30001 30001 30031 30001 .79 .67 .65 .76 .84 .75 .72 .82
1160 30001 30001 30031 30001 .79 .67 .65 .76 .84 .75 .72 .82
1170 30001 30001 30031 30001 .79 .67 .65 .76 .84 .75 .72 .82
1180 30001 30001 30031 30001 .79 .67 .65 .76 .84 .75 .72 .82
1190 30001 30001 30031 30001 .79 .67 .65 .76 .84 .75 .72 .82
1200 30031 30001 30031 30031 .80 .68 .68 .77 .85 .76 .76 .82
1210 30031 30001 30031 30031 .80 .68 .68 .77 .85 .76 .76 .82
1220 30031 30301 30031 30031 .61 .38 .39 .52 .70 .52 .54 .63
1230 30301 30301 30301 30301 1.00 1.00 1.00 1.00 1.00 1.00 1.00 1.00
1240 30301 30301 30301 30301 1.00 1.00 1.00 1.00 1.00 1.00 1.00 1.00
1250 30301 30301 30301 30301 1.00 1.00 1.00 1.00 1.00 1.00 1.00 1.00
1260 30301 30301 30302 30301 .81 .99 .97 .97 .85 .99 .97 .98
1270 30302 30302 30302 30302 1.00 1.00 1.00 1.00 1.00 1.00 1.00 1.00
1280 30302 30302 30302 30302 1.00 1.00 1.00 1.00 1.00 1.00 1.00 1.00
1290 30302 30302 30302 30302 1.00 1.00 1.00 1.00 1.00 1.00 1.00 1.00
1300 30302 30302 30302 30302 1.00 1.00 1.00 1.00 1.00 1.00 1.00 1.00
1310 30302 30302 30302 30302 1.00 1.00 1.00 1.00 1.00 1.00 1.00 1.00
1320 30302 30302 30302 30302 1.00 1.00 1.00 1.00 1.00 1.00 1.00 1.00
1330 30302 30302 30302 30302 1.00 1.00 1.00 1.00 1.00 1.00 1.00 1.00
1340 30302 30302 30302 30302 1.00 1.00 1.00 1.00 1.00 1.00 1.00 1.00
1350 30302 30302 30302 30302 1.00 1.00 1.00 1.00 1.00 1.00 1.00 1.00
1360 30302 30302 30303 30302 .79 .92 .97 .99 .85 .94 .98 .99
1370 30002 30002 30003 30002 .77 .96 .97 .99 .83 .97 .97 .99
1380 30002 30002 30003 30002 .77 .96 .97 .99 .83 .97 .97 .99
1390 30002 30002 30003 30002 .77 .96 .97 .99 .83 .97 .97 .99
1400 30002 30002 30033 30002 .58 .65 .68 .74 .68 .73 .74 .80
1410 30002 30002 30303 30002 .58 .65 .68 .74 .68 .73 .74 .80
1420 30302 30302 30303 30302 .79 .92 .97 .99 .85 .94 .98 .99
1430 30302 30302 30303 30302 .79 .92 .97 .99 .85 .94 .98 .99
1440 30302 30302 30303 30302 .79 .92 .97 .99 .85 .94 .98 .99
1450 30302 30302 30303 30302 .79 .92 .97 .99 .85 .94 .98 .99
1460 30302 30302 30303 30302 .79 .92 .97 .99 .85 .94 .98 .99
1470 30302 30002 30003 30002 .58 .65 .68 .74 .68 .73 .74 .80
1480 30002 30002 30003 30002 .77 .96 .97 .99 .83 .97 .97 .99
1490 30002 30002 30003 30002 .77 .96 .97 .99 .83 .97 .97 .99
1500 30002 30002 30033 30002 .58 .65 .68 .74 .68 .73 .74 .80
1510 30302 30302 30033 30302 .38 .34 .40 .48 .54 .49 .53 .60
1520 30302 30302 30033 30302 .38 .34 .40 .48 .54 .49 .53 .60
1530 30302 30302 30033 30302 .38 .34 .40 .48 .54 .49 .53 .60
1540 30302 30302 30033 30302 .38 .34 .40 .48 .54 .49 .53 .60
1550 30302 30302 30033 30302 .38 .34 .40 .48 .54 .49 .53 .60
1560 30002 30302 30033 30002 .38 .36 .40 .49 .53 .50 .53 .62
1570 30002 30302 30033 30002 .38 .36 .40 .49 .53 .50 .53 .62
1580 30002 30302 30033 30002 .38 .36 .40 .49 .53 .50 .53 .62
1590 30002 30002 30033 30002 .58 .65 .68 .74 .68 .73 .74 .80
1600 30002 30002 30303 30002 .58 .65 .68 .74 .68 .73 .74 .80
1610 30002 30002 30303 30002 .58 .65 .68 .74 .68 .73 .74 .80
1620 30002 30002 30303 30002 .58 .65 .68 .74 .68 .73 .74 .80
1630 30002 30002 30303 30002 .58 .65 .68 .74 .68 .73 .74 .80
1640 30002 30002 30303 30002 .58 .65 .68 .74 .68 .73 .74 .80
1650 30002 30002 30303 30002 .58 .65 .68 .74 .68 .73 .74 .80
1660 30302 30002 30303 30302 .59 .65 .69 .74 .69 .72 .76 .80
1670 30302 30002 30303 30302 .59 .65 .69 .74 .69 .72 .76 .80
1680 30302 30002 30303 30302 .59 .65 .69 .74 .69 .72 .76 .80
1690 30302 30002 30303 30302 .59 .65 .69 .74 .69 .72 .76 .80
1700 30302 30002 30303 30302 .59 .65 .69 .74 .69 .72 .76 .80
1710 30302 30002 30303 30302 .59 .65 .69 .74 .69 .72 .76 .80
1720 30302 30002 30003 30002 .58 .65 .68 .74 .68 .73 .74 .80
1730 30002 30002 30003 30002 .77 .96 .97 .99 .83 .97 .97 .99
1740 30002 30002 30003 30002 .77 .96 .97 .99 .83 .97 .97 .99
1750 30002 30002 30033 30002 .58 .65 .68 .74 .68 .73 .74 .80
1760 30002 30002 30033 30002 .58 .65 .68 .74 .68 .73 .74 .80
1770 30002 30002 30033 30002 .58 .65 .68 .74 .68 .73 .74 .80
1780 30032 30032 30033 30032 .79 .92 .97 .99 .85 .94 .98 .99
1790 30032 30032 30033 30032 .79 .92 .97 .99 .85 .94 .98 .99
1800 30032 30032 30303 30032 .38 .34 .40 .48 .54 .49 .53 .60
1810 30002 30002 30003 30002 .77 .96 .97 .99 .83 .97 .97 .99
1820 30002 30002 30003 30002 .77 .96 .97 .99 .83 .97 .97 .99
1830 30002 30002 30033 30002 .58 .65 .68 .74 .68 .73 .74 .80
1840 30002 30002 30303 30002 .58 .65 .68 .74 .68 .73 .74 .80
1850 30032 30002 30303 30002 .38 .36 .40 .49 .53 .50 .53 .62
1860 30032 30302 30303 30302 .38 .34 .40 .48 .54 .49 .53 .60
1870 30302 30302 30303 30302 .79 .92 .97 .99 .85 .94 .98 .99
1880 30302 30302 30303 30302 .79 .92 .97 .99 .85 .94 .98 .99
1890 30302 30302 30303 30302 .79 .92 .97 .99 .85 .94 .98 .99
1900 30302 30302 30303 30302 .79 .92 .97 .99 .85 .94 .98 .99
1910 03302 00302 03303 03302 .59 .65 .69 .74 .69 .72 .76 .80
1920 00302 00302 00303 00302 .77 .96 .97 .99 .83 .97 .97 .99
1930 00302 00302 00303 00302 .77 .96 .97 .99 .83 .97 .97 .99
1940 00302 00302 00303 00302 .77 .96 .97 .99 .83 .97 .97 .99
1950 00302 00302 00303 00302 .77 .96 .97 .99 .83 .97 .97 .99
1960 30302 30302 30303 30302 .79 .92 .97 .99 .85 .94 .98 .99
1970 30302 30302 30303 30302 .79 .92 .97 .99 .85 .94 .98 .99
1980 30303 30302 30303 30303 .77 .91 .97 .99 .82 .93 .98 .99
1990 30303 30303 30303 30303 1.00 1.00 1.00 1.00 1.00 1.00 1.00 1.00
2000 03303 30303 03303 03303 .48 .48 .48 .48 .60 .60 .60 .60
2010 03303 00303 00303 00303 .75 .75 .75 .75 .81 .81 .81 .81
2020 03303 00303 00303 00303 .75 .75 .75 .75 .81 .81 .81 .81
2030 30303 00303 30303 30303 .75 .75 .75 .75 .81 .81 .81 .81
2040 30303 30303 30303 30303 1.00 1.00 1.00 1.00 1.00 1.00 1.00 1.00
2050 30303 30303 30303 30303 1.00 1.00 1.00 1.00 1.00 1.00 1.00 1.00
2060 30303 30303 30303 30303 1.00 1.00 1.00 1.00 1.00 1.00 1.00 1.00
2070 30303 30303 30303 30303 1.00 1.00 1.00 1.00 1.00 1.00 1.00 1.00
2080 30303 30303 30303 30303 1.00 1.00 1.00 1.00 1.00 1.00 1.00 1.00
2090 30303 30303 30303 30303 1.00 1.00 1.00 1.00 1.00 1.00 1.00 1.00
2100 03303 00303 03303 03303 .75 .75 .75 .75 .81 .81 .81 .81
2110 00003 00000 00000 00000 1.0 1.0 1.0 1.0 1.0 1.0 1.0 1.0
2120 00003 00000 00000 00000 1.0 1.0 1.0 1.0 1.0 1.0 1.0 1.0
2130 00003 00000 00000 00000 1.0 1.0 1.0 1.0 1.0 1.0 1.0 1.0
2140 00003 00000 00000 00000 1.0 1.0 1.0 1.0 1.0 1.0 1.0 1.0
2150 00003 00000 00000 00000 1.0 1.0 1.0 1.0 1.0 1.0 1.0 1.0
2160 00003 00000 00000 00000 1.0 1.0 1.0 1.0 1.0 1.0 1.0 1.0
2170 00003 00000 00000 00000 1.0 1.0 1.0 1.0 1.0 1.0 1.0 1.0
2180 00003 00000 00000 00000 1.0 1.0 1.0 1.0 1.0 1.0 1.0 1.0
2190 00003 00000 00000 00000 1.0 1.0 1.0 1.0 1.0 1.0 1.0 1.0
2200 00003 00000 00000 00000 1.0 1.0 1.0 1.0 1.0 1.0 1.0 1.0
2210 00003 00000 00000 00000 1.0 1.0 1.0 1.0 1.0 1.0 1.0 1.0
2220 00003 00000 00000 00000 1.0 1.0 1.0 1.0 1.0 1.0 1.0 1.0
2230 00003 00000 00000 00000 1.0 1.0 1.0 1.0 1.0 1.0 1.0 1.0
2240 00003 00000 00000 00000 1.0 1.0 1.0 1.0 1.0 1.0 1.0 1.0
2250 00003 00000 00000 00000 1.0 1.0 1.0 1.0 1.0 1.0 1.0 1.0
2260 00003 00000 00000 00000 1.0 1.0 1.0 1.0 1.0 1.0 1.0 1.0
2270 00003 00000 00000 00000 1.0 1.0 1.0 1.0 1.0 1.0 1.0 1.0
2280 00003 00000 00000 00000 1.0 1.0 1.0 1.0 1.0 1.0 1.0 1.0
