0 30000 30000 30000 30000 1.00 1.00 1.00 1.00 1.00 1.00 1.00 1.00
10 30000 30000 30000 30000 1.00 1.00 1.00 1.00 1.00 1.00 1.00 1.00
20 30000 30000 30000 30000 1.00 1.00 1.00 1.00 1.00 1.00 1.00 1.00
30 30000 30000 30000 30000 1.00 1.00 1.00 1.00 1.00 1.00 1.00 1.00
40 30000 30000 30000 30000 1.00 1.00 1.00 1.00 1.00 1.00 1.00 1.00
50 30000 30000 30000 30000 1.00 1.00 1.00 1.00 1.00 1.00 1.00 1.00
60 30000 30000 30300 30000 .68 .68 .68 .68 .75 .75 .75 .75
70 30000 30000 30300 30000 .68 .68 .68 .68 .75 .75 .75 .75
80 30000 30000 30000 30000 1.00 1.00 1.00 1.00 1.00 1.00 1.00 1.00
90 30030 30000 30000 30000 .68 .68 .68 .68 .75 .75 .75 .75
100 30030 30000 30300 30000 .44 .44 .44 .44 .55 .55 .55 .55
110 30300 30300 30300 30300 1.00 1.00 1.00 1.00 1.00 1.00 1.00 1.00
120 30300 30300 30300 30300 1.00 1.00 1.00 1.00 1.00 1.00 1.00 1.00
130 30300 30300 30300 30300 1.00 1.00 1.00 1.00 1.00 1.00 1.00 1.00
140 30300 30300 30300 30300 1.00 1.00 1.00 1.00 1.00 1.00 1.00 1.00
150 30030 30300 30300 30300 .48 .48 .48 .48 .60 .60 .60 .60
160 30000 30000 30000 30000 1.00 1.00 1.00 1.00 1.00 1.00 1.00 1.00
170 30000 30000 30000 30000 1.00 1.00 1.00 1.00 1.00 1.00 1.00 1.00
180 30000 30000 30000 30000 1.00 1.00 1.00 1.00 1.00 1.00 1.00 1.00
190 30000 30000 30000 30000 1.00 1.00 1.00 1.00 1.00 1.00 1.00 1.00
200 30000 30000 30000 30000 1.00 1.00 1.00 1.00 1.00 1.00 1.00 1.00
210 30000 30000 30300 30000 .68 .68 .68 .68 .75 .75 .75 .75
220 30000 30000 30300 30000 .68 .68 .68 .68 .75 .75 .75 .75
230 30000 30000 30300 30000 .68 .68 .68 .68 .75 .75 .75 .75
240 30000 30000 30300 30000 .68 .68 .68 .68 .75 .75 .75 .75
250 30000 30000 30301 30000 .48 .54 .64 .45 .57 .63 .71 .55
260 30000 30000 30031 30000 .48 .54 .64 .45 .57 .63 .71 .55
270 30000 30000 30031 30000 .48 .54 .64 .45 .57 .63 .71 .55
280 30000 30000 30031 30000 .48 .54 .64 .45 .57 .63 .71 .55
290 30001 30001 30031 30001 .79 .67 .65 .76 .84 .75 .72 .82
300 30001 30001 30031 30001 .79 .67 .65 .76 .84 .75 .72 .82
310 30001 30001 30031 30001 .79 .67 .65 .76 .84 .75 .72 .82
320 30001 30001 30031 30001 .79 .67 .65 .76 .84 .75 .72 .82
330 30001 30001 30031 30001 .79 .67 .65 .76 .84 .75 .72 .82
340 30001 30001 30031 30001 .79 .67 .65 .76 .84 .75 .72 .82
350 30001 30001 30031 30001 .79 .67 .65 .76 .84 .75 .72 .82
360 30001 30001 30031 30001 .79 .67 .65 .76 .84 .75 .72 .82
370 30001 30001 30031 30001 .79 .67 .65 .76 .84 .75 .72 .82
380 30001 30001 30031 30001 .79 .67 .65 .76 .84 .75 .72 .82
390 30001 30001 30031 30001 .79 .67 .65 .76 .84 .75 .72 .82
400 30001 30001 30031 30001 .79 .67 .65 .76 .84 .75 .72 .82
410 30001 30001 30031 30001 .79 .67 .65 .76 .84 .75 .72 .82
420 30001 30001 30031 30001 .79 .67 .65 .76 .84 .75 .72 .82
430 30001 30001 30031 30001 .79 .67 .65 .76 .84 .75 .72 .82
440 30001 30001 30031 30001 .79 .67 .65 .76 .84 .75 .72 .82
450 30001 30001 30031 30001 .79 .67 .65 .76 .84 .75 .72 .82
460 30001 30001 30031 30001 .79 .67 .65 .76 .84 .75 .72 .82
470 30001 30001 30031 30001 .79 .67 .65 .76 .84 .75 .72 .82
480 30001 30001 30031 30001 .79 .67 .65 .76 .84 .75 .72 .82
490 30001 30001 30302 30001 .60 .67 .63 .73 .69 .74 .70 .80
500 30001 30001 30302 30001 .60 .67 .63 .73 .69 .74 .70 .80
510 30001 30001 30302 30001 .60 .67 .63 .73 .69 .74 .70 .80
520 30001 30001 30302 30001 .60 .67 .63 .73 .69 .74 .70 .80
530 30001 30001 30302 30001 .60 .67 .63 .73 .69 .74 .70 .80
540 30031 30001 30302 30001 .42 .37 .34 .50 .55 .51 .48 .62
550 30031 30001 30302 30001 .42 .37 .34 .50 .55 .51 .48 .62
560 30031 30001 30302 30001 .42 .37 .34 .50 .55 .51 .48 .62
570 30031 30001 30302 30001 .42 .37 .34 .50 .55 .51 .48 .62
580 30031 30001 30302 30001 .42 .37 .34 .50 .55 .51 .48 .62
590 30031 30001 30302 30001 .42 .37 .34 .50 .55 .51 .48 .62
600 30031 30031 30302 30031 .43 .37 .36 .49 .56 .52 .51 .61
610 30031 30031 30302 30031 .43 .37 .36 .49 .56 .52 .51 .61
620 30031 30031 30302 30031 .43 .37 .36 .49 .56 .52 .51 .61
630 30031 30001 30302 30001 .42 .37 .34 .50 .55 .51 .48 .62
640 30031 30001 30302 30001 .42 .37 .34 .50 .55 .51 .48 .62
650 30031 30001 30302 30001 .42 .37 .34 .50 .55 .51 .48 .62
660 30301 30031 30302 30301 .43 .37 .36 .49 .56 .52 .51 .61
670 30301 30301 30302 30301 .81 .99 .97 .97 .85 .99 .97 .98
680 30301 30301 30302 30301 .81 .99 .97 .97 .85 .99 .97 .98
690 30301 30301 30302 30301 .81 .99 .97 .97 .85 .99 .97 .98
700 30301 30301 30302 30301 .81 .99 .97 .97 .85 .99 .97 .98
710 30301 30301 30302 30301 .81 .99 .97 .97 .85 .99 .97 .98
720 30301 30301 30302 30301 .81 .99 .97 .97 .85 .99 .97 .98
730 30301 30301 30302 30301 .81 .99 .97 .97 .85 .99 .97 .98
740 30301 30301 30302 30301 .81 .99 .97 .97 .85 .99 .97 .98
750 30302 30301 30302 30302 .81 .99 .97 .97 .85 .99 .97 .98
760 30302 30301 30302 30302 .81 .99 .97 .97 .85 .99 .97 .98
770 30302 30302 30302 30302 1.00 1.00 1.00 1.00 1.00 1.00 1.00 1.00
780 30302 30302 30302 30302 1.00 1.00 1.00 1.00 1.00 1.00 1.00 1.00
790 30302 30302 30302 30302 1.00 1.00 1.00 1.00 1.00 1.00 1.00 1.00
800 30302 30302 30303 30302 .79 .92 .97 .99 .85 .94 .98 .99
810 30303 30303 30303 30303 1.00 1.00 1.00 1.00 1.00 1.00 1.00 1.00
820 30303 30303 30303 30303 1.00 1.00 1.00 1.00 1.00 1.00 1.00 1.00
830 30303 30303 30303 30303 1.00 1.00 1.00 1.00 1.00 1.00 1.00 1.00
840 30303 30303 30303 30303 1.00 1.00 1.00 1.00 1.00 1.00 1.00 1.00
850 03033 30303 30303 30303 -0.04 -0.04 -0.04 -0.04 .21 .21 .21 .21
860 03033 30003 00000 00003 -0.12 -0.12 -0.12 -0.12 .10 .10 .10 .10
870 00003 00000 00000 00000 1.0 1.0 1.0 1.0 1.0 1.0 1.0 1.0
880 00000 00000 00000 00000 1.0 1.0 1.0 1.0 1.0 1.0 1.0 1.0
890 00000 00000 00000 00000 1.0 1.0 1.0 1.0 1.0 1.0 1.0 1.0
900 00000 00000 00000 00000 1.0 1.0 1.0 1.0 1.0 1.0 1.0 1.0
910 00030 00000 00000 00000 1.0 1.0 1.0 1.0 1.0 1.0 1.0 1.0
920 00300 00300 00000 00300 .46 .46 .46 .46 .63 .63 .63 .63
930 00300 00300 00000 00300 .46 .46 .46 .46 .63 .63 .63 .63
940 00300 00300 00300 00300 1.00 1.00 1.00 1.00 1.00 1.00 1.00 1.00
950 00300 00300 00300 00300 1.00 1.00 1.00 1.00 1.00 1.00 1.00 1.00
960 00300 00300 00300 00300 1.00 1.00 1.00 1.00 1.00 1.00 1.00 1.00
970 00300 00300 00300 00300 1.00 1.00 1.00 1.00 1.00 1.00 1.00 1.00
980 00300 00300 00300 00300 1.00 1.00 1.00 1.00 1.00 1.00 1.00 1.00
990 00300 00300 00300 00300 1.00 1.00 1.00 1.00 1.00 1.00 1.00 1.00
1000 00300 00300 00300 00300 1.00 1.00 1.00 1.00 1.00 1.00 1.00 1.00
1010 30300 30300 00300 30300 .72 .72 .72 .72 .79 .79 .79 .79
1020 30000 30000 30300 30000 .68 .68 .68 .68 .75 .75 .75 .75
1030 30000 30000 30000 30000 1.00 1.00 1.00 1.00 1.00 1.00 1.00 1.00
1040 30000 30000 30000 30000 1.00 1.00 1.00 1.00 1.00 1.00 1.00 1.00
1050 30000 30000 30000 30000 1.00 1.00 1.00 1.00 1.00 1.00 1.00 1.00
1060 30000 30000 30000 30000 1.00 1.00 1.00 1.00 1.00 1.00 1.00 1.00
1070 30000 30000 30300 30000 .68 .68 .68 .68 .75 .75 .75 .75
1080 30000 30000 30300 30000 .68 .68 .68 .68 .75 .75 .75 .75
1090 30000 30000 30300 30000 .68 .68 .68 .68 .75 .75 .75 .75
1100 30000 30000 30300 30000 .68 .68 .68 .68 .75 .75 .75 .75
1110 30000 30000 30031 30000 .48 .54 .64 .45 .57 .63 .71 .55
1120 30001 30001 30031 30001 .79 .67 .65 .76 .84 .75 .72 .82
1130 30001 30001 30031 30001 .79 .67 .65 .76 .84 .75 .72 .82
1140 30001 30001 30031 30001 .79 .67 .65 .76 .84 .75 .72 .82
1150 30001 30001 30031 30001 .79 .67 .65 .76 .84 .75 .72 .82
1160 30001 30001 30031 30001 .79 .67 .65 .76 .84 .75 .72 .82
1170 30001 30001 30031 30001 .79 .67 .65 .76 .84 .75 .72 .82
1180 30001 30001 30031 30001 .79 .67 .65 .76 .84 .75 .72 .82
1190 30001 30001 30031 30001 .79 .67 .65 .76 .84 .75 .72 .82
1200 30001 30001 30031 30001 .79 .67 .65 .76 .84 .75 .72 .82
1210 30001 30001 30031 30001 .79 .67 .65 .76 .84 .75 .72 .82
1220 30001 30001 30031 30001 .79 .67 .65 .76 .84 .75 .72 .82
1230 30001 30001 30031 30001 .79 .67 .65 .76 .84 .75 .72 .82
1240 30001 30001 30031 30001 .79 .67 .65 .76 .84 .75 .72 .82
1250 30001 30001 30300 30001 .55 .55 .63 .50 .66 .65 .70 .62
1260 30001 30001 30300 30001 .55 .55 .63 .50 .66 .65 .70 .62
1270 30001 30001 30300 30001 .55 .55 .63 .50 .66 .65 .70 .62
1280 30001 30001 30300 30001 .55 .55 .63 .50 .66 .65 .70 .62
1290 30001 30001 30300 30001 .55 .55 .63 .50 .66 .65 .70 .62
1300 30301 30001 30300 30301 .58 .60 .66 .52 .69 .70 .74 .64
1310 30301 30301 30300 30301 .79 .92 .97 .76 .85 .94 .98 .82
1320 30301 30301 30300 30301 .79 .92 .97 .76 .85 .94 .98 .82
1330 30301 30301 30300 30301 .79 .92 .97 .76 .85 .94 .98 .82
1340 30301 30301 30300 30301 .79 .92 .97 .76 .85 .94 .98 .82
1350 30301 30301 30300 30301 .79 .92 .97 .76 .85 .94 .98 .82
1360 30302 30301 30300 30302 .70 .92 .91 .74 .75 .94 .91 .80
1370 30302 30301 30300 30302 .70 .92 .91 .74 .75 .94 .91 .80
1380 30302 30301 30302 30302 .81 .99 .97 .97 .85 .99 .97 .98
1390 30302 30302 30302 30302 1.00 1.00 1.00 1.00 1.00 1.00 1.00 1.00
1400 30302 30302 30302 30302 1.00 1.00 1.00 1.00 1.00 1.00 1.00 1.00
1410 30303 30302 30302 30302 .79 .92 .97 .99 .85 .94 .98 .99
1420 30303 30303 30302 30303 .77 .91 .97 .99 .82 .93 .98 .99
1430 30303 30303 30303 30303 1.00 1.00 1.00 1.00 1.00 1.00 1.00 1.00
1440 30303 30303 30303 30303 1.00 1.00 1.00 1.00 1.00 1.00 1.00 1.00
1450 30303 30303 30303 30303 1.00 1.00 1.00 1.00 1.00 1.00 1.00 1.00
1460 30303 30303 30303 30303 1.00 1.00 1.00 1.00 1.00 1.00 1.00 1.00
1470 30033 30003 30303 30003 .50 .50 .50 .50 .62 .62 .62 .62
1480 30033 00000 00000 00000 -0.17 -0.17 -0.17 -0.17 -0.12 -0.12 -0.12 -0.12
1490 30003 00000 00000 00000 -0.08 -0.08 -0.08 -0.08 -0.06 -0.06 -0.06 -0.06
1500 00003 00000 00000 00000 1.0 1.0 1.0 1.0 1.0 1.0 1.0 1.0
1510 00003 00000 00000 00000 1.0 1.0 1.0 1.0 1.0 1.0 1.0 1.0
1520 00003 00000 00000 00000 1.0 1.0 1.0 1.0 1.0 1.0 1.0 1.0
1530 00003 00000 00000 00000 1.0 1.0 1.0 1.0 1.0 1.0 1.0 1.0
1540 00003 00000 00000 00000 1.0 1.0 1.0 1.0 1.0 1.0 1.0 1.0
1550 00003 00000 00000 00000 1.0 1.0 1.0 1.0 1.0 1.0 1.0 1.0
1560 00003 00000 00000 00000 1.0 1.0 1.0 1.0 1.0 1.0 1.0 1.0
1570 00003 00000 00000 00000 1.0 1.0 1.0 1.0 1.0 1.0 1.0 1.0
1580 00003 00000 00000 00000 1.0 1.0 1.0 1.0 1.0 1.0 1.0 1.0
1590 00003 00000 00000 00000 1.0 1.0 1.0 1.0 1.0 1.0 1.0 1.0
1600 00003 00000 00000 00000 1.0 1.0 1.0 1.0 1.0 1.0 1.0 1.0
1610 00003 00000 00000 00000 1.0 1.0 1.0 1.0 1.0 1.0 1.0 1.0
1620 00003 00000 00000 00000 1.0 1.0 1.0 1.0 1.0 1.0 1.0 1.0
1630 00003 00000 00000 00000 1.0 1.0 1.0 1.0 1.0 1.0 1.0 1.0
1640 00003 00000 00000 00000 1.0 1.0 1.0 1.0 1.0 1.0 1.0 1.0
