0 00000 00000 00000 00000 1.0 1.0 1.0 1.0 1.0 1.0 1.0 1.0
10 00000 00000 00000 00000 1.0 1.0 1.0 1.0 1.0 1.0 1.0 1.0
20 00000 00000 00000 00000 1.0 1.0 1.0 1.0 1.0 1.0 1.0 1.0
30 00000 00000 00000 00000 1.0 1.0 1.0 1.0 1.0 1.0 1.0 1.0
40 00000 00000 00000 00000 1.0 1.0 1.0 1.0 1.0 1.0 1.0 1.0
50 00000 00000 00000 00000 1.0 1.0 1.0 1.0 1.0 1.0 1.0 1.0
60 00000 00000 03000 00000 1.0 1.0 1.0 1.0 1.0 1.0 1.0 1.0
70 00000 00000 03000 00000 1.0 1.0 1.0 1.0 1.0 1.0 1.0 1.0
80 00000 00000 03000 00000 1.0 1.0 1.0 1.0 1.0 1.0 1.0 1.0
90 00000 00000 03030 00000 -0.08 -0.08 -0.08 -0.08 -0.06 -0.06 -0.06 -0.06
100 00000 00000 03030 00000 -0.08 -0.08 -0.08 -0.08 -0.06 -0.06 -0.06 -0.06
110 00030 00030 03030 00030 .68 .68 .68 .68 .75 .75 .75 .75
120 00300 00300 03300 00300 .68 .68 .68 .68 .75 .75 .75 .75
130 00300 00300 03300 00300 .68 .68 .68 .68 .75 .75 .75 .75
140 00300 00300 03300 00300 .68 .68 .68 .68 .75 .75 .75 .75
150 00300 00300 03300 00300 .68 .68 .68 .68 .75 .75 .75 .75
160 00300 00300 03300 00300 .68 .68 .68 .68 .75 .75 .75 .75
170 00300 00300 03300 00300 .68 .68 .68 .68 .75 .75 .75 .75
180 00300 00300 03300 00300 .68 .68 .68 .68 .75 .75 .75 .75
190 00300 00300 03300 00300 .68 .68 .68 .68 .75 .75 .75 .75
200 00300 00300 03300 00300 .68 .68 .68 .68 .75 .75 .75 .75
210 30300 30300 30300 30300 1.00 1.00 1.00 1.00 1.00 1.00 1.00 1.00
220 30030 30000 30030 30030 .72 .72 .72 .72 .79 .79 .79 .79
230 30030 30000 30030 30030 .72 .72 .72 .72 .79 .79 .79 .79
240 30030 30000 30030 30030 .72 .72 .72 .72 .79 .79 .79 .79
250 30030 30000 30030 30030 .72 .72 .72 .72 .79 .79 .79 .79
260 30000 30000 30000 30000 1.00 1.00 1.00 1.00 1.00 1.00 1.00 1.00
270 30000 30000 30000 30000 1.00 1.00 1.00 1.00 1.00 1.00 1.00 1.00
280 30000 30000 30000 30000 1.00 1.00 1.00 1.00 1.00 1.00 1.00 1.00
290 30000 30000 30000 30000 1.00 1.00 1.00 1.00 1.00 1.00 1.00 1.00
300 30000 30000 30000 30000 1.00 1.00 1.00 1.00 1.00 1.00 1.00 1.00
310 30000 30000 30000 30000 1.00 1.00 1.00 1.00 1.00 1.00 1.00 1.00
320 30000 30000 30000 30000 1.00 1.00 1.00 1.00 1.00 1.00 1.00 1.00
330 30000 30000 30030 30000 .68 .68 .68 .68 .75 .75 .75 .75
340 30001 30001 30030 30001 .55 .55 .63 .50 .66 .65 .70 .62
350 30001 30001 30030 30001 .55 .55 .63 .50 .66 .65 .70 .62
360 30001 30001 30031 30001 .79 .67 .65 .76 .84 .75 .72 .82
370 30001 30001 30031 30001 .79 .67 .65 .76 .84 .75 .72 .82
380 30001 30001 30031 30001 .79 .67 .65 .76 .84 .75 .72 .82
390 30001 30001 30031 30001 .79 .67 .65 .76 .84 .75 .72 .82
400 30001 30001 30031 30001 .79 .67 .65 .76 .84 .75 .72 .82
410 30001 30001 30031 30001 .79 .67 .65 .76 .84 .75 .72 .82
420 30001 30001 30301 30001 .79 .67 .65 .76 .84 .75 .72 .82
430 30301 30001 30301 30301 .80 .68 .68 .77 .85 .76 .76 .82
440 30301 30301 30301 30301 1.00 1.00 1.00 1.00 1.00 1.00 1.00 1.00
450 30301 30301 30301 30301 1.00 1.00 1.00 1.00 1.00 1.00 1.00 1.00
460 30301 30301 30301 30301 1.00 1.00 1.00 1.00 1.00 1.00 1.00 1.00
470 30301 30301 30301 30301 1.00 1.00 1.00 1.00 1.00 1.00 1.00 1.00
480 30301 30301 30301 30301 1.00 1.00 1.00 1.00 1.00 1.00 1.00 1.00
490 30302 30302 30301 30302 .81 .99 .97 .97 .85 .99 .97 .98
500 30302 30302 30301 30302 .81 .99 .97 .97 .85 .99 .97 .98
510 30302 30302 30302 30302 1.00 1.00 1.00 1.00 1.00 1.00 1.00 1.00
520 30302 30302 30302 30302 1.00 1.00 1.00 1.00 1.00 1.00 1.00 1.00
530 30303 30303 30302 30303 .77 .91 .97 .99 .82 .93 .98 .99
540 30303 30303 30302 30303 .77 .91 .97 .99 .82 .93 .98 .99
550 30303 30303 30302 30303 .77 .91 .97 .99 .82 .93 .98 .99
560 30303 30303 30303 30303 1.00 1.00 1.00 1.00 1.00 1.00 1.00 1.00
570 30303 30303 30303 30303 1.00 1.00 1.00 1.00 1.00 1.00 1.00 1.00
580 30303 30303 30303 30303 1.00 1.00 1.00 1.00 1.00 1.00 1.00 1.00
590 30003 30003 30033 30003 .75 .75 .75 .75 .81 .81 .81 .81
600 30003 30003 30003 30003 1.00 1.00 1.00 1.00 1.00 1.00 1.00 1.00
610 30003 30003 30003 30003 1.00 1.00 1.00 1.00 1.00 1.00 1.00 1.00
620 00003 30003 30000 30003 .36 .36 .36 .36 .55 .55 .55 .55
630 00000 00000 30000 00000 1.0 1.0 1.0 1.0 1.0 1.0 1.0 1.0
640 00000 00000 30300 00000 -0.08 -0.08 -0.08 -0.08 -0.06 -0.06 -0.06 -0.06
650 00000 00000 30300 00000 -0.08 -0.08 -0.08 -0.08 -0.06 -0.06 -0.06 -0.06
660 00030 00030 30300 00030 .05 .05 .05 .05 .24 .24 .24 .24
670 00300 00300 30300 00300 .68 .68 .68 .68 .75 .75 .75 .75
680 00300 00300 30300 00300 .68 .68 .68 .68 .75 .75 .75 .75
690 00300 00300 30300 00300 .68 .68 .68 .68 .75 .75 .75 .75
700 00300 00300 30300 00300 .68 .68 .68 .68 .75 .75 .75 .75
710 00300 00300 30300 00300 .68 .68 .68 .68 .75 .75 .75 .75
720 00300 00300 30300 00300 .68 .68 .68 .68 .75 .75 .75 .75
730 30300 30300 30300 30300 1.00 1.00 1.00 1.00 1.00 1.00 1.00 1.00
740 30030 30300 30300 30300 .48 .48 .48 .48 .60 .60 .60 .60
750 30030 30000 30030 30030 .72 .72 .72 .72 .79 .79 .79 .79
760 30030 30000 30300 30000 .44 .44 .44 .44 .55 .55 .55 .55
770 30000 30000 30000 30000 1.00 1.00 1.00 1.00 1.00 1.00 1.00 1.00
780 30000 30000 30000 30000 1.00 1.00 1.00 1.00 1.00 1.00 1.00 1.00
790 30000 30000 30300 30000 .68 .68 .68 .68 .75 .75 .75 .75
800 30000 30000 30031 30000 .48 .54 .64 .45 .57 .63 .71 .55
810 30000 30000 30031 30000 .48 .54 .64 .45 .57 .63 .71 .55
820 30001 30001 30031 30001 .79 .67 .65 .76 .84 .75 .72 .82
830 30001 30001 30031 30001 .79 .67 .65 .76 .84 .75 .72 .82
840 30001 30001 30031 30001 .79 .67 .65 .76 .84 .75 .72 .82
850 30001 30001 30031 30001 .79 .67 .65 .76 .84 .75 .72 .82
860 30001 30001 30031 30001 .79 .67 .65 .76 .84 .75 .72 .82
870 30001 30001 30031 30001 .79 .67 .65 .76 .84 .75 .72 .82
880 30001 30301 30031 30001 .61 .37 .36 .53 .69 .51 .49 .64
890 30001 30301 30031 30001 .61 .37 .36 .53 .69 .51 .49 .64
900 30301 30301 30031 30301 .61 .38 .39 .52 .70 .52 .54 .63
910 30301 30301 30301 30301 1.00 1.00 1.00 1.00 1.00 1.00 1.00 1.00
920 30301 30301 30302 30301 .81 .99 .97 .97 .85 .99 .97 .98
930 30301 30301 30302 30301 .81 .99 .97 .97 .85 .99 .97 .98
940 30301 30301 30302 30301 .81 .99 .97 .97 .85 .99 .97 .98
950 30301 30301 30302 30301 .81 .99 .97 .97 .85 .99 .97 .98
960 30302 30302 30302 30302 1.00 1.00 1.00 1.00 1.00 1.00 1.00 1.00
970 30302 30302 30302 30302 1.00 1.00 1.00 1.00 1.00 1.00 1.00 1.00
980 30302 30302 30302 30302 1.00 1.00 1.00 1.00 1.00 1.00 1.00 1.00
990 30303 30303 30303 30303 1.00 1.00 1.00 1.00 1.00 1.00 1.00 1.00
1000 30303 30303 30303 30303 1.00 1.00 1.00 1.00 1.00 1.00 1.00 1.00
1010 30303 30303 30303 30303 1.00 1.00 1.00 1.00 1.00 1.00 1.00 1.00
1020 30303 30303 30303 30303 1.00 1.00 1.00 1.00 1.00 1.00 1.00 1.00
1030 30303 30303 30303 30303 1.00 1.00 1.00 1.00 1.00 1.00 1.00 1.00
1040 30303 30303 30303 30303 1.00 1.00 1.00 1.00 1.00 1.00 1.00 1.00
1050 30303 30303 30303 30303 1.00 1.00 1.00 1.00 1.00 1.00 1.00 1.00
1060 30303 30303 30303 30303 1.00 1.00 1.00 1.00 1.00 1.00 1.00 1.00
1070 30303 30303 03300 30303 .25 .25 .25 .25 .42 .42 .42 .42
1080 30033 30303 03300 30303 -0.25 -0.25 -0.25 -0.25 .04 .04 .04 .04
1090 00003 00000 00000 00000 1.0 1.0 1.0 1.0 1.0 1.0 1.0 1.0
1100 00003 00000 00000 00000 1.0 1.0 1.0 1.0 1.0 1.0 1.0 1.0
1110 00003 00000 00000 00000 1.0 1.0 1.0 1.0 1.0 1.0 1.0 1.0
1120 00003 00000 00000 00000 1.0 1.0 1.0 1.0 1.0 1.0 1.0 1.0
1130 00003 00000 00000 00000 1.0 1.0 1.0 1.0 1.0 1.0 1.0 1.0
1140 00003 00000 00000 00000 1.0 1.0 1.0 1.0 1.0 1.0 1.0 1.0
1150 00003 00000 00000 00000 1.0 1.0 1.0 1.0 1.0 1.0 1.0 1.0
1160 00003 00000 00000 00000 1.0 1.0 1.0 1.0 1.0 1.0 1.0 1.0
1170 00003 00000 00000 00000 1.0 1.0 1.0 1.0 1.0 1.0 1.0 1.0
1180 00003 00000 00000 00000 1.0 1.0 1.0 1.0 1.0 1.0 1.0 1.0
1190 00003 00000 00000 00000 1.0 1.0 1.0 1.0 1.0 1.0 1.0 1.0
1200 00003 00000 00000 00000 1.0 1.0 1.0 1.0 1.0 1.0 1.0 1.0
1210 00003 00000 00000 00000 1.0 1.0 1.0 1.0 1.0 1.0 1.0 1.0
1220 00003 00000 00000 00000 1.0 1.0 1.0 1.0 1.0 1.0 1.0 1.0
1230 00003 00000 00000 00000 1.0 1.0 1.0 1.0 1.0 1.0 1.0 1.0
1240 00003 00000 00000 00000 1.0 1.0 1.0 1.0 1.0 1.0 1.0 1.0
1250 00003 00000 00000 00000 1.0 1.0 1.0 1.0 1.0 1.0 1.0 1.0
1260 00003 00000 00000 00000 1.0 1.0 1.0 1.0 1.0 1.0 1.0 1.0
