0 00000 00000 10100 00000 -0.08 -0.08 -0.08 -0.08 -0.06 -0.06 -0.06 -0.06
10 00000 00000 10100 00000 -0.08 -0.08 -0.08 -0.08 -0.06 -0.06 -0.06 -0.06
20 00000 00000 10100 00000 -0.08 -0.08 -0.08 -0.08 -0.06 -0.06 -0.06 -0.06
30 00000 00000 10000 00000 1.0 1.0 1.0 1.0 1.0 1.0 1.0 1.0
40 00000 00000 01000 00000 1.0 1.0 1.0 1.0 1.0 1.0 1.0 1.0
50 00000 00000 00000 00000 1.0 1.0 1.0 1.0 1.0 1.0 1.0 1.0
60 00000 00000 00000 00000 1.0 1.0 1.0 1.0 1.0 1.0 1.0 1.0
70 00000 00000 00000 00000 1.0 1.0 1.0 1.0 1.0 1.0 1.0 1.0
80 00000 00000 00000 00000 1.0 1.0 1.0 1.0 1.0 1.0 1.0 1.0
90 00300 00300 00300 00300 1.00 1.00 1.00 1.00 1.00 1.00 1.00 1.00
100 00300 00300 00300 00300 1.00 1.00 1.00 1.00 1.00 1.00 1.00 1.00
110 00300 00300 00300 00300 1.00 1.00 1.00 1.00 1.00 1.00 1.00 1.00
120 00300 00300 00300 00300 1.00 1.00 1.00 1.00 1.00 1.00 1.00 1.00
130 00300 00300 00300 00300 1.00 1.00 1.00 1.00 1.00 1.00 1.00 1.00
140 00300 00300 00300 00300 1.00 1.00 1.00 1.00 1.00 1.00 1.00 1.00
150 00300 00300 00300 00300 1.00 1.00 1.00 1.00 1.00 1.00 1.00 1.00
160 00300 00300 00300 00300 1.00 1.00 1.00 1.00 1.00 1.00 1.00 1.00
170 00300 00300 03300 00300 .68 .68 .68 .68 .75 .75 .75 .75
180 03300 00300 30300 00300 .44 .44 .44 .44 .55 .55 .55 .55
190 03300 00300 30300 00300 .44 .44 .44 .44 .55 .55 .55 .55
200 30300 30300 30300 30300 1.00 1.00 1.00 1.00 1.00 1.00 1.00 1.00
210 30000 30000 30000 30000 1.00 1.00 1.00 1.00 1.00 1.00 1.00 1.00
220 30000 30000 30000 30000 1.00 1.00 1.00 1.00 1.00 1.00 1.00 1.00
230 30000 30000 30000 30000 1.00 1.00 1.00 1.00 1.00 1.00 1.00 1.00
240 30000 30000 30000 30000 1.00 1.00 1.00 1.00 1.00 1.00 1.00 1.00
250 30000 30000 30000 30000 1.00 1.00 1.00 1.00 1.00 1.00 1.00 1.00
260 30000 30000 30030 30000 .68 .68 .68 .68 .75 .75 .75 .75
270 30000 30000 30030 30000 .68 .68 .68 .68 .75 .75 .75 .75
280 30000 30000 30030 30000 .68 .68 .68 .68 .75 .75 .75 .75
290 30000 30000 30030 30000 .68 .68 .68 .68 .75 .75 .75 .75
300 30000 30000 30030 30000 .68 .68 .68 .68 .75 .75 .75 .75
310 30000 30000 30030 30000 .68 .68 .68 .68 .75 .75 .75 .75
320 30000 30000 30030 30000 .68 .68 .68 .68 .75 .75 .75 .75
330 30000 30000 30030 30000 .68 .68 .68 .68 .75 .75 .75 .75
340 30000 30000 30030 30000 .68 .68 .68 .68 .75 .75 .75 .75
350 30000 30000 30030 30000 .68 .68 .68 .68 .75 .75 .75 .75
360 30000 30000 30031 30000 .48 .54 .64 .45 .57 .63 .71 .55
370 30000 30001 30031 30001 .55 .55 .63 .50 .66 .65 .70 .62
380 30001 30001 30031 30001 .79 .67 .65 .76 .84 .75 .72 .82
390 30001 30001 30031 30001 .79 .67 .65 .76 .84 .75 .72 .82
400 30001 30001 30031 30001 .79 .67 .65 .76 .84 .75 .72 .82
410 30001 30001 30031 30001 .79 .67 .65 .76 .84 .75 .72 .82
420 30001 30001 30031 30001 .79 .67 .65 .76 .84 .75 .72 .82
430 30001 30001 30031 30001 .79 .67 .65 .76 .84 .75 .72 .82
440 30001 30001 30031 30001 .79 .67 .65 .76 .84 .75 .72 .82
450 30001 30001 30031 30001 .79 .67 .65 .76 .84 .75 .72 .82
460 30001 30001 30031 30001 .79 .67 .65 .76 .84 .75 .72 .82
470 30001 30001 30031 30001 .79 .67 .65 .76 .84 .75 .72 .82
480 30001 30001 30031 30001 .79 .67 .65 .76 .84 .75 .72 .82
490 30001 30001 30031 30001 .79 .67 .65 .76 .84 .75 .72 .82
500 30001 30001 30031 30001 .79 .67 .65 .76 .84 .75 .72 .82
510 30001 30001 30031 30001 .79 .67 .65 .76 .84 .75 .72 .82
520 30001 30001 30031 30001 .79 .67 .65 .76 .84 .75 .72 .82
530 30001 30001 30031 30001 .79 .67 .65 .76 .84 .75 .72 .82
540 30031 30031 30031 30031 1.00 1.00 1.00 1.00 1.00 1.00 1.00 1.00
550 30031 30031 30301 30031 .61 .38 .39 .52 .70 .52 .54 .63
560 30031 30031 30301 30031 .61 .38 .39 .52 .70 .52 .54 .63
570 30031 30000 30300 30000 .29 .32 .39 .24 .41 .45 .51 .38
580 30031 30000 30300 30000 .29 .32 .39 .24 .41 .45 .51 .38
590 30001 30000 30300 30000 .48 .54 .64 .45 .57 .63 .71 .55
600 30000 30000 30000 30000 1.00 1.00 1.00 1.00 1.00 1.00 1.00 1.00
610 30000 30000 30000 30000 1.00 1.00 1.00 1.00 1.00 1.00 1.00 1.00
620 30000 30000 30000 30000 1.00 1.00 1.00 1.00 1.00 1.00 1.00 1.00
630 30000 30000 30000 30000 1.00 1.00 1.00 1.00 1.00 1.00 1.00 1.00
640 30000 30000 30030 30000 .68 .68 .68 .68 .75 .75 .75 .75
650 30000 30000 30030 30000 .68 .68 .68 .68 .75 .75 .75 .75
660 30000 30000 30030 30000 .68 .68 .68 .68 .75 .75 .75 .75
670 30000 30000 30030 30000 .68 .68 .68 .68 .75 .75 .75 .75
680 30000 30000 30030 30000 .68 .68 .68 .68 .75 .75 .75 .75
690 30000 30000 30030 30000 .68 .68 .68 .68 .75 .75 .75 .75
700 30000 30000 30300 30000 .68 .68 .68 .68 .75 .75 .75 .75
710 30000 30000 30000 30000 1.00 1.00 1.00 1.00 1.00 1.00 1.00 1.00
720 30000 30000 30000 30000 1.00 1.00 1.00 1.00 1.00 1.00 1.00 1.00
730 30000 30000 30000 30000 1.00 1.00 1.00 1.00 1.00 1.00 1.00 1.00
740 30000 30000 30030 30000 .68 .68 .68 .68 .75 .75 .75 .75
750 30000 30000 30030 30000 .68 .68 .68 .68 .75 .75 .75 .75
760 30000 30000 30000 30000 1.00 1.00 1.00 1.00 1.00 1.00 1.00 1.00
770 30000 30000 30000 30000 1.00 1.00 1.00 1.00 1.00 1.00 1.00 1.00
780 30000 30000 30000 30000 1.00 1.00 1.00 1.00 1.00 1.00 1.00 1.00
790 30000 30000 30000 30000 1.00 1.00 1.00 1.00 1.00 1.00 1.00 1.00
800 30000 30000 30000 30000 1.00 1.00 1.00 1.00 1.00 1.00 1.00 1.00
810 30000 30000 30000 30000 1.00 1.00 1.00 1.00 1.00 1.00 1.00 1.00
820 30000 30000 30000 30000 1.00 1.00 1.00 1.00 1.00 1.00 1.00 1.00
830 30000 30000 30000 30000 1.00 1.00 1.00 1.00 1.00 1.00 1.00 1.00
840 30000 30000 30000 30000 1.00 1.00 1.00 1.00 1.00 1.00 1.00 1.00
850 30000 30000 30030 30000 .68 .68 .68 .68 .75 .75 .75 .75
860 30000 30000 30030 30000 .68 .68 .68 .68 .75 .75 .75 .75
870 30000 30000 30030 30000 .68 .68 .68 .68 .75 .75 .75 .75
880 30000 30000 30030 30000 .68 .68 .68 .68 .75 .75 .75 .75
890 30000 30000 30030 30000 .68 .68 .68 .68 .75 .75 .75 .75
900 30000 30000 30030 30000 .68 .68 .68 .68 .75 .75 .75 .75
910 30000 30000 30030 30000 .68 .68 .68 .68 .75 .75 .75 .75
920 30001 30000 30030 30000 .48 .54 .64 .45 .57 .63 .71 .55
930 30001 30000 30030 30000 .48 .54 .64 .45 .57 .63 .71 .55
940 30001 30000 30031 30001 .55 .55 .63 .50 .66 .65 .70 .62
950 30001 30000 30031 30001 .55 .55 .63 .50 .66 .65 .70 .62
960 30001 30001 30031 30001 .79 .67 .65 .76 .84 .75 .72 .82
970 30001 30001 30031 30001 .79 .67 .65 .76 .84 .75 .72 .82
980 30001 30001 30031 30001 .79 .67 .65 .76 .84 .75 .72 .82
990 30001 30001 30031 30001 .79 .67 .65 .76 .84 .75 .72 .82
1000 30001 30001 30031 30001 .79 .67 .65 .76 .84 .75 .72 .82
1010 30001 30001 30031 30001 .79 .67 .65 .76 .84 .75 .72 .82
1020 30001 30001 30031 30001 .79 .67 .65 .76 .84 .75 .72 .82
1030 30001 30001 30031 30001 .79 .67 .65 .76 .84 .75 .72 .82
1040 30001 30001 30031 30001 .79 .67 .65 .76 .84 .75 .72 .82
1050 30001 30001 30031 30001 .79 .67 .65 .76 .84 .75 .72 .82
1060 30001 30001 30031 30001 .79 .67 .65 .76 .84 .75 .72 .82
1070 30001 30001 30031 30001 .79 .67 .65 .76 .84 .75 .72 .82
1080 30001 30001 30031 30001 .79 .67 .65 .76 .84 .75 .72 .82
1090 30001 30001 30031 30001 .79 .67 .65 .76 .84 .75 .72 .82
1100 30001 30001 30031 30001 .79 .67 .65 .76 .84 .75 .72 .82
1110 30001 30001 30031 30001 .79 .67 .65 .76 .84 .75 .72 .82
1120 30001 30001 30031 30001 .79 .67 .65 .76 .84 .75 .72 .82
1130 30001 30001 30031 30001 .79 .67 .65 .76 .84 .75 .72 .82
1140 30001 30001 30031 30001 .79 .67 .65 .76 .84 .75 .72 .82
1150 30001 30001 30031 30001 .79 .67 .65 .76 .84 .75 .72 .82
1160 30001 30001 30031 30001 .79 .67 .65 .76 .84 .75 .72 .82
1170 30001 30001 30031 30001 .79 .67 .65 .76 .84 .75 .72 .82
1180 30001 30001 30031 30001 .79 .67 .65 .76 .84 .75 .72 .82
1190 30001 30001 30031 30001 .79 .67 .65 .76 .84 .75 .72 .82
1200 30001 30001 30031 30001 .79 .67 .65 .76 .84 .75 .72 .82
1210 30001 30001 30031 30001 .79 .67 .65 .76 .84 .75 .72 .82
1220 30001 30001 30031 30001 .79 .67 .65 .76 .84 .75 .72 .82
1230 30001 30001 30031 30001 .79 .67 .65 .76 .84 .75 .72 .82
1240 30001 30001 30031 30001 .79 .67 .65 .76 .84 .75 .72 .82
1250 30001 30001 30031 30001 .79 .67 .65 .76 .84 .75 .72 .82
1260 30301 30001 30031 30001 .61 .37 .36 .53 .69 .51 .49 .64
1270 30301 30301 30031 30301 .61 .38 .39 .52 .70 .52 .54 .63
1280 30301 30301 30301 30301 1.00 1.00 1.00 1.00 1.00 1.00 1.00 1.00
1290 30301 30301 30301 30301 1.00 1.00 1.00 1.00 1.00 1.00 1.00 1.00
1300 30301 30301 30301 30301 1.00 1.00 1.00 1.00 1.00 1.00 1.00 1.00
1310 30302 30301 30301 30301 .81 .99 .97 .97 .85 .99 .97 .98
1320 30302 30301 30301 30301 .81 .99 .97 .97 .85 .99 .97 .98
1330 30302 30301 30301 30301 .81 .99 .97 .97 .85 .99 .97 .98
1340 30302 30302 30302 30302 1.00 1.00 1.00 1.00 1.00 1.00 1.00 1.00
1350 30302 30302 30302 30302 1.00 1.00 1.00 1.00 1.00 1.00 1.00 1.00
1360 30302 30302 30302 30302 1.00 1.00 1.00 1.00 1.00 1.00 1.00 1.00
1370 30303 30302 30302 30302 .79 .92 .97 .99 .85 .94 .98 .99
1380 30303 30302 30302 30302 .79 .92 .97 .99 .85 .94 .98 .99
1390 30303 30303 30303 30303 1.00 1.00 1.00 1.00 1.00 1.00 1.00 1.00
1400 30303 30303 30303 30303 1.00 1.00 1.00 1.00 1.00 1.00 1.00 1.00
1410 30303 30303 30303 30303 1.00 1.00 1.00 1.00 1.00 1.00 1.00 1.00
1420 30003 30003 30003 30003 1.00 1.00 1.00 1.00 1.00 1.00 1.00 1.00
1430 03003 00000 30003 00003 .05 .05 .05 .05 .24 .24 .24 .24
1440 03003 00000 30003 00003 .05 .05 .05 .05 .24 .24 .24 .24
1450 00000 00000 00000 00000 1.0 1.0 1.0 1.0 1.0 1.0 1.0 1.0
1460 00000 00000 00000 00000 1.0 1.0 1.0 1.0 1.0 1.0 1.0 1.0
1470 00000 00000 00000 00000 1.0 1.0 1.0 1.0 1.0 1.0 1.0 1.0
1480 00000 00000 00000 00000 1.0 1.0 1.0 1.0 1.0 1.0 1.0 1.0
1490 00000 00000 00000 00000 1.0 1.0 1.0 1.0 1.0 1.0 1.0 1.0
1500 00000 00000 00000 00000 1.0 1.0 1.0 1.0 1.0 1.0 1.0 1.0
1510 00000 00000 00000 00000 1.0 1.0 1.0 1.0 1.0 1.0 1.0 1.0
1520 00300 00300 00300 00300 1.00 1.00 1.00 1.00 1.00 1.00 1.00 1.00
1530 00300 00300 00300 00300 1.00 1.00 1.00 1.00 1.00 1.00 1.00 1.00
1540 00300 00300 00300 00300 1.00 1.00 1.00 1.00 1.00 1.00 1.00 1.00
1550 00300 00300 00300 00300 1.00 1.00 1.00 1.00 1.00 1.00 1.00 1.00
1560 00300 00300 00300 00300 1.00 1.00 1.00 1.00 1.00 1.00 1.00 1.00
1570 00300 00300 00300 00300 1.00 1.00 1.00 1.00 1.00 1.00 1.00 1.00
1580 00300 00300 00300 00300 1.00 1.00 1.00 1.00 1.00 1.00 1.00 1.00
1590 00300 00300 00300 00300 1.00 1.00 1.00 1.00 1.00 1.00 1.00 1.00
1600 00300 00300 00300 00300 1.00 1.00 1.00 1.00 1.00 1.00 1.00 1.00
1610 30300 30300 30300 30300 1.00 1.00 1.00 1.00 1.00 1.00 1.00 1.00
1620 30030 30300 30300 30300 .48 .48 .48 .48 .60 .60 .60 .60
1630 30000 30000 30000 30000 1.00 1.00 1.00 1.00 1.00 1.00 1.00 1.00
1640 30000 30000 30000 30000 1.00 1.00 1.00 1.00 1.00 1.00 1.00 1.00
1650 30000 30000 30000 30000 1.00 1.00 1.00 1.00 1.00 1.00 1.00 1.00
1660 30000 30000 30000 30000 1.00 1.00 1.00 1.00 1.00 1.00 1.00 1.00
1670 30000 30000 30000 30000 1.00 1.00 1.00 1.00 1.00 1.00 1.00 1.00
1680 30000 30000 30000 30000 1.00 1.00 1.00 1.00 1.00 1.00 1.00 1.00
1690 30000 30000 30000 30000 1.00 1.00 1.00 1.00 1.00 1.00 1.00 1.00
1700 30000 30000 30000 30000 1.00 1.00 1.00 1.00 1.00 1.00 1.00 1.00
1710 30000 30000 30000 30000 1.00 1.00 1.00 1.00 1.00 1.00 1.00 1.00
1720 30000 30000 30000 30000 1.00 1.00 1.00 1.00 1.00 1.00 1.00 1.00
1730 30000 30000 30030 30000 .68 .68 .68 .68 .75 .75 .75 .75
1740 30000 30000 30030 30000 .68 .68 .68 .68 .75 .75 .75 .75
1750 30000 30000 30030 30000 .68 .68 .68 .68 .75 .75 .75 .75
1760 30000 30000 30030 30000 .68 .68 .68 .68 .75 .75 .75 .75
1770 30000 30000 30030 30000 .68 .68 .68 .68 .75 .75 .75 .75
1780 30000 30000 30030 30000 .68 .68 .68 .68 .75 .75 .75 .75
1790 30000 30000 30030 30000 .68 .68 .68 .68 .75 .75 .75 .75
1800 30000 30000 30030 30000 .68 .68 .68 .68 .75 .75 .75 .75
1810 30001 30001 30031 30001 .79 .67 .65 .76 .84 .75 .72 .82
1820 30001 30001 30031 30001 .79 .67 .65 .76 .84 .75 .72 .82
1830 30001 30001 30031 30001 .79 .67 .65 .76 .84 .75 .72 .82
1840 30001 30001 30031 30001 .79 .67 .65 .76 .84 .75 .72 .82
1850 30001 30001 30031 30001 .79 .67 .65 .76 .84 .75 .72 .82
1860 30001 30001 30031 30001 .79 .67 .65 .76 .84 .75 .72 .82
1870 30001 30001 30031 30001 .79 .67 .65 .76 .84 .75 .72 .82
1880 30001 30001 30031 30001 .79 .67 .65 .76 .84 .75 .72 .82
1890 30001 30001 30031 30001 .79 .67 .65 .76 .84 .75 .72 .82
1900 30001 30001 30031 30001 .79 .67 .65 .76 .84 .75 .72 .82
1910 30001 30001 30031 30001 .79 .67 .65 .76 .84 .75 .72 .82
1920 30031 30001 30031 30031 .80 .68 .68 .77 .85 .76 .76 .82
1930 30031 30001 30031 30031 .80 .68 .68 .77 .85 .76 .76 .82
1940 30301 30301 30301 30301 1.00 1.00 1.00 1.00 1.00 1.00 1.00 1.00
1950 30301 30301 30301 30301 1.00 1.00 1.00 1.00 1.00 1.00 1.00 1.00
1960 30301 30301 30301 30301 1.00 1.00 1.00 1.00 1.00 1.00 1.00 1.00
1970 30301 30301 30301 30301 1.00 1.00 1.00 1.00 1.00 1.00 1.00 1.00
1980 30302 30302 30302 30302 1.00 1.00 1.00 1.00 1.00 1.00 1.00 1.00
1990 30302 30302 30302 30302 1.00 1.00 1.00 1.00 1.00 1.00 1.00 1.00
2000 30302 30302 30302 30302 1.00 1.00 1.00 1.00 1.00 1.00 1.00 1.00
2010 30302 30302 30302 30302 1.00 1.00 1.00 1.00 1.00 1.00 1.00 1.00
2020 30302 30302 30302 30302 1.00 1.00 1.00 1.00 1.00 1.00 1.00 1.00
2030 30303 30303 30303 30303 1.00 1.00 1.00 1.00 1.00 1.00 1.00 1.00
2040 30303 30303 30303 30303 1.00 1.00 1.00 1.00 1.00 1.00 1.00 1.00
2050 30303 30303 30303 30303 1.00 1.00 1.00 1.00 1.00 1.00 1.00 1.00
2060 30303 30303 30303 30303 1.00 1.00 1.00 1.00 1.00 1.00 1.00 1.00
2070 30303 30303 30303 30303 1.00 1.00 1.00 1.00 1.00 1.00 1.00 1.00
2080 30303 30303 30303 30303 1.00 1.00 1.00 1.00 1.00 1.00 1.00 1.00
2090 30033 03033 30303 30033 -0.04 -0.04 -0.04 -0.04 .21 .21 .21 .21
2100 03033 03033 03303 03033 .48 .48 .48 .48 .60 .60 .60 .60
2110 00033 00000 00033 00033 .36 .36 .36 .36 .55 .55 .55 .55
2120 00003 00000 00000 00000 1.0 1.0 1.0 1.0 1.0 1.0 1.0 1.0
2130 00003 00000 00000 00000 1.0 1.0 1.0 1.0 1.0 1.0 1.0 1.0
2140 00003 00000 00000 00000 1.0 1.0 1.0 1.0 1.0 1.0 1.0 1.0
2150 00003 00000 00000 00000 1.0 1.0 1.0 1.0 1.0 1.0 1.0 1.0
2160 00003 00000 00000 00000 1.0 1.0 1.0 1.0 1.0 1.0 1.0 1.0
2170 00003 00000 00000 00000 1.0 1.0 1.0 1.0 1.0 1.0 1.0 1.0
2180 00003 00000 00000 00000 1.0 1.0 1.0 1.0 1.0 1.0 1.0 1.0
2190 00003 00000 00000 00000 1.0 1.0 1.0 1.0 1.0 1.0 1.0 1.0
2200 00003 03003 03003 03003 .72 .72 .72 .72 .79 .79 .79 .79
2210 00003 03003 03003 03003 .72 .72 .72 .72 .79 .79 .79 .79
2220 00003 03003 03003 03003 .72 .72 .72 .72 .79 .79 .79 .79
2230 00003 03003 03033 03003 .48 .48 .48 .48 .60 .60 .60 .60
2240 00003 03003 03033 03003 .48 .48 .48 .48 .60 .60 .60 .60
2250 00003 03003 03033 03003 .48 .48 .48 .48 .60 .60 .60 .60
2260 00003 03003 03033 03003 .48 .48 .48 .48 .60 .60 .60 .60
2270 00003 03003 03033 03003 .48 .48 .48 .48 .60 .60 .60 .60
2280 00003 03003 03033 03003 .48 .48 .48 .48 .60 .60 .60 .60
2290 00003 03003 03033 03003 .48 .48 .48 .48 .60 .60 .60 .60
2300 00003 03003 03033 03003 .48 .48 .48 .48 .60 .60 .60 .60
2310 00003 03003 03033 03003 .48 .48 .48 .48 .60 .60 .60 .60
2320 00003 03003 03033 03003 .48 .48 .48 .48 .60 .60 .60 .60
2330 00003 03003 03033 03003 .48 .48 .48 .48 .60 .60 .60 .60
