0 30000 30000 30000 30000 1.00 1.00 1.00 1.00 1.00 1.00 1.00 1.00
10 30000 30000 30000 30000 1.00 1.00 1.00 1.00 1.00 1.00 1.00 1.00
20 30000 30000 30000 30000 1.00 1.00 1.00 1.00 1.00 1.00 1.00 1.00
30 30000 30000 30031 30000 .48 .54 .64 .45 .57 .63 .71 .55
40 30000 30000 30031 30000 .48 .54 .64 .45 .57 .63 .71 .55
50 30000 30000 30031 30000 .48 .54 .64 .45 .57 .63 .71 .55
60 30000 30000 30031 30000 .48 .54 .64 .45 .57 .63 .71 .55
70 30001 30000 30031 30001 .55 .55 .63 .50 .66 .65 .70 .62
80 30001 30001 30031 30001 .79 .67 .65 .76 .84 .75 .72 .82
90 30001 30001 30031 30001 .79 .67 .65 .76 .84 .75 .72 .82
100 30001 30001 30031 30001 .79 .67 .65 .76 .84 .75 .72 .82
110 30001 30001 30031 30001 .79 .67 .65 .76 .84 .75 .72 .82
120 30001 30001 30031 30001 .79 .67 .65 .76 .84 .75 .72 .82
130 30001 30001 30031 30001 .79 .67 .65 .76 .84 .75 .72 .82
140 30001 30001 30031 30001 .79 .67 .65 .76 .84 .75 .72 .82
150 30001 30001 30031 30001 .79 .67 .65 .76 .84 .75 .72 .82
160 30001 30001 30031 30001 .79 .67 .65 .76 .84 .75 .72 .82
170 30001 30001 30031 30001 .79 .67 .65 .76 .84 .75 .72 .82
180 30001 30001 30031 30001 .79 .67 .65 .76 .84 .75 .72 .82
190 30001 30001 30031 30001 .79 .67 .65 .76 .84 .75 .72 .82
200 30001 30001 30031 30001 .79 .67 .65 .76 .84 .75 .72 .82
210 30001 30031 30031 30031 .80 .68 .68 .77 .85 .76 .76 .82
220 30001 30001 30031 30001 .79 .67 .65 .76 .84 .75 .72 .82
230 30001 30001 30031 30001 .79 .67 .65 .76 .84 .75 .72 .82
240 30001 30001 30031 30001 .79 .67 .65 .76 .84 .75 .72 .82
250 30001 30001 30031 30001 .79 .67 .65 .76 .84 .75 .72 .82
260 30001 30001 30031 30001 .79 .67 .65 .76 .84 .75 .72 .82
270 30301 30301 30031 30301 .61 .38 .39 .52 .70 .52 .54 .63
280 30301 30301 30031 30301 .61 .38 .39 .52 .70 .52 .54 .63
290 30301 30301 30031 30301 .61 .38 .39 .52 .70 .52 .54 .63
300 30301 30301 30302 30301 .81 .99 .97 .97 .85 .99 .97 .98
310 30301 30301 30302 30301 .81 .99 .97 .97 .85 .99 .97 .98
320 30301 30301 30302 30301 .81 .99 .97 .97 .85 .99 .97 .98
330 30301 30302 30302 30302 .81 .99 .97 .97 .85 .99 .97 .98
340 30302 30302 30302 30302 1.00 1.00 1.00 1.00 1.00 1.00 1.00 1.00
350 30302 30302 30302 30302 1.00 1.00 1.00 1.00 1.00 1.00 1.00 1.00
360 30302 30302 30302 30302 1.00 1.00 1.00 1.00 1.00 1.00 1.00 1.00
370 30302 30302 30303 30302 .79 .92 .97 .99 .85 .94 .98 .99
380 30302 30303 30303 30303 .77 .91 .97 .99 .82 .93 .98 .99
390 30302 30303 30303 30303 .77 .91 .97 .99 .82 .93 .98 .99
400 30302 30303 30303 30303 .77 .91 .97 .99 .82 .93 .98 .99
410 30303 30303 30303 30303 1.00 1.00 1.00 1.00 1.00 1.00 1.00 1.00
420 30303 30303 30303 30303 1.00 1.00 1.00 1.00 1.00 1.00 1.00 1.00
430 30303 30303 30303 30303 1.00 1.00 1.00 1.00 1.00 1.00 1.00 1.00
440 30303 30303 00303 30303 .75 .75 .75 .75 .81 .81 .81 .81
450 30033 30003 00000 30003 .16 .16 .16 .16 .37 .37 .37 .37
460 03033 30003 00000 00003 -0.12 -0.12 -0.12 -0.12 .10 .10 .10 .10
470 00003 00000 00000 00000 1.0 1.0 1.0 1.0 1.0 1.0 1.0 1.0
480 00003 00000 00000 00000 1.0 1.0 1.0 1.0 1.0 1.0 1.0 1.0
490 00000 00000 00000 00000 1.0 1.0 1.0 1.0 1.0 1.0 1.0 1.0
500 00000 00000 00000 00000 1.0 1.0 1.0 1.0 1.0 1.0 1.0 1.0
510 00000 00000 00000 00000 1.0 1.0 1.0 1.0 1.0 1.0 1.0 1.0
520 00000 00000 00000 00000 1.0 1.0 1.0 1.0 1.0 1.0 1.0 1.0
530 00000 00000 00000 00000 1.0 1.0 1.0 1.0 1.0 1.0 1.0 1.0
540 00030 00030 00000 00030 .46 .46 .46 .46 .63 .63 .63 .63
550 00030 00030 00000 00030 .46 .46 .46 .46 .63 .63 .63 .63
560 00030 00030 00000 00030 .46 .46 .46 .46 .63 .63 .63 .63
570 00030 00030 00000 00030 .46 .46 .46 .46 .63 .63 .63 .63
580 00030 00030 00000 00030 .46 .46 .46 .46 .63 .63 .63 .63
590 00030 00030 00000 00030 .46 .46 .46 .46 .63 .63 .63 .63
600 00030 00030 00000 00030 .46 .46 .46 .46 .63 .63 .63 .63
610 00300 00300 00000 00300 .46 .46 .46 .46 .63 .63 .63 .63
620 00300 00300 00300 00300 1.00 1.00 1.00 1.00 1.00 1.00 1.00 1.00
630 00300 00300 00300 00300 1.00 1.00 1.00 1.00 1.00 1.00 1.00 1.00
640 00300 00300 00300 00300 1.00 1.00 1.00 1.00 1.00 1.00 1.00 1.00
650 00300 00300 00300 00300 1.00 1.00 1.00 1.00 1.00 1.00 1.00 1.00
660 00300 00300 00300 00300 1.00 1.00 1.00 1.00 1.00 1.00 1.00 1.00
670 00300 00300 00300 00300 1.00 1.00 1.00 1.00 1.00 1.00 1.00 1.00
680 00300 00300 00300 00300 1.00 1.00 1.00 1.00 1.00 1.00 1.00 1.00
690 00300 00300 00300 00300 1.00 1.00 1.00 1.00 1.00 1.00 1.00 1.00
700 00300 00300 00300 00300 1.00 1.00 1.00 1.00 1.00 1.00 1.00 1.00
710 00300 00300 00300 00300 1.00 1.00 1.00 1.00 1.00 1.00 1.00 1.00
720 00300 00300 00300 00300 1.00 1.00 1.00 1.00 1.00 1.00 1.00 1.00
730 00300 00300 00300 00300 1.00 1.00 1.00 1.00 1.00 1.00 1.00 1.00
740 00300 00300 00300 00300 1.00 1.00 1.00 1.00 1.00 1.00 1.00 1.00
750 30300 30300 00300 30300 .72 .72 .72 .72 .79 .79 .79 .79
760 30030 30000 00300 30000 .05 .05 .05 .05 .24 .24 .24 .24
770 30030 30000 30000 30000 .68 .68 .68 .68 .75 .75 .75 .75
780 30000 30000 30000 30000 1.00 1.00 1.00 1.00 1.00 1.00 1.00 1.00
790 30000 30000 30000 30000 1.00 1.00 1.00 1.00 1.00 1.00 1.00 1.00
800 30000 30000 30000 30000 1.00 1.00 1.00 1.00 1.00 1.00 1.00 1.00
810 30000 30000 30000 30000 1.00 1.00 1.00 1.00 1.00 1.00 1.00 1.00
820 30000 30000 30000 30000 1.00 1.00 1.00 1.00 1.00 1.00 1.00 1.00
830 30000 30000 30000 30000 1.00 1.00 1.00 1.00 1.00 1.00 1.00 1.00
840 30000 30000 30000 30000 1.00 1.00 1.00 1.00 1.00 1.00 1.00 1.00
850 30000 30000 30000 30000 1.00 1.00 1.00 1.00 1.00 1.00 1.00 1.00
860 30000 30000 30000 30000 1.00 1.00 1.00 1.00 1.00 1.00 1.00 1.00
870 30300 30300 30000 30300 .72 .72 .72 .72 .79 .79 .79 .79
880 00300 00300 00300 00300 1.00 1.00 1.00 1.00 1.00 1.00 1.00 1.00
890 00300 00300 00300 00300 1.00 1.00 1.00 1.00 1.00 1.00 1.00 1.00
900 00300 00300 00300 00300 1.00 1.00 1.00 1.00 1.00 1.00 1.00 1.00
910 00300 00300 00300 00300 1.00 1.00 1.00 1.00 1.00 1.00 1.00 1.00
920 00300 00300 00300 00300 1.00 1.00 1.00 1.00 1.00 1.00 1.00 1.00
930 00300 00300 00300 00300 1.00 1.00 1.00 1.00 1.00 1.00 1.00 1.00
940 00300 00300 00300 00300 1.00 1.00 1.00 1.00 1.00 1.00 1.00 1.00
950 00300 00300 00300 00300 1.00 1.00 1.00 1.00 1.00 1.00 1.00 1.00
960 30300 30300 00300 30300 .72 .72 .72 .72 .79 .79 .79 .79
970 30000 30000 30000 30000 1.00 1.00 1.00 1.00 1.00 1.00 1.00 1.00
980 30000 30000 30000 30000 1.00 1.00 1.00 1.00 1.00 1.00 1.00 1.00
990 30000 30000 30000 30000 1.00 1.00 1.00 1.00 1.00 1.00 1.00 1.00
1000 30000 30000 30031 30000 .48 .54 .64 .45 .57 .63 .71 .55
1010 30000 30000 30031 30000 .48 .54 .64 .45 .57 .63 .71 .55
1020 30000 30000 30031 30000 .48 .54 .64 .45 .57 .63 .71 .55
1030 30000 30000 30031 30000 .48 .54 .64 .45 .57 .63 .71 .55
1040 30000 30000 30031 30000 .48 .54 .64 .45 .57 .63 .71 .55
1050 30000 30000 30031 30000 .48 .54 .64 .45 .57 .63 .71 .55
1060 30001 30000 30031 30001 .55 .55 .63 .50 .66 .65 .70 .62
1070 30001 30001 30031 30001 .79 .67 .65 .76 .84 .75 .72 .82
1080 30001 30001 30031 30001 .79 .67 .65 .76 .84 .75 .72 .82
1090 30001 30001 30031 30001 .79 .67 .65 .76 .84 .75 .72 .82
1100 30001 30001 30031 30001 .79 .67 .65 .76 .84 .75 .72 .82
1110 30001 30001 30031 30001 .79 .67 .65 .76 .84 .75 .72 .82
1120 30001 30001 30031 30001 .79 .67 .65 .76 .84 .75 .72 .82
1130 30001 30001 30031 30001 .79 .67 .65 .76 .84 .75 .72 .82
1140 30001 30001 30031 30001 .79 .67 .65 .76 .84 .75 .72 .82
1150 30001 30001 30031 30001 .79 .67 .65 .76 .84 .75 .72 .82
1160 30031 30001 30031 30031 .80 .68 .68 .77 .85 .76 .76 .82
1170 30301 30301 30031 30301 .61 .38 .39 .52 .70 .52 .54 .63
1180 30301 30301 30031 30301 .61 .38 .39 .52 .70 .52 .54 .63
1190 30301 30301 30031 30301 .61 .38 .39 .52 .70 .52 .54 .63
1200 30301 30301 30031 30301 .61 .38 .39 .52 .70 .52 .54 .63
1210 30301 30301 30031 30301 .61 .38 .39 .52 .70 .52 .54 .63
1220 30301 30301 30302 30301 .81 .99 .97 .97 .85 .99 .97 .98
1230 30302 30301 30302 30302 .81 .99 .97 .97 .85 .99 .97 .98
1240 30302 30302 30302 30302 1.00 1.00 1.00 1.00 1.00 1.00 1.00 1.00
1250 30302 30302 30302 30302 1.00 1.00 1.00 1.00 1.00 1.00 1.00 1.00
1260 30302 30302 30302 30302 1.00 1.00 1.00 1.00 1.00 1.00 1.00 1.00
1270 30302 30302 30303 30302 .79 .92 .97 .99 .85 .94 .98 .99
1280 30302 30302 30303 30302 .79 .92 .97 .99 .85 .94 .98 .99
1290 30302 30302 30303 30302 .79 .92 .97 .99 .85 .94 .98 .99
1300 30303 30302 30303 30303 .77 .91 .97 .99 .82 .93 .98 .99
1310 30303 30302 30303 30303 .77 .91 .97 .99 .82 .93 .98 .99
1320 30303 30302 30303 30303 .77 .91 .97 .99 .82 .93 .98 .99
1330 30303 30303 30303 30303 1.00 1.00 1.00 1.00 1.00 1.00 1.00 1.00
1340 30303 30303 30303 30303 1.00 1.00 1.00 1.00 1.00 1.00 1.00 1.00
1350 30303 30303 30303 30303 1.00 1.00 1.00 1.00 1.00 1.00 1.00 1.00
1360 30303 30303 30303 30303 1.00 1.00 1.00 1.00 1.00 1.00 1.00 1.00
1370 30303 30303 00300 30303 .50 .50 .50 .50 .62 .62 .62 .62
1380 00033 00000 00000 00000 -0.08 -0.08 -0.08 -0.08 -0.06 -0.06 -0.06 -0.06
1390 00003 00000 00000 00000 1.0 1.0 1.0 1.0 1.0 1.0 1.0 1.0
1400 00003 00000 00000 00000 1.0 1.0 1.0 1.0 1.0 1.0 1.0 1.0
1410 00003 00000 00000 00000 1.0 1.0 1.0 1.0 1.0 1.0 1.0 1.0
1420 00003 00000 00000 00000 1.0 1.0 1.0 1.0 1.0 1.0 1.0 1.0
1430 00003 00000 00000 00000 1.0 1.0 1.0 1.0 1.0 1.0 1.0 1.0
1440 00003 00000 00000 00000 1.0 1.0 1.0 1.0 1.0 1.0 1.0 1.0
1450 00003 00000 00000 00000 1.0 1.0 1.0 1.0 1.0 1.0 1.0 1.0
1460 00003 00000 00000 00000 1.0 1.0 1.0 1.0 1.0 1.0 1.0 1.0
1470 00003 00000 00000 00000 1.0 1.0 1.0 1.0 1.0 1.0 1.0 1.0
1480 00003 00000 00000 00000 1.0 1.0 1.0 1.0 1.0 1.0 1.0 1.0
1490 00003 00000 00000 00000 1.0 1.0 1.0 1.0 1.0 1.0 1.0 1.0
1500 00003 00000 00000 00000 1.0 1.0 1.0 1.0 1.0 1.0 1.0 1.0
1510 00003 00000 00000 00000 1.0 1.0 1.0 1.0 1.0 1.0 1.0 1.0
1520 00003 00000 00000 00000 1.0 1.0 1.0 1.0 1.0 1.0 1.0 1.0
1530 00003 00000 00000 00000 1.0 1.0 1.0 1.0 1.0 1.0 1.0 1.0
1540 00003 00000 00000 00000 1.0 1.0 1.0 1.0 1.0 1.0 1.0 1.0
1550 00003 00000 00000 00000 1.0 1.0 1.0 1.0 1.0 1.0 1.0 1.0
1560 00003 00000 00000 00000 1.0 1.0 1.0 1.0 1.0 1.0 1.0 1.0
1570 00003 00000 00000 00000 1.0 1.0 1.0 1.0 1.0 1.0 1.0 1.0
1580 00003 00000 00000 00000 1.0 1.0 1.0 1.0 1.0 1.0 1.0 1.0
1590 00003 00000 00000 00000 1.0 1.0 1.0 1.0 1.0 1.0 1.0 1.0
1600 00003 00000 00000 00000 1.0 1.0 1.0 1.0 1.0 1.0 1.0 1.0
1610 00003 00000 00000 00000 1.0 1.0 1.0 1.0 1.0 1.0 1.0 1.0
1620 00003 00000 00000 00000 1.0 1.0 1.0 1.0 1.0 1.0 1.0 1.0
1630 00003 00000 00000 00000 1.0 1.0 1.0 1.0 1.0 1.0 1.0 1.0
1640 00003 00000 00000 00000 1.0 1.0 1.0 1.0 1.0 1.0 1.0 1.0
1650 00003 00000 00000 00000 1.0 1.0 1.0 1.0 1.0 1.0 1.0 1.0
1660 00003 00000 00000 00000 1.0 1.0 1.0 1.0 1.0 1.0 1.0 1.0
1670 00003 00000 00000 00000 1.0 1.0 1.0 1.0 1.0 1.0 1.0 1.0
1680 00003 00000 00000 00000 1.0 1.0 1.0 1.0 1.0 1.0 1.0 1.0
1690 00003 00000 00000 00000 1.0 1.0 1.0 1.0 1.0 1.0 1.0 1.0
1700 00003 00000 00000 00000 1.0 1.0 1.0 1.0 1.0 1.0 1.0 1.0
1710 00003 00000 00000 00000 1.0 1.0 1.0 1.0 1.0 1.0 1.0 1.0
1720 00003 00000 00000 00000 1.0 1.0 1.0 1.0 1.0 1.0 1.0 1.0
1730 00003 00000 00000 00000 1.0 1.0 1.0 1.0 1.0 1.0 1.0 1.0
1740 00003 00000 00000 00000 1.0 1.0 1.0 1.0 1.0 1.0 1.0 1.0
1750 00003 00000 00000 00000 1.0 1.0 1.0 1.0 1.0 1.0 1.0 1.0
1760 00003 00000 00000 00000 1.0 1.0 1.0 1.0 1.0 1.0 1.0 1.0
1770 00003 00000 00000 00000 1.0 1.0 1.0 1.0 1.0 1.0 1.0 1.0
1780 00003 00000 00000 00000 1.0 1.0 1.0 1.0 1.0 1.0 1.0 1.0
1790 00003 00000 00000 00000 1.0 1.0 1.0 1.0 1.0 1.0 1.0 1.0
1800 00003 00000 00000 00000 1.0 1.0 1.0 1.0 1.0 1.0 1.0 1.0
1810 00003 00000 00000 00000 1.0 1.0 1.0 1.0 1.0 1.0 1.0 1.0
1820 00003 00000 00000 00000 1.0 1.0 1.0 1.0 1.0 1.0 1.0 1.0
1830 00003 00000 00000 00000 1.0 1.0 1.0 1.0 1.0 1.0 1.0 1.0
1840 00003 00000 00000 00000 1.0 1.0 1.0 1.0 1.0 1.0 1.0 1.0
1850 00003 00000 00000 00000 1.0 1.0 1.0 1.0 1.0 1.0 1.0 1.0
1860 00003 00000 00000 00000 1.0 1.0 1.0 1.0 1.0 1.0 1.0 1.0
1870 00003 00000 00000 00000 1.0 1.0 1.0 1.0 1.0 1.0 1.0 1.0
1880 00003 00000 00000 00000 1.0 1.0 1.0 1.0 1.0 1.0 1.0 1.0
1890 00003 00000 00000 00000 1.0 1.0 1.0 1.0 1.0 1.0 1.0 1.0
1900 00003 00000 00000 00000 1.0 1.0 1.0 1.0 1.0 1.0 1.0 1.0
1910 00003 00000 00000 00000 1.0 1.0 1.0 1.0 1.0 1.0 1.0 1.0
1920 00003 00000 00000 00000 1.0 1.0 1.0 1.0 1.0 1.0 1.0 1.0
1930 00003 00000 00000 00000 1.0 1.0 1.0 1.0 1.0 1.0 1.0 1.0
1940 00003 00000 00000 00000 1.0 1.0 1.0 1.0 1.0 1.0 1.0 1.0
1950 00003 00000 00000 00000 1.0 1.0 1.0 1.0 1.0 1.0 1.0 1.0
