0 00000 00000 00000 00000 1.0 1.0 1.0 1.0 1.0 1.0 1.0 1.0
10 00000 00000 00000 00000 1.0 1.0 1.0 1.0 1.0 1.0 1.0 1.0
20 00000 00000 00000 00000 1.0 1.0 1.0 1.0 1.0 1.0 1.0 1.0
30 00000 00000 00000 00000 1.0 1.0 1.0 1.0 1.0 1.0 1.0 1.0
40 00000 00000 00000 00000 1.0 1.0 1.0 1.0 1.0 1.0 1.0 1.0
50 00000 00000 00000 00000 1.0 1.0 1.0 1.0 1.0 1.0 1.0 1.0
60 00000 00000 00000 00000 1.0 1.0 1.0 1.0 1.0 1.0 1.0 1.0
70 00000 00000 00000 00000 1.0 1.0 1.0 1.0 1.0 1.0 1.0 1.0
80 00000 00000 00000 00000 1.0 1.0 1.0 1.0 1.0 1.0 1.0 1.0
90 00000 00000 00000 00000 1.0 1.0 1.0 1.0 1.0 1.0 1.0 1.0
100 00000 00000 00000 00000 1.0 1.0 1.0 1.0 1.0 1.0 1.0 1.0
110 00000 00000 00000 00000 1.0 1.0 1.0 1.0 1.0 1.0 1.0 1.0
120 00000 00000 00000 00000 1.0 1.0 1.0 1.0 1.0 1.0 1.0 1.0
130 00000 00000 00000 00000 1.0 1.0 1.0 1.0 1.0 1.0 1.0 1.0
140 00000 00000 00000 00000 1.0 1.0 1.0 1.0 1.0 1.0 1.0 1.0
150 00000 00000 00000 00000 1.0 1.0 1.0 1.0 1.0 1.0 1.0 1.0
160 00000 00000 00000 00000 1.0 1.0 1.0 1.0 1.0 1.0 1.0 1.0
170 00000 00000 00000 00000 1.0 1.0 1.0 1.0 1.0 1.0 1.0 1.0
180 00000 00000 00000 00000 1.0 1.0 1.0 1.0 1.0 1.0 1.0 1.0
190 00000 00000 03030 00000 -0.08 -0.08 -0.08 -0.08 -0.06 -0.06 -0.06 -0.06
200 00000 00000 03030 00000 -0.08 -0.08 -0.08 -0.08 -0.06 -0.06 -0.06 -0.06
210 00000 00000 03030 00000 -0.08 -0.08 -0.08 -0.08 -0.06 -0.06 -0.06 -0.06
220 00000 00000 03030 00000 -0.08 -0.08 -0.08 -0.08 -0.06 -0.06 -0.06 -0.06
230 00030 00030 03030 00030 .68 .68 .68 .68 .75 .75 .75 .75
240 00030 00300 03300 00300 .05 .05 .05 .05 .24 .24 .24 .24
250 00300 00300 03300 00300 .68 .68 .68 .68 .75 .75 .75 .75
260 00300 00300 03300 00300 .68 .68 .68 .68 .75 .75 .75 .75
270 00300 00300 03300 00300 .68 .68 .68 .68 .75 .75 .75 .75
280 00300 00300 00300 00300 1.00 1.00 1.00 1.00 1.00 1.00 1.00 1.00
290 00300 00300 03300 00300 .68 .68 .68 .68 .75 .75 .75 .75
300 00300 00300 03300 00300 .68 .68 .68 .68 .75 .75 .75 .75
310 00300 03300 30300 00300 .44 .44 .44 .44 .55 .55 .55 .55
320 30300 30300 30300 30300 1.00 1.00 1.00 1.00 1.00 1.00 1.00 1.00
330 30030 30300 30300 30300 .48 .48 .48 .48 .60 .60 .60 .60
340 30030 30000 30030 30030 .72 .72 .72 .72 .79 .79 .79 .79
350 30000 30000 30030 30000 .68 .68 .68 .68 .75 .75 .75 .75
360 30000 30000 30000 30000 1.00 1.00 1.00 1.00 1.00 1.00 1.00 1.00
370 30000 30000 30030 30000 .68 .68 .68 .68 .75 .75 .75 .75
380 30000 30000 30030 30000 .68 .68 .68 .68 .75 .75 .75 .75
390 30000 30000 30001 30000 .70 .80 .96 .69 .76 .84 .97 .75
400 30000 30000 30001 30000 .70 .80 .96 .69 .76 .84 .97 .75
410 30000 30000 30001 30000 .70 .80 .96 .69 .76 .84 .97 .75
420 30000 30000 30001 30000 .70 .80 .96 .69 .76 .84 .97 .75
430 30000 30000 30031 30000 .48 .54 .64 .45 .57 .63 .71 .55
440 30000 30000 30031 30000 .48 .54 .64 .45 .57 .63 .71 .55
450 30000 30000 30031 30000 .48 .54 .64 .45 .57 .63 .71 .55
460 30000 30000 30031 30000 .48 .54 .64 .45 .57 .63 .71 .55
470 30000 30000 30031 30000 .48 .54 .64 .45 .57 .63 .71 .55
480 30000 30000 30031 30000 .48 .54 .64 .45 .57 .63 .71 .55
490 30001 30000 30031 30001 .55 .55 .63 .50 .66 .65 .70 .62
500 30001 30001 30031 30001 .79 .67 .65 .76 .84 .75 .72 .82
510 30001 30001 30031 30001 .79 .67 .65 .76 .84 .75 .72 .82
520 30001 30001 30031 30001 .79 .67 .65 .76 .84 .75 .72 .82
530 30001 30001 30031 30001 .79 .67 .65 .76 .84 .75 .72 .82
540 30001 30001 30031 30001 .79 .67 .65 .76 .84 .75 .72 .82
550 30001 30001 30031 30001 .79 .67 .65 .76 .84 .75 .72 .82
560 30001 30001 30030 30001 .55 .55 .63 .50 .66 .65 .70 .62
570 30001 30001 30030 30001 .55 .55 .63 .50 .66 .65 .70 .62
580 30031 30001 30300 30001 .36 .30 .36 .28 .51 .44 .48 .45
590 30031 30301 30300 30301 .38 .34 .40 .29 .54 .49 .53 .46
600 30301 30301 30300 30301 .79 .92 .97 .76 .85 .94 .98 .82
610 30301 30301 30300 30301 .79 .92 .97 .76 .85 .94 .98 .82
620 30301 30301 30300 30301 .79 .92 .97 .76 .85 .94 .98 .82
630 30302 30302 30302 30302 1.00 1.00 1.00 1.00 1.00 1.00 1.00 1.00
640 30302 30302 30302 30302 1.00 1.00 1.00 1.00 1.00 1.00 1.00 1.00
650 30302 30302 30302 30302 1.00 1.00 1.00 1.00 1.00 1.00 1.00 1.00
660 30302 30302 30302 30302 1.00 1.00 1.00 1.00 1.00 1.00 1.00 1.00
670 30303 30302 30303 30303 .77 .91 .97 .99 .82 .93 .98 .99
680 30303 30302 30303 30303 .77 .91 .97 .99 .82 .93 .98 .99
690 30303 30303 30303 30303 1.00 1.00 1.00 1.00 1.00 1.00 1.00 1.00
700 30303 30303 30303 30303 1.00 1.00 1.00 1.00 1.00 1.00 1.00 1.00
710 30303 30303 30303 30303 1.00 1.00 1.00 1.00 1.00 1.00 1.00 1.00
720 30303 30303 30303 30303 1.00 1.00 1.00 1.00 1.00 1.00 1.00 1.00
730 30033 30303 03030 30033 -0.25 -0.25 -0.25 -0.25 .04 .04 .04 .04
740 03003 30003 03030 03003 -0.04 -0.04 -0.04 -0.04 .21 .21 .21 .21
750 03003 03003 03000 03003 .72 .72 .72 .72 .79 .79 .79 .79
760 00003 00000 00000 00000 1.0 1.0 1.0 1.0 1.0 1.0 1.0 1.0
770 00003 00000 00000 00000 1.0 1.0 1.0 1.0 1.0 1.0 1.0 1.0
780 00000 00000 00030 00000 1.0 1.0 1.0 1.0 1.0 1.0 1.0 1.0
790 00000 00000 03030 00000 -0.08 -0.08 -0.08 -0.08 -0.06 -0.06 -0.06 -0.06
800 00000 00000 03030 00000 -0.08 -0.08 -0.08 -0.08 -0.06 -0.06 -0.06 -0.06
810 00000 00000 03030 00000 -0.08 -0.08 -0.08 -0.08 -0.06 -0.06 -0.06 -0.06
820 00000 00000 03030 00000 -0.08 -0.08 -0.08 -0.08 -0.06 -0.06 -0.06 -0.06
830 00300 00300 03300 00300 .68 .68 .68 .68 .75 .75 .75 .75
840 00300 00300 03300 00300 .68 .68 .68 .68 .75 .75 .75 .75
850 00300 00300 03300 00300 .68 .68 .68 .68 .75 .75 .75 .75
860 00300 00300 00300 00300 1.00 1.00 1.00 1.00 1.00 1.00 1.00 1.00
870 00300 00300 00300 00300 1.00 1.00 1.00 1.00 1.00 1.00 1.00 1.00
880 00300 00300 00300 00300 1.00 1.00 1.00 1.00 1.00 1.00 1.00 1.00
890 00300 00300 30300 00300 .68 .68 .68 .68 .75 .75 .75 .75
900 00300 00300 30300 00300 .68 .68 .68 .68 .75 .75 .75 .75
910 30300 30300 30300 30300 1.00 1.00 1.00 1.00 1.00 1.00 1.00 1.00
920 30300 30300 30300 30300 1.00 1.00 1.00 1.00 1.00 1.00 1.00 1.00
930 30300 30300 30300 30300 1.00 1.00 1.00 1.00 1.00 1.00 1.00 1.00
940 30000 30000 30000 30000 1.00 1.00 1.00 1.00 1.00 1.00 1.00 1.00
950 30000 30000 30000 30000 1.00 1.00 1.00 1.00 1.00 1.00 1.00 1.00
960 30000 30000 30300 30000 .68 .68 .68 .68 .75 .75 .75 .75
970 30000 30000 30300 30000 .68 .68 .68 .68 .75 .75 .75 .75
980 30000 30000 30031 30000 .48 .54 .64 .45 .57 .63 .71 .55
990 30000 30000 30031 30000 .48 .54 .64 .45 .57 .63 .71 .55
1000 30001 30001 30031 30001 .79 .67 .65 .76 .84 .75 .72 .82
1010 30001 30001 30031 30001 .79 .67 .65 .76 .84 .75 .72 .82
1020 30001 30001 30031 30001 .79 .67 .65 .76 .84 .75 .72 .82
1030 30001 30001 30031 30001 .79 .67 .65 .76 .84 .75 .72 .82
1040 30001 30001 30031 30001 .79 .67 .65 .76 .84 .75 .72 .82
1050 30001 30001 30031 30001 .79 .67 .65 .76 .84 .75 .72 .82
1060 30001 30001 30031 30001 .79 .67 .65 .76 .84 .75 .72 .82
1070 30001 30001 30031 30001 .79 .67 .65 .76 .84 .75 .72 .82
1080 30031 30001 30031 30031 .80 .68 .68 .77 .85 .76 .76 .82
1090 30301 30301 30031 30301 .61 .38 .39 .52 .70 .52 .54 .63
1100 30301 30301 30031 30301 .61 .38 .39 .52 .70 .52 .54 .63
1110 30301 30301 30031 30301 .61 .38 .39 .52 .70 .52 .54 .63
1120 30301 30301 30031 30301 .61 .38 .39 .52 .70 .52 .54 .63
1130 30301 30301 30031 30301 .61 .38 .39 .52 .70 .52 .54 .63
1140 30301 30301 30031 30301 .61 .38 .39 .52 .70 .52 .54 .63
1150 30301 30301 30301 30301 1.00 1.00 1.00 1.00 1.00 1.00 1.00 1.00
1160 30301 30301 30301 30301 1.00 1.00 1.00 1.00 1.00 1.00 1.00 1.00
1170 30301 30301 30302 30301 .81 .99 .97 .97 .85 .99 .97 .98
1180 30302 30302 30302 30302 1.00 1.00 1.00 1.00 1.00 1.00 1.00 1.00
1190 30302 30302 30302 30302 1.00 1.00 1.00 1.00 1.00 1.00 1.00 1.00
1200 30302 30302 30302 30302 1.00 1.00 1.00 1.00 1.00 1.00 1.00 1.00
1210 30302 30302 30302 30302 1.00 1.00 1.00 1.00 1.00 1.00 1.00 1.00
1220 30302 30302 30302 30302 1.00 1.00 1.00 1.00 1.00 1.00 1.00 1.00
1230 30302 30302 30302 30302 1.00 1.00 1.00 1.00 1.00 1.00 1.00 1.00
1240 30302 30302 30302 30302 1.00 1.00 1.00 1.00 1.00 1.00 1.00 1.00
1250 30302 30302 30302 30302 1.00 1.00 1.00 1.00 1.00 1.00 1.00 1.00
1260 30303 30302 30302 30302 .79 .92 .97 .99 .85 .94 .98 .99
1270 30303 30302 30302 30302 .79 .92 .97 .99 .85 .94 .98 .99
1280 30303 30302 30302 30302 .79 .92 .97 .99 .85 .94 .98 .99
1290 30303 30302 30302 30302 .79 .92 .97 .99 .85 .94 .98 .99
1300 30303 30302 30302 30302 .79 .92 .97 .99 .85 .94 .98 .99
1310 30303 30002 03302 30302 .18 .07 .12 .25 .38 .28 .32 .42
1320 30003 30002 03002 30002 .32 .33 .34 .47 .49 .48 .48 .60
1330 30003 30002 03032 30002 .15 .06 .10 .25 .35 .26 .28 .42
1340 30003 30002 03032 30002 .15 .06 .10 .25 .35 .26 .28 .42
1350 30003 30002 03032 30002 .15 .06 .10 .25 .35 .26 .28 .42
1360 30303 30302 03302 30302 .38 .34 .40 .48 .54 .49 .53 .60
1370 30303 30302 03032 30302 -0.03 -0.23 -0.18 -0.04 .23 .04 .09 .21
1380 30303 30302 03303 30303 .32 .37 .43 .47 .47 .53 .57 .60
1390 30303 30303 30303 30303 1.00 1.00 1.00 1.00 1.00 1.00 1.00 1.00
1400 30303 30303 30303 30303 1.00 1.00 1.00 1.00 1.00 1.00 1.00 1.00
1410 30303 30303 30303 30303 1.00 1.00 1.00 1.00 1.00 1.00 1.00 1.00
1420 30303 30303 30303 30303 1.00 1.00 1.00 1.00 1.00 1.00 1.00 1.00
1430 30303 30303 30303 30303 1.00 1.00 1.00 1.00 1.00 1.00 1.00 1.00
1440 30033 30003 30033 30033 .75 .75 .75 .75 .81 .81 .81 .81
1450 03003 30003 00000 00003 .05 .05 .05 .05 .24 .24 .24 .24
1460 00003 00000 00000 00000 1.0 1.0 1.0 1.0 1.0 1.0 1.0 1.0
1470 00003 00000 00000 00000 1.0 1.0 1.0 1.0 1.0 1.0 1.0 1.0
1480 00003 00000 00000 00000 1.0 1.0 1.0 1.0 1.0 1.0 1.0 1.0
1490 00003 00000 00000 00000 1.0 1.0 1.0 1.0 1.0 1.0 1.0 1.0
1500 00003 00000 00000 00000 1.0 1.0 1.0 1.0 1.0 1.0 1.0 1.0
1510 00003 00000 00000 00000 1.0 1.0 1.0 1.0 1.0 1.0 1.0 1.0
1520 00003 00000 00000 00000 1.0 1.0 1.0 1.0 1.0 1.0 1.0 1.0
1530 00003 00000 00000 00000 1.0 1.0 1.0 1.0 1.0 1.0 1.0 1.0
1540 00003 00000 00000 00000 1.0 1.0 1.0 1.0 1.0 1.0 1.0 1.0
1550 00003 00000 00000 00000 1.0 1.0 1.0 1.0 1.0 1.0 1.0 1.0
1560 00003 00000 00000 00000 1.0 1.0 1.0 1.0 1.0 1.0 1.0 1.0
1570 00003 00000 00000 00000 1.0 1.0 1.0 1.0 1.0 1.0 1.0 1.0
1580 00003 00000 00000 00000 1.0 1.0 1.0 1.0 1.0 1.0 1.0 1.0
1590 00003 00000 00000 00000 1.0 1.0 1.0 1.0 1.0 1.0 1.0 1.0
