0 00000 00000 00000 00000 1.0 1.0 1.0 1.0 1.0 1.0 1.0 1.0
10 00000 00000 00000 00000 1.0 1.0 1.0 1.0 1.0 1.0 1.0 1.0
20 00000 00000 00000 00000 1.0 1.0 1.0 1.0 1.0 1.0 1.0 1.0
30 00000 00000 00000 00000 1.0 1.0 1.0 1.0 1.0 1.0 1.0 1.0
40 00000 00000 00000 00000 1.0 1.0 1.0 1.0 1.0 1.0 1.0 1.0
50 00000 00000 00000 00000 1.0 1.0 1.0 1.0 1.0 1.0 1.0 1.0
60 00000 00000 00000 00000 1.0 1.0 1.0 1.0 1.0 1.0 1.0 1.0
70 00000 00000 00000 00000 1.0 1.0 1.0 1.0 1.0 1.0 1.0 1.0
80 03000 00000 03000 03000 .46 .46 .46 .46 .63 .63 .63 .63
90 30000 30000 30000 30000 1.00 1.00 1.00 1.00 1.00 1.00 1.00 1.00
100 30000 30000 30000 30000 1.00 1.00 1.00 1.00 1.00 1.00 1.00 1.00
110 30000 30000 30000 30000 1.00 1.00 1.00 1.00 1.00 1.00 1.00 1.00
120 30000 30000 30000 30000 1.00 1.00 1.00 1.00 1.00 1.00 1.00 1.00
130 30000 30000 30000 30000 1.00 1.00 1.00 1.00 1.00 1.00 1.00 1.00
140 30000 30000 30030 30000 .68 .68 .68 .68 .75 .75 .75 .75
150 30000 30000 30030 30000 .68 .68 .68 .68 .75 .75 .75 .75
160 30000 30000 30000 30000 1.00 1.00 1.00 1.00 1.00 1.00 1.00 1.00
170 30000 30000 30000 30000 1.00 1.00 1.00 1.00 1.00 1.00 1.00 1.00
180 30300 30300 30300 30300 1.00 1.00 1.00 1.00 1.00 1.00 1.00 1.00
190 30300 30300 30300 30300 1.00 1.00 1.00 1.00 1.00 1.00 1.00 1.00
200 30300 30300 30300 30300 1.00 1.00 1.00 1.00 1.00 1.00 1.00 1.00
210 30300 30300 30300 30300 1.00 1.00 1.00 1.00 1.00 1.00 1.00 1.00
220 30300 30300 30300 30300 1.00 1.00 1.00 1.00 1.00 1.00 1.00 1.00
230 00300 00300 00300 00300 1.00 1.00 1.00 1.00 1.00 1.00 1.00 1.00
240 00300 00300 00300 00300 1.00 1.00 1.00 1.00 1.00 1.00 1.00 1.00
250 00030 00300 00000 00000 -0.08 -0.08 -0.08 -0.08 -0.06 -0.06 -0.06 -0.06
260 00000 00000 00000 00000 1.0 1.0 1.0 1.0 1.0 1.0 1.0 1.0
270 00000 00000 00000 00000 1.0 1.0 1.0 1.0 1.0 1.0 1.0 1.0
280 00000 00000 00000 00000 1.0 1.0 1.0 1.0 1.0 1.0 1.0 1.0
290 30000 30000 00000 30000 .46 .46 .46 .46 .63 .63 .63 .63
300 30000 30000 03000 30000 .22 .22 .22 .22 .41 .41 .41 .41
310 30000 30000 30300 30000 .68 .68 .68 .68 .75 .75 .75 .75
320 30000 30000 30300 30000 .68 .68 .68 .68 .75 .75 .75 .75
330 30000 30000 30300 30000 .68 .68 .68 .68 .75 .75 .75 .75
340 30000 30000 30300 30000 .68 .68 .68 .68 .75 .75 .75 .75
350 30000 30000 30000 30000 1.00 1.00 1.00 1.00 1.00 1.00 1.00 1.00
360 30000 30000 30000 30000 1.00 1.00 1.00 1.00 1.00 1.00 1.00 1.00
370 30000 30000 30000 30000 1.00 1.00 1.00 1.00 1.00 1.00 1.00 1.00
380 30000 30000 30030 30000 .68 .68 .68 .68 .75 .75 .75 .75
390 30000 30000 30030 30000 .68 .68 .68 .68 .75 .75 .75 .75
400 30030 30000 30300 30000 .44 .44 .44 .44 .55 .55 .55 .55
410 30300 30300 30300 30300 1.00 1.00 1.00 1.00 1.00 1.00 1.00 1.00
420 03300 00300 03300 03300 .72 .72 .72 .72 .79 .79 .79 .79
430 00300 00300 00300 00300 1.00 1.00 1.00 1.00 1.00 1.00 1.00 1.00
440 00300 00300 00300 00300 1.00 1.00 1.00 1.00 1.00 1.00 1.00 1.00
450 00300 00300 00300 00300 1.00 1.00 1.00 1.00 1.00 1.00 1.00 1.00
460 00300 00300 00300 00300 1.00 1.00 1.00 1.00 1.00 1.00 1.00 1.00
470 00300 00300 00300 00300 1.00 1.00 1.00 1.00 1.00 1.00 1.00 1.00
480 00300 00300 00300 00300 1.00 1.00 1.00 1.00 1.00 1.00 1.00 1.00
490 03300 03300 03300 03300 1.00 1.00 1.00 1.00 1.00 1.00 1.00 1.00
500 30030 30300 30300 30300 .48 .48 .48 .48 .60 .60 .60 .60
510 30000 30000 30000 30000 1.00 1.00 1.00 1.00 1.00 1.00 1.00 1.00
520 30000 30000 30000 30000 1.00 1.00 1.00 1.00 1.00 1.00 1.00 1.00
530 30000 30000 30030 30000 .68 .68 .68 .68 .75 .75 .75 .75
540 30000 30000 30030 30000 .68 .68 .68 .68 .75 .75 .75 .75
550 30000 30000 30030 30000 .68 .68 .68 .68 .75 .75 .75 .75
560 30000 30000 30030 30000 .68 .68 .68 .68 .75 .75 .75 .75
570 30000 30000 30030 30000 .68 .68 .68 .68 .75 .75 .75 .75
580 30001 30001 30031 30001 .79 .67 .65 .76 .84 .75 .72 .82
590 30001 30001 30031 30001 .79 .67 .65 .76 .84 .75 .72 .82
600 30001 30001 30031 30001 .79 .67 .65 .76 .84 .75 .72 .82
610 30001 30001 30031 30001 .79 .67 .65 .76 .84 .75 .72 .82
620 30001 30001 30031 30001 .79 .67 .65 .76 .84 .75 .72 .82
630 30001 30001 30031 30001 .79 .67 .65 .76 .84 .75 .72 .82
640 30031 30001 30031 30031 .80 .68 .68 .77 .85 .76 .76 .82
650 30301 30301 30301 30301 1.00 1.00 1.00 1.00 1.00 1.00 1.00 1.00
660 30301 30301 30301 30301 1.00 1.00 1.00 1.00 1.00 1.00 1.00 1.00
670 30301 30301 30301 30301 1.00 1.00 1.00 1.00 1.00 1.00 1.00 1.00
680 30301 30301 30301 30301 1.00 1.00 1.00 1.00 1.00 1.00 1.00 1.00
690 30302 30302 30302 30302 1.00 1.00 1.00 1.00 1.00 1.00 1.00 1.00
700 30302 30302 30302 30302 1.00 1.00 1.00 1.00 1.00 1.00 1.00 1.00
710 30302 30302 30302 30302 1.00 1.00 1.00 1.00 1.00 1.00 1.00 1.00
720 30302 30302 30302 30302 1.00 1.00 1.00 1.00 1.00 1.00 1.00 1.00
730 30002 30002 30002 30002 1.00 1.00 1.00 1.00 1.00 1.00 1.00 1.00
740 30002 30002 30002 30002 1.00 1.00 1.00 1.00 1.00 1.00 1.00 1.00
750 30002 30002 30002 30002 1.00 1.00 1.00 1.00 1.00 1.00 1.00 1.00
760 30002 30002 30032 30002 .79 .67 .68 .75 .84 .75 .75 .81
770 30302 30302 30302 30302 1.00 1.00 1.00 1.00 1.00 1.00 1.00 1.00
780 30302 30302 30302 30302 1.00 1.00 1.00 1.00 1.00 1.00 1.00 1.00
790 30302 30302 30302 30302 1.00 1.00 1.00 1.00 1.00 1.00 1.00 1.00
800 30302 30302 30302 30302 1.00 1.00 1.00 1.00 1.00 1.00 1.00 1.00
810 30302 30302 30302 30302 1.00 1.00 1.00 1.00 1.00 1.00 1.00 1.00
820 30302 30302 30302 30302 1.00 1.00 1.00 1.00 1.00 1.00 1.00 1.00
830 30303 30302 30302 30302 .79 .92 .97 .99 .85 .94 .98 .99
840 30303 30303 30302 30303 .77 .91 .97 .99 .82 .93 .98 .99
850 30303 30303 30302 30303 .77 .91 .97 .99 .82 .93 .98 .99
860 30303 30303 30302 30303 .77 .91 .97 .99 .82 .93 .98 .99
870 30303 30303 30302 30303 .77 .91 .97 .99 .82 .93 .98 .99
880 30303 30303 30303 30303 1.00 1.00 1.00 1.00 1.00 1.00 1.00 1.00
890 03303 30303 30303 30303 .48 .48 .48 .48 .60 .60 .60 .60
900 00303 00303 00303 00303 1.00 1.00 1.00 1.00 1.00 1.00 1.00 1.00
910 00303 00303 00303 00303 1.00 1.00 1.00 1.00 1.00 1.00 1.00 1.00
920 00303 00303 00303 00303 1.00 1.00 1.00 1.00 1.00 1.00 1.00 1.00
930 00303 00303 00303 00303 1.00 1.00 1.00 1.00 1.00 1.00 1.00 1.00
940 03303 03303 03303 03303 1.00 1.00 1.00 1.00 1.00 1.00 1.00 1.00
950 03303 03303 03303 03303 1.00 1.00 1.00 1.00 1.00 1.00 1.00 1.00
960 03303 30303 03303 03303 .48 .48 .48 .48 .60 .60 .60 .60
970 30303 30303 30303 30303 1.00 1.00 1.00 1.00 1.00 1.00 1.00 1.00
980 30303 30303 30303 30303 1.00 1.00 1.00 1.00 1.00 1.00 1.00 1.00
990 30303 30303 30303 30303 1.00 1.00 1.00 1.00 1.00 1.00 1.00 1.00
1000 03033 00000 30033 00033 -0.04 -0.04 -0.04 -0.04 .21 .21 .21 .21
1010 00003 00000 00000 00000 1.0 1.0 1.0 1.0 1.0 1.0 1.0 1.0
1020 00003 00000 00000 00000 1.0 1.0 1.0 1.0 1.0 1.0 1.0 1.0
1030 00000 00000 00000 00000 1.0 1.0 1.0 1.0 1.0 1.0 1.0 1.0
1040 00000 00000 00000 00000 1.0 1.0 1.0 1.0 1.0 1.0 1.0 1.0
1050 00000 00000 00000 00000 1.0 1.0 1.0 1.0 1.0 1.0 1.0 1.0
1060 00000 00000 00000 00000 1.0 1.0 1.0 1.0 1.0 1.0 1.0 1.0
1070 00000 00000 00000 00000 1.0 1.0 1.0 1.0 1.0 1.0 1.0 1.0
1080 00000 00000 00000 00000 1.0 1.0 1.0 1.0 1.0 1.0 1.0 1.0
1090 00000 00000 00000 00000 1.0 1.0 1.0 1.0 1.0 1.0 1.0 1.0
1100 00000 00000 00000 00000 1.0 1.0 1.0 1.0 1.0 1.0 1.0 1.0
1110 00000 00000 00000 00000 1.0 1.0 1.0 1.0 1.0 1.0 1.0 1.0
1120 00000 00000 00000 00000 1.0 1.0 1.0 1.0 1.0 1.0 1.0 1.0
1130 00000 00000 00000 00000 1.0 1.0 1.0 1.0 1.0 1.0 1.0 1.0
1140 00000 00000 00000 00000 1.0 1.0 1.0 1.0 1.0 1.0 1.0 1.0
1150 00000 00000 00000 00000 1.0 1.0 1.0 1.0 1.0 1.0 1.0 1.0
1160 00000 00000 00000 00000 1.0 1.0 1.0 1.0 1.0 1.0 1.0 1.0
1170 00000 00000 00000 00000 1.0 1.0 1.0 1.0 1.0 1.0 1.0 1.0
1180 00000 00000 00000 00000 1.0 1.0 1.0 1.0 1.0 1.0 1.0 1.0
1190 00000 00000 00000 00000 1.0 1.0 1.0 1.0 1.0 1.0 1.0 1.0
1200 00000 00000 00000 00000 1.0 1.0 1.0 1.0 1.0 1.0 1.0 1.0
1210 00000 00000 00000 00000 1.0 1.0 1.0 1.0 1.0 1.0 1.0 1.0
1220 00000 00000 00000 00000 1.0 1.0 1.0 1.0 1.0 1.0 1.0 1.0
1230 30000 30000 30000 30000 1.00 1.00 1.00 1.00 1.00 1.00 1.00 1.00
1240 30000 30000 30000 30000 1.00 1.00 1.00 1.00 1.00 1.00 1.00 1.00
1250 30030 30000 30000 30000 .68 .68 .68 .68 .75 .75 .75 .75
1260 30030 30000 30000 30000 .68 .68 .68 .68 .75 .75 .75 .75
1270 03030 00000 30030 00030 .05 .05 .05 .05 .24 .24 .24 .24
1280 03300 00000 30030 00000 -0.27 -0.27 -0.27 -0.27 -0.19 -0.19 -0.19 -0.19
1290 03300 00000 03030 03000 .05 .05 .05 .05 .24 .24 .24 .24
1300 00300 00300 00300 00300 1.00 1.00 1.00 1.00 1.00 1.00 1.00 1.00
1310 00300 00300 00300 00300 1.00 1.00 1.00 1.00 1.00 1.00 1.00 1.00
1320 00300 00300 00300 00300 1.00 1.00 1.00 1.00 1.00 1.00 1.00 1.00
1330 00300 00300 00300 00300 1.00 1.00 1.00 1.00 1.00 1.00 1.00 1.00
1340 00300 00300 00300 00300 1.00 1.00 1.00 1.00 1.00 1.00 1.00 1.00
1350 00300 00300 00300 00300 1.00 1.00 1.00 1.00 1.00 1.00 1.00 1.00
1360 00300 00300 03300 00300 .68 .68 .68 .68 .75 .75 .75 .75
1370 03300 00300 03300 03300 .72 .72 .72 .72 .79 .79 .79 .79
1380 30300 30300 30300 30300 1.00 1.00 1.00 1.00 1.00 1.00 1.00 1.00
1390 30030 30000 30030 30030 .72 .72 .72 .72 .79 .79 .79 .79
1400 30000 30000 30000 30000 1.00 1.00 1.00 1.00 1.00 1.00 1.00 1.00
1410 30000 30000 30000 30000 1.00 1.00 1.00 1.00 1.00 1.00 1.00 1.00
1420 30000 30000 30000 30000 1.00 1.00 1.00 1.00 1.00 1.00 1.00 1.00
1430 30000 30000 30030 30000 .68 .68 .68 .68 .75 .75 .75 .75
1440 30000 30000 30030 30000 .68 .68 .68 .68 .75 .75 .75 .75
1450 30000 30000 30030 30000 .68 .68 .68 .68 .75 .75 .75 .75
1460 30000 30000 30030 30000 .68 .68 .68 .68 .75 .75 .75 .75
1470 30001 30001 30030 30001 .55 .55 .63 .50 .66 .65 .70 .62
1480 30001 30001 30030 30001 .55 .55 .63 .50 .66 .65 .70 .62
1490 30001 30001 30031 30001 .79 .67 .65 .76 .84 .75 .72 .82
1500 30001 30001 30031 30001 .79 .67 .65 .76 .84 .75 .72 .82
1510 30001 30001 30031 30001 .79 .67 .65 .76 .84 .75 .72 .82
1520 30001 30001 30031 30001 .79 .67 .65 .76 .84 .75 .72 .82
1530 30001 30001 30031 30001 .79 .67 .65 .76 .84 .75 .72 .82
1540 30001 30001 30031 30001 .79 .67 .65 .76 .84 .75 .72 .82
1550 30001 30001 30031 30001 .79 .67 .65 .76 .84 .75 .72 .82
1560 30031 30001 30031 30031 .80 .68 .68 .77 .85 .76 .76 .82
1570 30301 30301 30301 30301 1.00 1.00 1.00 1.00 1.00 1.00 1.00 1.00
1580 30301 30301 30301 30301 1.00 1.00 1.00 1.00 1.00 1.00 1.00 1.00
1590 30301 30301 30301 30301 1.00 1.00 1.00 1.00 1.00 1.00 1.00 1.00
1600 30301 30301 30301 30301 1.00 1.00 1.00 1.00 1.00 1.00 1.00 1.00
1610 30301 30301 30301 30301 1.00 1.00 1.00 1.00 1.00 1.00 1.00 1.00
1620 30301 30301 30301 30301 1.00 1.00 1.00 1.00 1.00 1.00 1.00 1.00
1630 30302 30302 30301 30302 .81 .99 .97 .97 .85 .99 .97 .98
1640 30302 30302 30302 30302 1.00 1.00 1.00 1.00 1.00 1.00 1.00 1.00
1650 30302 30302 30302 30302 1.00 1.00 1.00 1.00 1.00 1.00 1.00 1.00
1660 30002 30002 30002 30002 1.00 1.00 1.00 1.00 1.00 1.00 1.00 1.00
1670 30002 30002 30002 30002 1.00 1.00 1.00 1.00 1.00 1.00 1.00 1.00
1680 30002 30002 30002 30002 1.00 1.00 1.00 1.00 1.00 1.00 1.00 1.00
1690 30002 30002 30002 30002 1.00 1.00 1.00 1.00 1.00 1.00 1.00 1.00
1700 30032 30002 30002 30002 .79 .67 .68 .75 .84 .75 .75 .81
1710 30032 30002 30002 30002 .79 .67 .68 .75 .84 .75 .75 .81
1720 30032 30002 30002 30002 .79 .67 .68 .75 .84 .75 .75 .81
1730 30032 30002 30032 30032 .80 .68 .70 .75 .85 .76 .77 .81
1740 30032 30032 30302 30032 .61 .38 .39 .49 .70 .52 .54 .61
1750 30032 30032 30302 30032 .61 .38 .39 .49 .70 .52 .54 .61
1760 30002 30002 30002 30002 1.00 1.00 1.00 1.00 1.00 1.00 1.00 1.00
1770 30002 30002 30002 30002 1.00 1.00 1.00 1.00 1.00 1.00 1.00 1.00
1780 30002 30002 30002 30002 1.00 1.00 1.00 1.00 1.00 1.00 1.00 1.00
1790 30032 30032 30032 30032 1.00 1.00 1.00 1.00 1.00 1.00 1.00 1.00
1800 30032 30032 30032 30032 1.00 1.00 1.00 1.00 1.00 1.00 1.00 1.00
1810 30032 30032 30032 30032 1.00 1.00 1.00 1.00 1.00 1.00 1.00 1.00
1820 30032 30032 30032 30032 1.00 1.00 1.00 1.00 1.00 1.00 1.00 1.00
1830 30032 30032 30032 30032 1.00 1.00 1.00 1.00 1.00 1.00 1.00 1.00
1840 30032 30032 30302 30032 .61 .38 .39 .49 .70 .52 .54 .61
1850 30032 30032 30302 30032 .61 .38 .39 .49 .70 .52 .54 .61
1860 30032 30032 30302 30032 .61 .38 .39 .49 .70 .52 .54 .61
1870 30032 30032 30302 30032 .61 .38 .39 .49 .70 .52 .54 .61
1880 30032 30002 30302 30002 .61 .37 .39 .51 .69 .51 .53 .62
1890 30032 30002 30032 30032 .80 .68 .70 .75 .85 .76 .77 .81
1900 30032 30002 30032 30032 .80 .68 .70 .75 .85 .76 .77 .81
1910 03032 30002 03032 03032 .41 .05 .09 .26 .55 .28 .31 .43
1920 03032 00002 03032 03032 .59 .35 .36 .50 .69 .51 .53 .62
1930 00032 00002 00032 00032 .75 .61 .59 .72 .82 .71 .70 .79
1940 00032 00002 00032 00032 .75 .61 .59 .72 .82 .71 .70 .79
1950 00032 00002 00032 00032 .75 .61 .59 .72 .82 .71 .70 .79
1960 00032 00002 00032 00032 .75 .61 .59 .72 .82 .71 .70 .79
1970 00032 00002 03032 00032 .56 .30 .30 .48 .66 .47 .47 .61
1980 00302 00302 30302 00302 .79 .67 .68 .75 .84 .75 .75 .81
1990 03302 00302 30302 00302 .61 .37 .39 .51 .69 .51 .53 .62
2000 03302 00302 30302 00302 .61 .37 .39 .51 .69 .51 .53 .62
2010 03302 00302 30302 00302 .61 .37 .39 .51 .69 .51 .53 .62
2020 03302 00302 30302 00302 .61 .37 .39 .51 .69 .51 .53 .62
2030 00302 00302 03302 00302 .79 .67 .68 .75 .84 .75 .75 .81
2040 00302 00302 00302 00302 1.00 1.00 1.00 1.00 1.00 1.00 1.00 1.00
2050 00302 00302 03302 00302 .79 .67 .68 .75 .84 .75 .75 .81
2060 00302 00302 03302 00302 .79 .67 .68 .75 .84 .75 .75 .81
2070 30302 30302 30302 30302 1.00 1.00 1.00 1.00 1.00 1.00 1.00 1.00
2080 30302 30302 30302 30302 1.00 1.00 1.00 1.00 1.00 1.00 1.00 1.00
2090 30303 30302 30302 30302 .79 .92 .97 .99 .85 .94 .98 .99
2100 30303 30302 30302 30302 .79 .92 .97 .99 .85 .94 .98 .99
2110 30303 30302 30303 30303 .77 .91 .97 .99 .82 .93 .98 .99
2120 30303 30302 30303 30303 .77 .91 .97 .99 .82 .93 .98 .99
2130 30303 30303 30303 30303 1.00 1.00 1.00 1.00 1.00 1.00 1.00 1.00
2140 30303 30303 30303 30303 1.00 1.00 1.00 1.00 1.00 1.00 1.00 1.00
2150 30303 30303 30303 30303 1.00 1.00 1.00 1.00 1.00 1.00 1.00 1.00
2160 30303 30303 30303 30303 1.00 1.00 1.00 1.00 1.00 1.00 1.00 1.00
2170 30303 30303 30303 30303 1.00 1.00 1.00 1.00 1.00 1.00 1.00 1.00
2180 30303 30303 30303 30303 1.00 1.00 1.00 1.00 1.00 1.00 1.00 1.00
2190 30303 30303 30303 30303 1.00 1.00 1.00 1.00 1.00 1.00 1.00 1.00
2200 30303 30303 30303 30303 1.00 1.00 1.00 1.00 1.00 1.00 1.00 1.00
2210 30303 30303 30303 30303 1.00 1.00 1.00 1.00 1.00 1.00 1.00 1.00
2220 00003 00000 00000 00000 1.0 1.0 1.0 1.0 1.0 1.0 1.0 1.0
2230 00003 00000 00000 00000 1.0 1.0 1.0 1.0 1.0 1.0 1.0 1.0
2240 00003 00000 00000 00000 1.0 1.0 1.0 1.0 1.0 1.0 1.0 1.0
2250 00003 00000 00000 00000 1.0 1.0 1.0 1.0 1.0 1.0 1.0 1.0
2260 00003 00000 00000 00000 1.0 1.0 1.0 1.0 1.0 1.0 1.0 1.0
2270 00003 00000 00000 00000 1.0 1.0 1.0 1.0 1.0 1.0 1.0 1.0
2280 00003 00000 00000 00000 1.0 1.0 1.0 1.0 1.0 1.0 1.0 1.0
2290 00003 00000 00000 00000 1.0 1.0 1.0 1.0 1.0 1.0 1.0 1.0
2300 00003 00000 03003 00003 .22 .22 .22 .22 .41 .41 .41 .41
2310 00003 00000 03003 00003 .22 .22 .22 .22 .41 .41 .41 .41
2320 00003 00000 03003 00003 .22 .22 .22 .22 .41 .41 .41 .41
2330 00003 00000 03033 00003 .05 .05 .05 .05 .24 .24 .24 .24
2340 00003 00000 03033 00003 .05 .05 .05 .05 .24 .24 .24 .24
2350 00003 00000 03033 00003 .05 .05 .05 .05 .24 .24 .24 .24
2360 00003 00000 03033 00003 .05 .05 .05 .05 .24 .24 .24 .24
2370 00003 00000 03033 00003 .05 .05 .05 .05 .24 .24 .24 .24
