0 00300 00300 30300 00300 .68 .68 .68 .68 .75 .75 .75 .75
10 00300 00300 30300 00300 .68 .68 .68 .68 .75 .75 .75 .75
20 00300 00300 30300 00300 .68 .68 .68 .68 .75 .75 .75 .75
30 30300 30300 30300 30300 1.00 1.00 1.00 1.00 1.00 1.00 1.00 1.00
40 30000 30000 30000 30000 1.00 1.00 1.00 1.00 1.00 1.00 1.00 1.00
50 30000 30000 30000 30000 1.00 1.00 1.00 1.00 1.00 1.00 1.00 1.00
60 30000 30000 30300 30000 .68 .68 .68 .68 .75 .75 .75 .75
70 30000 30000 30300 30000 .68 .68 .68 .68 .75 .75 .75 .75
80 30000 30000 30301 30000 .48 .54 .64 .45 .57 .63 .71 .55
90 30000 30000 30301 30000 .48 .54 .64 .45 .57 .63 .71 .55
100 30001 30001 30301 30001 .79 .67 .65 .76 .84 .75 .72 .82
110 30001 30001 30301 30001 .79 .67 .65 .76 .84 .75 .72 .82
120 30001 30001 30301 30001 .79 .67 .65 .76 .84 .75 .72 .82
130 30001 30001 30301 30001 .79 .67 .65 .76 .84 .75 .72 .82
140 30001 30001 30301 30001 .79 .67 .65 .76 .84 .75 .72 .82
150 30001 30001 30301 30001 .79 .67 .65 .76 .84 .75 .72 .82
160 30031 30031 30301 30031 .61 .38 .39 .52 .70 .52 .54 .63
170 30031 30031 30301 30031 .61 .38 .39 .52 .70 .52 .54 .63
180 30031 30031 30301 30031 .61 .38 .39 .52 .70 .52 .54 .63
190 30031 30031 30301 30031 .61 .38 .39 .52 .70 .52 .54 .63
200 30031 30031 30301 30031 .61 .38 .39 .52 .70 .52 .54 .63
210 30301 30031 30301 30301 .61 .38 .39 .52 .70 .52 .54 .63
220 30301 30031 30301 30301 .61 .38 .39 .52 .70 .52 .54 .63
230 30301 30301 30301 30301 1.00 1.00 1.00 1.00 1.00 1.00 1.00 1.00
240 30301 30301 30301 30301 1.00 1.00 1.00 1.00 1.00 1.00 1.00 1.00
250 30302 30301 30301 30301 .81 .99 .97 .97 .85 .99 .97 .98
260 30302 30302 30302 30302 1.00 1.00 1.00 1.00 1.00 1.00 1.00 1.00
270 30302 30302 30302 30302 1.00 1.00 1.00 1.00 1.00 1.00 1.00 1.00
280 30002 30302 30302 30302 .80 .68 .70 .75 .85 .76 .77 .81
290 30002 30002 30002 30002 1.00 1.00 1.00 1.00 1.00 1.00 1.00 1.00
300 30002 30002 30002 30002 1.00 1.00 1.00 1.00 1.00 1.00 1.00 1.00
310 30002 30002 30002 30002 1.00 1.00 1.00 1.00 1.00 1.00 1.00 1.00
320 30032 30032 30302 30032 .61 .38 .39 .49 .70 .52 .54 .61
330 30302 30302 30302 30302 1.00 1.00 1.00 1.00 1.00 1.00 1.00 1.00
340 30303 30302 30302 30302 .79 .92 .97 .99 .85 .94 .98 .99
350 30303 30302 30303 30303 .77 .91 .97 .99 .82 .93 .98 .99
360 30303 30303 30303 30303 1.00 1.00 1.00 1.00 1.00 1.00 1.00 1.00
370 30303 30303 30303 30303 1.00 1.00 1.00 1.00 1.00 1.00 1.00 1.00
380 30303 30303 30303 30303 1.00 1.00 1.00 1.00 1.00 1.00 1.00 1.00
390 30303 30303 30303 30303 1.00 1.00 1.00 1.00 1.00 1.00 1.00 1.00
400 03003 00000 30000 00000 -0.17 -0.17 -0.17 -0.17 -0.12 -0.12 -0.12 -0.12
410 00003 00000 00000 00000 1.0 1.0 1.0 1.0 1.0 1.0 1.0 1.0
420 00000 00000 00000 00000 1.0 1.0 1.0 1.0 1.0 1.0 1.0 1.0
430 00000 00000 00300 00000 1.0 1.0 1.0 1.0 1.0 1.0 1.0 1.0
440 00000 00000 00300 00000 1.0 1.0 1.0 1.0 1.0 1.0 1.0 1.0
450 00030 00030 00300 00030 .22 .22 .22 .22 .41 .41 .41 .41
460 00300 00300 00030 00300 .22 .22 .22 .22 .41 .41 .41 .41
470 00300 00300 00300 00300 1.00 1.00 1.00 1.00 1.00 1.00 1.00 1.00
480 00300 00300 00300 00300 1.00 1.00 1.00 1.00 1.00 1.00 1.00 1.00
490 00300 00300 03300 00300 .68 .68 .68 .68 .75 .75 .75 .75
500 00300 00300 03300 00300 .68 .68 .68 .68 .75 .75 .75 .75
510 30300 30300 03300 30300 .48 .48 .48 .48 .60 .60 .60 .60
520 30300 30300 30300 30300 1.00 1.00 1.00 1.00 1.00 1.00 1.00 1.00
530 30000 30000 30000 30000 1.00 1.00 1.00 1.00 1.00 1.00 1.00 1.00
540 30000 30000 30000 30000 1.00 1.00 1.00 1.00 1.00 1.00 1.00 1.00
550 30000 30000 30300 30000 .68 .68 .68 .68 .75 .75 .75 .75
560 30000 30000 30300 30000 .68 .68 .68 .68 .75 .75 .75 .75
570 30000 30000 30301 30000 .48 .54 .64 .45 .57 .63 .71 .55
580 30001 30001 30301 30001 .79 .67 .65 .76 .84 .75 .72 .82
590 30001 30001 30301 30001 .79 .67 .65 .76 .84 .75 .72 .82
600 30001 30001 30301 30001 .79 .67 .65 .76 .84 .75 .72 .82
610 30001 30001 30301 30001 .79 .67 .65 .76 .84 .75 .72 .82
620 30001 30001 30301 30001 .79 .67 .65 .76 .84 .75 .72 .82
630 30001 30001 30301 30001 .79 .67 .65 .76 .84 .75 .72 .82
640 30001 30001 30301 30001 .79 .67 .65 .76 .84 .75 .72 .82
650 30031 30001 30301 30001 .61 .37 .36 .53 .69 .51 .49 .64
660 30301 30301 30301 30301 1.00 1.00 1.00 1.00 1.00 1.00 1.00 1.00
670 30301 30301 30301 30301 1.00 1.00 1.00 1.00 1.00 1.00 1.00 1.00
680 30302 30301 30302 30302 .81 .99 .97 .97 .85 .99 .97 .98
690 30302 30302 30302 30302 1.00 1.00 1.00 1.00 1.00 1.00 1.00 1.00
700 30032 30302 30302 30302 .61 .38 .39 .49 .70 .52 .54 .61
710 30002 30002 30002 30002 1.00 1.00 1.00 1.00 1.00 1.00 1.00 1.00
720 30002 30002 30032 30002 .79 .67 .68 .75 .84 .75 .75 .81
730 30002 30002 30032 30002 .79 .67 .68 .75 .84 .75 .75 .81
740 30002 30002 30002 30002 1.00 1.00 1.00 1.00 1.00 1.00 1.00 1.00
750 30032 30032 30032 30032 1.00 1.00 1.00 1.00 1.00 1.00 1.00 1.00
760 30032 30302 30300 30302 .38 .34 .31 .26 .54 .49 .46 .43
770 30032 30302 30300 30302 .38 .34 .31 .26 .54 .49 .46 .43
780 30002 30002 30300 30002 .55 .55 .55 .48 .66 .65 .65 .61
790 30002 30002 30300 30002 .55 .55 .55 .48 .66 .65 .65 .61
800 30002 30002 30000 30002 .75 .83 .84 .72 .82 .87 .88 .79
810 30002 30002 30030 30002 .55 .55 .55 .48 .66 .65 .65 .61
820 30032 30002 30300 30002 .36 .30 .29 .26 .51 .44 .44 .43
830 30302 30302 30300 30302 .79 .92 .87 .75 .85 .94 .90 .81
840 30302 30302 30302 30302 1.00 1.00 1.00 1.00 1.00 1.00 1.00 1.00
850 30302 30302 30302 30302 1.00 1.00 1.00 1.00 1.00 1.00 1.00 1.00
860 30303 30302 30303 30303 .77 .91 .97 .99 .82 .93 .98 .99
870 30303 30302 30303 30303 .77 .91 .97 .99 .82 .93 .98 .99
880 30303 30303 30303 30303 1.00 1.00 1.00 1.00 1.00 1.00 1.00 1.00
890 30303 30303 30303 30303 1.00 1.00 1.00 1.00 1.00 1.00 1.00 1.00
900 30303 30303 30303 30303 1.00 1.00 1.00 1.00 1.00 1.00 1.00 1.00
910 30303 30303 30303 30303 1.00 1.00 1.00 1.00 1.00 1.00 1.00 1.00
920 00303 00303 00303 00303 1.00 1.00 1.00 1.00 1.00 1.00 1.00 1.00
930 00003 00000 00000 00000 1.0 1.0 1.0 1.0 1.0 1.0 1.0 1.0
940 00003 00000 03000 00000 -0.08 -0.08 -0.08 -0.08 -0.06 -0.06 -0.06 -0.06
950 00003 00000 00000 00000 1.0 1.0 1.0 1.0 1.0 1.0 1.0 1.0
960 00003 03003 00000 00003 .22 .22 .22 .22 .41 .41 .41 .41
970 00003 03003 00000 00003 .22 .22 .22 .22 .41 .41 .41 .41
980 00003 03003 00000 00003 .22 .22 .22 .22 .41 .41 .41 .41
990 00003 00000 00000 00000 1.0 1.0 1.0 1.0 1.0 1.0 1.0 1.0
1000 00003 00000 00000 00000 1.0 1.0 1.0 1.0 1.0 1.0 1.0 1.0
1010 00003 00000 00000 00000 1.0 1.0 1.0 1.0 1.0 1.0 1.0 1.0
