0 00000 00000 00000 00000 1.0 1.0 1.0 1.0 1.0 1.0 1.0 1.0
10 00000 00000 00000 00000 1.0 1.0 1.0 1.0 1.0 1.0 1.0 1.0
20 00000 00000 00000 00000 1.0 1.0 1.0 1.0 1.0 1.0 1.0 1.0
30 00000 00000 00000 00000 1.0 1.0 1.0 1.0 1.0 1.0 1.0 1.0
40 00000 00000 00000 00000 1.0 1.0 1.0 1.0 1.0 1.0 1.0 1.0
50 00000 00000 00000 00000 1.0 1.0 1.0 1.0 1.0 1.0 1.0 1.0
60 00000 00000 00000 00000 1.0 1.0 1.0 1.0 1.0 1.0 1.0 1.0
70 00000 00000 00000 00000 1.0 1.0 1.0 1.0 1.0 1.0 1.0 1.0
80 00000 00000 00000 00000 1.0 1.0 1.0 1.0 1.0 1.0 1.0 1.0
90 00300 00300 00000 00300 .46 .46 .46 .46 .63 .63 .63 .63
100 00300 00300 00300 00300 1.00 1.00 1.00 1.00 1.00 1.00 1.00 1.00
110 00300 00300 00300 00300 1.00 1.00 1.00 1.00 1.00 1.00 1.00 1.00
120 00300 00300 00300 00300 1.00 1.00 1.00 1.00 1.00 1.00 1.00 1.00
130 00300 00300 00300 00300 1.00 1.00 1.00 1.00 1.00 1.00 1.00 1.00
140 00300 00300 00300 00300 1.00 1.00 1.00 1.00 1.00 1.00 1.00 1.00
150 00300 00300 00300 00300 1.00 1.00 1.00 1.00 1.00 1.00 1.00 1.00
160 30300 30300 30300 30300 1.00 1.00 1.00 1.00 1.00 1.00 1.00 1.00
170 30300 30300 30300 30300 1.00 1.00 1.00 1.00 1.00 1.00 1.00 1.00
180 30030 30030 30300 30030 .48 .48 .48 .48 .60 .60 .60 .60
190 30300 30300 30300 30300 1.00 1.00 1.00 1.00 1.00 1.00 1.00 1.00
200 30030 30000 30300 30000 .44 .44 .44 .44 .55 .55 .55 .55
210 30000 30000 30000 30000 1.00 1.00 1.00 1.00 1.00 1.00 1.00 1.00
220 30000 30000 30000 30000 1.00 1.00 1.00 1.00 1.00 1.00 1.00 1.00
230 30000 30000 30000 30000 1.00 1.00 1.00 1.00 1.00 1.00 1.00 1.00
240 30000 30000 30000 30000 1.00 1.00 1.00 1.00 1.00 1.00 1.00 1.00
250 30001 30001 30030 30001 .55 .55 .63 .50 .66 .65 .70 .62
260 30001 30001 30030 30001 .55 .55 .63 .50 .66 .65 .70 .62
270 30001 30001 30030 30001 .55 .55 .63 .50 .66 .65 .70 .62
280 30001 30001 30030 30001 .55 .55 .63 .50 .66 .65 .70 .62
290 30001 30001 30030 30001 .55 .55 .63 .50 .66 .65 .70 .62
300 30031 30031 30030 30031 .79 .92 .97 .76 .85 .94 .98 .82
310 30301 30301 30301 30301 1.00 1.00 1.00 1.00 1.00 1.00 1.00 1.00
320 30301 30301 30301 30301 1.00 1.00 1.00 1.00 1.00 1.00 1.00 1.00
330 30301 30301 30301 30301 1.00 1.00 1.00 1.00 1.00 1.00 1.00 1.00
340 30302 30302 30301 30302 .81 .99 .97 .97 .85 .99 .97 .98
350 30302 30302 30302 30302 1.00 1.00 1.00 1.00 1.00 1.00 1.00 1.00
360 30302 30302 30302 30302 1.00 1.00 1.00 1.00 1.00 1.00 1.00 1.00
370 30303 30302 30303 30303 .77 .91 .97 .99 .82 .93 .98 .99
380 30303 30303 30303 30303 1.00 1.00 1.00 1.00 1.00 1.00 1.00 1.00
390 30303 30303 30303 30303 1.00 1.00 1.00 1.00 1.00 1.00 1.00 1.00
400 30303 30303 00000 30303 .22 .22 .22 .22 .42 .42 .42 .42
410 00003 00000 00000 00000 1.0 1.0 1.0 1.0 1.0 1.0 1.0 1.0
420 00003 00000 00000 00000 1.0 1.0 1.0 1.0 1.0 1.0 1.0 1.0
430 00000 00000 00000 00000 1.0 1.0 1.0 1.0 1.0 1.0 1.0 1.0
440 00000 00000 00000 00000 1.0 1.0 1.0 1.0 1.0 1.0 1.0 1.0
450 00000 00000 00000 00000 1.0 1.0 1.0 1.0 1.0 1.0 1.0 1.0
460 00000 00000 00000 00000 1.0 1.0 1.0 1.0 1.0 1.0 1.0 1.0
470 00300 00300 00300 00300 1.00 1.00 1.00 1.00 1.00 1.00 1.00 1.00
480 00300 00300 00300 00300 1.00 1.00 1.00 1.00 1.00 1.00 1.00 1.00
490 00300 00300 00300 00300 1.00 1.00 1.00 1.00 1.00 1.00 1.00 1.00
500 00300 00300 00300 00300 1.00 1.00 1.00 1.00 1.00 1.00 1.00 1.00
510 00300 00300 00300 00300 1.00 1.00 1.00 1.00 1.00 1.00 1.00 1.00
520 00300 00300 00300 00300 1.00 1.00 1.00 1.00 1.00 1.00 1.00 1.00
530 00300 00300 00300 00300 1.00 1.00 1.00 1.00 1.00 1.00 1.00 1.00
540 00300 00300 00300 00300 1.00 1.00 1.00 1.00 1.00 1.00 1.00 1.00
550 00300 00300 00300 00300 1.00 1.00 1.00 1.00 1.00 1.00 1.00 1.00
560 00300 00300 00300 00300 1.00 1.00 1.00 1.00 1.00 1.00 1.00 1.00
570 30300 30300 30300 30300 1.00 1.00 1.00 1.00 1.00 1.00 1.00 1.00
580 30030 30300 30300 30300 .48 .48 .48 .48 .60 .60 .60 .60
590 30030 30000 30300 30000 .44 .44 .44 .44 .55 .55 .55 .55
600 30000 30000 30000 30000 1.00 1.00 1.00 1.00 1.00 1.00 1.00 1.00
610 30000 30000 30000 30000 1.00 1.00 1.00 1.00 1.00 1.00 1.00 1.00
620 30000 30000 30030 30000 .68 .68 .68 .68 .75 .75 .75 .75
630 30000 30000 30030 30000 .68 .68 .68 .68 .75 .75 .75 .75
640 30000 30000 30030 30000 .68 .68 .68 .68 .75 .75 .75 .75
650 30000 30000 30030 30000 .68 .68 .68 .68 .75 .75 .75 .75
660 30000 30000 30030 30000 .68 .68 .68 .68 .75 .75 .75 .75
670 30001 30001 30030 30001 .55 .55 .63 .50 .66 .65 .70 .62
680 30001 30001 30031 30001 .79 .67 .65 .76 .84 .75 .72 .82
690 30001 30001 30031 30001 .79 .67 .65 .76 .84 .75 .72 .82
700 30001 30001 30031 30001 .79 .67 .65 .76 .84 .75 .72 .82
710 30001 30001 30031 30001 .79 .67 .65 .76 .84 .75 .72 .82
720 30001 30001 30031 30001 .79 .67 .65 .76 .84 .75 .72 .82
730 30001 30031 30031 30031 .80 .68 .68 .77 .85 .76 .76 .82
740 30031 30031 30031 30031 1.00 1.00 1.00 1.00 1.00 1.00 1.00 1.00
750 30301 30031 30031 30031 .61 .38 .39 .52 .70 .52 .54 .63
760 30301 30301 30031 30301 .61 .38 .39 .52 .70 .52 .54 .63
770 30301 30301 30301 30301 1.00 1.00 1.00 1.00 1.00 1.00 1.00 1.00
780 30302 30301 30301 30301 .81 .99 .97 .97 .85 .99 .97 .98
790 30302 30302 30302 30302 1.00 1.00 1.00 1.00 1.00 1.00 1.00 1.00
800 30302 30302 30302 30302 1.00 1.00 1.00 1.00 1.00 1.00 1.00 1.00
810 30303 30302 30303 30303 .77 .91 .97 .99 .82 .93 .98 .99
820 30303 30303 30303 30303 1.00 1.00 1.00 1.00 1.00 1.00 1.00 1.00
830 30303 30303 30303 30303 1.00 1.00 1.00 1.00 1.00 1.00 1.00 1.00
840 30303 30303 30303 30303 1.00 1.00 1.00 1.00 1.00 1.00 1.00 1.00
850 30303 30303 30303 30303 1.00 1.00 1.00 1.00 1.00 1.00 1.00 1.00
860 00003 00303 00303 00303 .72 .72 .72 .72 .79 .79 .79 .79
870 00003 00000 00000 00000 1.0 1.0 1.0 1.0 1.0 1.0 1.0 1.0
880 00003 03003 00000 00003 .22 .22 .22 .22 .41 .41 .41 .41
890 00003 03003 00000 00003 .22 .22 .22 .22 .41 .41 .41 .41
900 00003 03003 00000 00003 .22 .22 .22 .22 .41 .41 .41 .41
910 00063 03003 00000 00003 .11 .01 -0.05 .05 .28 .19 .08 .24
920 06063 03003 00000 06003 .12 .10 .03 .16 .32 .31 .25 .37
930 06063 03003 00000 06003 .12 .10 .03 .16 .32 .31 .25 .37
940 06063 03003 00000 06003 .12 .10 .03 .16 .32 .31 .25 .37
950 06063 03003 00000 06003 .12 .10 .03 .16 .32 .31 .25 .37
960 06063 03003 00000 06003 .12 .10 .03 .16 .32 .31 .25 .37
970 06063 03003 00000 06003 .12 .10 .03 .16 .32 .31 .25 .37
980 06063 03003 00000 06003 .12 .10 .03 .16 .32 .31 .25 .37
990 06063 03003 00000 06003 .12 .10 .03 .16 .32 .31 .25 .37
1000 06063 03003 00000 06003 .12 .10 .03 .16 .32 .31 .25 .37
1010 06063 03003 00000 06003 .12 .10 .03 .16 .32 .31 .25 .37
1020 06063 03003 00000 06003 .12 .10 .03 .16 .32 .31 .25 .37
1030 06063 03003 00000 06003 .12 .10 .03 .16 .32 .31 .25 .37
1040 06063 03003 00000 06003 .12 .10 .03 .16 .32 .31 .25 .37
1050 06063 03003 00000 06003 .12 .10 .03 .16 .32 .31 .25 .37
