0 00000 00000 00000 00000 1.0 1.0 1.0 1.0 1.0 1.0 1.0 1.0
10 00000 00000 00000 00000 1.0 1.0 1.0 1.0 1.0 1.0 1.0 1.0
20 00000 00000 00000 00000 1.0 1.0 1.0 1.0 1.0 1.0 1.0 1.0
30 00000 00000 00000 00000 1.0 1.0 1.0 1.0 1.0 1.0 1.0 1.0
40 00000 00000 00000 00000 1.0 1.0 1.0 1.0 1.0 1.0 1.0 1.0
50 00000 00000 00000 00000 1.0 1.0 1.0 1.0 1.0 1.0 1.0 1.0
60 00030 00030 00000 00030 .46 .46 .46 .46 .63 .63 .63 .63
70 00030 00030 00000 00030 .46 .46 .46 .46 .63 .63 .63 .63
80 00300 00300 00000 00300 .46 .46 .46 .46 .63 .63 .63 .63
90 00300 00300 00300 00300 1.00 1.00 1.00 1.00 1.00 1.00 1.00 1.00
100 00300 00300 00300 00300 1.00 1.00 1.00 1.00 1.00 1.00 1.00 1.00
110 00300 00300 00300 00300 1.00 1.00 1.00 1.00 1.00 1.00 1.00 1.00
120 00300 00300 00300 00300 1.00 1.00 1.00 1.00 1.00 1.00 1.00 1.00
130 00300 03300 00300 00300 .68 .68 .68 .68 .75 .75 .75 .75
140 00300 03300 00300 00300 .68 .68 .68 .68 .75 .75 .75 .75
150 00300 03300 00300 00300 .68 .68 .68 .68 .75 .75 .75 .75
160 30300 30300 30300 30300 1.00 1.00 1.00 1.00 1.00 1.00 1.00 1.00
170 30030 30000 30300 30000 .44 .44 .44 .44 .55 .55 .55 .55
180 30000 30000 30000 30000 1.00 1.00 1.00 1.00 1.00 1.00 1.00 1.00
190 30000 30000 30000 30000 1.00 1.00 1.00 1.00 1.00 1.00 1.00 1.00
200 30000 30000 30000 30000 1.00 1.00 1.00 1.00 1.00 1.00 1.00 1.00
210 30000 30000 30000 30000 1.00 1.00 1.00 1.00 1.00 1.00 1.00 1.00
220 30000 30000 30030 30000 .68 .68 .68 .68 .75 .75 .75 .75
230 30001 30001 30030 30001 .55 .55 .63 .50 .66 .65 .70 .62
240 30001 30001 30030 30001 .55 .55 .63 .50 .66 .65 .70 .62
250 30001 30001 30030 30001 .55 .55 .63 .50 .66 .65 .70 .62
260 30001 30001 30030 30001 .55 .55 .63 .50 .66 .65 .70 .62
270 30001 30001 30031 30001 .79 .67 .65 .76 .84 .75 .72 .82
280 30001 30001 30031 30001 .79 .67 .65 .76 .84 .75 .72 .82
290 30001 30001 30031 30001 .79 .67 .65 .76 .84 .75 .72 .82
300 30031 30031 30031 30031 1.00 1.00 1.00 1.00 1.00 1.00 1.00 1.00
310 30031 30001 30031 30031 .80 .68 .68 .77 .85 .76 .76 .82
320 30000 30001 30031 30001 .55 .55 .63 .50 .66 .65 .70 .62
330 30000 30000 30031 30000 .48 .54 .64 .45 .57 .63 .71 .55
340 30000 30000 30031 30000 .48 .54 .64 .45 .57 .63 .71 .55
350 30000 30000 30031 30000 .48 .54 .64 .45 .57 .63 .71 .55
360 30000 30000 30031 30000 .48 .54 .64 .45 .57 .63 .71 .55
370 30001 30001 30031 30001 .79 .67 .65 .76 .84 .75 .72 .82
380 30001 30001 30031 30001 .79 .67 .65 .76 .84 .75 .72 .82
390 30001 30001 30031 30001 .79 .67 .65 .76 .84 .75 .72 .82
400 30001 30001 30031 30001 .79 .67 .65 .76 .84 .75 .72 .82
410 30001 30001 30031 30001 .79 .67 .65 .76 .84 .75 .72 .82
420 30301 30301 30031 30301 .61 .38 .39 .52 .70 .52 .54 .63
430 30301 30301 30301 30301 1.00 1.00 1.00 1.00 1.00 1.00 1.00 1.00
440 30301 30301 30301 30301 1.00 1.00 1.00 1.00 1.00 1.00 1.00 1.00
450 30301 30301 30301 30301 1.00 1.00 1.00 1.00 1.00 1.00 1.00 1.00
460 30301 30301 30301 30301 1.00 1.00 1.00 1.00 1.00 1.00 1.00 1.00
470 30301 30301 30301 30301 1.00 1.00 1.00 1.00 1.00 1.00 1.00 1.00
480 30301 30301 30301 30301 1.00 1.00 1.00 1.00 1.00 1.00 1.00 1.00
490 30301 30301 30301 30301 1.00 1.00 1.00 1.00 1.00 1.00 1.00 1.00
500 30302 30302 30301 30302 .81 .99 .97 .97 .85 .99 .97 .98
510 30302 30302 30302 30302 1.00 1.00 1.00 1.00 1.00 1.00 1.00 1.00
520 30302 30302 30302 30302 1.00 1.00 1.00 1.00 1.00 1.00 1.00 1.00
530 30303 30302 30302 30302 .79 .92 .97 .99 .85 .94 .98 .99
540 30303 30303 30302 30303 .77 .91 .97 .99 .82 .93 .98 .99
550 30303 30303 30303 30303 1.00 1.00 1.00 1.00 1.00 1.00 1.00 1.00
560 30303 30303 30303 30303 1.00 1.00 1.00 1.00 1.00 1.00 1.00 1.00
570 30303 30303 30303 30303 1.00 1.00 1.00 1.00 1.00 1.00 1.00 1.00
580 00003 00000 00000 00000 1.0 1.0 1.0 1.0 1.0 1.0 1.0 1.0
590 00000 00000 00000 00000 1.0 1.0 1.0 1.0 1.0 1.0 1.0 1.0
600 00000 00000 00000 00000 1.0 1.0 1.0 1.0 1.0 1.0 1.0 1.0
610 00000 00000 00000 00000 1.0 1.0 1.0 1.0 1.0 1.0 1.0 1.0
620 00000 00000 00000 00000 1.0 1.0 1.0 1.0 1.0 1.0 1.0 1.0
630 00030 00030 00000 00030 .46 .46 .46 .46 .63 .63 .63 .63
640 00300 00030 00000 00000 -0.08 -0.08 -0.08 -0.08 -0.06 -0.06 -0.06 -0.06
650 00300 00300 00300 00300 1.00 1.00 1.00 1.00 1.00 1.00 1.00 1.00
660 00300 00300 00300 00300 1.00 1.00 1.00 1.00 1.00 1.00 1.00 1.00
670 00300 00300 00300 00300 1.00 1.00 1.00 1.00 1.00 1.00 1.00 1.00
680 00300 00300 00300 00300 1.00 1.00 1.00 1.00 1.00 1.00 1.00 1.00
690 00300 00300 00300 00300 1.00 1.00 1.00 1.00 1.00 1.00 1.00 1.00
700 00300 00300 00300 00300 1.00 1.00 1.00 1.00 1.00 1.00 1.00 1.00
710 00300 00300 00300 00300 1.00 1.00 1.00 1.00 1.00 1.00 1.00 1.00
720 00300 00300 00300 00300 1.00 1.00 1.00 1.00 1.00 1.00 1.00 1.00
730 00300 00300 00300 00300 1.00 1.00 1.00 1.00 1.00 1.00 1.00 1.00
740 00300 00300 00300 00300 1.00 1.00 1.00 1.00 1.00 1.00 1.00 1.00
750 30300 30300 30300 30300 1.00 1.00 1.00 1.00 1.00 1.00 1.00 1.00
760 30030 30030 30300 30030 .48 .48 .48 .48 .60 .60 .60 .60
770 30000 30000 30000 30000 1.00 1.00 1.00 1.00 1.00 1.00 1.00 1.00
780 30000 30000 30000 30000 1.00 1.00 1.00 1.00 1.00 1.00 1.00 1.00
790 30000 30000 30000 30000 1.00 1.00 1.00 1.00 1.00 1.00 1.00 1.00
800 30000 30000 30000 30000 1.00 1.00 1.00 1.00 1.00 1.00 1.00 1.00
810 30001 30001 30000 30001 .75 .83 .96 .73 .82 .87 .97 .80
820 30001 30001 30030 30001 .55 .55 .63 .50 .66 .65 .70 .62
830 30001 30001 30030 30001 .55 .55 .63 .50 .66 .65 .70 .62
840 30001 30001 30030 30001 .55 .55 .63 .50 .66 .65 .70 .62
850 30001 30001 30031 30001 .79 .67 .65 .76 .84 .75 .72 .82
860 30001 30001 30031 30001 .79 .67 .65 .76 .84 .75 .72 .82
870 30301 30301 30031 30301 .61 .38 .39 .52 .70 .52 .54 .63
880 30301 30301 30301 30301 1.00 1.00 1.00 1.00 1.00 1.00 1.00 1.00
890 30301 30301 30301 30301 1.00 1.00 1.00 1.00 1.00 1.00 1.00 1.00
900 30301 30301 30301 30301 1.00 1.00 1.00 1.00 1.00 1.00 1.00 1.00
910 30302 30301 30301 30301 .81 .99 .97 .97 .85 .99 .97 .98
920 30302 30302 30301 30302 .81 .99 .97 .97 .85 .99 .97 .98
930 30302 30302 30302 30302 1.00 1.00 1.00 1.00 1.00 1.00 1.00 1.00
940 30302 30302 30302 30302 1.00 1.00 1.00 1.00 1.00 1.00 1.00 1.00
950 30303 30302 30303 30303 .77 .91 .97 .99 .82 .93 .98 .99
960 30303 30303 30303 30303 1.00 1.00 1.00 1.00 1.00 1.00 1.00 1.00
970 30303 30303 30303 30303 1.00 1.00 1.00 1.00 1.00 1.00 1.00 1.00
980 30303 30303 30303 30303 1.00 1.00 1.00 1.00 1.00 1.00 1.00 1.00
990 00003 00000 00000 00000 1.0 1.0 1.0 1.0 1.0 1.0 1.0 1.0
1000 00003 00000 00000 00000 1.0 1.0 1.0 1.0 1.0 1.0 1.0 1.0
1010 00003 00000 00000 00000 1.0 1.0 1.0 1.0 1.0 1.0 1.0 1.0
1020 00003 00000 00000 00000 1.0 1.0 1.0 1.0 1.0 1.0 1.0 1.0
1030 00003 00000 00000 00000 1.0 1.0 1.0 1.0 1.0 1.0 1.0 1.0
1040 00003 00000 00000 00000 1.0 1.0 1.0 1.0 1.0 1.0 1.0 1.0
1050 00003 00000 00000 00000 1.0 1.0 1.0 1.0 1.0 1.0 1.0 1.0
1060 00003 00000 00000 00000 1.0 1.0 1.0 1.0 1.0 1.0 1.0 1.0
1070 00003 00000 00000 00000 1.0 1.0 1.0 1.0 1.0 1.0 1.0 1.0
1080 00003 00000 00000 00000 1.0 1.0 1.0 1.0 1.0 1.0 1.0 1.0
1090 00003 00000 00000 00000 1.0 1.0 1.0 1.0 1.0 1.0 1.0 1.0
1100 00003 00000 00000 00000 1.0 1.0 1.0 1.0 1.0 1.0 1.0 1.0
1110 00003 00000 00000 00000 1.0 1.0 1.0 1.0 1.0 1.0 1.0 1.0
1120 00003 00000 00000 00000 1.0 1.0 1.0 1.0 1.0 1.0 1.0 1.0
1130 00003 00000 00000 00000 1.0 1.0 1.0 1.0 1.0 1.0 1.0 1.0
1140 00003 00000 00000 00000 1.0 1.0 1.0 1.0 1.0 1.0 1.0 1.0
1150 00003 00000 00000 00000 1.0 1.0 1.0 1.0 1.0 1.0 1.0 1.0
