0 00000 00000 00000 00000 1.0 1.0 1.0 1.0 1.0 1.0 1.0 1.0
10 00000 00000 00000 00000 1.0 1.0 1.0 1.0 1.0 1.0 1.0 1.0
20 00000 00000 00000 00000 1.0 1.0 1.0 1.0 1.0 1.0 1.0 1.0
30 00000 00000 00000 00000 1.0 1.0 1.0 1.0 1.0 1.0 1.0 1.0
40 00000 00000 00000 00000 1.0 1.0 1.0 1.0 1.0 1.0 1.0 1.0
50 00000 00000 00000 00000 1.0 1.0 1.0 1.0 1.0 1.0 1.0 1.0
60 00000 00000 00000 00000 1.0 1.0 1.0 1.0 1.0 1.0 1.0 1.0
70 00000 00000 00000 00000 1.0 1.0 1.0 1.0 1.0 1.0 1.0 1.0
80 00000 00000 00030 00000 1.0 1.0 1.0 1.0 1.0 1.0 1.0 1.0
90 00000 00000 00030 00000 1.0 1.0 1.0 1.0 1.0 1.0 1.0 1.0
100 00000 00000 00030 00000 1.0 1.0 1.0 1.0 1.0 1.0 1.0 1.0
110 00030 00030 00030 00030 1.00 1.00 1.00 1.00 1.00 1.00 1.00 1.00
120 00300 00300 00300 00300 1.00 1.00 1.00 1.00 1.00 1.00 1.00 1.00
130 00300 00300 00300 00300 1.00 1.00 1.00 1.00 1.00 1.00 1.00 1.00
140 00300 00300 00300 00300 1.00 1.00 1.00 1.00 1.00 1.00 1.00 1.00
150 00300 00300 00300 00300 1.00 1.00 1.00 1.00 1.00 1.00 1.00 1.00
160 00300 00300 00300 00300 1.00 1.00 1.00 1.00 1.00 1.00 1.00 1.00
170 00300 00300 00300 00300 1.00 1.00 1.00 1.00 1.00 1.00 1.00 1.00
180 00300 00300 00300 00300 1.00 1.00 1.00 1.00 1.00 1.00 1.00 1.00
190 00300 00300 03300 00300 .68 .68 .68 .68 .75 .75 .75 .75
200 00300 00300 03300 00300 .68 .68 .68 .68 .75 .75 .75 .75
210 03300 00300 03300 03300 .72 .72 .72 .72 .79 .79 .79 .79
220 30300 30300 30300 30300 1.00 1.00 1.00 1.00 1.00 1.00 1.00 1.00
230 30030 30300 30300 30300 .48 .48 .48 .48 .60 .60 .60 .60
240 30000 30300 30300 30300 .72 .72 .72 .72 .79 .79 .79 .79
250 30000 30000 30000 30000 1.00 1.00 1.00 1.00 1.00 1.00 1.00 1.00
260 30000 30000 30000 30000 1.00 1.00 1.00 1.00 1.00 1.00 1.00 1.00
270 30000 30000 30000 30000 1.00 1.00 1.00 1.00 1.00 1.00 1.00 1.00
280 30000 30000 30030 30000 .68 .68 .68 .68 .75 .75 .75 .75
290 30000 30000 30300 30000 .68 .68 .68 .68 .75 .75 .75 .75
300 30000 30000 30301 30000 .48 .54 .64 .45 .57 .63 .71 .55
310 30000 30000 30301 30000 .48 .54 .64 .45 .57 .63 .71 .55
320 30000 30000 30301 30000 .48 .54 .64 .45 .57 .63 .71 .55
330 30000 30000 30301 30000 .48 .54 .64 .45 .57 .63 .71 .55
340 30001 30001 30301 30001 .79 .67 .65 .76 .84 .75 .72 .82
350 30001 30001 30301 30001 .79 .67 .65 .76 .84 .75 .72 .82
360 30001 30001 30301 30001 .79 .67 .65 .76 .84 .75 .72 .82
370 30001 30001 30301 30001 .79 .67 .65 .76 .84 .75 .72 .82
380 30001 30001 30301 30001 .79 .67 .65 .76 .84 .75 .72 .82
390 30001 30001 30301 30001 .79 .67 .65 .76 .84 .75 .72 .82
400 30001 30001 30301 30001 .79 .67 .65 .76 .84 .75 .72 .82
410 30031 30001 30301 30001 .61 .37 .36 .53 .69 .51 .49 .64
420 30301 30301 30301 30301 1.00 1.00 1.00 1.00 1.00 1.00 1.00 1.00
430 30301 30301 30301 30301 1.00 1.00 1.00 1.00 1.00 1.00 1.00 1.00
440 30301 30301 30301 30301 1.00 1.00 1.00 1.00 1.00 1.00 1.00 1.00
450 30301 30301 30301 30301 1.00 1.00 1.00 1.00 1.00 1.00 1.00 1.00
460 30301 30301 30301 30301 1.00 1.00 1.00 1.00 1.00 1.00 1.00 1.00
470 30302 30301 30301 30301 .81 .99 .97 .97 .85 .99 .97 .98
480 30302 30302 30301 30302 .81 .99 .97 .97 .85 .99 .97 .98
490 30302 30302 30301 30302 .81 .99 .97 .97 .85 .99 .97 .98
500 30302 30302 30301 30302 .81 .99 .97 .97 .85 .99 .97 .98
510 30302 30302 30302 30302 1.00 1.00 1.00 1.00 1.00 1.00 1.00 1.00
520 30302 30302 30302 30302 1.00 1.00 1.00 1.00 1.00 1.00 1.00 1.00
530 30303 30302 30302 30302 .79 .92 .97 .99 .85 .94 .98 .99
540 30303 30303 30302 30303 .77 .91 .97 .99 .82 .93 .98 .99
550 30303 30303 30303 30303 1.00 1.00 1.00 1.00 1.00 1.00 1.00 1.00
560 30303 30303 30303 30303 1.00 1.00 1.00 1.00 1.00 1.00 1.00 1.00
570 30303 30303 30303 30303 1.00 1.00 1.00 1.00 1.00 1.00 1.00 1.00
580 30303 30303 30303 30303 1.00 1.00 1.00 1.00 1.00 1.00 1.00 1.00
590 30303 30303 30303 30303 1.00 1.00 1.00 1.00 1.00 1.00 1.00 1.00
600 30303 30303 30303 30303 1.00 1.00 1.00 1.00 1.00 1.00 1.00 1.00
610 30303 30303 30303 30303 1.00 1.00 1.00 1.00 1.00 1.00 1.00 1.00
620 30303 30303 30300 30303 .75 .75 .75 .75 .81 .81 .81 .81
630 30033 30033 30030 30033 .75 .75 .75 .75 .81 .81 .81 .81
640 03033 03033 03030 03033 .75 .75 .75 .75 .81 .81 .81 .81
650 03003 03003 03000 03003 .72 .72 .72 .72 .79 .79 .79 .79
660 00003 00000 00000 00000 1.0 1.0 1.0 1.0 1.0 1.0 1.0 1.0
670 00000 00000 00000 00000 1.0 1.0 1.0 1.0 1.0 1.0 1.0 1.0
680 00000 00000 00000 00000 1.0 1.0 1.0 1.0 1.0 1.0 1.0 1.0
690 00000 00000 00000 00000 1.0 1.0 1.0 1.0 1.0 1.0 1.0 1.0
700 00000 00000 00000 00000 1.0 1.0 1.0 1.0 1.0 1.0 1.0 1.0
710 00000 00000 00000 00000 1.0 1.0 1.0 1.0 1.0 1.0 1.0 1.0
720 00000 00000 00030 00000 1.0 1.0 1.0 1.0 1.0 1.0 1.0 1.0
730 00000 00000 00030 00000 1.0 1.0 1.0 1.0 1.0 1.0 1.0 1.0
740 00000 00000 00300 00000 1.0 1.0 1.0 1.0 1.0 1.0 1.0 1.0
750 00000 00000 00030 00000 1.0 1.0 1.0 1.0 1.0 1.0 1.0 1.0
760 00000 00000 00030 00000 1.0 1.0 1.0 1.0 1.0 1.0 1.0 1.0
770 00000 00030 00030 00030 .46 .46 .46 .46 .63 .63 .63 .63
780 00300 00300 00300 00300 1.00 1.00 1.00 1.00 1.00 1.00 1.00 1.00
790 00300 00300 00300 00300 1.00 1.00 1.00 1.00 1.00 1.00 1.00 1.00
800 00300 00300 00300 00300 1.00 1.00 1.00 1.00 1.00 1.00 1.00 1.00
810 00300 00300 00300 00300 1.00 1.00 1.00 1.00 1.00 1.00 1.00 1.00
820 00300 00300 00300 00300 1.00 1.00 1.00 1.00 1.00 1.00 1.00 1.00
830 00300 00300 00300 00300 1.00 1.00 1.00 1.00 1.00 1.00 1.00 1.00
840 00300 00300 00300 00300 1.00 1.00 1.00 1.00 1.00 1.00 1.00 1.00
850 00300 00300 03300 00300 .68 .68 .68 .68 .75 .75 .75 .75
860 00300 00300 03300 00300 .68 .68 .68 .68 .75 .75 .75 .75
870 00300 00300 03300 00300 .68 .68 .68 .68 .75 .75 .75 .75
880 03300 00300 03300 03300 .72 .72 .72 .72 .79 .79 .79 .79
890 30300 30300 03300 30300 .48 .48 .48 .48 .60 .60 .60 .60
900 30300 30300 30301 30300 .77 .91 .97 .76 .82 .93 .98 .81
910 30000 30000 30301 30000 .48 .54 .64 .45 .57 .63 .71 .55
920 30000 30000 30001 30000 .70 .80 .96 .69 .76 .84 .97 .75
930 30000 30000 30001 30000 .70 .80 .96 .69 .76 .84 .97 .75
940 30000 30000 30301 30000 .48 .54 .64 .45 .57 .63 .71 .55
950 30000 30000 30301 30000 .48 .54 .64 .45 .57 .63 .71 .55
960 30000 30000 30301 30000 .48 .54 .64 .45 .57 .63 .71 .55
970 30000 30000 30301 30000 .48 .54 .64 .45 .57 .63 .71 .55
980 30001 30000 30301 30001 .55 .55 .63 .50 .66 .65 .70 .62
990 30001 30001 30301 30001 .79 .67 .65 .76 .84 .75 .72 .82
1000 30001 30001 30301 30001 .79 .67 .65 .76 .84 .75 .72 .82
1010 30001 30001 30301 30001 .79 .67 .65 .76 .84 .75 .72 .82
1020 30001 30001 30301 30001 .79 .67 .65 .76 .84 .75 .72 .82
1030 30001 30001 30301 30001 .79 .67 .65 .76 .84 .75 .72 .82
1040 30001 30001 30301 30001 .79 .67 .65 .76 .84 .75 .72 .82
1050 30001 30001 30301 30001 .79 .67 .65 .76 .84 .75 .72 .82
1060 30001 30001 30301 30001 .79 .67 .65 .76 .84 .75 .72 .82
1070 30001 30001 30301 30001 .79 .67 .65 .76 .84 .75 .72 .82
1080 30031 30001 30301 30001 .61 .37 .36 .53 .69 .51 .49 .64
1090 30301 30301 30301 30301 1.00 1.00 1.00 1.00 1.00 1.00 1.00 1.00
1100 30301 30301 30301 30301 1.00 1.00 1.00 1.00 1.00 1.00 1.00 1.00
1110 30301 30301 30301 30301 1.00 1.00 1.00 1.00 1.00 1.00 1.00 1.00
1120 30301 30301 30301 30301 1.00 1.00 1.00 1.00 1.00 1.00 1.00 1.00
1130 30301 30301 30301 30301 1.00 1.00 1.00 1.00 1.00 1.00 1.00 1.00
1140 30302 30302 30301 30302 .81 .99 .97 .97 .85 .99 .97 .98
1150 30302 30302 30301 30302 .81 .99 .97 .97 .85 .99 .97 .98
1160 30302 30302 30302 30302 1.00 1.00 1.00 1.00 1.00 1.00 1.00 1.00
1170 30303 30302 30303 30303 .77 .91 .97 .99 .82 .93 .98 .99
1180 30303 30303 30303 30303 1.00 1.00 1.00 1.00 1.00 1.00 1.00 1.00
1190 30303 30303 30303 30303 1.00 1.00 1.00 1.00 1.00 1.00 1.00 1.00
1200 30003 30003 30003 30003 1.00 1.00 1.00 1.00 1.00 1.00 1.00 1.00
1210 30003 30003 30003 30003 1.00 1.00 1.00 1.00 1.00 1.00 1.00 1.00
1220 30003 30003 03000 30003 .16 .16 .16 .16 .37 .37 .37 .37
1230 03003 30003 03000 03003 .16 .16 .16 .16 .37 .37 .37 .37
1240 03003 30003 03000 03003 .16 .16 .16 .16 .37 .37 .37 .37
1250 03003 30003 30000 30003 .16 .16 .16 .16 .37 .37 .37 .37
1260 03003 00000 30000 00000 -0.17 -0.17 -0.17 -0.17 -0.12 -0.12 -0.12 -0.12
1270 03003 00000 00000 00000 -0.08 -0.08 -0.08 -0.08 -0.06 -0.06 -0.06 -0.06
1280 00003 00000 00000 00000 1.0 1.0 1.0 1.0 1.0 1.0 1.0 1.0
1290 00003 00000 00000 00000 1.0 1.0 1.0 1.0 1.0 1.0 1.0 1.0
1300 00003 00000 00000 00000 1.0 1.0 1.0 1.0 1.0 1.0 1.0 1.0
1310 00003 00000 00000 00000 1.0 1.0 1.0 1.0 1.0 1.0 1.0 1.0
1320 00003 00000 00000 00000 1.0 1.0 1.0 1.0 1.0 1.0 1.0 1.0
1330 00003 00000 00000 00000 1.0 1.0 1.0 1.0 1.0 1.0 1.0 1.0
1340 00003 00000 00000 00000 1.0 1.0 1.0 1.0 1.0 1.0 1.0 1.0
1350 00003 00000 00000 00000 1.0 1.0 1.0 1.0 1.0 1.0 1.0 1.0
1360 00003 00000 00000 00000 1.0 1.0 1.0 1.0 1.0 1.0 1.0 1.0
1370 00003 00000 00000 00000 1.0 1.0 1.0 1.0 1.0 1.0 1.0 1.0
1380 00003 00000 00000 00000 1.0 1.0 1.0 1.0 1.0 1.0 1.0 1.0
