0 00000 00000 00000 00000 1.0 1.0 1.0 1.0 1.0 1.0 1.0 1.0
10 00000 00000 00000 00000 1.0 1.0 1.0 1.0 1.0 1.0 1.0 1.0
20 00000 00000 00000 00000 1.0 1.0 1.0 1.0 1.0 1.0 1.0 1.0
30 00000 00000 00000 00000 1.0 1.0 1.0 1.0 1.0 1.0 1.0 1.0
40 00000 00000 00000 00000 1.0 1.0 1.0 1.0 1.0 1.0 1.0 1.0
50 00000 00000 00000 00000 1.0 1.0 1.0 1.0 1.0 1.0 1.0 1.0
60 00000 00000 00000 00000 1.0 1.0 1.0 1.0 1.0 1.0 1.0 1.0
70 00000 00000 00000 00000 1.0 1.0 1.0 1.0 1.0 1.0 1.0 1.0
80 00000 00000 00000 00000 1.0 1.0 1.0 1.0 1.0 1.0 1.0 1.0
90 00000 00000 00000 00000 1.0 1.0 1.0 1.0 1.0 1.0 1.0 1.0
100 00000 00000 00000 00000 1.0 1.0 1.0 1.0 1.0 1.0 1.0 1.0
110 00000 00000 00000 00000 1.0 1.0 1.0 1.0 1.0 1.0 1.0 1.0
120 00000 00000 00000 00000 1.0 1.0 1.0 1.0 1.0 1.0 1.0 1.0
130 00000 00000 00000 00000 1.0 1.0 1.0 1.0 1.0 1.0 1.0 1.0
140 00000 00000 00000 00000 1.0 1.0 1.0 1.0 1.0 1.0 1.0 1.0
150 00000 00000 00000 00000 1.0 1.0 1.0 1.0 1.0 1.0 1.0 1.0
160 00000 00000 00000 00000 1.0 1.0 1.0 1.0 1.0 1.0 1.0 1.0
170 00000 00000 00000 00000 1.0 1.0 1.0 1.0 1.0 1.0 1.0 1.0
180 00000 00000 00000 00000 1.0 1.0 1.0 1.0 1.0 1.0 1.0 1.0
190 00000 00000 00000 00000 1.0 1.0 1.0 1.0 1.0 1.0 1.0 1.0
200 00000 00000 00000 00000 1.0 1.0 1.0 1.0 1.0 1.0 1.0 1.0
210 00000 00000 00000 00000 1.0 1.0 1.0 1.0 1.0 1.0 1.0 1.0
220 00000 00000 00000 00000 1.0 1.0 1.0 1.0 1.0 1.0 1.0 1.0
230 00000 00000 00000 00000 1.0 1.0 1.0 1.0 1.0 1.0 1.0 1.0
240 00000 00000 00000 00000 1.0 1.0 1.0 1.0 1.0 1.0 1.0 1.0
250 00000 00000 00000 00000 1.0 1.0 1.0 1.0 1.0 1.0 1.0 1.0
260 00000 00000 00000 00000 1.0 1.0 1.0 1.0 1.0 1.0 1.0 1.0
270 00000 00000 00000 00000 1.0 1.0 1.0 1.0 1.0 1.0 1.0 1.0
280 00000 00000 00000 00000 1.0 1.0 1.0 1.0 1.0 1.0 1.0 1.0
290 00000 00000 00000 00000 1.0 1.0 1.0 1.0 1.0 1.0 1.0 1.0
300 03000 00000 00000 00000 1.0 1.0 1.0 1.0 1.0 1.0 1.0 1.0
310 03000 00000 30000 00000 -0.08 -0.08 -0.08 -0.08 -0.06 -0.06 -0.06 -0.06
320 30000 00000 30000 30000 .46 .46 .46 .46 .63 .63 .63 .63
330 30000 30000 30000 30000 1.00 1.00 1.00 1.00 1.00 1.00 1.00 1.00
340 30000 30000 30000 30000 1.00 1.00 1.00 1.00 1.00 1.00 1.00 1.00
350 30000 30000 30000 30000 1.00 1.00 1.00 1.00 1.00 1.00 1.00 1.00
360 30000 30000 30000 30000 1.00 1.00 1.00 1.00 1.00 1.00 1.00 1.00
370 30000 30000 30030 30000 .68 .68 .68 .68 .75 .75 .75 .75
380 30000 30000 30030 30000 .68 .68 .68 .68 .75 .75 .75 .75
390 30000 30000 30030 30000 .68 .68 .68 .68 .75 .75 .75 .75
400 30000 30000 30030 30000 .68 .68 .68 .68 .75 .75 .75 .75
410 30000 30001 30031 30001 .55 .55 .63 .50 .66 .65 .70 .62
420 30000 30001 30031 30001 .55 .55 .63 .50 .66 .65 .70 .62
430 30001 30001 30031 30001 .79 .67 .65 .76 .84 .75 .72 .82
440 30001 30001 30031 30001 .79 .67 .65 .76 .84 .75 .72 .82
450 30001 30001 30031 30001 .79 .67 .65 .76 .84 .75 .72 .82
460 30001 30001 30031 30001 .79 .67 .65 .76 .84 .75 .72 .82
470 30001 30001 30031 30001 .79 .67 .65 .76 .84 .75 .72 .82
480 30001 30001 30031 30001 .79 .67 .65 .76 .84 .75 .72 .82
490 30001 30001 30031 30001 .79 .67 .65 .76 .84 .75 .72 .82
500 30001 30001 30031 30001 .79 .67 .65 .76 .84 .75 .72 .82
510 30001 30001 30031 30001 .79 .67 .65 .76 .84 .75 .72 .82
520 30001 30001 30301 30001 .79 .67 .65 .76 .84 .75 .72 .82
530 30001 30001 30301 30001 .79 .67 .65 .76 .84 .75 .72 .82
540 30001 30001 30301 30001 .79 .67 .65 .76 .84 .75 .72 .82
550 30001 30001 30301 30001 .79 .67 .65 .76 .84 .75 .72 .82
560 30001 30031 30301 30001 .61 .37 .36 .53 .69 .51 .49 .64
570 30031 30031 30301 30031 .61 .38 .39 .52 .70 .52 .54 .63
580 30031 30001 30301 30001 .61 .37 .36 .53 .69 .51 .49 .64
590 30031 30001 30301 30001 .61 .37 .36 .53 .69 .51 .49 .64
600 30031 30001 30301 30001 .61 .37 .36 .53 .69 .51 .49 .64
610 30031 30001 30301 30001 .61 .37 .36 .53 .69 .51 .49 .64
620 30001 30001 30301 30001 .79 .67 .65 .76 .84 .75 .72 .82
630 30001 30001 30301 30001 .79 .67 .65 .76 .84 .75 .72 .82
640 30031 30001 30301 30001 .61 .37 .36 .53 .69 .51 .49 .64
650 30031 30001 30301 30001 .61 .37 .36 .53 .69 .51 .49 .64
660 30031 30001 30301 30001 .61 .37 .36 .53 .69 .51 .49 .64
670 30031 30001 30301 30001 .61 .37 .36 .53 .69 .51 .49 .64
680 30031 30001 30301 30001 .61 .37 .36 .53 .69 .51 .49 .64
690 30031 30001 30301 30001 .61 .37 .36 .53 .69 .51 .49 .64
700 30031 30001 30301 30001 .61 .37 .36 .53 .69 .51 .49 .64
710 30031 30001 30301 30001 .61 .37 .36 .53 .69 .51 .49 .64
720 30031 30001 30301 30001 .61 .37 .36 .53 .69 .51 .49 .64
730 30031 30001 30301 30001 .61 .37 .36 .53 .69 .51 .49 .64
740 30031 30001 30301 30001 .61 .37 .36 .53 .69 .51 .49 .64
750 30031 30001 30301 30001 .61 .37 .36 .53 .69 .51 .49 .64
760 30031 30001 30301 30001 .61 .37 .36 .53 .69 .51 .49 .64
770 30031 30001 30301 30001 .61 .37 .36 .53 .69 .51 .49 .64
780 30031 30001 30301 30001 .61 .37 .36 .53 .69 .51 .49 .64
790 30031 30001 30301 30001 .61 .37 .36 .53 .69 .51 .49 .64
800 30031 30031 30301 30031 .61 .38 .39 .52 .70 .52 .54 .63
810 30031 30031 30301 30031 .61 .38 .39 .52 .70 .52 .54 .63
820 30031 30031 30301 30031 .61 .38 .39 .52 .70 .52 .54 .63
830 30031 30031 30301 30031 .61 .38 .39 .52 .70 .52 .54 .63
840 30031 30031 30301 30031 .61 .38 .39 .52 .70 .52 .54 .63
850 30031 30031 30301 30031 .61 .38 .39 .52 .70 .52 .54 .63
860 30031 30031 30301 30031 .61 .38 .39 .52 .70 .52 .54 .63
870 30031 30031 30301 30031 .61 .38 .39 .52 .70 .52 .54 .63
880 30031 30031 30301 30031 .61 .38 .39 .52 .70 .52 .54 .63
890 30031 30031 30301 30031 .61 .38 .39 .52 .70 .52 .54 .63
900 30031 30031 30301 30031 .61 .38 .39 .52 .70 .52 .54 .63
910 30031 30031 30301 30031 .61 .38 .39 .52 .70 .52 .54 .63
920 30031 30001 30301 30001 .61 .37 .36 .53 .69 .51 .49 .64
930 30031 30001 30301 30001 .61 .37 .36 .53 .69 .51 .49 .64
940 30031 30001 30301 30001 .61 .37 .36 .53 .69 .51 .49 .64
950 30031 30001 30301 30001 .61 .37 .36 .53 .69 .51 .49 .64
960 30031 30001 30301 30001 .61 .37 .36 .53 .69 .51 .49 .64
970 30031 30001 30301 30001 .61 .37 .36 .53 .69 .51 .49 .64
980 30031 30001 30301 30001 .61 .37 .36 .53 .69 .51 .49 .64
990 30031 30001 30301 30001 .61 .37 .36 .53 .69 .51 .49 .64
1000 30031 30000 30301 30001 .36 .30 .36 .28 .51 .44 .48 .45
1010 30030 30000 30301 30000 .29 .32 .39 .24 .41 .45 .51 .38
1020 30030 30000 30301 30000 .29 .32 .39 .24 .41 .45 .51 .38
1030 30030 30000 30301 30000 .29 .32 .39 .24 .41 .45 .51 .38
1040 30030 30000 30301 30000 .29 .32 .39 .24 .41 .45 .51 .38
1050 30031 30000 30301 30001 .36 .30 .36 .28 .51 .44 .48 .45
1060 30031 30001 30301 30001 .61 .37 .36 .53 .69 .51 .49 .64
1070 30031 30001 30301 30001 .61 .37 .36 .53 .69 .51 .49 .64
1080 30031 30001 30301 30001 .61 .37 .36 .53 .69 .51 .49 .64
1090 30031 30001 30301 30001 .61 .37 .36 .53 .69 .51 .49 .64
1100 30031 30001 30301 30001 .61 .37 .36 .53 .69 .51 .49 .64
1110 30031 30001 30301 30001 .61 .37 .36 .53 .69 .51 .49 .64
1120 30031 30001 30301 30001 .61 .37 .36 .53 .69 .51 .49 .64
1130 30031 30001 30301 30001 .61 .37 .36 .53 .69 .51 .49 .64
1140 30031 30001 30301 30001 .61 .37 .36 .53 .69 .51 .49 .64
1150 30031 30001 30301 30001 .61 .37 .36 .53 .69 .51 .49 .64
1160 30031 30001 30301 30001 .61 .37 .36 .53 .69 .51 .49 .64
1170 30301 30001 30301 30301 .80 .68 .68 .77 .85 .76 .76 .82
1180 30301 30301 30301 30301 1.00 1.00 1.00 1.00 1.00 1.00 1.00 1.00
1190 30301 30301 30301 30301 1.00 1.00 1.00 1.00 1.00 1.00 1.00 1.00
1200 30301 30301 30301 30301 1.00 1.00 1.00 1.00 1.00 1.00 1.00 1.00
1210 30301 30302 30301 30301 .81 .99 .97 .97 .85 .99 .97 .98
1220 30302 30302 30301 30302 .81 .99 .97 .97 .85 .99 .97 .98
1230 30302 30302 30301 30302 .81 .99 .97 .97 .85 .99 .97 .98
1240 30302 30302 30302 30302 1.00 1.00 1.00 1.00 1.00 1.00 1.00 1.00
1250 30302 30302 30302 30302 1.00 1.00 1.00 1.00 1.00 1.00 1.00 1.00
1260 30302 30302 30302 30302 1.00 1.00 1.00 1.00 1.00 1.00 1.00 1.00
1270 30303 30302 30302 30302 .79 .92 .97 .99 .85 .94 .98 .99
1280 30303 30302 30303 30303 .77 .91 .97 .99 .82 .93 .98 .99
1290 30303 30303 30303 30303 1.00 1.00 1.00 1.00 1.00 1.00 1.00 1.00
1300 30303 30303 30303 30303 1.00 1.00 1.00 1.00 1.00 1.00 1.00 1.00
1310 30303 30303 30303 30303 1.00 1.00 1.00 1.00 1.00 1.00 1.00 1.00
1320 30303 30303 30303 30303 1.00 1.00 1.00 1.00 1.00 1.00 1.00 1.00
1330 30303 30303 30303 30303 1.00 1.00 1.00 1.00 1.00 1.00 1.00 1.00
1340 00003 00000 00000 00000 1.0 1.0 1.0 1.0 1.0 1.0 1.0 1.0
1350 00000 00000 00000 00000 1.0 1.0 1.0 1.0 1.0 1.0 1.0 1.0
1360 00000 00000 00000 00000 1.0 1.0 1.0 1.0 1.0 1.0 1.0 1.0
1370 00000 00000 00030 00000 1.0 1.0 1.0 1.0 1.0 1.0 1.0 1.0
1380 00000 00000 03030 00000 -0.08 -0.08 -0.08 -0.08 -0.06 -0.06 -0.06 -0.06
1390 00000 00000 03030 00000 -0.08 -0.08 -0.08 -0.08 -0.06 -0.06 -0.06 -0.06
1400 00000 00000 03030 00000 -0.08 -0.08 -0.08 -0.08 -0.06 -0.06 -0.06 -0.06
1410 00000 00000 00000 00000 1.0 1.0 1.0 1.0 1.0 1.0 1.0 1.0
1420 00000 00000 00000 00000 1.0 1.0 1.0 1.0 1.0 1.0 1.0 1.0
1430 00000 00000 00000 00000 1.0 1.0 1.0 1.0 1.0 1.0 1.0 1.0
1440 00000 00000 00000 00000 1.0 1.0 1.0 1.0 1.0 1.0 1.0 1.0
1450 00000 00000 00000 00000 1.0 1.0 1.0 1.0 1.0 1.0 1.0 1.0
1460 00000 00000 00000 00000 1.0 1.0 1.0 1.0 1.0 1.0 1.0 1.0
1470 00000 00000 00000 00000 1.0 1.0 1.0 1.0 1.0 1.0 1.0 1.0
1480 00000 00000 00000 00000 1.0 1.0 1.0 1.0 1.0 1.0 1.0 1.0
1490 00000 00000 00000 00000 1.0 1.0 1.0 1.0 1.0 1.0 1.0 1.0
1500 00000 00000 00000 00000 1.0 1.0 1.0 1.0 1.0 1.0 1.0 1.0
1510 00000 00000 00000 00000 1.0 1.0 1.0 1.0 1.0 1.0 1.0 1.0
1520 00000 00000 00000 00000 1.0 1.0 1.0 1.0 1.0 1.0 1.0 1.0
1530 00000 00000 00000 00000 1.0 1.0 1.0 1.0 1.0 1.0 1.0 1.0
1540 00000 00000 00000 00000 1.0 1.0 1.0 1.0 1.0 1.0 1.0 1.0
1550 00000 00000 00000 00000 1.0 1.0 1.0 1.0 1.0 1.0 1.0 1.0
1560 00000 00000 00000 00000 1.0 1.0 1.0 1.0 1.0 1.0 1.0 1.0
1570 00000 00000 00000 00000 1.0 1.0 1.0 1.0 1.0 1.0 1.0 1.0
1580 00000 00000 00000 00000 1.0 1.0 1.0 1.0 1.0 1.0 1.0 1.0
1590 00000 00000 00000 00000 1.0 1.0 1.0 1.0 1.0 1.0 1.0 1.0
1600 00000 00000 00000 00000 1.0 1.0 1.0 1.0 1.0 1.0 1.0 1.0
1610 00000 00000 00000 00000 1.0 1.0 1.0 1.0 1.0 1.0 1.0 1.0
1620 00000 00000 00000 00000 1.0 1.0 1.0 1.0 1.0 1.0 1.0 1.0
1630 00000 00000 00000 00000 1.0 1.0 1.0 1.0 1.0 1.0 1.0 1.0
1640 03000 03000 00000 03000 .46 .46 .46 .46 .63 .63 .63 .63
1650 30000 03000 30000 30000 .22 .22 .22 .22 .41 .41 .41 .41
1660 30000 30000 30000 30000 1.00 1.00 1.00 1.00 1.00 1.00 1.00 1.00
1670 30000 30000 30000 30000 1.00 1.00 1.00 1.00 1.00 1.00 1.00 1.00
1680 30000 30000 30000 30000 1.00 1.00 1.00 1.00 1.00 1.00 1.00 1.00
1690 30000 30000 30000 30000 1.00 1.00 1.00 1.00 1.00 1.00 1.00 1.00
1700 30000 30000 30000 30000 1.00 1.00 1.00 1.00 1.00 1.00 1.00 1.00
1710 30000 30000 30000 30000 1.00 1.00 1.00 1.00 1.00 1.00 1.00 1.00
1720 30000 30000 30000 30000 1.00 1.00 1.00 1.00 1.00 1.00 1.00 1.00
1730 30000 30000 30031 30000 .48 .54 .64 .45 .57 .63 .71 .55
1740 30000 30000 30031 30000 .48 .54 .64 .45 .57 .63 .71 .55
1750 30000 30000 30031 30000 .48 .54 .64 .45 .57 .63 .71 .55
1760 30000 30000 30031 30000 .48 .54 .64 .45 .57 .63 .71 .55
1770 30000 30000 30031 30000 .48 .54 .64 .45 .57 .63 .71 .55
1780 30000 30001 30031 30001 .55 .55 .63 .50 .66 .65 .70 .62
1790 30001 30001 30031 30001 .79 .67 .65 .76 .84 .75 .72 .82
1800 30001 30001 30031 30001 .79 .67 .65 .76 .84 .75 .72 .82
1810 30001 30001 30031 30001 .79 .67 .65 .76 .84 .75 .72 .82
1820 30001 30001 30031 30001 .79 .67 .65 .76 .84 .75 .72 .82
1830 30001 30001 30031 30001 .79 .67 .65 .76 .84 .75 .72 .82
1840 30001 30001 30031 30001 .79 .67 .65 .76 .84 .75 .72 .82
1850 30001 30001 30031 30001 .79 .67 .65 .76 .84 .75 .72 .82
1860 30001 30001 30031 30001 .79 .67 .65 .76 .84 .75 .72 .82
1870 30001 30001 30031 30001 .79 .67 .65 .76 .84 .75 .72 .82
1880 30001 30001 30031 30001 .79 .67 .65 .76 .84 .75 .72 .82
1890 30001 30001 30031 30001 .79 .67 .65 .76 .84 .75 .72 .82
1900 30001 30001 30031 30001 .79 .67 .65 .76 .84 .75 .72 .82
1910 30001 30001 30031 30001 .79 .67 .65 .76 .84 .75 .72 .82
1920 30001 30001 30031 30001 .79 .67 .65 .76 .84 .75 .72 .82
1930 30001 30001 30031 30001 .79 .67 .65 .76 .84 .75 .72 .82
1940 30001 30001 30031 30001 .79 .67 .65 .76 .84 .75 .72 .82
1950 30001 30001 30031 30001 .79 .67 .65 .76 .84 .75 .72 .82
1960 30001 30001 30031 30001 .79 .67 .65 .76 .84 .75 .72 .82
1970 30001 30001 30031 30001 .79 .67 .65 .76 .84 .75 .72 .82
1980 30001 30001 30031 30001 .79 .67 .65 .76 .84 .75 .72 .82
1990 30001 30001 30031 30001 .79 .67 .65 .76 .84 .75 .72 .82
2000 30031 30001 30031 30031 .80 .68 .68 .77 .85 .76 .76 .82
2010 30031 30001 30031 30031 .80 .68 .68 .77 .85 .76 .76 .82
2020 30031 30031 30031 30031 1.00 1.00 1.00 1.00 1.00 1.00 1.00 1.00
2030 30031 30031 30031 30031 1.00 1.00 1.00 1.00 1.00 1.00 1.00 1.00
2040 30031 30031 30031 30031 1.00 1.00 1.00 1.00 1.00 1.00 1.00 1.00
2050 30031 30001 30031 30031 .80 .68 .68 .77 .85 .76 .76 .82
2060 30031 30001 30031 30031 .80 .68 .68 .77 .85 .76 .76 .82
2070 30031 30001 30031 30031 .80 .68 .68 .77 .85 .76 .76 .82
2080 30031 30001 30031 30031 .80 .68 .68 .77 .85 .76 .76 .82
2090 30031 30001 30031 30031 .80 .68 .68 .77 .85 .76 .76 .82
2100 30031 30001 30031 30031 .80 .68 .68 .77 .85 .76 .76 .82
2110 30031 30001 30031 30031 .80 .68 .68 .77 .85 .76 .76 .82
2120 30031 30001 30031 30031 .80 .68 .68 .77 .85 .76 .76 .82
2130 30031 30001 30031 30031 .80 .68 .68 .77 .85 .76 .76 .82
2140 30031 30001 30031 30031 .80 .68 .68 .77 .85 .76 .76 .82
2150 30031 30001 30031 30031 .80 .68 .68 .77 .85 .76 .76 .82
2160 30031 30001 30031 30031 .80 .68 .68 .77 .85 .76 .76 .82
2170 30031 30001 30031 30031 .80 .68 .68 .77 .85 .76 .76 .82
2180 30031 30001 30031 30031 .80 .68 .68 .77 .85 .76 .76 .82
2190 30031 30001 30031 30031 .80 .68 .68 .77 .85 .76 .76 .82
2200 30031 30001 30031 30031 .80 .68 .68 .77 .85 .76 .76 .82
2210 30031 30001 30031 30031 .80 .68 .68 .77 .85 .76 .76 .82
2220 30301 30301 30031 30301 .61 .38 .39 .52 .70 .52 .54 .63
2230 30301 30301 30300 30301 .79 .92 .97 .76 .85 .94 .98 .82
2240 30301 30301 30300 30301 .79 .92 .97 .76 .85 .94 .98 .82
2250 30301 30301 30300 30301 .79 .92 .97 .76 .85 .94 .98 .82
2260 30301 30301 30302 30301 .81 .99 .97 .97 .85 .99 .97 .98
2270 30301 30301 30302 30301 .81 .99 .97 .97 .85 .99 .97 .98
2280 30301 30302 30302 30302 .81 .99 .97 .97 .85 .99 .97 .98
2290 30301 30302 30302 30302 .81 .99 .97 .97 .85 .99 .97 .98
2300 30301 30302 30302 30302 .81 .99 .97 .97 .85 .99 .97 .98
2310 30301 30302 30302 30302 .81 .99 .97 .97 .85 .99 .97 .98
2320 30301 30302 30302 30302 .81 .99 .97 .97 .85 .99 .97 .98
2330 30302 30302 30302 30302 1.00 1.00 1.00 1.00 1.00 1.00 1.00 1.00
2340 30302 30302 30302 30302 1.00 1.00 1.00 1.00 1.00 1.00 1.00 1.00
2350 30302 30302 30302 30302 1.00 1.00 1.00 1.00 1.00 1.00 1.00 1.00
2360 30302 30302 30302 30302 1.00 1.00 1.00 1.00 1.00 1.00 1.00 1.00
2370 30302 30302 30302 30302 1.00 1.00 1.00 1.00 1.00 1.00 1.00 1.00
2380 30302 30302 30302 30302 1.00 1.00 1.00 1.00 1.00 1.00 1.00 1.00
2390 30302 30303 30302 30302 .79 .92 .97 .99 .85 .94 .98 .99
2400 30303 30303 30302 30303 .77 .91 .97 .99 .82 .93 .98 .99
2410 30303 30303 30302 30303 .77 .91 .97 .99 .82 .93 .98 .99
2420 30303 30303 30303 30303 1.00 1.00 1.00 1.00 1.00 1.00 1.00 1.00
2430 30303 30303 30303 30303 1.00 1.00 1.00 1.00 1.00 1.00 1.00 1.00
2440 30303 30303 30303 30303 1.00 1.00 1.00 1.00 1.00 1.00 1.00 1.00
2450 30303 30303 30303 30303 1.00 1.00 1.00 1.00 1.00 1.00 1.00 1.00
2460 30303 30303 30303 30303 1.00 1.00 1.00 1.00 1.00 1.00 1.00 1.00
2470 30303 30303 30303 30303 1.00 1.00 1.00 1.00 1.00 1.00 1.00 1.00
2480 30303 30303 30303 30303 1.00 1.00 1.00 1.00 1.00 1.00 1.00 1.00
2490 30303 30303 30303 30303 1.00 1.00 1.00 1.00 1.00 1.00 1.00 1.00
2500 30303 30303 30303 30303 1.00 1.00 1.00 1.00 1.00 1.00 1.00 1.00
2510 00003 00000 00000 00000 1.0 1.0 1.0 1.0 1.0 1.0 1.0 1.0
2520 00003 00000 00000 00000 1.0 1.0 1.0 1.0 1.0 1.0 1.0 1.0
2530 00003 00000 00000 00000 1.0 1.0 1.0 1.0 1.0 1.0 1.0 1.0
2540 00003 00000 00000 00000 1.0 1.0 1.0 1.0 1.0 1.0 1.0 1.0
2550 00003 00000 00000 00000 1.0 1.0 1.0 1.0 1.0 1.0 1.0 1.0
2560 00003 03003 00000 00003 .22 .22 .22 .22 .41 .41 .41 .41
2570 00003 03003 00000 00003 .22 .22 .22 .22 .41 .41 .41 .41
2580 00003 03003 03000 03003 .36 .36 .36 .36 .55 .55 .55 .55
2590 00003 03003 03000 03003 .36 .36 .36 .36 .55 .55 .55 .55
2600 00003 03003 03000 03003 .36 .36 .36 .36 .55 .55 .55 .55
2610 00003 03003 03000 03003 .36 .36 .36 .36 .55 .55 .55 .55
2620 00003 03003 03000 03003 .36 .36 .36 .36 .55 .55 .55 .55
2630 00003 03003 03000 03003 .36 .36 .36 .36 .55 .55 .55 .55
2640 00003 03003 03000 03003 .36 .36 .36 .36 .55 .55 .55 .55
2650 00003 03003 00000 00003 .22 .22 .22 .22 .41 .41 .41 .41
2660 00003 03003 00000 00003 .22 .22 .22 .22 .41 .41 .41 .41
2670 00003 03003 00000 00003 .22 .22 .22 .22 .41 .41 .41 .41
2680 00003 03003 00000 00003 .22 .22 .22 .22 .41 .41 .41 .41
2690 00003 03003 00000 00003 .22 .22 .22 .22 .41 .41 .41 .41
2700 00003 03003 00000 00003 .22 .22 .22 .22 .41 .41 .41 .41
2710 00003 03003 00000 00003 .22 .22 .22 .22 .41 .41 .41 .41
2720 00003 03003 00000 00003 .22 .22 .22 .22 .41 .41 .41 .41
