0 30300 20000 30302 30300 .32 .51 .51 .47 .47 .65 .65 .60
10 30300 20000 30302 30300 .32 .51 .51 .47 .47 .65 .65 .60
20 30300 20000 30302 30300 .32 .51 .51 .47 .47 .65 .65 .60
30 30300 20000 30302 30300 .32 .51 .51 .47 .47 .65 .65 .60
40 30300 20020 00000 30000 -0.02 .04 .03 .04 .14 .25 .25 .24
50 03030 00020 00000 00030 .08 .19 .16 .22 .24 .38 .35 .40
60 00000 00000 00000 00000 1.0 1.0 1.0 1.0 1.0 1.0 1.0 1.0
70 00000 00000 00000 00000 1.0 1.0 1.0 1.0 1.0 1.0 1.0 1.0
80 00000 00000 00000 00000 1.0 1.0 1.0 1.0 1.0 1.0 1.0 1.0
90 00000 00000 00000 00000 1.0 1.0 1.0 1.0 1.0 1.0 1.0 1.0
100 00000 00000 00000 00000 1.0 1.0 1.0 1.0 1.0 1.0 1.0 1.0
110 00000 00000 00000 00000 1.0 1.0 1.0 1.0 1.0 1.0 1.0 1.0
120 00000 00000 00000 00000 1.0 1.0 1.0 1.0 1.0 1.0 1.0 1.0
130 00000 00000 00000 00000 1.0 1.0 1.0 1.0 1.0 1.0 1.0 1.0
140 00000 00000 00000 00000 1.0 1.0 1.0 1.0 1.0 1.0 1.0 1.0
150 00000 00000 00000 00000 1.0 1.0 1.0 1.0 1.0 1.0 1.0 1.0
160 00000 00000 00000 00000 1.0 1.0 1.0 1.0 1.0 1.0 1.0 1.0
170 00000 00000 00000 00000 1.0 1.0 1.0 1.0 1.0 1.0 1.0 1.0
180 00000 00000 00000 00000 1.0 1.0 1.0 1.0 1.0 1.0 1.0 1.0
190 00000 00000 00000 00000 1.0 1.0 1.0 1.0 1.0 1.0 1.0 1.0
200 00000 00000 00000 00000 1.0 1.0 1.0 1.0 1.0 1.0 1.0 1.0
210 00000 03000 00000 00000 1.0 1.0 1.0 1.0 1.0 1.0 1.0 1.0
220 00000 03000 00000 00000 1.0 1.0 1.0 1.0 1.0 1.0 1.0 1.0
230 30000 30000 00000 30000 .46 .46 .46 .46 .63 .63 .63 .63
240 30000 30000 30000 30000 1.00 1.00 1.00 1.00 1.00 1.00 1.00 1.00
250 30000 30000 30000 30000 1.00 1.00 1.00 1.00 1.00 1.00 1.00 1.00
260 30000 30000 30000 30000 1.00 1.00 1.00 1.00 1.00 1.00 1.00 1.00
270 30000 30000 30000 30000 1.00 1.00 1.00 1.00 1.00 1.00 1.00 1.00
280 30000 30000 30000 30000 1.00 1.00 1.00 1.00 1.00 1.00 1.00 1.00
290 30000 30000 30000 30000 1.00 1.00 1.00 1.00 1.00 1.00 1.00 1.00
300 30000 30000 30000 30000 1.00 1.00 1.00 1.00 1.00 1.00 1.00 1.00
310 30000 30000 30000 30000 1.00 1.00 1.00 1.00 1.00 1.00 1.00 1.00
320 30000 30000 30000 30000 1.00 1.00 1.00 1.00 1.00 1.00 1.00 1.00
330 30000 30000 30000 30000 1.00 1.00 1.00 1.00 1.00 1.00 1.00 1.00
340 30000 30000 30000 30000 1.00 1.00 1.00 1.00 1.00 1.00 1.00 1.00
350 30000 30000 30000 30000 1.00 1.00 1.00 1.00 1.00 1.00 1.00 1.00
360 30000 30000 30000 30000 1.00 1.00 1.00 1.00 1.00 1.00 1.00 1.00
370 30000 30000 30030 30000 .68 .68 .68 .68 .75 .75 .75 .75
380 30000 30000 30030 30000 .68 .68 .68 .68 .75 .75 .75 .75
390 30000 30000 30030 30000 .68 .68 .68 .68 .75 .75 .75 .75
400 30000 30000 30030 30000 .68 .68 .68 .68 .75 .75 .75 .75
410 30000 30000 30030 30000 .68 .68 .68 .68 .75 .75 .75 .75
420 30000 30000 30000 30000 1.00 1.00 1.00 1.00 1.00 1.00 1.00 1.00
430 30000 30000 30000 30000 1.00 1.00 1.00 1.00 1.00 1.00 1.00 1.00
440 30000 30000 30000 30000 1.00 1.00 1.00 1.00 1.00 1.00 1.00 1.00
450 30000 30000 00000 30000 .46 .46 .46 .46 .63 .63 .63 .63
460 30000 30000 30000 30000 1.00 1.00 1.00 1.00 1.00 1.00 1.00 1.00
470 30000 30000 30000 30000 1.00 1.00 1.00 1.00 1.00 1.00 1.00 1.00
480 30000 30000 30030 30000 .68 .68 .68 .68 .75 .75 .75 .75
490 30000 30000 30030 30000 .68 .68 .68 .68 .75 .75 .75 .75
500 30000 30000 30030 30000 .68 .68 .68 .68 .75 .75 .75 .75
510 30000 30000 30030 30000 .68 .68 .68 .68 .75 .75 .75 .75
520 30001 30000 30030 30000 .48 .54 .64 .45 .57 .63 .71 .55
530 30001 30000 30030 30000 .48 .54 .64 .45 .57 .63 .71 .55
540 30001 30000 30030 30000 .48 .54 .64 .45 .57 .63 .71 .55
550 30001 30001 30030 30001 .55 .55 .63 .50 .66 .65 .70 .62
560 30001 30001 30030 30001 .55 .55 .63 .50 .66 .65 .70 .62
570 30001 30001 30031 30001 .79 .67 .65 .76 .84 .75 .72 .82
580 30001 30001 30031 30001 .79 .67 .65 .76 .84 .75 .72 .82
590 30001 30001 30031 30001 .79 .67 .65 .76 .84 .75 .72 .82
600 30001 30001 30031 30001 .79 .67 .65 .76 .84 .75 .72 .82
610 30001 30001 30031 30001 .79 .67 .65 .76 .84 .75 .72 .82
620 30031 30001 30031 30031 .80 .68 .68 .77 .85 .76 .76 .82
630 30301 30031 30031 30031 .61 .38 .39 .52 .70 .52 .54 .63
640 30301 30301 30301 30301 1.00 1.00 1.00 1.00 1.00 1.00 1.00 1.00
650 30301 30301 30301 30301 1.00 1.00 1.00 1.00 1.00 1.00 1.00 1.00
660 30301 30301 30301 30301 1.00 1.00 1.00 1.00 1.00 1.00 1.00 1.00
670 30301 30301 30301 30301 1.00 1.00 1.00 1.00 1.00 1.00 1.00 1.00
680 30301 30301 30301 30301 1.00 1.00 1.00 1.00 1.00 1.00 1.00 1.00
690 30301 30302 30301 30301 .81 .99 .97 .97 .85 .99 .97 .98
700 30302 30302 30301 30302 .81 .99 .97 .97 .85 .99 .97 .98
710 30302 30302 30301 30302 .81 .99 .97 .97 .85 .99 .97 .98
720 30302 30302 30302 30302 1.00 1.00 1.00 1.00 1.00 1.00 1.00 1.00
730 30302 30302 30302 30302 1.00 1.00 1.00 1.00 1.00 1.00 1.00 1.00
740 30302 30302 30302 30302 1.00 1.00 1.00 1.00 1.00 1.00 1.00 1.00
750 30302 30302 30302 30302 1.00 1.00 1.00 1.00 1.00 1.00 1.00 1.00
760 30303 30302 30302 30302 .79 .92 .97 .99 .85 .94 .98 .99
770 30303 30303 30303 30303 1.00 1.00 1.00 1.00 1.00 1.00 1.00 1.00
780 30003 30003 30003 30003 1.00 1.00 1.00 1.00 1.00 1.00 1.00 1.00
790 03003 03003 00000 03003 .36 .36 .36 .36 .55 .55 .55 .55
800 00003 03003 00000 00003 .22 .22 .22 .22 .41 .41 .41 .41
810 00003 00000 00000 00000 1.0 1.0 1.0 1.0 1.0 1.0 1.0 1.0
820 00000 00000 00000 00000 1.0 1.0 1.0 1.0 1.0 1.0 1.0 1.0
830 00000 00000 00000 00000 1.0 1.0 1.0 1.0 1.0 1.0 1.0 1.0
840 00000 00000 00000 00000 1.0 1.0 1.0 1.0 1.0 1.0 1.0 1.0
850 00000 00000 00000 00000 1.0 1.0 1.0 1.0 1.0 1.0 1.0 1.0
860 00000 00000 00000 00000 1.0 1.0 1.0 1.0 1.0 1.0 1.0 1.0
870 00000 00000 00000 00000 1.0 1.0 1.0 1.0 1.0 1.0 1.0 1.0
880 00000 00000 00000 00000 1.0 1.0 1.0 1.0 1.0 1.0 1.0 1.0
890 00000 00000 00000 00000 1.0 1.0 1.0 1.0 1.0 1.0 1.0 1.0
900 00000 00000 00000 00000 1.0 1.0 1.0 1.0 1.0 1.0 1.0 1.0
910 00000 00000 00000 00000 1.0 1.0 1.0 1.0 1.0 1.0 1.0 1.0
920 00000 00000 00000 00000 1.0 1.0 1.0 1.0 1.0 1.0 1.0 1.0
930 00000 00000 00000 00000 1.0 1.0 1.0 1.0 1.0 1.0 1.0 1.0
940 00000 00000 00000 00000 1.0 1.0 1.0 1.0 1.0 1.0 1.0 1.0
950 00000 00000 00000 00000 1.0 1.0 1.0 1.0 1.0 1.0 1.0 1.0
960 00000 00000 00000 00000 1.0 1.0 1.0 1.0 1.0 1.0 1.0 1.0
970 30000 03000 00000 00000 -0.08 -0.08 -0.08 -0.08 -0.06 -0.06 -0.06 -0.06
980 30000 30000 00000 30000 .46 .46 .46 .46 .63 .63 .63 .63
990 30000 30000 30000 30000 1.00 1.00 1.00 1.00 1.00 1.00 1.00 1.00
1000 30000 30000 30000 30000 1.00 1.00 1.00 1.00 1.00 1.00 1.00 1.00
1010 30000 30000 30000 30000 1.00 1.00 1.00 1.00 1.00 1.00 1.00 1.00
1020 30000 30000 30000 30000 1.00 1.00 1.00 1.00 1.00 1.00 1.00 1.00
1030 30000 30000 30000 30000 1.00 1.00 1.00 1.00 1.00 1.00 1.00 1.00
1040 30000 30000 30000 30000 1.00 1.00 1.00 1.00 1.00 1.00 1.00 1.00
1050 30000 30000 30000 30000 1.00 1.00 1.00 1.00 1.00 1.00 1.00 1.00
1060 30000 30000 30000 30000 1.00 1.00 1.00 1.00 1.00 1.00 1.00 1.00
1070 30000 30000 30000 30000 1.00 1.00 1.00 1.00 1.00 1.00 1.00 1.00
1080 30300 30000 30000 30000 .68 .68 .68 .68 .75 .75 .75 .75
1090 30300 30000 30000 30000 .68 .68 .68 .68 .75 .75 .75 .75
1100 30300 30000 30000 30000 .68 .68 .68 .68 .75 .75 .75 .75
1110 30000 30000 30000 30000 1.00 1.00 1.00 1.00 1.00 1.00 1.00 1.00
1120 30000 30000 30000 30000 1.00 1.00 1.00 1.00 1.00 1.00 1.00 1.00
1130 30000 30000 30000 30000 1.00 1.00 1.00 1.00 1.00 1.00 1.00 1.00
1140 30000 30000 30000 30000 1.00 1.00 1.00 1.00 1.00 1.00 1.00 1.00
1150 30300 30300 30000 30300 .72 .72 .72 .72 .79 .79 .79 .79
1160 30300 30300 30302 30300 .77 .91 .88 .75 .82 .93 .91 .81
1170 30300 30300 30303 30300 .75 .75 .75 .75 .81 .81 .81 .81
1180 30300 30300 30303 30300 .75 .75 .75 .75 .81 .81 .81 .81
1190 30030 30300 30300 30300 .48 .48 .48 .48 .60 .60 .60 .60
1200 30000 30000 30000 30000 1.00 1.00 1.00 1.00 1.00 1.00 1.00 1.00
1210 30000 30000 30000 30000 1.00 1.00 1.00 1.00 1.00 1.00 1.00 1.00
1220 30000 30000 30000 30000 1.00 1.00 1.00 1.00 1.00 1.00 1.00 1.00
1230 30000 30000 30000 30000 1.00 1.00 1.00 1.00 1.00 1.00 1.00 1.00
1240 30000 30000 30000 30000 1.00 1.00 1.00 1.00 1.00 1.00 1.00 1.00
1250 30000 30000 30000 30000 1.00 1.00 1.00 1.00 1.00 1.00 1.00 1.00
1260 30000 30000 30000 30000 1.00 1.00 1.00 1.00 1.00 1.00 1.00 1.00
1270 30000 30000 30000 30000 1.00 1.00 1.00 1.00 1.00 1.00 1.00 1.00
1280 30000 30000 30000 30000 1.00 1.00 1.00 1.00 1.00 1.00 1.00 1.00
1290 30000 30000 30000 30000 1.00 1.00 1.00 1.00 1.00 1.00 1.00 1.00
1300 30000 30000 30000 30000 1.00 1.00 1.00 1.00 1.00 1.00 1.00 1.00
1310 30000 30000 30000 30000 1.00 1.00 1.00 1.00 1.00 1.00 1.00 1.00
1320 30000 30000 30000 30000 1.00 1.00 1.00 1.00 1.00 1.00 1.00 1.00
1330 30001 30000 30000 30000 .70 .80 .96 .69 .76 .84 .97 .75
1340 30001 30000 30000 30000 .70 .80 .96 .69 .76 .84 .97 .75
1350 30001 30000 30000 30000 .70 .80 .96 .69 .76 .84 .97 .75
1360 30001 30000 30000 30000 .70 .80 .96 .69 .76 .84 .97 .75
1370 30001 30000 30000 30000 .70 .80 .96 .69 .76 .84 .97 .75
1380 30001 30000 30000 30000 .70 .80 .96 .69 .76 .84 .97 .75
1390 30001 30000 30000 30000 .70 .80 .96 .69 .76 .84 .97 .75
1400 30001 30000 30000 30000 .70 .80 .96 .69 .76 .84 .97 .75
1410 30001 30000 30031 30001 .55 .55 .63 .50 .66 .65 .70 .62
1420 30001 30001 30031 30001 .79 .67 .65 .76 .84 .75 .72 .82
1430 30001 30001 30031 30001 .79 .67 .65 .76 .84 .75 .72 .82
1440 30001 30001 30031 30001 .79 .67 .65 .76 .84 .75 .72 .82
1450 30001 30001 30031 30001 .79 .67 .65 .76 .84 .75 .72 .82
1460 30001 30001 30031 30001 .79 .67 .65 .76 .84 .75 .72 .82
1470 30001 30001 30031 30001 .79 .67 .65 .76 .84 .75 .72 .82
1480 30001 30001 30031 30001 .79 .67 .65 .76 .84 .75 .72 .82
1490 30001 30001 30031 30001 .79 .67 .65 .76 .84 .75 .72 .82
1500 30031 30001 30031 30031 .80 .68 .68 .77 .85 .76 .76 .82
1510 30031 30001 30001 30001 .79 .67 .65 .76 .84 .75 .72 .82
1520 30301 30301 30001 30301 .80 .68 .68 .77 .85 .76 .76 .82
1530 30301 30301 30001 30301 .80 .68 .68 .77 .85 .76 .76 .82
1540 30301 30301 30301 30301 1.00 1.00 1.00 1.00 1.00 1.00 1.00 1.00
1550 30301 30302 30301 30301 .81 .99 .97 .97 .85 .99 .97 .98
1560 30301 30302 30301 30301 .81 .99 .97 .97 .85 .99 .97 .98
1570 30302 30302 30301 30302 .81 .99 .97 .97 .85 .99 .97 .98
1580 30302 30302 30301 30302 .81 .99 .97 .97 .85 .99 .97 .98
1590 30302 30302 30302 30302 1.00 1.00 1.00 1.00 1.00 1.00 1.00 1.00
1600 30302 30302 30302 30302 1.00 1.00 1.00 1.00 1.00 1.00 1.00 1.00
1610 30303 30302 30302 30302 .79 .92 .97 .99 .85 .94 .98 .99
1620 30303 30303 30302 30303 .77 .91 .97 .99 .82 .93 .98 .99
1630 30303 30303 30303 30303 1.00 1.00 1.00 1.00 1.00 1.00 1.00 1.00
1640 03003 03003 30303 03003 .25 .25 .25 .25 .42 .42 .42 .42
1650 03003 00000 00000 00000 -0.08 -0.08 -0.08 -0.08 -0.06 -0.06 -0.06 -0.06
1660 03003 00000 00000 00000 -0.08 -0.08 -0.08 -0.08 -0.06 -0.06 -0.06 -0.06
1670 03003 00000 00000 00000 -0.08 -0.08 -0.08 -0.08 -0.06 -0.06 -0.06 -0.06
1680 03003 00000 00000 00000 -0.08 -0.08 -0.08 -0.08 -0.06 -0.06 -0.06 -0.06
1690 03003 00000 00000 00000 -0.08 -0.08 -0.08 -0.08 -0.06 -0.06 -0.06 -0.06
1700 03003 00000 00000 00000 -0.08 -0.08 -0.08 -0.08 -0.06 -0.06 -0.06 -0.06
1710 03003 00000 00000 00000 -0.08 -0.08 -0.08 -0.08 -0.06 -0.06 -0.06 -0.06
1720 03003 00000 00000 00000 -0.08 -0.08 -0.08 -0.08 -0.06 -0.06 -0.06 -0.06
1730 03003 00000 00000 00000 -0.08 -0.08 -0.08 -0.08 -0.06 -0.06 -0.06 -0.06
1740 03003 00000 00000 00000 -0.08 -0.08 -0.08 -0.08 -0.06 -0.06 -0.06 -0.06
1750 03003 00000 00000 00000 -0.08 -0.08 -0.08 -0.08 -0.06 -0.06 -0.06 -0.06
1760 03003 00000 00000 00000 -0.08 -0.08 -0.08 -0.08 -0.06 -0.06 -0.06 -0.06
1770 03003 00000 00000 00000 -0.08 -0.08 -0.08 -0.08 -0.06 -0.06 -0.06 -0.06
1780 03003 00000 00000 00000 -0.08 -0.08 -0.08 -0.08 -0.06 -0.06 -0.06 -0.06
1790 03003 20003 00000 00003 .11 .09 .10 .05 .28 .29 .31 .24
1800 30003 20003 00000 30003 .26 .36 .35 .36 .43 .54 .53 .54
1810 30003 20003 00000 30003 .26 .36 .35 .36 .43 .54 .53 .54
1820 30003 20003 00000 30003 .26 .36 .35 .36 .43 .54 .53 .54
