0 00000 00000 00000 00000 1.0 1.0 1.0 1.0 1.0 1.0 1.0 1.0
10 00000 00000 00000 00000 1.0 1.0 1.0 1.0 1.0 1.0 1.0 1.0
20 00000 00000 00000 00000 1.0 1.0 1.0 1.0 1.0 1.0 1.0 1.0
30 00000 00000 00000 00000 1.0 1.0 1.0 1.0 1.0 1.0 1.0 1.0
40 00000 00000 00000 00000 1.0 1.0 1.0 1.0 1.0 1.0 1.0 1.0
50 00000 00000 00000 00000 1.0 1.0 1.0 1.0 1.0 1.0 1.0 1.0
60 00000 00000 00000 00000 1.0 1.0 1.0 1.0 1.0 1.0 1.0 1.0
70 00000 00000 00000 00000 1.0 1.0 1.0 1.0 1.0 1.0 1.0 1.0
80 00000 00000 00000 00000 1.0 1.0 1.0 1.0 1.0 1.0 1.0 1.0
90 00000 00000 00000 00000 1.0 1.0 1.0 1.0 1.0 1.0 1.0 1.0
100 00000 00000 00000 00000 1.0 1.0 1.0 1.0 1.0 1.0 1.0 1.0
110 00000 00000 00000 00000 1.0 1.0 1.0 1.0 1.0 1.0 1.0 1.0
120 00000 00000 00000 00000 1.0 1.0 1.0 1.0 1.0 1.0 1.0 1.0
130 00000 00000 00000 00000 1.0 1.0 1.0 1.0 1.0 1.0 1.0 1.0
140 00000 00000 00000 00000 1.0 1.0 1.0 1.0 1.0 1.0 1.0 1.0
150 00000 00000 00000 00000 1.0 1.0 1.0 1.0 1.0 1.0 1.0 1.0
160 00000 00000 00000 00000 1.0 1.0 1.0 1.0 1.0 1.0 1.0 1.0
170 00000 00000 00000 00000 1.0 1.0 1.0 1.0 1.0 1.0 1.0 1.0
180 00000 00000 00000 00000 1.0 1.0 1.0 1.0 1.0 1.0 1.0 1.0
190 00000 00000 00000 00000 1.0 1.0 1.0 1.0 1.0 1.0 1.0 1.0
200 00000 00000 03030 00000 -0.08 -0.08 -0.08 -0.08 -0.06 -0.06 -0.06 -0.06
210 00000 00000 03030 00000 -0.08 -0.08 -0.08 -0.08 -0.06 -0.06 -0.06 -0.06
220 00000 00000 03030 00000 -0.08 -0.08 -0.08 -0.08 -0.06 -0.06 -0.06 -0.06
230 00000 00000 03030 00000 -0.08 -0.08 -0.08 -0.08 -0.06 -0.06 -0.06 -0.06
240 00030 00300 03300 00300 .05 .05 .05 .05 .24 .24 .24 .24
250 00300 00300 03300 00300 .68 .68 .68 .68 .75 .75 .75 .75
260 00300 00300 00300 00300 1.00 1.00 1.00 1.00 1.00 1.00 1.00 1.00
270 00300 00300 00300 00300 1.00 1.00 1.00 1.00 1.00 1.00 1.00 1.00
280 00300 00300 00300 00300 1.00 1.00 1.00 1.00 1.00 1.00 1.00 1.00
290 00300 00300 03301 00300 .48 .54 .64 .45 .57 .63 .71 .55
300 00300 00300 03301 00300 .48 .54 .64 .45 .57 .63 .71 .55
310 00300 00300 00301 00300 .70 .80 .96 .69 .76 .84 .97 .75
320 03300 03300 03301 03300 .77 .91 .97 .76 .82 .93 .98 .81
330 00300 03300 00301 00300 .48 .54 .64 .45 .57 .63 .71 .55
340 00300 00300 03301 00300 .48 .54 .64 .45 .57 .63 .71 .55
350 00300 00300 03301 00300 .48 .54 .64 .45 .57 .63 .71 .55
360 30300 30300 03301 30300 .32 .37 .43 .27 .47 .53 .57 .44
370 30030 30300 30301 30300 .32 .37 .43 .27 .47 .53 .57 .44
380 30000 30000 30001 30000 .70 .80 .96 .69 .76 .84 .97 .75
390 30000 30000 30001 30000 .70 .80 .96 .69 .76 .84 .97 .75
400 30000 30000 30301 30000 .48 .54 .64 .45 .57 .63 .71 .55
410 30000 30000 30301 30000 .48 .54 .64 .45 .57 .63 .71 .55
420 30000 30000 30301 30000 .48 .54 .64 .45 .57 .63 .71 .55
430 30000 30000 30301 30000 .48 .54 .64 .45 .57 .63 .71 .55
440 30000 30000 30301 30000 .48 .54 .64 .45 .57 .63 .71 .55
450 30000 30000 30301 30000 .48 .54 .64 .45 .57 .63 .71 .55
460 30001 30000 30301 30001 .55 .55 .63 .50 .66 .65 .70 .62
470 30001 30001 30301 30001 .79 .67 .65 .76 .84 .75 .72 .82
480 30001 30001 30301 30001 .79 .67 .65 .76 .84 .75 .72 .82
490 30001 30001 30301 30001 .79 .67 .65 .76 .84 .75 .72 .82
500 30001 30001 30301 30001 .79 .67 .65 .76 .84 .75 .72 .82
510 30001 30031 30301 30001 .61 .37 .36 .53 .69 .51 .49 .64
520 30031 30031 30301 30031 .61 .38 .39 .52 .70 .52 .54 .63
530 30031 30031 30301 30031 .61 .38 .39 .52 .70 .52 .54 .63
540 30031 30031 30301 30031 .61 .38 .39 .52 .70 .52 .54 .63
550 30031 30031 30301 30031 .61 .38 .39 .52 .70 .52 .54 .63
560 30301 30031 30301 30301 .61 .38 .39 .52 .70 .52 .54 .63
570 30301 30301 30301 30301 1.00 1.00 1.00 1.00 1.00 1.00 1.00 1.00
580 30301 30301 30301 30301 1.00 1.00 1.00 1.00 1.00 1.00 1.00 1.00
590 30301 30301 30301 30301 1.00 1.00 1.00 1.00 1.00 1.00 1.00 1.00
600 30302 30302 30301 30302 .81 .99 .97 .97 .85 .99 .97 .98
610 30302 30302 30301 30302 .81 .99 .97 .97 .85 .99 .97 .98
620 30302 30302 30302 30302 1.00 1.00 1.00 1.00 1.00 1.00 1.00 1.00
630 30303 30302 30302 30302 .79 .92 .97 .99 .85 .94 .98 .99
640 30303 30302 30302 30302 .79 .92 .97 .99 .85 .94 .98 .99
650 30303 30303 30303 30303 1.00 1.00 1.00 1.00 1.00 1.00 1.00 1.00
660 30303 30303 30303 30303 1.00 1.00 1.00 1.00 1.00 1.00 1.00 1.00
670 30303 30303 30303 30303 1.00 1.00 1.00 1.00 1.00 1.00 1.00 1.00
680 30303 30303 30303 30303 1.00 1.00 1.00 1.00 1.00 1.00 1.00 1.00
690 30303 30303 30303 30303 1.00 1.00 1.00 1.00 1.00 1.00 1.00 1.00
700 30303 30303 30303 30303 1.00 1.00 1.00 1.00 1.00 1.00 1.00 1.00
710 30303 30303 30303 30303 1.00 1.00 1.00 1.00 1.00 1.00 1.00 1.00
720 30303 30303 30303 30303 1.00 1.00 1.00 1.00 1.00 1.00 1.00 1.00
730 30303 30303 30300 30303 .75 .75 .75 .75 .81 .81 .81 .81
740 03033 30033 30300 30033 -0.25 -0.25 -0.25 -0.25 .04 .04 .04 .04
750 03033 00033 03030 03033 .50 .50 .50 .50 .62 .62 .62 .62
760 00003 00000 03000 00000 -0.08 -0.08 -0.08 -0.08 -0.06 -0.06 -0.06 -0.06
770 00003 00000 00000 00000 1.0 1.0 1.0 1.0 1.0 1.0 1.0 1.0
780 00000 00000 00000 00000 1.0 1.0 1.0 1.0 1.0 1.0 1.0 1.0
790 00000 00000 00000 00000 1.0 1.0 1.0 1.0 1.0 1.0 1.0 1.0
800 00000 00000 00030 00000 1.0 1.0 1.0 1.0 1.0 1.0 1.0 1.0
810 00000 00000 00030 00000 1.0 1.0 1.0 1.0 1.0 1.0 1.0 1.0
820 00000 00000 00030 00000 1.0 1.0 1.0 1.0 1.0 1.0 1.0 1.0
830 00000 00000 00030 00000 1.0 1.0 1.0 1.0 1.0 1.0 1.0 1.0
840 00000 00000 00030 00000 1.0 1.0 1.0 1.0 1.0 1.0 1.0 1.0
850 00000 00000 00030 00000 1.0 1.0 1.0 1.0 1.0 1.0 1.0 1.0
860 00300 00300 00030 00300 .22 .22 .22 .22 .41 .41 .41 .41
870 00300 00300 00300 00300 1.00 1.00 1.00 1.00 1.00 1.00 1.00 1.00
880 00300 00300 00300 00300 1.00 1.00 1.00 1.00 1.00 1.00 1.00 1.00
890 00300 00300 00300 00300 1.00 1.00 1.00 1.00 1.00 1.00 1.00 1.00
900 00300 00300 03300 00300 .68 .68 .68 .68 .75 .75 .75 .75
910 00300 00300 03300 00300 .68 .68 .68 .68 .75 .75 .75 .75
920 00300 00300 03300 00300 .68 .68 .68 .68 .75 .75 .75 .75
930 00300 00300 03300 00300 .68 .68 .68 .68 .75 .75 .75 .75
940 03300 00300 03300 03300 .72 .72 .72 .72 .79 .79 .79 .79
950 30300 30300 30300 30300 1.00 1.00 1.00 1.00 1.00 1.00 1.00 1.00
960 30030 30000 30300 30000 .44 .44 .44 .44 .55 .55 .55 .55
970 30000 30000 30000 30000 1.00 1.00 1.00 1.00 1.00 1.00 1.00 1.00
980 30000 30000 30300 30000 .68 .68 .68 .68 .75 .75 .75 .75
990 30000 30000 30300 30000 .68 .68 .68 .68 .75 .75 .75 .75
1000 30000 30000 30300 30000 .68 .68 .68 .68 .75 .75 .75 .75
1010 30000 30000 30301 30000 .48 .54 .64 .45 .57 .63 .71 .55
1020 30000 30000 30301 30000 .48 .54 .64 .45 .57 .63 .71 .55
1030 30001 30001 30301 30001 .79 .67 .65 .76 .84 .75 .72 .82
1040 30001 30001 30301 30001 .79 .67 .65 .76 .84 .75 .72 .82
1050 30001 30001 30301 30001 .79 .67 .65 .76 .84 .75 .72 .82
1060 30001 30001 30301 30001 .79 .67 .65 .76 .84 .75 .72 .82
1070 30001 30001 30301 30001 .79 .67 .65 .76 .84 .75 .72 .82
1080 30001 30001 30301 30001 .79 .67 .65 .76 .84 .75 .72 .82
1090 30001 30001 30301 30001 .79 .67 .65 .76 .84 .75 .72 .82
1100 30031 30001 30301 30001 .61 .37 .36 .53 .69 .51 .49 .64
1110 30301 30301 30301 30301 1.00 1.00 1.00 1.00 1.00 1.00 1.00 1.00
1120 30301 30301 30301 30301 1.00 1.00 1.00 1.00 1.00 1.00 1.00 1.00
1130 30301 30302 30301 30301 .81 .99 .97 .97 .85 .99 .97 .98
1140 30302 30302 30301 30302 .81 .99 .97 .97 .85 .99 .97 .98
1150 30302 30302 30301 30302 .81 .99 .97 .97 .85 .99 .97 .98
1160 30302 30302 30302 30302 1.00 1.00 1.00 1.00 1.00 1.00 1.00 1.00
1170 30303 30302 30302 30302 .79 .92 .97 .99 .85 .94 .98 .99
1180 30303 30302 30302 30302 .79 .92 .97 .99 .85 .94 .98 .99
1190 30303 30303 30303 30303 1.00 1.00 1.00 1.00 1.00 1.00 1.00 1.00
1200 30303 30303 30303 30303 1.00 1.00 1.00 1.00 1.00 1.00 1.00 1.00
1210 30303 30303 30303 30303 1.00 1.00 1.00 1.00 1.00 1.00 1.00 1.00
1220 30303 30303 30303 30303 1.00 1.00 1.00 1.00 1.00 1.00 1.00 1.00
1230 30303 30303 30303 30303 1.00 1.00 1.00 1.00 1.00 1.00 1.00 1.00
1240 30303 30303 30303 30303 1.00 1.00 1.00 1.00 1.00 1.00 1.00 1.00
1250 30303 30303 03300 30303 .25 .25 .25 .25 .42 .42 .42 .42
1260 03033 30303 03030 03033 -0.25 -0.25 -0.25 -0.25 .04 .04 .04 .04
1270 00003 00000 00000 00000 1.0 1.0 1.0 1.0 1.0 1.0 1.0 1.0
1280 00003 00000 00000 00000 1.0 1.0 1.0 1.0 1.0 1.0 1.0 1.0
1290 00003 00000 00000 00000 1.0 1.0 1.0 1.0 1.0 1.0 1.0 1.0
1300 00003 00000 00000 00000 1.0 1.0 1.0 1.0 1.0 1.0 1.0 1.0
1310 00003 00000 00000 00000 1.0 1.0 1.0 1.0 1.0 1.0 1.0 1.0
1320 00003 00000 00000 00000 1.0 1.0 1.0 1.0 1.0 1.0 1.0 1.0
1330 00003 00000 00000 00000 1.0 1.0 1.0 1.0 1.0 1.0 1.0 1.0
1340 00003 00000 00000 00000 1.0 1.0 1.0 1.0 1.0 1.0 1.0 1.0
1350 00003 00000 00000 00000 1.0 1.0 1.0 1.0 1.0 1.0 1.0 1.0
1360 00003 00000 00000 00000 1.0 1.0 1.0 1.0 1.0 1.0 1.0 1.0
1370 00003 00000 00000 00000 1.0 1.0 1.0 1.0 1.0 1.0 1.0 1.0
1380 00003 00000 00000 00000 1.0 1.0 1.0 1.0 1.0 1.0 1.0 1.0
1390 00003 00000 00000 00000 1.0 1.0 1.0 1.0 1.0 1.0 1.0 1.0
1400 00003 00000 00000 00000 1.0 1.0 1.0 1.0 1.0 1.0 1.0 1.0
1410 00003 00000 00000 00000 1.0 1.0 1.0 1.0 1.0 1.0 1.0 1.0
