0 00000 00000 00000 00000 1.0 1.0 1.0 1.0 1.0 1.0 1.0 1.0
10 00000 00000 00000 00000 1.0 1.0 1.0 1.0 1.0 1.0 1.0 1.0
20 00000 00000 00000 00000 1.0 1.0 1.0 1.0 1.0 1.0 1.0 1.0
30 00000 00000 00000 00000 1.0 1.0 1.0 1.0 1.0 1.0 1.0 1.0
40 00300 00300 00000 00300 .46 .46 .46 .46 .63 .63 .63 .63
50 00300 00300 00300 00300 1.00 1.00 1.00 1.00 1.00 1.00 1.00 1.00
60 00300 00300 00300 00300 1.00 1.00 1.00 1.00 1.00 1.00 1.00 1.00
70 00300 00300 00300 00300 1.00 1.00 1.00 1.00 1.00 1.00 1.00 1.00
80 00300 00300 00300 00300 1.00 1.00 1.00 1.00 1.00 1.00 1.00 1.00
90 00300 00300 30300 00300 .68 .68 .68 .68 .75 .75 .75 .75
100 00300 00300 30300 00300 .68 .68 .68 .68 .75 .75 .75 .75
110 00300 00300 30300 00300 .68 .68 .68 .68 .75 .75 .75 .75
120 00300 00300 30300 00300 .68 .68 .68 .68 .75 .75 .75 .75
130 00300 00300 30300 00300 .68 .68 .68 .68 .75 .75 .75 .75
140 00300 00300 30300 00300 .68 .68 .68 .68 .75 .75 .75 .75
150 00300 00300 30300 00300 .68 .68 .68 .68 .75 .75 .75 .75
160 00300 00300 30300 00300 .68 .68 .68 .68 .75 .75 .75 .75
170 00300 00300 30300 00300 .68 .68 .68 .68 .75 .75 .75 .75
180 00300 00300 30300 00300 .68 .68 .68 .68 .75 .75 .75 .75
190 00300 00300 30300 00300 .68 .68 .68 .68 .75 .75 .75 .75
200 03300 00300 30300 00300 .44 .44 .44 .44 .55 .55 .55 .55
210 03300 00300 30300 00300 .44 .44 .44 .44 .55 .55 .55 .55
220 30300 30300 30300 30300 1.00 1.00 1.00 1.00 1.00 1.00 1.00 1.00
230 30030 30000 30300 30000 .44 .44 .44 .44 .55 .55 .55 .55
240 30000 30000 30300 30000 .68 .68 .68 .68 .75 .75 .75 .75
250 30000 30000 30300 30000 .68 .68 .68 .68 .75 .75 .75 .75
260 30000 30000 30000 30000 1.00 1.00 1.00 1.00 1.00 1.00 1.00 1.00
270 30000 30000 30000 30000 1.00 1.00 1.00 1.00 1.00 1.00 1.00 1.00
280 30000 30000 30300 30000 .68 .68 .68 .68 .75 .75 .75 .75
290 30000 30000 30300 30000 .68 .68 .68 .68 .75 .75 .75 .75
300 30000 30000 30300 30000 .68 .68 .68 .68 .75 .75 .75 .75
310 30000 30000 30300 30000 .68 .68 .68 .68 .75 .75 .75 .75
320 30000 30000 30300 30000 .68 .68 .68 .68 .75 .75 .75 .75
330 30000 30000 30031 30000 .48 .54 .64 .45 .57 .63 .71 .55
340 30001 30001 30031 30001 .79 .67 .65 .76 .84 .75 .72 .82
350 30001 30001 30031 30001 .79 .67 .65 .76 .84 .75 .72 .82
360 30001 30001 30031 30001 .79 .67 .65 .76 .84 .75 .72 .82
370 30001 30001 30031 30001 .79 .67 .65 .76 .84 .75 .72 .82
380 30001 30001 30031 30001 .79 .67 .65 .76 .84 .75 .72 .82
390 30001 30001 30031 30001 .79 .67 .65 .76 .84 .75 .72 .82
400 30001 30001 30031 30001 .79 .67 .65 .76 .84 .75 .72 .82
410 30001 30001 30031 30001 .79 .67 .65 .76 .84 .75 .72 .82
420 30001 30001 30031 30001 .79 .67 .65 .76 .84 .75 .72 .82
430 30031 30001 30031 30031 .80 .68 .68 .77 .85 .76 .76 .82
440 30031 30001 30031 30031 .80 .68 .68 .77 .85 .76 .76 .82
450 30301 30301 30031 30301 .61 .38 .39 .52 .70 .52 .54 .63
460 30301 30301 30031 30301 .61 .38 .39 .52 .70 .52 .54 .63
470 30301 30301 30031 30301 .61 .38 .39 .52 .70 .52 .54 .63
480 30301 30301 30031 30301 .61 .38 .39 .52 .70 .52 .54 .63
490 30301 30301 30031 30301 .61 .38 .39 .52 .70 .52 .54 .63
500 30301 30301 30302 30301 .81 .99 .97 .97 .85 .99 .97 .98
510 30301 30301 30302 30301 .81 .99 .97 .97 .85 .99 .97 .98
520 30302 30302 30302 30302 1.00 1.00 1.00 1.00 1.00 1.00 1.00 1.00
530 30302 30302 30302 30302 1.00 1.00 1.00 1.00 1.00 1.00 1.00 1.00
540 30302 30302 30302 30302 1.00 1.00 1.00 1.00 1.00 1.00 1.00 1.00
550 30302 30302 30302 30302 1.00 1.00 1.00 1.00 1.00 1.00 1.00 1.00
560 30303 30302 30302 30302 .79 .92 .97 .99 .85 .94 .98 .99
570 30303 30302 30302 30302 .79 .92 .97 .99 .85 .94 .98 .99
580 30303 30303 30302 30303 .77 .91 .97 .99 .82 .93 .98 .99
590 30303 30303 30302 30303 .77 .91 .97 .99 .82 .93 .98 .99
600 30303 30303 30303 30303 1.00 1.00 1.00 1.00 1.00 1.00 1.00 1.00
610 30033 30003 30303 30003 .50 .50 .50 .50 .62 .62 .62 .62
620 03003 03003 30303 03003 .25 .25 .25 .25 .42 .42 .42 .42
630 03003 03003 00000 03003 .36 .36 .36 .36 .55 .55 .55 .55
640 00000 03003 00000 00000 -0.08 -0.08 -0.08 -0.08 -0.06 -0.06 -0.06 -0.06
650 00000 03003 00000 00000 -0.08 -0.08 -0.08 -0.08 -0.06 -0.06 -0.06 -0.06
660 00000 00000 00000 00000 1.0 1.0 1.0 1.0 1.0 1.0 1.0 1.0
670 00000 00000 00000 00000 1.0 1.0 1.0 1.0 1.0 1.0 1.0 1.0
680 00000 00000 00000 00000 1.0 1.0 1.0 1.0 1.0 1.0 1.0 1.0
690 00030 00000 00000 00000 1.0 1.0 1.0 1.0 1.0 1.0 1.0 1.0
700 00300 00300 00000 00300 .46 .46 .46 .46 .63 .63 .63 .63
710 00300 00300 00300 00300 1.00 1.00 1.00 1.00 1.00 1.00 1.00 1.00
720 00300 00300 00300 00300 1.00 1.00 1.00 1.00 1.00 1.00 1.00 1.00
730 00300 00300 00300 00300 1.00 1.00 1.00 1.00 1.00 1.00 1.00 1.00
740 00300 00300 00300 00300 1.00 1.00 1.00 1.00 1.00 1.00 1.00 1.00
750 00300 00300 00300 00300 1.00 1.00 1.00 1.00 1.00 1.00 1.00 1.00
760 00300 00300 00300 00300 1.00 1.00 1.00 1.00 1.00 1.00 1.00 1.00
770 00300 00300 00300 00300 1.00 1.00 1.00 1.00 1.00 1.00 1.00 1.00
780 00300 00300 00300 00300 1.00 1.00 1.00 1.00 1.00 1.00 1.00 1.00
790 03300 00300 00300 00300 .68 .68 .68 .68 .75 .75 .75 .75
800 30300 00300 00300 00300 .68 .68 .68 .68 .75 .75 .75 .75
810 00300 00300 00300 00300 1.00 1.00 1.00 1.00 1.00 1.00 1.00 1.00
820 00300 00300 00300 00300 1.00 1.00 1.00 1.00 1.00 1.00 1.00 1.00
830 00300 00300 00300 00300 1.00 1.00 1.00 1.00 1.00 1.00 1.00 1.00
840 30300 03300 00300 00300 .44 .44 .44 .44 .55 .55 .55 .55
850 30300 30300 30300 30300 1.00 1.00 1.00 1.00 1.00 1.00 1.00 1.00
860 30030 30000 30300 30000 .44 .44 .44 .44 .55 .55 .55 .55
870 30000 30000 30300 30000 .68 .68 .68 .68 .75 .75 .75 .75
880 30000 30000 30300 30000 .68 .68 .68 .68 .75 .75 .75 .75
890 30000 30000 30300 30000 .68 .68 .68 .68 .75 .75 .75 .75
900 30000 30000 30300 30000 .68 .68 .68 .68 .75 .75 .75 .75
910 30000 30000 30000 30000 1.00 1.00 1.00 1.00 1.00 1.00 1.00 1.00
920 30000 30000 30030 30000 .68 .68 .68 .68 .75 .75 .75 .75
930 30000 30000 30030 30000 .68 .68 .68 .68 .75 .75 .75 .75
940 30000 30000 30031 30000 .48 .54 .64 .45 .57 .63 .71 .55
950 30001 30001 30031 30001 .79 .67 .65 .76 .84 .75 .72 .82
960 30001 30001 30031 30001 .79 .67 .65 .76 .84 .75 .72 .82
970 30001 30001 30031 30001 .79 .67 .65 .76 .84 .75 .72 .82
980 30001 30001 30031 30001 .79 .67 .65 .76 .84 .75 .72 .82
990 30001 30001 30031 30001 .79 .67 .65 .76 .84 .75 .72 .82
1000 30001 30001 30031 30001 .79 .67 .65 .76 .84 .75 .72 .82
1010 30001 30001 30031 30001 .79 .67 .65 .76 .84 .75 .72 .82
1020 30001 30001 30031 30001 .79 .67 .65 .76 .84 .75 .72 .82
1030 30001 30001 30031 30001 .79 .67 .65 .76 .84 .75 .72 .82
1040 30001 30001 30031 30001 .79 .67 .65 .76 .84 .75 .72 .82
1050 30301 30301 30031 30301 .61 .38 .39 .52 .70 .52 .54 .63
1060 30301 30301 30031 30301 .61 .38 .39 .52 .70 .52 .54 .63
1070 30301 30301 30031 30301 .61 .38 .39 .52 .70 .52 .54 .63
1080 30301 30301 30300 30301 .79 .92 .97 .76 .85 .94 .98 .82
1090 30301 30301 30300 30301 .79 .92 .97 .76 .85 .94 .98 .82
1100 30301 30301 30300 30301 .79 .92 .97 .76 .85 .94 .98 .82
1110 30301 30301 30300 30301 .79 .92 .97 .76 .85 .94 .98 .82
1120 30302 30302 30300 30302 .79 .92 .87 .75 .85 .94 .90 .81
1130 30302 30302 30302 30302 1.00 1.00 1.00 1.00 1.00 1.00 1.00 1.00
1140 30302 30302 30302 30302 1.00 1.00 1.00 1.00 1.00 1.00 1.00 1.00
1150 30303 30302 30302 30302 .79 .92 .97 .99 .85 .94 .98 .99
1160 30303 30303 30302 30303 .77 .91 .97 .99 .82 .93 .98 .99
1170 30303 30303 30302 30303 .77 .91 .97 .99 .82 .93 .98 .99
1180 30303 30303 30303 30303 1.00 1.00 1.00 1.00 1.00 1.00 1.00 1.00
1190 30303 30303 30303 30303 1.00 1.00 1.00 1.00 1.00 1.00 1.00 1.00
1200 30303 30303 30303 30303 1.00 1.00 1.00 1.00 1.00 1.00 1.00 1.00
1210 30303 30303 30303 30303 1.00 1.00 1.00 1.00 1.00 1.00 1.00 1.00
1220 30003 30003 00000 30003 .36 .36 .36 .36 .55 .55 .55 .55
1230 00003 00000 00000 00000 1.0 1.0 1.0 1.0 1.0 1.0 1.0 1.0
1240 00003 00000 00000 00000 1.0 1.0 1.0 1.0 1.0 1.0 1.0 1.0
1250 00003 00000 00000 00000 1.0 1.0 1.0 1.0 1.0 1.0 1.0 1.0
1260 00003 00000 00000 00000 1.0 1.0 1.0 1.0 1.0 1.0 1.0 1.0
1270 00003 00000 00000 00000 1.0 1.0 1.0 1.0 1.0 1.0 1.0 1.0
1280 00003 00000 00000 00000 1.0 1.0 1.0 1.0 1.0 1.0 1.0 1.0
1290 00003 00000 00000 00000 1.0 1.0 1.0 1.0 1.0 1.0 1.0 1.0
1300 00003 00000 00000 00000 1.0 1.0 1.0 1.0 1.0 1.0 1.0 1.0
1310 00003 00000 00000 00000 1.0 1.0 1.0 1.0 1.0 1.0 1.0 1.0
1320 00003 00000 00000 00000 1.0 1.0 1.0 1.0 1.0 1.0 1.0 1.0
1330 00003 00000 00000 00000 1.0 1.0 1.0 1.0 1.0 1.0 1.0 1.0
1340 00003 00000 00000 00000 1.0 1.0 1.0 1.0 1.0 1.0 1.0 1.0
1350 00003 00000 00000 00000 1.0 1.0 1.0 1.0 1.0 1.0 1.0 1.0
1360 00003 00000 00000 00000 1.0 1.0 1.0 1.0 1.0 1.0 1.0 1.0
1370 00003 00000 00000 00000 1.0 1.0 1.0 1.0 1.0 1.0 1.0 1.0
1380 00003 00000 00000 00000 1.0 1.0 1.0 1.0 1.0 1.0 1.0 1.0
1390 00003 00000 00000 00000 1.0 1.0 1.0 1.0 1.0 1.0 1.0 1.0
1400 00003 00000 00000 00000 1.0 1.0 1.0 1.0 1.0 1.0 1.0 1.0
1410 00003 00000 00000 00000 1.0 1.0 1.0 1.0 1.0 1.0 1.0 1.0
1420 00003 00000 00000 00000 1.0 1.0 1.0 1.0 1.0 1.0 1.0 1.0
1430 00003 00000 00000 00000 1.0 1.0 1.0 1.0 1.0 1.0 1.0 1.0
1440 00003 00000 00000 00000 1.0 1.0 1.0 1.0 1.0 1.0 1.0 1.0
1450 00003 00000 00000 00000 1.0 1.0 1.0 1.0 1.0 1.0 1.0 1.0
1460 00003 00000 00000 00000 1.0 1.0 1.0 1.0 1.0 1.0 1.0 1.0
1470 00003 00000 00000 00000 1.0 1.0 1.0 1.0 1.0 1.0 1.0 1.0
1480 00003 00000 00000 00000 1.0 1.0 1.0 1.0 1.0 1.0 1.0 1.0
1490 00003 00000 00000 00000 1.0 1.0 1.0 1.0 1.0 1.0 1.0 1.0
1500 00003 00000 00000 00000 1.0 1.0 1.0 1.0 1.0 1.0 1.0 1.0
1510 00003 00000 00000 00000 1.0 1.0 1.0 1.0 1.0 1.0 1.0 1.0
1520 00003 00000 00000 00000 1.0 1.0 1.0 1.0 1.0 1.0 1.0 1.0
1530 00003 00000 00000 00000 1.0 1.0 1.0 1.0 1.0 1.0 1.0 1.0
1540 00003 00000 00000 00000 1.0 1.0 1.0 1.0 1.0 1.0 1.0 1.0
1550 00003 00000 00000 00000 1.0 1.0 1.0 1.0 1.0 1.0 1.0 1.0
1560 00003 00000 00000 00000 1.0 1.0 1.0 1.0 1.0 1.0 1.0 1.0
1570 00003 00000 00000 00000 1.0 1.0 1.0 1.0 1.0 1.0 1.0 1.0
1580 00003 00000 00000 00000 1.0 1.0 1.0 1.0 1.0 1.0 1.0 1.0
1590 00003 00000 00000 00000 1.0 1.0 1.0 1.0 1.0 1.0 1.0 1.0
1600 00003 00000 00000 00000 1.0 1.0 1.0 1.0 1.0 1.0 1.0 1.0
1610 00003 00000 00000 00000 1.0 1.0 1.0 1.0 1.0 1.0 1.0 1.0
1620 00003 00000 00000 00000 1.0 1.0 1.0 1.0 1.0 1.0 1.0 1.0
1630 00003 00000 00000 00000 1.0 1.0 1.0 1.0 1.0 1.0 1.0 1.0
1640 00003 00000 00000 00000 1.0 1.0 1.0 1.0 1.0 1.0 1.0 1.0
1650 00003 00000 00000 00000 1.0 1.0 1.0 1.0 1.0 1.0 1.0 1.0
1660 00003 00000 00000 00000 1.0 1.0 1.0 1.0 1.0 1.0 1.0 1.0
1670 00003 00000 00000 00000 1.0 1.0 1.0 1.0 1.0 1.0 1.0 1.0
1680 00003 00000 00000 00000 1.0 1.0 1.0 1.0 1.0 1.0 1.0 1.0
1690 00003 00000 00000 00000 1.0 1.0 1.0 1.0 1.0 1.0 1.0 1.0
1700 00003 00000 00000 00000 1.0 1.0 1.0 1.0 1.0 1.0 1.0 1.0
1710 00003 00000 00000 00000 1.0 1.0 1.0 1.0 1.0 1.0 1.0 1.0
1720 00003 00000 00000 00000 1.0 1.0 1.0 1.0 1.0 1.0 1.0 1.0
1730 00003 00000 00000 00000 1.0 1.0 1.0 1.0 1.0 1.0 1.0 1.0
1740 00003 00000 00000 00000 1.0 1.0 1.0 1.0 1.0 1.0 1.0 1.0
1750 00003 00000 00000 00000 1.0 1.0 1.0 1.0 1.0 1.0 1.0 1.0
1760 00003 00000 00000 00000 1.0 1.0 1.0 1.0 1.0 1.0 1.0 1.0
1770 00003 00000 00000 00000 1.0 1.0 1.0 1.0 1.0 1.0 1.0 1.0
1780 00003 00000 00000 00000 1.0 1.0 1.0 1.0 1.0 1.0 1.0 1.0
1790 00003 00000 00000 00000 1.0 1.0 1.0 1.0 1.0 1.0 1.0 1.0
1800 00003 00000 00000 00000 1.0 1.0 1.0 1.0 1.0 1.0 1.0 1.0
1810 00003 00000 00000 00000 1.0 1.0 1.0 1.0 1.0 1.0 1.0 1.0
1820 00003 00000 00000 00000 1.0 1.0 1.0 1.0 1.0 1.0 1.0 1.0
1830 00003 00000 00000 00000 1.0 1.0 1.0 1.0 1.0 1.0 1.0 1.0
1840 00003 00000 00000 00000 1.0 1.0 1.0 1.0 1.0 1.0 1.0 1.0
1850 00003 00000 00000 00000 1.0 1.0 1.0 1.0 1.0 1.0 1.0 1.0
1860 00003 00000 00000 00000 1.0 1.0 1.0 1.0 1.0 1.0 1.0 1.0
1870 00003 00000 00000 00000 1.0 1.0 1.0 1.0 1.0 1.0 1.0 1.0
1880 00003 00000 00000 00000 1.0 1.0 1.0 1.0 1.0 1.0 1.0 1.0
1890 00003 00000 00000 00000 1.0 1.0 1.0 1.0 1.0 1.0 1.0 1.0
1900 00003 00000 00000 00000 1.0 1.0 1.0 1.0 1.0 1.0 1.0 1.0
1910 00003 00000 00000 00000 1.0 1.0 1.0 1.0 1.0 1.0 1.0 1.0
1920 00003 00000 00000 00000 1.0 1.0 1.0 1.0 1.0 1.0 1.0 1.0
1930 00003 00000 00000 00000 1.0 1.0 1.0 1.0 1.0 1.0 1.0 1.0
1940 00003 00000 00000 00000 1.0 1.0 1.0 1.0 1.0 1.0 1.0 1.0
1950 00003 00000 00000 00000 1.0 1.0 1.0 1.0 1.0 1.0 1.0 1.0
1960 00003 00000 00000 00000 1.0 1.0 1.0 1.0 1.0 1.0 1.0 1.0
1970 00003 00000 00000 00000 1.0 1.0 1.0 1.0 1.0 1.0 1.0 1.0
1980 00003 00000 00000 00000 1.0 1.0 1.0 1.0 1.0 1.0 1.0 1.0
1990 00003 00000 00000 00000 1.0 1.0 1.0 1.0 1.0 1.0 1.0 1.0
2000 00003 00000 00000 00000 1.0 1.0 1.0 1.0 1.0 1.0 1.0 1.0
2010 00003 00000 00000 00000 1.0 1.0 1.0 1.0 1.0 1.0 1.0 1.0
2020 00003 00000 00000 00000 1.0 1.0 1.0 1.0 1.0 1.0 1.0 1.0
2030 00003 00000 00000 00000 1.0 1.0 1.0 1.0 1.0 1.0 1.0 1.0
2040 00003 00000 00000 00000 1.0 1.0 1.0 1.0 1.0 1.0 1.0 1.0
2050 00003 00000 00000 00000 1.0 1.0 1.0 1.0 1.0 1.0 1.0 1.0
2060 00003 00000 00000 00000 1.0 1.0 1.0 1.0 1.0 1.0 1.0 1.0
2070 00003 00000 00000 00000 1.0 1.0 1.0 1.0 1.0 1.0 1.0 1.0
2080 00003 00000 00000 00000 1.0 1.0 1.0 1.0 1.0 1.0 1.0 1.0
2090 00003 00000 00000 00000 1.0 1.0 1.0 1.0 1.0 1.0 1.0 1.0
2100 00003 00000 00000 00000 1.0 1.0 1.0 1.0 1.0 1.0 1.0 1.0
2110 00003 00000 00000 00000 1.0 1.0 1.0 1.0 1.0 1.0 1.0 1.0
2120 00003 00000 00000 00000 1.0 1.0 1.0 1.0 1.0 1.0 1.0 1.0
2130 00003 00000 00000 00000 1.0 1.0 1.0 1.0 1.0 1.0 1.0 1.0
2140 00003 00000 00000 00000 1.0 1.0 1.0 1.0 1.0 1.0 1.0 1.0
2150 00003 00000 00000 00000 1.0 1.0 1.0 1.0 1.0 1.0 1.0 1.0
2160 00003 00000 00000 00000 1.0 1.0 1.0 1.0 1.0 1.0 1.0 1.0
2170 00003 00000 00000 00000 1.0 1.0 1.0 1.0 1.0 1.0 1.0 1.0
2180 00003 00000 00000 00000 1.0 1.0 1.0 1.0 1.0 1.0 1.0 1.0
2190 00003 00000 00000 00000 1.0 1.0 1.0 1.0 1.0 1.0 1.0 1.0
2200 00003 00000 00000 00000 1.0 1.0 1.0 1.0 1.0 1.0 1.0 1.0
2210 00003 00000 00000 00000 1.0 1.0 1.0 1.0 1.0 1.0 1.0 1.0
2220 00003 00000 00000 00000 1.0 1.0 1.0 1.0 1.0 1.0 1.0 1.0
2230 00003 00000 00000 00000 1.0 1.0 1.0 1.0 1.0 1.0 1.0 1.0
2240 00003 00000 00000 00000 1.0 1.0 1.0 1.0 1.0 1.0 1.0 1.0
2250 00003 00000 00000 00000 1.0 1.0 1.0 1.0 1.0 1.0 1.0 1.0
