0 00000 00000 00000 00000 1.0 1.0 1.0 1.0 1.0 1.0 1.0 1.0
10 00000 00000 00000 00000 1.0 1.0 1.0 1.0 1.0 1.0 1.0 1.0
20 00000 00000 00000 00000 1.0 1.0 1.0 1.0 1.0 1.0 1.0 1.0
30 00030 00030 00000 00030 .46 .46 .46 .46 .63 .63 .63 .63
40 00030 00030 00000 00030 .46 .46 .46 .46 .63 .63 .63 .63
50 00030 00030 00000 00030 .46 .46 .46 .46 .63 .63 .63 .63
60 00030 00030 00030 00030 1.00 1.00 1.00 1.00 1.00 1.00 1.00 1.00
70 03030 00030 00030 00030 .68 .68 .68 .68 .75 .75 .75 .75
80 03030 03030 30030 03030 .48 .48 .48 .48 .60 .60 .60 .60
90 03030 03030 30030 03030 .48 .48 .48 .48 .60 .60 .60 .60
100 03030 03030 30030 03030 .48 .48 .48 .48 .60 .60 .60 .60
110 03030 03030 30030 03030 .48 .48 .48 .48 .60 .60 .60 .60
120 03030 03030 30030 03030 .48 .48 .48 .48 .60 .60 .60 .60
130 03030 03030 30030 03030 .48 .48 .48 .48 .60 .60 .60 .60
140 03030 30030 30030 30030 .48 .48 .48 .48 .60 .60 .60 .60
150 03000 30030 30030 30030 .16 .16 .16 .16 .37 .37 .37 .37
160 30000 30000 30000 30000 1.00 1.00 1.00 1.00 1.00 1.00 1.00 1.00
170 30000 30000 30000 30000 1.00 1.00 1.00 1.00 1.00 1.00 1.00 1.00
180 30000 30000 30000 30000 1.00 1.00 1.00 1.00 1.00 1.00 1.00 1.00
190 30000 30030 30000 30000 .68 .68 .68 .68 .75 .75 .75 .75
200 30000 30000 30000 30000 1.00 1.00 1.00 1.00 1.00 1.00 1.00 1.00
210 30000 30000 30000 30000 1.00 1.00 1.00 1.00 1.00 1.00 1.00 1.00
220 30000 30000 30000 30000 1.00 1.00 1.00 1.00 1.00 1.00 1.00 1.00
230 30000 30020 30000 30000 .70 .80 .84 .68 .76 .84 .87 .75
240 30000 30020 30000 30000 .70 .80 .84 .68 .76 .84 .87 .75
250 30000 30020 30000 30000 .70 .80 .84 .68 .76 .84 .87 .75
260 30001 30020 30000 30000 .51 .65 .79 .45 .59 .72 .84 .55
270 30001 30021 30001 30001 .80 .78 .82 .76 .85 .83 .86 .82
280 30001 30021 30001 30001 .80 .78 .82 .76 .85 .83 .86 .82
290 30001 30021 30001 30001 .80 .78 .82 .76 .85 .83 .86 .82
300 30001 30021 30001 30001 .80 .78 .82 .76 .85 .83 .86 .82
310 30001 30021 30001 30001 .80 .78 .82 .76 .85 .83 .86 .82
320 30001 30021 30031 30001 .72 .72 .72 .76 .75 .72 .72 .76
330 30001 30021 30031 30001 .72 .72 .72 .76 .75 .72 .72 .76
340 30001 30021 30031 30001 .72 .72 .72 .76 .75 .72 .72 .76
350 30001 30021 30031 30001 .72 .72 .72 .76 .75 .72 .72 .76
360 30031 30021 30031 30031 .82 .97 .96 .99 .86 .97 .97 .99
370 30301 30301 30301 30301 1.00 1.00 1.00 1.00 1.00 1.00 1.00 1.00
380 30301 30301 30301 30301 1.00 1.00 1.00 1.00 1.00 1.00 1.00 1.00
390 30301 30301 30301 30301 1.00 1.00 1.00 1.00 1.00 1.00 1.00 1.00
400 30301 30301 30301 30301 1.00 1.00 1.00 1.00 1.00 1.00 1.00 1.00
410 30301 30301 30301 30301 1.00 1.00 1.00 1.00 1.00 1.00 1.00 1.00
420 30302 30301 30301 30301 .81 .99 .97 .97 .85 .99 .97 .98
430 30302 30301 30301 30301 .81 .99 .97 .97 .85 .99 .97 .98
440 30302 30301 30301 30301 .81 .99 .97 .97 .85 .99 .97 .98
450 30302 30301 30301 30301 .81 .99 .97 .97 .85 .99 .97 .98
460 30302 30302 30301 30302 .81 .99 .97 .97 .85 .99 .97 .98
470 30302 30302 30301 30302 .81 .99 .97 .97 .85 .99 .97 .98
480 30302 30302 30301 30302 .81 .99 .97 .97 .85 .99 .97 .98
490 30302 30302 30301 30302 .81 .99 .97 .97 .85 .99 .97 .98
500 30302 30302 30301 30302 .81 .99 .97 .97 .85 .99 .97 .98
510 30302 30302 30301 30302 .81 .99 .97 .97 .85 .99 .97 .98
520 30302 30302 30301 30302 .81 .99 .97 .97 .85 .99 .97 .98
530 30302 30302 30301 30302 .81 .99 .97 .97 .85 .99 .97 .98
540 30302 30302 30301 30302 .81 .99 .97 .97 .85 .99 .97 .98
550 30302 30302 30301 30302 .81 .99 .97 .97 .85 .99 .97 .98
560 30302 30302 30301 30302 .81 .99 .97 .97 .85 .99 .97 .98
570 30302 30302 30301 30302 .81 .99 .97 .97 .85 .99 .97 .98
580 30302 30302 30301 30302 .81 .99 .97 .97 .85 .99 .97 .98
590 30302 30302 30301 30302 .81 .99 .97 .97 .85 .99 .97 .98
600 30302 30302 30302 30302 1.00 1.00 1.00 1.00 1.00 1.00 1.00 1.00
610 30303 30303 30302 30303 .77 .91 .97 .99 .82 .93 .98 .99
620 30003 30003 30302 30003 .55 .68 .70 .74 .64 .76 .77 .80
630 30003 30003 30002 30003 .76 .96 .97 .99 .82 .97 .98 .99
640 30003 30003 30002 30003 .76 .96 .97 .99 .82 .97 .98 .99
650 30003 30003 30002 30003 .76 .96 .97 .99 .82 .97 .98 .99
660 30003 30003 30002 30003 .76 .96 .97 .99 .82 .97 .98 .99
670 30003 30003 30002 30003 .76 .96 .97 .99 .82 .97 .98 .99
680 30003 30003 30002 30003 .76 .96 .97 .99 .82 .97 .98 .99
690 30003 30003 30002 30003 .76 .96 .97 .99 .82 .97 .98 .99
700 30003 30003 30002 30003 .76 .96 .97 .99 .82 .97 .98 .99
710 03003 03003 00000 03003 .36 .36 .36 .36 .55 .55 .55 .55
720 03003 00000 00000 00000 -0.08 -0.08 -0.08 -0.08 -0.06 -0.06 -0.06 -0.06
730 00003 00000 00000 00000 1.0 1.0 1.0 1.0 1.0 1.0 1.0 1.0
740 00000 00000 00000 00000 1.0 1.0 1.0 1.0 1.0 1.0 1.0 1.0
750 00000 00000 00000 00000 1.0 1.0 1.0 1.0 1.0 1.0 1.0 1.0
760 00000 00000 00000 00000 1.0 1.0 1.0 1.0 1.0 1.0 1.0 1.0
770 00000 00000 00000 00000 1.0 1.0 1.0 1.0 1.0 1.0 1.0 1.0
780 00000 00000 00000 00000 1.0 1.0 1.0 1.0 1.0 1.0 1.0 1.0
790 00000 00000 00000 00000 1.0 1.0 1.0 1.0 1.0 1.0 1.0 1.0
800 00000 00000 00000 00000 1.0 1.0 1.0 1.0 1.0 1.0 1.0 1.0
810 00000 00000 00000 00000 1.0 1.0 1.0 1.0 1.0 1.0 1.0 1.0
820 00000 00000 00000 00000 1.0 1.0 1.0 1.0 1.0 1.0 1.0 1.0
830 00000 00000 00000 00000 1.0 1.0 1.0 1.0 1.0 1.0 1.0 1.0
840 00000 00000 00000 00000 1.0 1.0 1.0 1.0 1.0 1.0 1.0 1.0
850 00000 00000 00000 00000 1.0 1.0 1.0 1.0 1.0 1.0 1.0 1.0
860 03000 03000 00000 03000 .46 .46 .46 .46 .63 .63 .63 .63
870 30000 30000 30000 30000 1.00 1.00 1.00 1.00 1.00 1.00 1.00 1.00
880 30000 30000 30000 30000 1.00 1.00 1.00 1.00 1.00 1.00 1.00 1.00
890 30000 30000 30000 30000 1.00 1.00 1.00 1.00 1.00 1.00 1.00 1.00
900 30000 30000 30000 30000 1.00 1.00 1.00 1.00 1.00 1.00 1.00 1.00
910 30000 30000 30000 30000 1.00 1.00 1.00 1.00 1.00 1.00 1.00 1.00
920 03000 00000 30000 00000 -0.08 -0.08 -0.08 -0.08 -0.06 -0.06 -0.06 -0.06
930 03030 00030 00000 00030 .22 .22 .22 .22 .41 .41 .41 .41
940 03030 00000 00000 00000 -0.08 -0.08 -0.08 -0.08 -0.06 -0.06 -0.06 -0.06
950 03000 00000 00000 00000 1.0 1.0 1.0 1.0 1.0 1.0 1.0 1.0
960 03000 03000 00000 03000 .46 .46 .46 .46 .63 .63 .63 .63
970 03000 03000 00000 03000 .46 .46 .46 .46 .63 .63 .63 .63
980 30000 03000 00000 00000 -0.08 -0.08 -0.08 -0.08 -0.06 -0.06 -0.06 -0.06
990 30000 30000 30000 30000 1.00 1.00 1.00 1.00 1.00 1.00 1.00 1.00
1000 30000 30000 30000 30000 1.00 1.00 1.00 1.00 1.00 1.00 1.00 1.00
1010 30000 30000 30000 30000 1.00 1.00 1.00 1.00 1.00 1.00 1.00 1.00
1020 30000 30000 30000 30000 1.00 1.00 1.00 1.00 1.00 1.00 1.00 1.00
1030 30000 30000 30000 30000 1.00 1.00 1.00 1.00 1.00 1.00 1.00 1.00
1040 30000 30000 30000 30000 1.00 1.00 1.00 1.00 1.00 1.00 1.00 1.00
1050 30000 30030 30000 30000 .68 .68 .68 .68 .75 .75 .75 .75
1060 03000 03030 30000 03000 .05 .05 .05 .05 .24 .24 .24 .24
1070 03030 03030 30000 03030 .16 .16 .16 .16 .37 .37 .37 .37
1080 03030 03030 30000 03030 .16 .16 .16 .16 .37 .37 .37 .37
1090 30030 30030 30000 30030 .72 .72 .72 .72 .79 .79 .79 .79
1100 30030 30030 30030 30030 1.00 1.00 1.00 1.00 1.00 1.00 1.00 1.00
1110 30030 30030 30030 30030 1.00 1.00 1.00 1.00 1.00 1.00 1.00 1.00
1120 30030 30030 30030 30030 1.00 1.00 1.00 1.00 1.00 1.00 1.00 1.00
1130 30030 30030 30000 30030 .72 .72 .72 .72 .79 .79 .79 .79
1140 30000 30000 30000 30000 1.00 1.00 1.00 1.00 1.00 1.00 1.00 1.00
1150 30000 30000 30000 30000 1.00 1.00 1.00 1.00 1.00 1.00 1.00 1.00
1160 30000 30000 30000 30000 1.00 1.00 1.00 1.00 1.00 1.00 1.00 1.00
1170 30000 30000 30000 30000 1.00 1.00 1.00 1.00 1.00 1.00 1.00 1.00
1180 30000 30000 30000 30000 1.00 1.00 1.00 1.00 1.00 1.00 1.00 1.00
1190 30000 30030 30000 30000 .68 .68 .68 .68 .75 .75 .75 .75
1200 30000 30030 30000 30000 .68 .68 .68 .68 .75 .75 .75 .75
1210 30000 30030 30000 30000 .68 .68 .68 .68 .75 .75 .75 .75
1220 30000 30030 30000 30000 .68 .68 .68 .68 .75 .75 .75 .75
1230 30000 30030 30000 30000 .68 .68 .68 .68 .75 .75 .75 .75
1240 30000 30030 30000 30000 .68 .68 .68 .68 .75 .75 .75 .75
1250 30000 30000 30000 30000 1.00 1.00 1.00 1.00 1.00 1.00 1.00 1.00
1260 30000 30000 30000 30000 1.00 1.00 1.00 1.00 1.00 1.00 1.00 1.00
1270 30000 30030 30000 30000 .68 .68 .68 .68 .75 .75 .75 .75
1280 30000 30030 30000 30000 .68 .68 .68 .68 .75 .75 .75 .75
1290 30000 30030 30000 30000 .68 .68 .68 .68 .75 .75 .75 .75
1300 30001 30030 30000 30000 .48 .54 .64 .45 .57 .63 .71 .55
1310 30001 30031 30031 30031 .80 .68 .68 .77 .85 .76 .76 .82
1320 30001 30031 30031 30031 .80 .68 .68 .77 .85 .76 .76 .82
1330 30001 30031 30031 30031 .80 .68 .68 .77 .85 .76 .76 .82
1340 30001 30031 30031 30031 .80 .68 .68 .77 .85 .76 .76 .82
1350 30001 30031 30031 30031 .80 .68 .68 .77 .85 .76 .76 .82
1360 30001 30031 30031 30031 .80 .68 .68 .77 .85 .76 .76 .82
1370 30001 30031 30031 30031 .80 .68 .68 .77 .85 .76 .76 .82
1380 30001 30031 30031 30031 .80 .68 .68 .77 .85 .76 .76 .82
1390 30001 30031 30031 30031 .80 .68 .68 .77 .85 .76 .76 .82
1400 30001 30031 30031 30031 .80 .68 .68 .77 .85 .76 .76 .82
1410 30001 30031 30031 30031 .80 .68 .68 .77 .85 .76 .76 .82
1420 30001 30031 30031 30031 .80 .68 .68 .77 .85 .76 .76 .82
1430 30001 30031 30031 30031 .80 .68 .68 .77 .85 .76 .76 .82
1440 30001 30031 30031 30031 .80 .68 .68 .77 .85 .76 .76 .82
1450 30001 30031 30031 30031 .80 .68 .68 .77 .85 .76 .76 .82
1460 30001 30031 30031 30031 .80 .68 .68 .77 .85 .76 .76 .82
1470 30001 30031 30031 30031 .80 .68 .68 .77 .85 .76 .76 .82
1480 30031 30031 30031 30031 1.00 1.00 1.00 1.00 1.00 1.00 1.00 1.00
1490 30301 30301 30301 30301 1.00 1.00 1.00 1.00 1.00 1.00 1.00 1.00
1500 30301 30301 30301 30301 1.00 1.00 1.00 1.00 1.00 1.00 1.00 1.00
1510 30301 30301 30301 30301 1.00 1.00 1.00 1.00 1.00 1.00 1.00 1.00
1520 30301 30301 30301 30301 1.00 1.00 1.00 1.00 1.00 1.00 1.00 1.00
1530 30301 30301 30301 30301 1.00 1.00 1.00 1.00 1.00 1.00 1.00 1.00
1540 30302 30301 30301 30301 .81 .99 .97 .97 .85 .99 .97 .98
1550 30302 30302 30301 30302 .81 .99 .97 .97 .85 .99 .97 .98
1560 30302 30302 30301 30302 .81 .99 .97 .97 .85 .99 .97 .98
1570 30302 30302 30301 30302 .81 .99 .97 .97 .85 .99 .97 .98
1580 30302 30302 30301 30302 .81 .99 .97 .97 .85 .99 .97 .98
1590 30302 30302 30302 30302 1.00 1.00 1.00 1.00 1.00 1.00 1.00 1.00
1600 30302 30302 30302 30302 1.00 1.00 1.00 1.00 1.00 1.00 1.00 1.00
1610 30302 30302 30302 30302 1.00 1.00 1.00 1.00 1.00 1.00 1.00 1.00
1620 30303 30303 30302 30303 .77 .91 .97 .99 .82 .93 .98 .99
1630 30003 30003 30002 30003 .76 .96 .97 .99 .82 .97 .98 .99
1640 30003 30003 30002 30003 .76 .96 .97 .99 .82 .97 .98 .99
1650 30003 30003 30002 30003 .76 .96 .97 .99 .82 .97 .98 .99
1660 00003 00000 00002 00003 .22 .46 .42 .45 .40 .62 .60 .62
1670 00003 00000 00002 00003 .22 .46 .42 .45 .40 .62 .60 .62
1680 00003 00000 00002 00003 .22 .46 .42 .45 .40 .62 .60 .62
1690 00003 00000 00002 00003 .22 .46 .42 .45 .40 .62 .60 .62
1700 00003 00000 00002 00003 .22 .46 .42 .45 .40 .62 .60 .62
1710 00003 00000 00002 00003 .22 .46 .42 .45 .40 .62 .60 .62
1720 00003 00000 00002 00003 .22 .46 .42 .45 .40 .62 .60 .62
1730 00003 00000 00002 00003 .22 .46 .42 .45 .40 .62 .60 .62
1740 00003 00000 00002 00003 .22 .46 .42 .45 .40 .62 .60 .62
