0 00000 00000 00000 00000 1.0 1.0 1.0 1.0 1.0 1.0 1.0 1.0
10 00000 00000 00000 00000 1.0 1.0 1.0 1.0 1.0 1.0 1.0 1.0
20 00000 00000 00000 00000 1.0 1.0 1.0 1.0 1.0 1.0 1.0 1.0
30 00000 00000 00000 00000 1.0 1.0 1.0 1.0 1.0 1.0 1.0 1.0
40 00300 00300 00030 00300 .22 .22 .22 .22 .41 .41 .41 .41
50 00300 00300 00300 00300 1.00 1.00 1.00 1.00 1.00 1.00 1.00 1.00
60 00300 00300 00300 00300 1.00 1.00 1.00 1.00 1.00 1.00 1.00 1.00
70 00300 00300 00300 00300 1.00 1.00 1.00 1.00 1.00 1.00 1.00 1.00
80 00300 00300 00300 00300 1.00 1.00 1.00 1.00 1.00 1.00 1.00 1.00
90 00300 00300 00300 00300 1.00 1.00 1.00 1.00 1.00 1.00 1.00 1.00
100 00300 00300 00300 00300 1.00 1.00 1.00 1.00 1.00 1.00 1.00 1.00
110 00300 00300 00300 00300 1.00 1.00 1.00 1.00 1.00 1.00 1.00 1.00
120 00300 00300 00300 00300 1.00 1.00 1.00 1.00 1.00 1.00 1.00 1.00
130 00300 00300 00300 00300 1.00 1.00 1.00 1.00 1.00 1.00 1.00 1.00
140 00300 00300 03300 00300 .68 .68 .68 .68 .75 .75 .75 .75
150 00300 00300 03300 00300 .68 .68 .68 .68 .75 .75 .75 .75
160 03300 00300 03300 03300 .72 .72 .72 .72 .79 .79 .79 .79
170 03300 00300 30300 00300 .44 .44 .44 .44 .55 .55 .55 .55
180 03300 00300 03300 03300 .72 .72 .72 .72 .79 .79 .79 .79
190 00300 00300 00300 00300 1.00 1.00 1.00 1.00 1.00 1.00 1.00 1.00
200 00300 00300 03300 00300 .68 .68 .68 .68 .75 .75 .75 .75
210 00300 00300 03300 00300 .68 .68 .68 .68 .75 .75 .75 .75
220 00300 00300 30300 00300 .68 .68 .68 .68 .75 .75 .75 .75
230 00300 30300 30300 30300 .72 .72 .72 .72 .79 .79 .79 .79
240 00030 30030 30000 30030 .36 .36 .36 .36 .55 .55 .55 .55
250 00030 00030 00030 00030 1.00 1.00 1.00 1.00 1.00 1.00 1.00 1.00
260 00030 00030 00030 00030 1.00 1.00 1.00 1.00 1.00 1.00 1.00 1.00
270 00300 00300 00300 00300 1.00 1.00 1.00 1.00 1.00 1.00 1.00 1.00
280 00300 00300 30300 00300 .68 .68 .68 .68 .75 .75 .75 .75
290 00300 00300 30300 00300 .68 .68 .68 .68 .75 .75 .75 .75
300 00300 00300 30300 00300 .68 .68 .68 .68 .75 .75 .75 .75
310 00300 00300 30300 00300 .68 .68 .68 .68 .75 .75 .75 .75
320 00300 00300 30300 00300 .68 .68 .68 .68 .75 .75 .75 .75
330 00300 00300 30300 00300 .68 .68 .68 .68 .75 .75 .75 .75
340 00300 00300 30300 00300 .68 .68 .68 .68 .75 .75 .75 .75
350 00300 00300 30300 00300 .68 .68 .68 .68 .75 .75 .75 .75
360 03300 03300 30300 03300 .48 .48 .48 .48 .60 .60 .60 .60
370 30300 30300 30300 30300 1.00 1.00 1.00 1.00 1.00 1.00 1.00 1.00
380 30030 30030 30030 30030 1.00 1.00 1.00 1.00 1.00 1.00 1.00 1.00
390 30030 30000 30030 30030 .72 .72 .72 .72 .79 .79 .79 .79
400 30000 30000 30000 30000 1.00 1.00 1.00 1.00 1.00 1.00 1.00 1.00
410 30000 30000 30000 30000 1.00 1.00 1.00 1.00 1.00 1.00 1.00 1.00
420 30000 30000 30000 30000 1.00 1.00 1.00 1.00 1.00 1.00 1.00 1.00
430 30000 30000 30000 30000 1.00 1.00 1.00 1.00 1.00 1.00 1.00 1.00
440 30000 30000 30030 30000 .68 .68 .68 .68 .75 .75 .75 .75
450 30000 30000 30030 30000 .68 .68 .68 .68 .75 .75 .75 .75
460 30000 30000 30030 30000 .68 .68 .68 .68 .75 .75 .75 .75
470 30000 30000 30030 30000 .68 .68 .68 .68 .75 .75 .75 .75
480 30000 30000 30030 30000 .68 .68 .68 .68 .75 .75 .75 .75
490 30000 30000 30030 30000 .68 .68 .68 .68 .75 .75 .75 .75
500 30001 30001 30030 30001 .55 .55 .63 .50 .66 .65 .70 .62
510 30001 30001 30030 30001 .55 .55 .63 .50 .66 .65 .70 .62
520 30000 30000 30000 30000 1.00 1.00 1.00 1.00 1.00 1.00 1.00 1.00
530 30000 30000 30000 30000 1.00 1.00 1.00 1.00 1.00 1.00 1.00 1.00
540 30000 30000 30000 30000 1.00 1.00 1.00 1.00 1.00 1.00 1.00 1.00
550 30000 30000 30030 30000 .68 .68 .68 .68 .75 .75 .75 .75
560 30000 30000 30030 30000 .68 .68 .68 .68 .75 .75 .75 .75
570 30000 30000 30030 30000 .68 .68 .68 .68 .75 .75 .75 .75
580 30000 30000 30030 30000 .68 .68 .68 .68 .75 .75 .75 .75
590 30000 30000 30030 30000 .68 .68 .68 .68 .75 .75 .75 .75
600 30000 30000 30030 30000 .68 .68 .68 .68 .75 .75 .75 .75
610 30000 30000 30030 30000 .68 .68 .68 .68 .75 .75 .75 .75
620 30000 30000 30030 30000 .68 .68 .68 .68 .75 .75 .75 .75
630 30001 30001 30030 30001 .55 .55 .63 .50 .66 .65 .70 .62
640 30001 30001 30030 30001 .55 .55 .63 .50 .66 .65 .70 .62
650 30001 30001 30031 30001 .79 .67 .65 .76 .84 .75 .72 .82
660 30001 30001 30031 30001 .79 .67 .65 .76 .84 .75 .72 .82
670 30001 30001 30031 30001 .79 .67 .65 .76 .84 .75 .72 .82
680 30001 30001 30031 30001 .79 .67 .65 .76 .84 .75 .72 .82
690 30001 30001 30031 30001 .79 .67 .65 .76 .84 .75 .72 .82
700 30001 30001 30031 30001 .79 .67 .65 .76 .84 .75 .72 .82
710 30001 30001 30031 30001 .79 .67 .65 .76 .84 .75 .72 .82
720 30001 30001 30031 30001 .79 .67 .65 .76 .84 .75 .72 .82
730 30001 30001 30031 30001 .79 .67 .65 .76 .84 .75 .72 .82
740 30001 30001 30031 30001 .79 .67 .65 .76 .84 .75 .72 .82
750 30001 30001 30031 30001 .79 .67 .65 .76 .84 .75 .72 .82
760 30001 30001 30031 30001 .79 .67 .65 .76 .84 .75 .72 .82
770 30001 30001 30031 30001 .79 .67 .65 .76 .84 .75 .72 .82
780 30001 30001 30031 30001 .79 .67 .65 .76 .84 .75 .72 .82
790 30001 30001 30031 30001 .79 .67 .65 .76 .84 .75 .72 .82
800 30301 30301 30031 30301 .61 .38 .39 .52 .70 .52 .54 .63
810 30301 30301 30301 30301 1.00 1.00 1.00 1.00 1.00 1.00 1.00 1.00
820 30302 30301 30301 30301 .81 .99 .97 .97 .85 .99 .97 .98
830 30302 30302 30301 30302 .81 .99 .97 .97 .85 .99 .97 .98
840 30302 30302 30301 30302 .81 .99 .97 .97 .85 .99 .97 .98
850 30302 30302 30301 30302 .81 .99 .97 .97 .85 .99 .97 .98
860 30302 30302 30301 30302 .81 .99 .97 .97 .85 .99 .97 .98
870 30302 30302 00301 30302 .62 .68 .66 .73 .71 .76 .74 .79
880 30302 30302 00301 30302 .62 .68 .66 .73 .71 .76 .74 .79
890 30302 00302 00301 00302 .60 .67 .64 .73 .69 .74 .72 .79
900 30302 00302 00301 00302 .60 .67 .64 .73 .69 .74 .72 .79
910 30302 00302 00301 00302 .60 .67 .64 .73 .69 .74 .72 .79
920 00302 00302 00301 00302 .78 .99 .96 .97 .83 .99 .97 .98
930 00302 00302 00301 00302 .78 .99 .96 .97 .83 .99 .97 .98
940 00302 00302 00301 00302 .78 .99 .96 .97 .83 .99 .97 .98
950 03302 00302 00301 00302 .60 .67 .64 .73 .69 .74 .72 .79
960 03302 00302 03301 03302 .62 .68 .66 .73 .71 .76 .74 .79
970 03302 00302 03301 03302 .62 .68 .66 .73 .71 .76 .74 .79
980 30302 00302 03301 00302 .42 .37 .35 .49 .55 .51 .50 .61
990 30302 30302 30302 30302 1.00 1.00 1.00 1.00 1.00 1.00 1.00 1.00
1000 30302 30302 30302 30302 1.00 1.00 1.00 1.00 1.00 1.00 1.00 1.00
1010 30302 30302 30302 30302 1.00 1.00 1.00 1.00 1.00 1.00 1.00 1.00
1020 30302 30302 30302 30302 1.00 1.00 1.00 1.00 1.00 1.00 1.00 1.00
1030 30303 30302 30303 30303 .77 .91 .97 .99 .82 .93 .98 .99
1040 30303 30302 30303 30303 .77 .91 .97 .99 .82 .93 .98 .99
1050 30303 30303 30303 30303 1.00 1.00 1.00 1.00 1.00 1.00 1.00 1.00
1060 30303 30303 30303 30303 1.00 1.00 1.00 1.00 1.00 1.00 1.00 1.00
1070 30303 30303 30303 30303 1.00 1.00 1.00 1.00 1.00 1.00 1.00 1.00
1080 30303 30303 30303 30303 1.00 1.00 1.00 1.00 1.00 1.00 1.00 1.00
1090 30303 30303 30303 30303 1.00 1.00 1.00 1.00 1.00 1.00 1.00 1.00
1100 30303 30303 30303 30303 1.00 1.00 1.00 1.00 1.00 1.00 1.00 1.00
1110 00003 00303 00303 00303 .72 .72 .72 .72 .79 .79 .79 .79
1120 00003 00000 00000 00000 1.0 1.0 1.0 1.0 1.0 1.0 1.0 1.0
1130 00003 00000 00000 00000 1.0 1.0 1.0 1.0 1.0 1.0 1.0 1.0
1140 00003 00000 00000 00000 1.0 1.0 1.0 1.0 1.0 1.0 1.0 1.0
1150 00003 00000 03003 00003 .22 .22 .22 .22 .41 .41 .41 .41
1160 00003 00000 03003 00003 .22 .22 .22 .22 .41 .41 .41 .41
1170 00003 00000 03003 00003 .22 .22 .22 .22 .41 .41 .41 .41
1180 00003 00000 03003 00003 .22 .22 .22 .22 .41 .41 .41 .41
1190 00003 00000 03003 00003 .22 .22 .22 .22 .41 .41 .41 .41
1200 30003 00000 30003 30003 .36 .36 .36 .36 .55 .55 .55 .55
1210 30003 30000 30003 30003 .72 .72 .72 .72 .79 .79 .79 .79
1220 30003 30000 30003 30003 .72 .72 .72 .72 .79 .79 .79 .79
1230 30003 30000 30003 30003 .72 .72 .72 .72 .79 .79 .79 .79
1240 30003 30000 30003 30003 .72 .72 .72 .72 .79 .79 .79 .79
1250 30003 30000 30003 30003 .72 .72 .72 .72 .79 .79 .79 .79
1260 30033 30000 30003 30003 .48 .48 .48 .48 .60 .60 .60 .60
1270 30033 30002 30003 30003 .55 .68 .70 .74 .64 .76 .77 .80
1280 30303 30302 30303 30303 .77 .91 .97 .99 .82 .93 .98 .99
1290 30303 30302 30303 30303 .77 .91 .97 .99 .82 .93 .98 .99
1300 30303 30303 30303 30303 1.00 1.00 1.00 1.00 1.00 1.00 1.00 1.00
1310 30303 30303 30303 30303 1.00 1.00 1.00 1.00 1.00 1.00 1.00 1.00
1320 30303 30303 30303 30303 1.00 1.00 1.00 1.00 1.00 1.00 1.00 1.00
1330 30303 30303 30303 30303 1.00 1.00 1.00 1.00 1.00 1.00 1.00 1.00
1340 30303 30303 30303 30303 1.00 1.00 1.00 1.00 1.00 1.00 1.00 1.00
1350 30303 30303 30303 30303 1.00 1.00 1.00 1.00 1.00 1.00 1.00 1.00
1360 00003 00000 00000 00000 1.0 1.0 1.0 1.0 1.0 1.0 1.0 1.0
1370 00000 00000 00000 00000 1.0 1.0 1.0 1.0 1.0 1.0 1.0 1.0
1380 00000 00000 00000 00000 1.0 1.0 1.0 1.0 1.0 1.0 1.0 1.0
1390 00000 00000 00000 00000 1.0 1.0 1.0 1.0 1.0 1.0 1.0 1.0
1400 00000 00000 00000 00000 1.0 1.0 1.0 1.0 1.0 1.0 1.0 1.0
1410 00000 00000 00000 00000 1.0 1.0 1.0 1.0 1.0 1.0 1.0 1.0
1420 00000 00000 00000 00000 1.0 1.0 1.0 1.0 1.0 1.0 1.0 1.0
1430 00000 00000 00000 00000 1.0 1.0 1.0 1.0 1.0 1.0 1.0 1.0
1440 00000 00000 00000 00000 1.0 1.0 1.0 1.0 1.0 1.0 1.0 1.0
1450 00030 00300 00300 00300 .22 .22 .22 .22 .41 .41 .41 .41
1460 00300 00300 00300 00300 1.00 1.00 1.00 1.00 1.00 1.00 1.00 1.00
1470 00300 00300 00300 00300 1.00 1.00 1.00 1.00 1.00 1.00 1.00 1.00
1480 00300 00300 00300 00300 1.00 1.00 1.00 1.00 1.00 1.00 1.00 1.00
1490 00300 00300 00300 00300 1.00 1.00 1.00 1.00 1.00 1.00 1.00 1.00
1500 00300 00300 00300 00300 1.00 1.00 1.00 1.00 1.00 1.00 1.00 1.00
1510 00300 00300 03300 00300 .68 .68 .68 .68 .75 .75 .75 .75
1520 00300 00300 03300 00300 .68 .68 .68 .68 .75 .75 .75 .75
1530 00300 00300 30300 00300 .68 .68 .68 .68 .75 .75 .75 .75
1540 03300 00300 30300 00300 .44 .44 .44 .44 .55 .55 .55 .55
1550 03300 00300 03300 03300 .72 .72 .72 .72 .79 .79 .79 .79
1560 03300 00300 03300 03300 .72 .72 .72 .72 .79 .79 .79 .79
1570 30300 00300 30300 30300 .72 .72 .72 .72 .79 .79 .79 .79
1580 30030 30300 30300 30300 .48 .48 .48 .48 .60 .60 .60 .60
1590 30030 30000 30030 30030 .72 .72 .72 .72 .79 .79 .79 .79
1600 30000 30000 30000 30000 1.00 1.00 1.00 1.00 1.00 1.00 1.00 1.00
1610 30000 30000 30000 30000 1.00 1.00 1.00 1.00 1.00 1.00 1.00 1.00
1620 30000 30000 30000 30000 1.00 1.00 1.00 1.00 1.00 1.00 1.00 1.00
1630 30000 30000 30000 30000 1.00 1.00 1.00 1.00 1.00 1.00 1.00 1.00
1640 30000 30000 30030 30000 .68 .68 .68 .68 .75 .75 .75 .75
1650 30000 30000 30030 30000 .68 .68 .68 .68 .75 .75 .75 .75
1660 30000 30000 30030 30000 .68 .68 .68 .68 .75 .75 .75 .75
1670 30000 30000 30030 30000 .68 .68 .68 .68 .75 .75 .75 .75
1680 30000 30000 30030 30000 .68 .68 .68 .68 .75 .75 .75 .75
1690 30000 30000 30030 30000 .68 .68 .68 .68 .75 .75 .75 .75
1700 30000 30000 30030 30000 .68 .68 .68 .68 .75 .75 .75 .75
1710 30000 30000 30030 30000 .68 .68 .68 .68 .75 .75 .75 .75
1720 30000 30000 30030 30000 .68 .68 .68 .68 .75 .75 .75 .75
1730 30000 30000 30030 30000 .68 .68 .68 .68 .75 .75 .75 .75
1740 30000 30000 30030 30000 .68 .68 .68 .68 .75 .75 .75 .75
1750 30000 30000 30030 30000 .68 .68 .68 .68 .75 .75 .75 .75
1760 30001 30001 30030 30001 .55 .55 .63 .50 .66 .65 .70 .62
1770 30001 30001 30030 30001 .55 .55 .63 .50 .66 .65 .70 .62
1780 30001 30001 30030 30001 .55 .55 .63 .50 .66 .65 .70 .62
1790 30001 30001 30030 30001 .55 .55 .63 .50 .66 .65 .70 .62
1800 30001 30001 30031 30001 .79 .67 .65 .76 .84 .75 .72 .82
1810 30001 30001 30031 30001 .79 .67 .65 .76 .84 .75 .72 .82
1820 30001 30001 30031 30001 .79 .67 .65 .76 .84 .75 .72 .82
1830 30001 30001 30031 30001 .79 .67 .65 .76 .84 .75 .72 .82
1840 30001 30001 30031 30001 .79 .67 .65 .76 .84 .75 .72 .82
1850 30001 30001 30031 30001 .79 .67 .65 .76 .84 .75 .72 .82
1860 30001 30001 30031 30001 .79 .67 .65 .76 .84 .75 .72 .82
1870 30001 30001 30031 30001 .79 .67 .65 .76 .84 .75 .72 .82
1880 30001 30001 30031 30001 .79 .67 .65 .76 .84 .75 .72 .82
1890 30001 30001 30031 30001 .79 .67 .65 .76 .84 .75 .72 .82
1900 30001 30001 30031 30001 .79 .67 .65 .76 .84 .75 .72 .82
1910 30001 30001 30031 30001 .79 .67 .65 .76 .84 .75 .72 .82
1920 30001 30001 30031 30001 .79 .67 .65 .76 .84 .75 .72 .82
1930 30001 30001 30031 30001 .79 .67 .65 .76 .84 .75 .72 .82
1940 30001 30001 30031 30001 .79 .67 .65 .76 .84 .75 .72 .82
1950 30001 30001 30301 30001 .79 .67 .65 .76 .84 .75 .72 .82
1960 30001 30001 30301 30001 .79 .67 .65 .76 .84 .75 .72 .82
1970 30001 30031 30301 30001 .61 .37 .36 .53 .69 .51 .49 .64
1980 30301 30031 30301 30301 .61 .38 .39 .52 .70 .52 .54 .63
1990 30301 30031 30301 30301 .61 .38 .39 .52 .70 .52 .54 .63
2000 30301 30301 30301 30301 1.00 1.00 1.00 1.00 1.00 1.00 1.00 1.00
2010 30301 30301 30301 30301 1.00 1.00 1.00 1.00 1.00 1.00 1.00 1.00
2020 30301 30301 30301 30301 1.00 1.00 1.00 1.00 1.00 1.00 1.00 1.00
2030 30301 30301 30301 30301 1.00 1.00 1.00 1.00 1.00 1.00 1.00 1.00
2040 30301 30301 30301 30301 1.00 1.00 1.00 1.00 1.00 1.00 1.00 1.00
2050 30301 30301 30301 30301 1.00 1.00 1.00 1.00 1.00 1.00 1.00 1.00
2060 30301 30301 30301 30301 1.00 1.00 1.00 1.00 1.00 1.00 1.00 1.00
2070 30301 30301 30301 30301 1.00 1.00 1.00 1.00 1.00 1.00 1.00 1.00
2080 30301 30301 30301 30301 1.00 1.00 1.00 1.00 1.00 1.00 1.00 1.00
2090 30301 30301 30301 30301 1.00 1.00 1.00 1.00 1.00 1.00 1.00 1.00
2100 30302 30301 30301 30301 .81 .99 .97 .97 .85 .99 .97 .98
2110 30302 30302 30301 30302 .81 .99 .97 .97 .85 .99 .97 .98
2120 30302 30302 30301 30302 .81 .99 .97 .97 .85 .99 .97 .98
2130 30302 30302 30302 30302 1.00 1.00 1.00 1.00 1.00 1.00 1.00 1.00
2140 30302 30302 30302 30302 1.00 1.00 1.00 1.00 1.00 1.00 1.00 1.00
2150 30302 30302 30302 30302 1.00 1.00 1.00 1.00 1.00 1.00 1.00 1.00
2160 30303 30303 30302 30303 .77 .91 .97 .99 .82 .93 .98 .99
2170 30303 30303 30302 30303 .77 .91 .97 .99 .82 .93 .98 .99
2180 30303 30303 30302 30303 .77 .91 .97 .99 .82 .93 .98 .99
2190 30303 30303 30302 30303 .77 .91 .97 .99 .82 .93 .98 .99
2200 30303 30303 30302 30303 .77 .91 .97 .99 .82 .93 .98 .99
2210 00303 03033 30303 00303 1.0 1.0 1.0 1.0 .24 .24 .24 .24
2220 00033 03033 30303 00033 1.0 1.0 1.0 1.0 .24 .24 .24 .24
2230 00003 00000 00000 00000 1.0 1.0 1.0 1.0 1.0 1.0 1.0 1.0
2240 00003 00000 00000 00000 1.0 1.0 1.0 1.0 1.0 1.0 1.0 1.0
2250 00003 00000 00000 00000 1.0 1.0 1.0 1.0 1.0 1.0 1.0 1.0
2260 00003 00000 00000 00000 1.0 1.0 1.0 1.0 1.0 1.0 1.0 1.0
2270 00003 00000 00000 00000 1.0 1.0 1.0 1.0 1.0 1.0 1.0 1.0
2280 00003 00000 00000 00000 1.0 1.0 1.0 1.0 1.0 1.0 1.0 1.0
2290 00003 00000 00000 00000 1.0 1.0 1.0 1.0 1.0 1.0 1.0 1.0
2300 00003 03003 03003 03003 .72 .72 .72 .72 .79 .79 .79 .79
2310 00003 03003 03003 03003 .72 .72 .72 .72 .79 .79 .79 .79
2320 00003 03003 00000 00003 .22 .22 .22 .22 .41 .41 .41 .41
2330 00003 00000 00000 00000 1.0 1.0 1.0 1.0 1.0 1.0 1.0 1.0
2340 00003 00000 00000 00000 1.0 1.0 1.0 1.0 1.0 1.0 1.0 1.0
2350 00003 00000 01013 00003 .13 .13 .35 .07 .30 .34 .54 .25
2360 00003 00000 01013 00003 .13 .13 .35 .07 .30 .34 .54 .25
2370 00003 00000 01013 00003 .13 .13 .35 .07 .30 .34 .54 .25
2380 00003 00000 01013 00003 .13 .13 .35 .07 .30 .34 .54 .25
2390 00003 00000 01013 00003 .13 .13 .35 .07 .30 .34 .54 .25
2400 00003 00000 01013 00003 .13 .13 .35 .07 .30 .34 .54 .25
2410 00003 00000 01013 00003 .13 .13 .35 .07 .30 .34 .54 .25
2420 00003 00000 01013 00003 .13 .13 .35 .07 .30 .34 .54 .25
