0 00000 00000 00000 00000 1.0 1.0 1.0 1.0 1.0 1.0 1.0 1.0
10 00000 00000 00000 00000 1.0 1.0 1.0 1.0 1.0 1.0 1.0 1.0
20 00000 00000 00000 00000 1.0 1.0 1.0 1.0 1.0 1.0 1.0 1.0
30 00000 00000 00000 00000 1.0 1.0 1.0 1.0 1.0 1.0 1.0 1.0
40 00000 00000 00000 00000 1.0 1.0 1.0 1.0 1.0 1.0 1.0 1.0
50 00300 00030 00030 00030 .22 .22 .22 .22 .41 .41 .41 .41
60 00300 00300 00030 00300 .22 .22 .22 .22 .41 .41 .41 .41
70 00300 00300 00300 00300 1.00 1.00 1.00 1.00 1.00 1.00 1.00 1.00
80 00300 00300 00300 00300 1.00 1.00 1.00 1.00 1.00 1.00 1.00 1.00
90 00300 00300 00300 00300 1.00 1.00 1.00 1.00 1.00 1.00 1.00 1.00
100 00300 00300 00300 00300 1.00 1.00 1.00 1.00 1.00 1.00 1.00 1.00
110 00300 00300 00300 00300 1.00 1.00 1.00 1.00 1.00 1.00 1.00 1.00
120 00300 00300 00300 00300 1.00 1.00 1.00 1.00 1.00 1.00 1.00 1.00
130 00300 00300 03300 00300 .68 .68 .68 .68 .75 .75 .75 .75
140 00300 00300 30300 00300 .68 .68 .68 .68 .75 .75 .75 .75
150 00300 03300 30300 00300 .44 .44 .44 .44 .55 .55 .55 .55
160 30300 30300 30300 30300 1.00 1.00 1.00 1.00 1.00 1.00 1.00 1.00
170 30030 30300 30300 30300 .48 .48 .48 .48 .60 .60 .60 .60
180 30030 30300 30300 30300 .48 .48 .48 .48 .60 .60 .60 .60
190 30030 30300 30300 30300 .48 .48 .48 .48 .60 .60 .60 .60
200 30030 30030 30030 30030 1.00 1.00 1.00 1.00 1.00 1.00 1.00 1.00
210 30030 30030 30030 30030 1.00 1.00 1.00 1.00 1.00 1.00 1.00 1.00
220 30030 30030 30030 30030 1.00 1.00 1.00 1.00 1.00 1.00 1.00 1.00
230 30000 30000 30000 30000 1.00 1.00 1.00 1.00 1.00 1.00 1.00 1.00
240 30000 30000 30000 30000 1.00 1.00 1.00 1.00 1.00 1.00 1.00 1.00
250 30000 30001 30000 30000 .70 .80 .96 .69 .76 .84 .97 .75
260 30000 30001 30000 30000 .70 .80 .96 .69 .76 .84 .97 .75
270 30000 30001 30000 30000 .70 .80 .96 .69 .76 .84 .97 .75
280 30000 30001 30030 30000 .48 .54 .64 .45 .57 .63 .71 .55
290 30000 30001 30030 30000 .48 .54 .64 .45 .57 .63 .71 .55
300 30000 30001 30030 30000 .48 .54 .64 .45 .57 .63 .71 .55
310 30000 30001 30030 30000 .48 .54 .64 .45 .57 .63 .71 .55
320 30000 30001 30030 30000 .48 .54 .64 .45 .57 .63 .71 .55
330 30000 30001 30030 30000 .48 .54 .64 .45 .57 .63 .71 .55
340 30001 30001 30030 30001 .55 .55 .63 .50 .66 .65 .70 .62
350 30001 30001 30031 30001 .79 .67 .65 .76 .84 .75 .72 .82
360 30001 30001 30031 30001 .79 .67 .65 .76 .84 .75 .72 .82
370 30001 30001 30031 30001 .79 .67 .65 .76 .84 .75 .72 .82
380 30001 30001 30031 30001 .79 .67 .65 .76 .84 .75 .72 .82
390 30001 30001 30031 30001 .79 .67 .65 .76 .84 .75 .72 .82
400 30001 30001 30031 30001 .79 .67 .65 .76 .84 .75 .72 .82
410 30001 30001 30031 30001 .79 .67 .65 .76 .84 .75 .72 .82
420 30001 30001 30031 30001 .79 .67 .65 .76 .84 .75 .72 .82
430 30001 30001 30031 30001 .79 .67 .65 .76 .84 .75 .72 .82
440 30001 30001 30301 30001 .79 .67 .65 .76 .84 .75 .72 .82
450 30001 30001 30301 30001 .79 .67 .65 .76 .84 .75 .72 .82
460 30031 30001 30301 30001 .61 .37 .36 .53 .69 .51 .49 .64
470 30301 30001 30301 30301 .80 .68 .68 .77 .85 .76 .76 .82
480 30301 30031 30301 30301 .61 .38 .39 .52 .70 .52 .54 .63
490 30301 30031 30301 30301 .61 .38 .39 .52 .70 .52 .54 .63
500 30301 30301 30301 30301 1.00 1.00 1.00 1.00 1.00 1.00 1.00 1.00
510 30301 30301 30301 30301 1.00 1.00 1.00 1.00 1.00 1.00 1.00 1.00
520 30301 30301 30301 30301 1.00 1.00 1.00 1.00 1.00 1.00 1.00 1.00
530 30301 30301 30301 30301 1.00 1.00 1.00 1.00 1.00 1.00 1.00 1.00
540 30301 30301 30301 30301 1.00 1.00 1.00 1.00 1.00 1.00 1.00 1.00
550 30301 30301 30301 30301 1.00 1.00 1.00 1.00 1.00 1.00 1.00 1.00
560 30301 30302 30301 30301 .81 .99 .97 .97 .85 .99 .97 .98
570 30301 30302 30301 30301 .81 .99 .97 .97 .85 .99 .97 .98
580 30301 30302 30301 30301 .81 .99 .97 .97 .85 .99 .97 .98
590 30302 30302 30302 30302 1.00 1.00 1.00 1.00 1.00 1.00 1.00 1.00
600 30302 30302 30302 30302 1.00 1.00 1.00 1.00 1.00 1.00 1.00 1.00
610 30302 30302 30302 30302 1.00 1.00 1.00 1.00 1.00 1.00 1.00 1.00
620 30302 30302 30302 30302 1.00 1.00 1.00 1.00 1.00 1.00 1.00 1.00
630 30302 30302 30302 30302 1.00 1.00 1.00 1.00 1.00 1.00 1.00 1.00
640 30302 30302 30302 30302 1.00 1.00 1.00 1.00 1.00 1.00 1.00 1.00
650 30302 30302 30302 30302 1.00 1.00 1.00 1.00 1.00 1.00 1.00 1.00
660 30302 30302 30302 30302 1.00 1.00 1.00 1.00 1.00 1.00 1.00 1.00
670 30302 30302 30302 30302 1.00 1.00 1.00 1.00 1.00 1.00 1.00 1.00
680 30303 30302 30302 30302 .79 .92 .97 .99 .85 .94 .98 .99
690 30303 30302 30303 30303 .77 .91 .97 .99 .82 .93 .98 .99
700 30303 30303 30303 30303 1.00 1.00 1.00 1.00 1.00 1.00 1.00 1.00
710 30303 30303 30303 30303 1.00 1.00 1.00 1.00 1.00 1.00 1.00 1.00
720 30303 30303 30303 30303 1.00 1.00 1.00 1.00 1.00 1.00 1.00 1.00
730 30303 30303 30303 30303 1.00 1.00 1.00 1.00 1.00 1.00 1.00 1.00
740 00303 00303 00303 00303 1.00 1.00 1.00 1.00 1.00 1.00 1.00 1.00
750 00303 00303 00303 00303 1.00 1.00 1.00 1.00 1.00 1.00 1.00 1.00
760 00303 00303 00303 00303 1.00 1.00 1.00 1.00 1.00 1.00 1.00 1.00
770 00303 00303 00303 00303 1.00 1.00 1.00 1.00 1.00 1.00 1.00 1.00
780 00303 00303 00303 00303 1.00 1.00 1.00 1.00 1.00 1.00 1.00 1.00
790 00303 00303 00303 00303 1.00 1.00 1.00 1.00 1.00 1.00 1.00 1.00
800 00303 00303 00303 00303 1.00 1.00 1.00 1.00 1.00 1.00 1.00 1.00
810 00303 00303 03303 00303 .75 .75 .75 .75 .81 .81 .81 .81
820 00303 00303 03303 00303 .75 .75 .75 .75 .81 .81 .81 .81
830 00303 00303 03303 00303 .75 .75 .75 .75 .81 .81 .81 .81
840 03303 00303 30303 00303 .50 .50 .50 .50 .62 .62 .62 .62
850 00303 00303 30300 00303 .48 .48 .48 .48 .60 .60 .60 .60
860 00303 00303 00300 00303 .72 .72 .72 .72 .79 .79 .79 .79
870 00303 00303 00300 00303 .72 .72 .72 .72 .79 .79 .79 .79
880 00303 00303 00300 00303 .72 .72 .72 .72 .79 .79 .79 .79
890 00303 00303 00300 00303 .72 .72 .72 .72 .79 .79 .79 .79
900 00303 00303 00300 00303 .72 .72 .72 .72 .79 .79 .79 .79
910 00303 00303 00300 00303 .72 .72 .72 .72 .79 .79 .79 .79
920 03303 03303 03300 03303 .75 .75 .75 .75 .81 .81 .81 .81
930 30303 30303 30300 30303 .75 .75 .75 .75 .81 .81 .81 .81
940 30303 30303 30300 30303 .75 .75 .75 .75 .81 .81 .81 .81
950 30303 30303 30300 30303 .75 .75 .75 .75 .81 .81 .81 .81
960 30303 30303 30300 30303 .75 .75 .75 .75 .81 .81 .81 .81
970 30303 30303 30303 30303 1.00 1.00 1.00 1.00 1.00 1.00 1.00 1.00
980 30303 30303 30303 30303 1.00 1.00 1.00 1.00 1.00 1.00 1.00 1.00
990 30303 30303 30303 30303 1.00 1.00 1.00 1.00 1.00 1.00 1.00 1.00
1000 30303 30303 30303 30303 1.00 1.00 1.00 1.00 1.00 1.00 1.00 1.00
1010 30303 30303 30303 30303 1.00 1.00 1.00 1.00 1.00 1.00 1.00 1.00
1020 30303 30303 30303 30303 1.00 1.00 1.00 1.00 1.00 1.00 1.00 1.00
1030 30303 30303 30303 30303 1.00 1.00 1.00 1.00 1.00 1.00 1.00 1.00
1040 03303 30303 30303 30303 .48 .48 .48 .48 .60 .60 .60 .60
1050 00033 00000 00303 00003 .05 .05 .05 .05 .24 .24 .24 .24
1060 00003 00000 00000 00000 1.0 1.0 1.0 1.0 1.0 1.0 1.0 1.0
1070 00003 00000 00000 00000 1.0 1.0 1.0 1.0 1.0 1.0 1.0 1.0
1080 00003 00000 00000 00000 1.0 1.0 1.0 1.0 1.0 1.0 1.0 1.0
1090 00000 00000 00000 00000 1.0 1.0 1.0 1.0 1.0 1.0 1.0 1.0
1100 00000 00000 00000 00000 1.0 1.0 1.0 1.0 1.0 1.0 1.0 1.0
1110 00000 00000 00300 00000 1.0 1.0 1.0 1.0 1.0 1.0 1.0 1.0
1120 00000 00000 00030 00000 1.0 1.0 1.0 1.0 1.0 1.0 1.0 1.0
1130 00000 00000 00030 00000 1.0 1.0 1.0 1.0 1.0 1.0 1.0 1.0
1140 00000 00000 00030 00000 1.0 1.0 1.0 1.0 1.0 1.0 1.0 1.0
1150 00300 00303 00300 00300 .68 .68 .68 .68 .75 .75 .75 .75
1160 00300 00303 00300 00300 .68 .68 .68 .68 .75 .75 .75 .75
1170 00300 00303 00300 00300 .68 .68 .68 .68 .75 .75 .75 .75
1180 00300 00303 00300 00300 .68 .68 .68 .68 .75 .75 .75 .75
1190 00300 00303 00300 00300 .68 .68 .68 .68 .75 .75 .75 .75
1200 00300 00303 00300 00300 .68 .68 .68 .68 .75 .75 .75 .75
1210 00300 00303 00300 00300 .68 .68 .68 .68 .75 .75 .75 .75
1220 00300 00303 00300 00300 .68 .68 .68 .68 .75 .75 .75 .75
1230 00300 00303 03300 00300 .44 .44 .44 .44 .55 .55 .55 .55
1240 00300 00303 03300 00300 .44 .44 .44 .44 .55 .55 .55 .55
1250 00300 00303 03300 00300 .44 .44 .44 .44 .55 .55 .55 .55
1260 00300 00303 03300 00300 .44 .44 .44 .44 .55 .55 .55 .55
1270 00300 03303 03300 03300 .48 .48 .48 .48 .60 .60 .60 .60
1280 30300 03303 03300 03300 .25 .25 .25 .25 .42 .42 .42 .42
1290 30030 30300 03030 30030 -0.04 -0.04 -0.04 -0.04 .21 .21 .21 .21
1300 30000 30000 30030 30000 .68 .68 .68 .68 .75 .75 .75 .75
1310 30000 30000 30030 30000 .68 .68 .68 .68 .75 .75 .75 .75
1320 30000 30000 30030 30000 .68 .68 .68 .68 .75 .75 .75 .75
1330 30000 30000 30030 30000 .68 .68 .68 .68 .75 .75 .75 .75
1340 30000 30000 30030 30000 .68 .68 .68 .68 .75 .75 .75 .75
1350 30000 30000 30030 30000 .68 .68 .68 .68 .75 .75 .75 .75
1360 30000 30000 30000 30000 1.00 1.00 1.00 1.00 1.00 1.00 1.00 1.00
1370 30000 30000 30000 30000 1.00 1.00 1.00 1.00 1.00 1.00 1.00 1.00
1380 30000 30000 30030 30000 .68 .68 .68 .68 .75 .75 .75 .75
1390 30000 30000 30030 30000 .68 .68 .68 .68 .75 .75 .75 .75
1400 30300 30300 30300 30300 1.00 1.00 1.00 1.00 1.00 1.00 1.00 1.00
1410 30300 30300 30300 30300 1.00 1.00 1.00 1.00 1.00 1.00 1.00 1.00
1420 30300 30300 30300 30300 1.00 1.00 1.00 1.00 1.00 1.00 1.00 1.00
1430 30300 30300 30300 30300 1.00 1.00 1.00 1.00 1.00 1.00 1.00 1.00
1440 30300 30300 30300 30300 1.00 1.00 1.00 1.00 1.00 1.00 1.00 1.00
1450 30300 30300 30300 30300 1.00 1.00 1.00 1.00 1.00 1.00 1.00 1.00
1460 30300 30300 30300 30300 1.00 1.00 1.00 1.00 1.00 1.00 1.00 1.00
1470 30300 30300 30300 30300 1.00 1.00 1.00 1.00 1.00 1.00 1.00 1.00
1480 30300 30300 30300 30300 1.00 1.00 1.00 1.00 1.00 1.00 1.00 1.00
1490 30300 30300 30300 30300 1.00 1.00 1.00 1.00 1.00 1.00 1.00 1.00
1500 30300 30300 30300 30300 1.00 1.00 1.00 1.00 1.00 1.00 1.00 1.00
1510 30000 30000 30030 30000 .68 .68 .68 .68 .75 .75 .75 .75
1520 30000 30000 30030 30000 .68 .68 .68 .68 .75 .75 .75 .75
1530 30000 30000 30030 30000 .68 .68 .68 .68 .75 .75 .75 .75
1540 30000 30000 30000 30000 1.00 1.00 1.00 1.00 1.00 1.00 1.00 1.00
1550 30000 30000 30030 30000 .68 .68 .68 .68 .75 .75 .75 .75
1560 30000 30000 30030 30000 .68 .68 .68 .68 .75 .75 .75 .75
1570 30000 30000 30030 30000 .68 .68 .68 .68 .75 .75 .75 .75
1580 30300 30300 30030 30300 .48 .48 .48 .48 .60 .60 .60 .60
1590 03300 03300 03300 03300 1.00 1.00 1.00 1.00 1.00 1.00 1.00 1.00
1600 03300 03300 03300 03300 1.00 1.00 1.00 1.00 1.00 1.00 1.00 1.00
1610 03300 03300 03300 03300 1.00 1.00 1.00 1.00 1.00 1.00 1.00 1.00
1620 03300 03300 03300 03300 1.00 1.00 1.00 1.00 1.00 1.00 1.00 1.00
1630 30300 30300 03300 30300 .48 .48 .48 .48 .60 .60 .60 .60
1640 30000 30000 03000 30000 .22 .22 .22 .22 .41 .41 .41 .41
1650 30000 30000 03000 30000 .22 .22 .22 .22 .41 .41 .41 .41
1660 30000 30000 03000 30000 .22 .22 .22 .22 .41 .41 .41 .41
1670 30000 30000 30000 30000 1.00 1.00 1.00 1.00 1.00 1.00 1.00 1.00
1680 30000 30000 30000 30000 1.00 1.00 1.00 1.00 1.00 1.00 1.00 1.00
1690 30000 30000 30030 30000 .68 .68 .68 .68 .75 .75 .75 .75
1700 30000 30000 30030 30000 .68 .68 .68 .68 .75 .75 .75 .75
1710 30000 30000 30000 30000 1.00 1.00 1.00 1.00 1.00 1.00 1.00 1.00
1720 30000 30000 30000 30000 1.00 1.00 1.00 1.00 1.00 1.00 1.00 1.00
1730 30000 30000 30030 30000 .68 .68 .68 .68 .75 .75 .75 .75
1740 30300 30300 30300 30300 1.00 1.00 1.00 1.00 1.00 1.00 1.00 1.00
1750 30300 30300 30300 30300 1.00 1.00 1.00 1.00 1.00 1.00 1.00 1.00
1760 30300 30300 30300 30300 1.00 1.00 1.00 1.00 1.00 1.00 1.00 1.00
1770 30300 30300 30300 30300 1.00 1.00 1.00 1.00 1.00 1.00 1.00 1.00
1780 30300 30300 30300 30300 1.00 1.00 1.00 1.00 1.00 1.00 1.00 1.00
1790 30300 30300 30300 30300 1.00 1.00 1.00 1.00 1.00 1.00 1.00 1.00
1800 30300 30300 30300 30300 1.00 1.00 1.00 1.00 1.00 1.00 1.00 1.00
1810 30000 30000 30000 30000 1.00 1.00 1.00 1.00 1.00 1.00 1.00 1.00
1820 30000 30000 30000 30000 1.00 1.00 1.00 1.00 1.00 1.00 1.00 1.00
1830 30000 30000 30000 30000 1.00 1.00 1.00 1.00 1.00 1.00 1.00 1.00
1840 30000 30000 30000 30000 1.00 1.00 1.00 1.00 1.00 1.00 1.00 1.00
1850 30000 30000 30000 30000 1.00 1.00 1.00 1.00 1.00 1.00 1.00 1.00
1860 30000 30000 30000 30000 1.00 1.00 1.00 1.00 1.00 1.00 1.00 1.00
1870 30000 30000 30000 30000 1.00 1.00 1.00 1.00 1.00 1.00 1.00 1.00
1880 30000 30000 30000 30000 1.00 1.00 1.00 1.00 1.00 1.00 1.00 1.00
1890 30000 30000 30030 30000 .68 .68 .68 .68 .75 .75 .75 .75
1900 30000 30000 30030 30000 .68 .68 .68 .68 .75 .75 .75 .75
1910 30000 30000 30030 30000 .68 .68 .68 .68 .75 .75 .75 .75
1920 30000 30000 30030 30000 .68 .68 .68 .68 .75 .75 .75 .75
1930 30000 30000 30030 30000 .68 .68 .68 .68 .75 .75 .75 .75
1940 30000 30000 30030 30000 .68 .68 .68 .68 .75 .75 .75 .75
1950 30000 30000 30030 30000 .68 .68 .68 .68 .75 .75 .75 .75
1960 30000 30000 30030 30000 .68 .68 .68 .68 .75 .75 .75 .75
1970 30000 30000 30030 30000 .68 .68 .68 .68 .75 .75 .75 .75
1980 30000 30000 30030 30000 .68 .68 .68 .68 .75 .75 .75 .75
1990 30000 30000 30030 30000 .68 .68 .68 .68 .75 .75 .75 .75
2000 30000 30000 30031 30000 .48 .54 .64 .45 .57 .63 .71 .55
2010 30000 30000 30031 30000 .48 .54 .64 .45 .57 .63 .71 .55
2020 30000 30000 30031 30000 .48 .54 .64 .45 .57 .63 .71 .55
2030 30000 30000 30031 30000 .48 .54 .64 .45 .57 .63 .71 .55
2040 30000 30000 30031 30000 .48 .54 .64 .45 .57 .63 .71 .55
2050 30000 30000 30031 30000 .48 .54 .64 .45 .57 .63 .71 .55
2060 30001 30001 30031 30001 .79 .67 .65 .76 .84 .75 .72 .82
2070 30001 30001 30031 30001 .79 .67 .65 .76 .84 .75 .72 .82
2080 30001 30001 30031 30001 .79 .67 .65 .76 .84 .75 .72 .82
2090 30001 30001 30031 30001 .79 .67 .65 .76 .84 .75 .72 .82
2100 30001 30001 30031 30001 .79 .67 .65 .76 .84 .75 .72 .82
2110 30001 30001 30031 30001 .79 .67 .65 .76 .84 .75 .72 .82
2120 30001 30001 30031 30001 .79 .67 .65 .76 .84 .75 .72 .82
2130 30001 30001 30031 30001 .79 .67 .65 .76 .84 .75 .72 .82
2140 30001 30001 30031 30001 .79 .67 .65 .76 .84 .75 .72 .82
2150 30001 30001 30031 30001 .79 .67 .65 .76 .84 .75 .72 .82
2160 30001 30001 30031 30001 .79 .67 .65 .76 .84 .75 .72 .82
2170 30001 30001 30031 30001 .79 .67 .65 .76 .84 .75 .72 .82
2180 30001 30001 30031 30001 .79 .67 .65 .76 .84 .75 .72 .82
2190 30001 30001 30031 30001 .79 .67 .65 .76 .84 .75 .72 .82
2200 30001 30001 30031 30001 .79 .67 .65 .76 .84 .75 .72 .82
2210 30001 30001 30031 30001 .79 .67 .65 .76 .84 .75 .72 .82
2220 30001 30001 30031 30001 .79 .67 .65 .76 .84 .75 .72 .82
2230 30001 30001 30031 30001 .79 .67 .65 .76 .84 .75 .72 .82
2240 30001 30001 30031 30001 .79 .67 .65 .76 .84 .75 .72 .82
2250 30301 30301 30031 30301 .61 .38 .39 .52 .70 .52 .54 .63
2260 30301 30301 30301 30301 1.00 1.00 1.00 1.00 1.00 1.00 1.00 1.00
2270 30301 30301 30301 30301 1.00 1.00 1.00 1.00 1.00 1.00 1.00 1.00
2280 30301 30301 30301 30301 1.00 1.00 1.00 1.00 1.00 1.00 1.00 1.00
2290 30301 30301 30301 30301 1.00 1.00 1.00 1.00 1.00 1.00 1.00 1.00
2300 30301 30301 30301 30301 1.00 1.00 1.00 1.00 1.00 1.00 1.00 1.00
2310 30301 30301 30301 30301 1.00 1.00 1.00 1.00 1.00 1.00 1.00 1.00
2320 30301 30301 30301 30301 1.00 1.00 1.00 1.00 1.00 1.00 1.00 1.00
2330 30301 30301 30301 30301 1.00 1.00 1.00 1.00 1.00 1.00 1.00 1.00
2340 30301 30301 30301 30301 1.00 1.00 1.00 1.00 1.00 1.00 1.00 1.00
2350 30301 30301 30302 30301 .81 .99 .97 .97 .85 .99 .97 .98
2360 30302 30302 30302 30302 1.00 1.00 1.00 1.00 1.00 1.00 1.00 1.00
2370 30302 30302 30302 30302 1.00 1.00 1.00 1.00 1.00 1.00 1.00 1.00
2380 30302 30302 30302 30302 1.00 1.00 1.00 1.00 1.00 1.00 1.00 1.00
2390 30302 30302 30302 30302 1.00 1.00 1.00 1.00 1.00 1.00 1.00 1.00
2400 30302 30303 30302 30302 .79 .92 .97 .99 .85 .94 .98 .99
2410 30302 30303 30303 30303 .77 .91 .97 .99 .82 .93 .98 .99
2420 30302 30303 30303 30303 .77 .91 .97 .99 .82 .93 .98 .99
2430 30303 30303 30303 30303 1.00 1.00 1.00 1.00 1.00 1.00 1.00 1.00
2440 30303 30303 30303 30303 1.00 1.00 1.00 1.00 1.00 1.00 1.00 1.00
2450 30303 30303 30303 30303 1.00 1.00 1.00 1.00 1.00 1.00 1.00 1.00
2460 30303 30303 30303 30303 1.00 1.00 1.00 1.00 1.00 1.00 1.00 1.00
2470 30303 30303 30303 30303 1.00 1.00 1.00 1.00 1.00 1.00 1.00 1.00
2480 30303 30303 30303 30303 1.00 1.00 1.00 1.00 1.00 1.00 1.00 1.00
2490 30303 30303 30303 30303 1.00 1.00 1.00 1.00 1.00 1.00 1.00 1.00
2500 00003 30003 30003 30003 .72 .72 .72 .72 .79 .79 .79 .79
2510 00003 30003 30003 30003 .72 .72 .72 .72 .79 .79 .79 .79
2520 00003 00000 30003 00003 .22 .22 .22 .22 .41 .41 .41 .41
2530 00003 00000 00000 00000 1.0 1.0 1.0 1.0 1.0 1.0 1.0 1.0
2540 00003 00000 00000 00000 1.0 1.0 1.0 1.0 1.0 1.0 1.0 1.0
2550 00003 00000 00000 00000 1.0 1.0 1.0 1.0 1.0 1.0 1.0 1.0
2560 00003 00000 00000 00000 1.0 1.0 1.0 1.0 1.0 1.0 1.0 1.0
2570 00003 00000 00000 00000 1.0 1.0 1.0 1.0 1.0 1.0 1.0 1.0
2580 00003 00000 00000 00000 1.0 1.0 1.0 1.0 1.0 1.0 1.0 1.0
2590 00003 00000 00000 00000 1.0 1.0 1.0 1.0 1.0 1.0 1.0 1.0
2600 00003 00000 10013 00003 .13 .13 .35 .07 .30 .34 .54 .25
2610 00003 00000 10013 00003 .13 .13 .35 .07 .30 .34 .54 .25
2620 00003 00000 10013 00003 .13 .13 .35 .07 .30 .34 .54 .25
2630 00003 00000 10013 00003 .13 .13 .35 .07 .30 .34 .54 .25
2640 00003 00000 10013 00003 .13 .13 .35 .07 .30 .34 .54 .25
2650 00003 00000 10013 00003 .13 .13 .35 .07 .30 .34 .54 .25
2660 00003 00000 00000 00000 1.0 1.0 1.0 1.0 1.0 1.0 1.0 1.0
