0 00000 00000 00000 00000 1.0 1.0 1.0 1.0 1.0 1.0 1.0 1.0
10 00000 00000 00000 00000 1.0 1.0 1.0 1.0 1.0 1.0 1.0 1.0
20 00000 00000 00000 00000 1.0 1.0 1.0 1.0 1.0 1.0 1.0 1.0
30 00000 00000 00000 00000 1.0 1.0 1.0 1.0 1.0 1.0 1.0 1.0
40 00300 00300 00300 00300 1.00 1.00 1.00 1.00 1.00 1.00 1.00 1.00
50 00300 00300 00300 00300 1.00 1.00 1.00 1.00 1.00 1.00 1.00 1.00
60 00300 00300 00300 00300 1.00 1.00 1.00 1.00 1.00 1.00 1.00 1.00
70 00300 00300 00300 00300 1.00 1.00 1.00 1.00 1.00 1.00 1.00 1.00
80 00300 00300 00300 00300 1.00 1.00 1.00 1.00 1.00 1.00 1.00 1.00
90 00300 00300 00300 00300 1.00 1.00 1.00 1.00 1.00 1.00 1.00 1.00
100 00300 00300 00300 00300 1.00 1.00 1.00 1.00 1.00 1.00 1.00 1.00
110 00300 00300 00300 00300 1.00 1.00 1.00 1.00 1.00 1.00 1.00 1.00
120 00300 00300 00300 00300 1.00 1.00 1.00 1.00 1.00 1.00 1.00 1.00
130 00300 00300 03300 00300 .68 .68 .68 .68 .75 .75 .75 .75
140 00300 00300 03300 00300 .68 .68 .68 .68 .75 .75 .75 .75
150 00300 00300 00300 00300 1.00 1.00 1.00 1.00 1.00 1.00 1.00 1.00
160 00300 00300 00300 00300 1.00 1.00 1.00 1.00 1.00 1.00 1.00 1.00
170 00300 00300 03300 00300 .68 .68 .68 .68 .75 .75 .75 .75
180 00300 00300 03300 00300 .68 .68 .68 .68 .75 .75 .75 .75
190 00300 00300 03300 00300 .68 .68 .68 .68 .75 .75 .75 .75
200 30300 30300 30300 30300 1.00 1.00 1.00 1.00 1.00 1.00 1.00 1.00
210 30030 30030 30030 30030 1.00 1.00 1.00 1.00 1.00 1.00 1.00 1.00
220 30030 30030 30030 30030 1.00 1.00 1.00 1.00 1.00 1.00 1.00 1.00
230 30000 30000 30000 30000 1.00 1.00 1.00 1.00 1.00 1.00 1.00 1.00
240 30000 30000 30000 30000 1.00 1.00 1.00 1.00 1.00 1.00 1.00 1.00
250 30000 30000 30000 30000 1.00 1.00 1.00 1.00 1.00 1.00 1.00 1.00
260 30000 30000 30000 30000 1.00 1.00 1.00 1.00 1.00 1.00 1.00 1.00
270 30000 30000 30000 30000 1.00 1.00 1.00 1.00 1.00 1.00 1.00 1.00
280 30000 30000 30030 30000 .68 .68 .68 .68 .75 .75 .75 .75
290 30000 30000 30030 30000 .68 .68 .68 .68 .75 .75 .75 .75
300 30000 30000 30030 30000 .68 .68 .68 .68 .75 .75 .75 .75
310 30000 30000 30030 30000 .68 .68 .68 .68 .75 .75 .75 .75
320 30000 30000 30030 30000 .68 .68 .68 .68 .75 .75 .75 .75
330 30000 30000 30030 30000 .68 .68 .68 .68 .75 .75 .75 .75
340 30000 30000 30030 30000 .68 .68 .68 .68 .75 .75 .75 .75
350 30000 30000 30030 30000 .68 .68 .68 .68 .75 .75 .75 .75
360 30000 30000 30030 30000 .68 .68 .68 .68 .75 .75 .75 .75
370 30001 30001 30030 30001 .55 .55 .63 .50 .66 .65 .70 .62
380 30001 30001 30030 30001 .55 .55 .63 .50 .66 .65 .70 .62
390 30001 30001 30030 30001 .55 .55 .63 .50 .66 .65 .70 .62
400 30001 30001 30030 30001 .55 .55 .63 .50 .66 .65 .70 .62
410 30001 30001 30030 30001 .55 .55 .63 .50 .66 .65 .70 .62
420 30001 30001 30030 30001 .55 .55 .63 .50 .66 .65 .70 .62
430 30001 30001 30031 30001 .79 .67 .65 .76 .84 .75 .72 .82
440 30001 30001 30031 30001 .79 .67 .65 .76 .84 .75 .72 .82
450 30001 30001 30031 30001 .79 .67 .65 .76 .84 .75 .72 .82
460 30001 30001 30031 30001 .79 .67 .65 .76 .84 .75 .72 .82
470 30001 30001 30031 30001 .79 .67 .65 .76 .84 .75 .72 .82
480 30031 30301 30031 30031 .61 .38 .39 .52 .70 .52 .54 .63
490 30301 30301 30301 30301 1.00 1.00 1.00 1.00 1.00 1.00 1.00 1.00
500 30301 30301 30301 30301 1.00 1.00 1.00 1.00 1.00 1.00 1.00 1.00
510 30301 30301 30301 30301 1.00 1.00 1.00 1.00 1.00 1.00 1.00 1.00
520 30301 30301 30301 30301 1.00 1.00 1.00 1.00 1.00 1.00 1.00 1.00
530 30301 30301 30301 30301 1.00 1.00 1.00 1.00 1.00 1.00 1.00 1.00
540 30301 30301 30301 30301 1.00 1.00 1.00 1.00 1.00 1.00 1.00 1.00
550 30301 30301 30301 30301 1.00 1.00 1.00 1.00 1.00 1.00 1.00 1.00
560 30301 30301 30301 30301 1.00 1.00 1.00 1.00 1.00 1.00 1.00 1.00
570 30301 30301 30301 30301 1.00 1.00 1.00 1.00 1.00 1.00 1.00 1.00
580 30301 30301 30301 30301 1.00 1.00 1.00 1.00 1.00 1.00 1.00 1.00
590 30302 30301 30301 30301 .81 .99 .97 .97 .85 .99 .97 .98
600 30302 30301 30301 30301 .81 .99 .97 .97 .85 .99 .97 .98
610 30302 30302 30302 30302 1.00 1.00 1.00 1.00 1.00 1.00 1.00 1.00
620 30302 30302 30302 30302 1.00 1.00 1.00 1.00 1.00 1.00 1.00 1.00
630 30302 30302 30302 30302 1.00 1.00 1.00 1.00 1.00 1.00 1.00 1.00
640 30302 30302 30302 30302 1.00 1.00 1.00 1.00 1.00 1.00 1.00 1.00
650 30302 30303 30302 30302 .79 .92 .97 .99 .85 .94 .98 .99
660 30302 30303 30302 30302 .79 .92 .97 .99 .85 .94 .98 .99
670 30302 30303 30302 30302 .79 .92 .97 .99 .85 .94 .98 .99
680 30303 30303 30302 30303 .77 .91 .97 .99 .82 .93 .98 .99
690 30303 30303 30302 30303 .77 .91 .97 .99 .82 .93 .98 .99
700 30303 30303 30302 30303 .77 .91 .97 .99 .82 .93 .98 .99
710 30003 30003 30002 30003 .76 .96 .97 .99 .82 .97 .98 .99
720 30003 00000 30002 30003 .26 .36 .35 .36 .43 .54 .53 .54
730 03003 00000 30002 00003 -0.04 1.0 -0.02 .04 .12 .20 .18 .23
740 03003 00000 00002 00003 .08 .19 .16 .22 .24 .38 .35 .40
750 00003 00000 00002 00003 .22 .46 .42 .45 .40 .62 .60 .62
760 00000 00000 00002 00000 1.0 1.0 1.0 1.0 1.0 1.0 1.0 1.0
770 00000 00000 00002 00000 1.0 1.0 1.0 1.0 1.0 1.0 1.0 1.0
780 00000 00000 00002 00000 1.0 1.0 1.0 1.0 1.0 1.0 1.0 1.0
790 00000 00000 00002 00000 1.0 1.0 1.0 1.0 1.0 1.0 1.0 1.0
800 00000 00000 00002 00000 1.0 1.0 1.0 1.0 1.0 1.0 1.0 1.0
810 00000 00000 00002 00000 1.0 1.0 1.0 1.0 1.0 1.0 1.0 1.0
820 00000 00000 00000 00000 1.0 1.0 1.0 1.0 1.0 1.0 1.0 1.0
830 00000 00000 00000 00000 1.0 1.0 1.0 1.0 1.0 1.0 1.0 1.0
840 00000 00000 00000 00000 1.0 1.0 1.0 1.0 1.0 1.0 1.0 1.0
850 00300 00300 00300 00300 1.00 1.00 1.00 1.00 1.00 1.00 1.00 1.00
860 00300 00300 00300 00300 1.00 1.00 1.00 1.00 1.00 1.00 1.00 1.00
870 00300 00300 00300 00300 1.00 1.00 1.00 1.00 1.00 1.00 1.00 1.00
880 00300 00300 00300 00300 1.00 1.00 1.00 1.00 1.00 1.00 1.00 1.00
890 00300 00300 00300 00300 1.00 1.00 1.00 1.00 1.00 1.00 1.00 1.00
900 00300 00300 00300 00300 1.00 1.00 1.00 1.00 1.00 1.00 1.00 1.00
910 00300 00300 00300 00300 1.00 1.00 1.00 1.00 1.00 1.00 1.00 1.00
920 00300 00300 00300 00300 1.00 1.00 1.00 1.00 1.00 1.00 1.00 1.00
930 00300 00300 00300 00300 1.00 1.00 1.00 1.00 1.00 1.00 1.00 1.00
940 00300 00300 03300 00300 .68 .68 .68 .68 .75 .75 .75 .75
950 00300 00300 30300 00300 .68 .68 .68 .68 .75 .75 .75 .75
960 00300 00300 30300 00300 .68 .68 .68 .68 .75 .75 .75 .75
970 00300 00300 30300 00300 .68 .68 .68 .68 .75 .75 .75 .75
980 00300 00300 30300 00300 .68 .68 .68 .68 .75 .75 .75 .75
990 00300 00300 30300 00300 .68 .68 .68 .68 .75 .75 .75 .75
1000 00300 00300 03300 00300 .68 .68 .68 .68 .75 .75 .75 .75
1010 00300 00300 03300 00300 .68 .68 .68 .68 .75 .75 .75 .75
1020 00300 00300 03300 00300 .68 .68 .68 .68 .75 .75 .75 .75
1030 03300 30300 03300 03300 .48 .48 .48 .48 .60 .60 .60 .60
1040 30300 30300 30300 30300 1.00 1.00 1.00 1.00 1.00 1.00 1.00 1.00
1050 30000 30000 30030 30000 .68 .68 .68 .68 .75 .75 .75 .75
1060 30000 30000 30030 30000 .68 .68 .68 .68 .75 .75 .75 .75
1070 30000 30000 30030 30000 .68 .68 .68 .68 .75 .75 .75 .75
1080 30000 30000 30030 30000 .68 .68 .68 .68 .75 .75 .75 .75
1090 30000 30000 30000 30000 1.00 1.00 1.00 1.00 1.00 1.00 1.00 1.00
1100 30030 30000 30030 30030 .72 .72 .72 .72 .79 .79 .79 .79
1110 30030 30000 30300 30000 .44 .44 .44 .44 .55 .55 .55 .55
1120 30030 30000 30300 30000 .44 .44 .44 .44 .55 .55 .55 .55
1130 30030 30000 30300 30000 .44 .44 .44 .44 .55 .55 .55 .55
1140 30300 30300 30300 30300 1.00 1.00 1.00 1.00 1.00 1.00 1.00 1.00
1150 30300 00300 30300 30300 .72 .72 .72 .72 .79 .79 .79 .79
1160 03300 00300 30300 00300 .44 .44 .44 .44 .55 .55 .55 .55
1170 30300 00300 30300 30300 .72 .72 .72 .72 .79 .79 .79 .79
1180 30300 30300 30300 30300 1.00 1.00 1.00 1.00 1.00 1.00 1.00 1.00
1190 30000 30000 30000 30000 1.00 1.00 1.00 1.00 1.00 1.00 1.00 1.00
1200 30000 30000 30000 30000 1.00 1.00 1.00 1.00 1.00 1.00 1.00 1.00
1210 30000 30000 30000 30000 1.00 1.00 1.00 1.00 1.00 1.00 1.00 1.00
1220 30000 30000 30030 30000 .68 .68 .68 .68 .75 .75 .75 .75
1230 30000 30000 30030 30000 .68 .68 .68 .68 .75 .75 .75 .75
1240 30000 30000 30030 30000 .68 .68 .68 .68 .75 .75 .75 .75
1250 30000 30000 30030 30000 .68 .68 .68 .68 .75 .75 .75 .75
1260 30000 30000 30030 30000 .68 .68 .68 .68 .75 .75 .75 .75
1270 30000 30000 30030 30000 .68 .68 .68 .68 .75 .75 .75 .75
1280 30000 30000 30030 30000 .68 .68 .68 .68 .75 .75 .75 .75
1290 30000 30000 30030 30000 .68 .68 .68 .68 .75 .75 .75 .75
1300 30001 30000 30030 30000 .48 .54 .64 .45 .57 .63 .71 .55
1310 30001 30001 30030 30001 .55 .55 .63 .50 .66 .65 .70 .62
1320 30001 30001 30030 30001 .55 .55 .63 .50 .66 .65 .70 .62
1330 30001 30001 30030 30001 .55 .55 .63 .50 .66 .65 .70 .62
1340 30001 30001 30031 30001 .79 .67 .65 .76 .84 .75 .72 .82
1350 30001 30001 30031 30001 .79 .67 .65 .76 .84 .75 .72 .82
1360 30001 30001 30031 30001 .79 .67 .65 .76 .84 .75 .72 .82
1370 30001 30001 30031 30001 .79 .67 .65 .76 .84 .75 .72 .82
1380 30001 30001 30031 30001 .79 .67 .65 .76 .84 .75 .72 .82
1390 30001 30001 30031 30001 .79 .67 .65 .76 .84 .75 .72 .82
1400 30001 30001 30031 30001 .79 .67 .65 .76 .84 .75 .72 .82
1410 30001 30001 30031 30001 .79 .67 .65 .76 .84 .75 .72 .82
1420 30001 30001 30031 30001 .79 .67 .65 .76 .84 .75 .72 .82
1430 30001 30001 30031 30001 .79 .67 .65 .76 .84 .75 .72 .82
1440 30001 30001 30031 30001 .79 .67 .65 .76 .84 .75 .72 .82
1450 30001 30001 30031 30001 .79 .67 .65 .76 .84 .75 .72 .82
1460 30001 30001 30031 30001 .79 .67 .65 .76 .84 .75 .72 .82
1470 30001 30031 30301 30001 .61 .37 .36 .53 .69 .51 .49 .64
1480 30031 30031 30301 30031 .61 .38 .39 .52 .70 .52 .54 .63
1490 30031 30031 30301 30031 .61 .38 .39 .52 .70 .52 .54 .63
1500 30031 30031 30301 30031 .61 .38 .39 .52 .70 .52 .54 .63
1510 30031 30031 30301 30031 .61 .38 .39 .52 .70 .52 .54 .63
1520 30031 30031 30301 30031 .61 .38 .39 .52 .70 .52 .54 .63
1530 30031 30031 30301 30031 .61 .38 .39 .52 .70 .52 .54 .63
1540 30031 30031 30301 30031 .61 .38 .39 .52 .70 .52 .54 .63
1550 30001 30001 30301 30001 .79 .67 .65 .76 .84 .75 .72 .82
1560 30001 30001 30301 30001 .79 .67 .65 .76 .84 .75 .72 .82
1570 30001 30001 30301 30001 .79 .67 .65 .76 .84 .75 .72 .82
1580 30001 30001 30301 30001 .79 .67 .65 .76 .84 .75 .72 .82
1590 30001 30001 30301 30001 .79 .67 .65 .76 .84 .75 .72 .82
1600 30001 30001 30301 30001 .79 .67 .65 .76 .84 .75 .72 .82
1610 30001 30001 30301 30001 .79 .67 .65 .76 .84 .75 .72 .82
1620 30001 30001 30301 30001 .79 .67 .65 .76 .84 .75 .72 .82
1630 30001 30001 30301 30001 .79 .67 .65 .76 .84 .75 .72 .82
1640 30001 30001 30301 30001 .79 .67 .65 .76 .84 .75 .72 .82
1650 30001 30301 30301 30301 .80 .68 .68 .77 .85 .76 .76 .82
1660 30301 30301 30301 30301 1.00 1.00 1.00 1.00 1.00 1.00 1.00 1.00
1670 30301 30301 30301 30301 1.00 1.00 1.00 1.00 1.00 1.00 1.00 1.00
1680 30301 30301 30301 30301 1.00 1.00 1.00 1.00 1.00 1.00 1.00 1.00
1690 30301 30301 30301 30301 1.00 1.00 1.00 1.00 1.00 1.00 1.00 1.00
1700 30301 30301 30301 30301 1.00 1.00 1.00 1.00 1.00 1.00 1.00 1.00
1710 30301 30301 30301 30301 1.00 1.00 1.00 1.00 1.00 1.00 1.00 1.00
1720 30301 30301 30301 30301 1.00 1.00 1.00 1.00 1.00 1.00 1.00 1.00
1730 30301 30301 30302 30301 .81 .99 .97 .97 .85 .99 .97 .98
1740 30302 30301 30302 30302 .81 .99 .97 .97 .85 .99 .97 .98
1750 30302 30302 30302 30302 1.00 1.00 1.00 1.00 1.00 1.00 1.00 1.00
1760 30302 30302 30302 30302 1.00 1.00 1.00 1.00 1.00 1.00 1.00 1.00
1770 30302 30302 30302 30302 1.00 1.00 1.00 1.00 1.00 1.00 1.00 1.00
1780 30302 30302 30302 30302 1.00 1.00 1.00 1.00 1.00 1.00 1.00 1.00
1790 30302 30302 30302 30302 1.00 1.00 1.00 1.00 1.00 1.00 1.00 1.00
1800 30302 30302 30302 30302 1.00 1.00 1.00 1.00 1.00 1.00 1.00 1.00
1810 30303 30302 30302 30302 .79 .92 .97 .99 .85 .94 .98 .99
1820 30303 30302 30302 30302 .79 .92 .97 .99 .85 .94 .98 .99
1830 30303 30302 30302 30302 .79 .92 .97 .99 .85 .94 .98 .99
1840 30303 30303 30303 30303 1.00 1.00 1.00 1.00 1.00 1.00 1.00 1.00
1850 30033 30303 30033 30033 .48 .48 .48 .48 .60 .60 .60 .60
1860 30003 30003 30003 30003 1.00 1.00 1.00 1.00 1.00 1.00 1.00 1.00
1870 00003 00000 00000 00000 1.0 1.0 1.0 1.0 1.0 1.0 1.0 1.0
1880 00003 00000 00000 00000 1.0 1.0 1.0 1.0 1.0 1.0 1.0 1.0
1890 00003 00000 00000 00000 1.0 1.0 1.0 1.0 1.0 1.0 1.0 1.0
1900 00003 00000 00000 00000 1.0 1.0 1.0 1.0 1.0 1.0 1.0 1.0
1910 00003 00000 00000 00000 1.0 1.0 1.0 1.0 1.0 1.0 1.0 1.0
1920 00003 00000 00000 00000 1.0 1.0 1.0 1.0 1.0 1.0 1.0 1.0
1930 00003 00000 00000 00000 1.0 1.0 1.0 1.0 1.0 1.0 1.0 1.0
1940 00003 00000 00000 00000 1.0 1.0 1.0 1.0 1.0 1.0 1.0 1.0
1950 00003 00000 00000 00000 1.0 1.0 1.0 1.0 1.0 1.0 1.0 1.0
1960 00003 00000 00000 00000 1.0 1.0 1.0 1.0 1.0 1.0 1.0 1.0
1970 00003 03003 03003 03003 .72 .72 .72 .72 .79 .79 .79 .79
1980 00003 03003 03003 03003 .72 .72 .72 .72 .79 .79 .79 .79
1990 00003 03003 03003 03003 .72 .72 .72 .72 .79 .79 .79 .79
2000 00003 03003 03003 03003 .72 .72 .72 .72 .79 .79 .79 .79
2010 00003 03003 03003 03003 .72 .72 .72 .72 .79 .79 .79 .79
2020 00003 03003 03003 03003 .72 .72 .72 .72 .79 .79 .79 .79
2030 00003 03003 03003 03003 .72 .72 .72 .72 .79 .79 .79 .79
2040 00003 03003 03003 03003 .72 .72 .72 .72 .79 .79 .79 .79
2050 00003 03003 03003 03003 .72 .72 .72 .72 .79 .79 .79 .79
2060 00003 03003 03003 03003 .72 .72 .72 .72 .79 .79 .79 .79
