0 00000 30300 30300 30300 .36 .36 .36 .36 .55 .55 .55 .55
10 00000 00030 30300 00000 -0.17 -0.17 -0.17 -0.17 -0.12 -0.12 -0.12 -0.12
20 00000 00000 00000 00000 1.0 1.0 1.0 1.0 1.0 1.0 1.0 1.0
30 00000 00000 00000 00000 1.0 1.0 1.0 1.0 1.0 1.0 1.0 1.0
40 00000 00000 00000 00000 1.0 1.0 1.0 1.0 1.0 1.0 1.0 1.0
50 03000 00000 00000 00000 1.0 1.0 1.0 1.0 1.0 1.0 1.0 1.0
60 03000 00000 00000 00000 1.0 1.0 1.0 1.0 1.0 1.0 1.0 1.0
70 03000 00000 00000 00000 1.0 1.0 1.0 1.0 1.0 1.0 1.0 1.0
80 03000 03000 00000 03000 .46 .46 .46 .46 .63 .63 .63 .63
90 30000 30000 30000 30000 1.00 1.00 1.00 1.00 1.00 1.00 1.00 1.00
100 30000 30000 30000 30000 1.00 1.00 1.00 1.00 1.00 1.00 1.00 1.00
110 30000 30000 30000 30000 1.00 1.00 1.00 1.00 1.00 1.00 1.00 1.00
120 30000 30000 30000 30000 1.00 1.00 1.00 1.00 1.00 1.00 1.00 1.00
130 30000 30000 30000 30000 1.00 1.00 1.00 1.00 1.00 1.00 1.00 1.00
140 30000 30000 30030 30000 .68 .68 .68 .68 .75 .75 .75 .75
150 30000 30000 30030 30000 .68 .68 .68 .68 .75 .75 .75 .75
160 30000 30000 30030 30000 .68 .68 .68 .68 .75 .75 .75 .75
170 30000 30000 30030 30000 .68 .68 .68 .68 .75 .75 .75 .75
180 30000 30000 30030 30000 .68 .68 .68 .68 .75 .75 .75 .75
190 30000 30000 30030 30000 .68 .68 .68 .68 .75 .75 .75 .75
200 30001 30001 30030 30001 .55 .55 .63 .50 .66 .65 .70 .62
210 30001 30001 30030 30001 .55 .55 .63 .50 .66 .65 .70 .62
220 30001 30001 30031 30001 .79 .67 .65 .76 .84 .75 .72 .82
230 30001 30001 30031 30001 .79 .67 .65 .76 .84 .75 .72 .82
240 30001 30001 30031 30001 .79 .67 .65 .76 .84 .75 .72 .82
250 30001 30001 30031 30001 .79 .67 .65 .76 .84 .75 .72 .82
260 30001 30001 30031 30001 .79 .67 .65 .76 .84 .75 .72 .82
270 30001 30031 30031 30031 .80 .68 .68 .77 .85 .76 .76 .82
280 30001 30031 30031 30031 .80 .68 .68 .77 .85 .76 .76 .82
290 30001 30001 30031 30001 .79 .67 .65 .76 .84 .75 .72 .82
300 30001 30001 30031 30001 .79 .67 .65 .76 .84 .75 .72 .82
310 30001 30001 30031 30001 .79 .67 .65 .76 .84 .75 .72 .82
320 30001 30301 30031 30001 .61 .37 .36 .53 .69 .51 .49 .64
330 30301 30301 30301 30301 1.00 1.00 1.00 1.00 1.00 1.00 1.00 1.00
340 30301 30301 30301 30301 1.00 1.00 1.00 1.00 1.00 1.00 1.00 1.00
350 30301 30301 30301 30301 1.00 1.00 1.00 1.00 1.00 1.00 1.00 1.00
360 30301 30301 30301 30301 1.00 1.00 1.00 1.00 1.00 1.00 1.00 1.00
370 30301 30301 30301 30301 1.00 1.00 1.00 1.00 1.00 1.00 1.00 1.00
380 30301 30301 30301 30301 1.00 1.00 1.00 1.00 1.00 1.00 1.00 1.00
390 30301 30301 30301 30301 1.00 1.00 1.00 1.00 1.00 1.00 1.00 1.00
400 30301 30301 30301 30301 1.00 1.00 1.00 1.00 1.00 1.00 1.00 1.00
410 30301 30301 30301 30301 1.00 1.00 1.00 1.00 1.00 1.00 1.00 1.00
420 30302 30302 30301 30302 .81 .99 .97 .97 .85 .99 .97 .98
430 30302 30302 30301 30302 .81 .99 .97 .97 .85 .99 .97 .98
440 30302 30302 30301 30302 .81 .99 .97 .97 .85 .99 .97 .98
450 30302 30302 30301 30302 .81 .99 .97 .97 .85 .99 .97 .98
460 30302 30302 30301 30302 .81 .99 .97 .97 .85 .99 .97 .98
470 30302 30302 30301 30302 .81 .99 .97 .97 .85 .99 .97 .98
480 30302 30302 30301 30302 .81 .99 .97 .97 .85 .99 .97 .98
490 30302 30302 30301 30302 .81 .99 .97 .97 .85 .99 .97 .98
500 30302 30302 30301 30302 .81 .99 .97 .97 .85 .99 .97 .98
510 30302 30302 30302 30302 1.00 1.00 1.00 1.00 1.00 1.00 1.00 1.00
520 30303 30303 30302 30303 .77 .91 .97 .99 .82 .93 .98 .99
530 30303 30303 30302 30303 .77 .91 .97 .99 .82 .93 .98 .99
540 30303 30303 30303 30303 1.00 1.00 1.00 1.00 1.00 1.00 1.00 1.00
550 30033 30003 30303 30003 .50 .50 .50 .50 .62 .62 .62 .62
560 00033 00033 00000 00033 .36 .36 .36 .36 .55 .55 .55 .55
570 00033 00033 00000 00033 .36 .36 .36 .36 .55 .55 .55 .55
580 00033 00033 00000 00033 .36 .36 .36 .36 .55 .55 .55 .55
590 00000 00000 00000 00000 1.0 1.0 1.0 1.0 1.0 1.0 1.0 1.0
600 00000 00000 00000 00000 1.0 1.0 1.0 1.0 1.0 1.0 1.0 1.0
610 00000 00000 00000 00000 1.0 1.0 1.0 1.0 1.0 1.0 1.0 1.0
620 00000 00000 00000 00000 1.0 1.0 1.0 1.0 1.0 1.0 1.0 1.0
630 00000 00000 00000 00000 1.0 1.0 1.0 1.0 1.0 1.0 1.0 1.0
640 00000 00000 00000 00000 1.0 1.0 1.0 1.0 1.0 1.0 1.0 1.0
650 00000 00000 00000 00000 1.0 1.0 1.0 1.0 1.0 1.0 1.0 1.0
660 30030 30000 00000 30000 .22 .22 .22 .22 .41 .41 .41 .41
670 30030 30000 00000 30000 .22 .22 .22 .22 .41 .41 .41 .41
680 30030 30000 00000 30000 .22 .22 .22 .22 .41 .41 .41 .41
690 30030 30000 00000 30000 .22 .22 .22 .22 .41 .41 .41 .41
700 30300 30300 30302 30300 .77 .91 .88 .75 .82 .93 .91 .81
710 30300 30300 30302 30300 .77 .91 .88 .75 .82 .93 .91 .81
720 30300 30300 30302 30300 .77 .91 .88 .75 .82 .93 .91 .81
730 30300 30300 30302 30300 .77 .91 .88 .75 .82 .93 .91 .81
740 30300 30300 30302 30300 .77 .91 .88 .75 .82 .93 .91 .81
750 00000 00000 00000 00000 1.0 1.0 1.0 1.0 1.0 1.0 1.0 1.0
760 00000 00000 00000 00000 1.0 1.0 1.0 1.0 1.0 1.0 1.0 1.0
770 00000 00000 00000 00000 1.0 1.0 1.0 1.0 1.0 1.0 1.0 1.0
780 00000 00000 00000 00000 1.0 1.0 1.0 1.0 1.0 1.0 1.0 1.0
790 00000 00000 00000 00000 1.0 1.0 1.0 1.0 1.0 1.0 1.0 1.0
800 00000 00000 00000 00000 1.0 1.0 1.0 1.0 1.0 1.0 1.0 1.0
810 00000 00000 00000 00000 1.0 1.0 1.0 1.0 1.0 1.0 1.0 1.0
820 00000 00000 00000 00000 1.0 1.0 1.0 1.0 1.0 1.0 1.0 1.0
830 03000 03000 00000 03000 .46 .46 .46 .46 .63 .63 .63 .63
840 30000 30000 30000 30000 1.00 1.00 1.00 1.00 1.00 1.00 1.00 1.00
850 30000 30000 30000 30000 1.00 1.00 1.00 1.00 1.00 1.00 1.00 1.00
860 30000 30000 30000 30000 1.00 1.00 1.00 1.00 1.00 1.00 1.00 1.00
870 30000 30000 30000 30000 1.00 1.00 1.00 1.00 1.00 1.00 1.00 1.00
880 30000 30000 30000 30000 1.00 1.00 1.00 1.00 1.00 1.00 1.00 1.00
890 30000 30000 30000 30000 1.00 1.00 1.00 1.00 1.00 1.00 1.00 1.00
900 30000 30000 30000 30000 1.00 1.00 1.00 1.00 1.00 1.00 1.00 1.00
910 30000 30000 30000 30000 1.00 1.00 1.00 1.00 1.00 1.00 1.00 1.00
920 30000 30000 30000 30000 1.00 1.00 1.00 1.00 1.00 1.00 1.00 1.00
930 30000 30000 30000 30000 1.00 1.00 1.00 1.00 1.00 1.00 1.00 1.00
940 30000 30000 30000 30000 1.00 1.00 1.00 1.00 1.00 1.00 1.00 1.00
950 30000 30000 30000 30000 1.00 1.00 1.00 1.00 1.00 1.00 1.00 1.00
960 30001 30000 30031 30001 .55 .55 .63 .50 .66 .65 .70 .62
970 30001 30000 30031 30001 .55 .55 .63 .50 .66 .65 .70 .62
980 30001 30000 30031 30001 .55 .55 .63 .50 .66 .65 .70 .62
990 30001 30000 30031 30001 .55 .55 .63 .50 .66 .65 .70 .62
1000 30001 30000 30031 30001 .55 .55 .63 .50 .66 .65 .70 .62
1010 30001 30000 30031 30001 .55 .55 .63 .50 .66 .65 .70 .62
1020 30001 30000 30031 30001 .55 .55 .63 .50 .66 .65 .70 .62
1030 30001 30000 30031 30001 .55 .55 .63 .50 .66 .65 .70 .62
1040 30001 30030 30031 30031 .58 .60 .66 .52 .69 .70 .74 .64
1050 30001 30000 30031 30001 .55 .55 .63 .50 .66 .65 .70 .62
1060 30001 30000 30031 30001 .55 .55 .63 .50 .66 .65 .70 .62
1070 30001 30000 30031 30001 .55 .55 .63 .50 .66 .65 .70 .62
1080 30001 30000 30031 30001 .55 .55 .63 .50 .66 .65 .70 .62
1090 30001 30000 30031 30001 .55 .55 .63 .50 .66 .65 .70 .62
1100 30001 30301 30301 30301 .80 .68 .68 .77 .85 .76 .76 .82
1110 30001 30301 30301 30301 .80 .68 .68 .77 .85 .76 .76 .82
1120 30301 30301 30301 30301 1.00 1.00 1.00 1.00 1.00 1.00 1.00 1.00
1130 30301 30301 30301 30301 1.00 1.00 1.00 1.00 1.00 1.00 1.00 1.00
1140 30301 30302 30301 30301 .81 .99 .97 .97 .85 .99 .97 .98
1150 30302 30302 30301 30302 .81 .99 .97 .97 .85 .99 .97 .98
1160 30302 30302 30301 30302 .81 .99 .97 .97 .85 .99 .97 .98
1170 30302 30302 30301 30302 .81 .99 .97 .97 .85 .99 .97 .98
1180 30302 30302 30301 30302 .81 .99 .97 .97 .85 .99 .97 .98
1190 30302 30302 30301 30302 .81 .99 .97 .97 .85 .99 .97 .98
1200 30302 30302 30301 30302 .81 .99 .97 .97 .85 .99 .97 .98
1210 30302 30302 30301 30302 .81 .99 .97 .97 .85 .99 .97 .98
1220 30302 30302 30301 30302 .81 .99 .97 .97 .85 .99 .97 .98
1230 30302 30302 30301 30302 .81 .99 .97 .97 .85 .99 .97 .98
1240 30302 30302 30301 30302 .81 .99 .97 .97 .85 .99 .97 .98
1250 30303 30302 30302 30302 .79 .92 .97 .99 .85 .94 .98 .99
1260 30303 30303 30302 30303 .77 .91 .97 .99 .82 .93 .98 .99
1270 30303 30303 30303 30303 1.00 1.00 1.00 1.00 1.00 1.00 1.00 1.00
1280 30303 30303 30303 30303 1.00 1.00 1.00 1.00 1.00 1.00 1.00 1.00
1290 30003 00000 30003 30003 .36 .36 .36 .36 .55 .55 .55 .55
1300 30003 00000 00000 00000 -0.08 -0.08 -0.08 -0.08 -0.06 -0.06 -0.06 -0.06
1310 00003 00000 00000 00000 1.0 1.0 1.0 1.0 1.0 1.0 1.0 1.0
1320 00003 00000 00000 00000 1.0 1.0 1.0 1.0 1.0 1.0 1.0 1.0
1330 00003 00000 00000 00000 1.0 1.0 1.0 1.0 1.0 1.0 1.0 1.0
1340 00003 00000 00000 00000 1.0 1.0 1.0 1.0 1.0 1.0 1.0 1.0
1350 00003 00000 00000 00000 1.0 1.0 1.0 1.0 1.0 1.0 1.0 1.0
1360 00003 00000 00000 00000 1.0 1.0 1.0 1.0 1.0 1.0 1.0 1.0
1370 00003 00000 00000 00000 1.0 1.0 1.0 1.0 1.0 1.0 1.0 1.0
1380 00003 00000 00000 00000 1.0 1.0 1.0 1.0 1.0 1.0 1.0 1.0
1390 00003 00000 00000 00000 1.0 1.0 1.0 1.0 1.0 1.0 1.0 1.0
1400 00003 00000 00000 00000 1.0 1.0 1.0 1.0 1.0 1.0 1.0 1.0
1410 00003 00000 00000 00000 1.0 1.0 1.0 1.0 1.0 1.0 1.0 1.0
1420 00003 00000 00000 00000 1.0 1.0 1.0 1.0 1.0 1.0 1.0 1.0
1430 00003 00000 00000 00000 1.0 1.0 1.0 1.0 1.0 1.0 1.0 1.0
1440 00003 00000 00000 00000 1.0 1.0 1.0 1.0 1.0 1.0 1.0 1.0
1450 00003 00000 00000 00000 1.0 1.0 1.0 1.0 1.0 1.0 1.0 1.0
1460 00003 00000 00000 00000 1.0 1.0 1.0 1.0 1.0 1.0 1.0 1.0
1470 00003 00000 00000 00000 1.0 1.0 1.0 1.0 1.0 1.0 1.0 1.0
1480 00003 00000 00000 00000 1.0 1.0 1.0 1.0 1.0 1.0 1.0 1.0
1490 00003 00000 00000 00000 1.0 1.0 1.0 1.0 1.0 1.0 1.0 1.0
1500 00003 00000 00000 00000 1.0 1.0 1.0 1.0 1.0 1.0 1.0 1.0
1510 00003 00000 00000 00000 1.0 1.0 1.0 1.0 1.0 1.0 1.0 1.0
1520 00003 00000 00000 00000 1.0 1.0 1.0 1.0 1.0 1.0 1.0 1.0
1530 00003 00000 00000 00000 1.0 1.0 1.0 1.0 1.0 1.0 1.0 1.0
1540 00003 00000 00000 00000 1.0 1.0 1.0 1.0 1.0 1.0 1.0 1.0
1550 00003 00000 00000 00000 1.0 1.0 1.0 1.0 1.0 1.0 1.0 1.0
1560 00003 00000 00000 00000 1.0 1.0 1.0 1.0 1.0 1.0 1.0 1.0
1570 00003 00000 00000 00000 1.0 1.0 1.0 1.0 1.0 1.0 1.0 1.0
1580 00003 00000 00000 00000 1.0 1.0 1.0 1.0 1.0 1.0 1.0 1.0
1590 00003 00000 00000 00000 1.0 1.0 1.0 1.0 1.0 1.0 1.0 1.0
1600 00003 00000 00000 00000 1.0 1.0 1.0 1.0 1.0 1.0 1.0 1.0
1610 00003 00000 00000 00000 1.0 1.0 1.0 1.0 1.0 1.0 1.0 1.0
