0 00000 00000 00000 00000 1.0 1.0 1.0 1.0 1.0 1.0 1.0 1.0
10 00000 00000 00000 00000 1.0 1.0 1.0 1.0 1.0 1.0 1.0 1.0
20 00000 00000 00000 00000 1.0 1.0 1.0 1.0 1.0 1.0 1.0 1.0
30 00000 00000 00000 00000 1.0 1.0 1.0 1.0 1.0 1.0 1.0 1.0
40 00000 00000 00000 00000 1.0 1.0 1.0 1.0 1.0 1.0 1.0 1.0
50 00000 00000 00000 00000 1.0 1.0 1.0 1.0 1.0 1.0 1.0 1.0
60 00000 00000 00000 00000 1.0 1.0 1.0 1.0 1.0 1.0 1.0 1.0
70 00000 00000 00000 00000 1.0 1.0 1.0 1.0 1.0 1.0 1.0 1.0
80 00030 00030 00000 00030 .46 .46 .46 .46 .63 .63 .63 .63
90 00030 00030 00300 00030 .22 .22 .22 .22 .41 .41 .41 .41
100 00000 00000 00000 00000 1.0 1.0 1.0 1.0 1.0 1.0 1.0 1.0
110 00000 00000 00000 00000 1.0 1.0 1.0 1.0 1.0 1.0 1.0 1.0
120 00000 00000 00000 00000 1.0 1.0 1.0 1.0 1.0 1.0 1.0 1.0
130 00000 00000 00000 00000 1.0 1.0 1.0 1.0 1.0 1.0 1.0 1.0
140 00300 00300 00000 00300 .46 .46 .46 .46 .63 .63 .63 .63
150 00300 00300 00300 00300 1.00 1.00 1.00 1.00 1.00 1.00 1.00 1.00
160 00300 00300 00300 00300 1.00 1.00 1.00 1.00 1.00 1.00 1.00 1.00
170 00300 00300 00300 00300 1.00 1.00 1.00 1.00 1.00 1.00 1.00 1.00
180 00300 00300 00300 00300 1.00 1.00 1.00 1.00 1.00 1.00 1.00 1.00
190 00300 00300 00300 00300 1.00 1.00 1.00 1.00 1.00 1.00 1.00 1.00
200 00300 00300 00300 00300 1.00 1.00 1.00 1.00 1.00 1.00 1.00 1.00
210 00300 00300 00300 00300 1.00 1.00 1.00 1.00 1.00 1.00 1.00 1.00
220 03300 00300 00300 00300 .68 .68 .68 .68 .75 .75 .75 .75
230 30300 30300 30300 30300 1.00 1.00 1.00 1.00 1.00 1.00 1.00 1.00
240 30030 30000 30300 30000 .44 .44 .44 .44 .55 .55 .55 .55
250 30000 30000 30000 30000 1.00 1.00 1.00 1.00 1.00 1.00 1.00 1.00
260 30000 30000 30000 30000 1.00 1.00 1.00 1.00 1.00 1.00 1.00 1.00
270 30000 30000 30000 30000 1.00 1.00 1.00 1.00 1.00 1.00 1.00 1.00
280 30000 30000 30000 30000 1.00 1.00 1.00 1.00 1.00 1.00 1.00 1.00
290 30001 30001 30030 30001 .55 .55 .63 .50 .66 .65 .70 .62
300 30001 30001 30030 30001 .55 .55 .63 .50 .66 .65 .70 .62
310 30001 30001 30031 30001 .79 .67 .65 .76 .84 .75 .72 .82
320 30001 30001 30031 30001 .79 .67 .65 .76 .84 .75 .72 .82
330 30001 30001 30031 30001 .79 .67 .65 .76 .84 .75 .72 .82
340 30001 30001 30031 30001 .79 .67 .65 .76 .84 .75 .72 .82
350 30301 30301 30031 30301 .61 .38 .39 .52 .70 .52 .54 .63
360 30301 30301 30301 30301 1.00 1.00 1.00 1.00 1.00 1.00 1.00 1.00
370 30301 30301 30301 30301 1.00 1.00 1.00 1.00 1.00 1.00 1.00 1.00
380 30301 30301 30301 30301 1.00 1.00 1.00 1.00 1.00 1.00 1.00 1.00
390 30301 30301 30301 30301 1.00 1.00 1.00 1.00 1.00 1.00 1.00 1.00
400 30301 30301 30301 30301 1.00 1.00 1.00 1.00 1.00 1.00 1.00 1.00
410 30302 30302 30301 30302 .81 .99 .97 .97 .85 .99 .97 .98
420 30302 30302 30302 30302 1.00 1.00 1.00 1.00 1.00 1.00 1.00 1.00
430 30302 30302 30302 30302 1.00 1.00 1.00 1.00 1.00 1.00 1.00 1.00
440 30302 30302 30302 30302 1.00 1.00 1.00 1.00 1.00 1.00 1.00 1.00
450 30302 30302 30302 30302 1.00 1.00 1.00 1.00 1.00 1.00 1.00 1.00
460 30302 30302 30302 30302 1.00 1.00 1.00 1.00 1.00 1.00 1.00 1.00
470 30303 30302 30302 30302 .79 .92 .97 .99 .85 .94 .98 .99
480 30303 30302 30303 30303 .77 .91 .97 .99 .82 .93 .98 .99
490 30303 30302 30303 30303 .77 .91 .97 .99 .82 .93 .98 .99
500 30303 30303 30303 30303 1.00 1.00 1.00 1.00 1.00 1.00 1.00 1.00
510 30303 30303 30303 30303 1.00 1.00 1.00 1.00 1.00 1.00 1.00 1.00
520 03003 30003 30303 30003 .25 .25 .25 .25 .42 .42 .42 .42
530 03003 03003 00000 03003 .36 .36 .36 .36 .55 .55 .55 .55
540 03003 03003 00000 03003 .36 .36 .36 .36 .55 .55 .55 .55
550 00003 03003 00000 00003 .22 .22 .22 .22 .41 .41 .41 .41
560 00000 00000 00000 00000 1.0 1.0 1.0 1.0 1.0 1.0 1.0 1.0
570 00000 00000 00000 00000 1.0 1.0 1.0 1.0 1.0 1.0 1.0 1.0
580 00000 00000 00000 00000 1.0 1.0 1.0 1.0 1.0 1.0 1.0 1.0
590 00000 00000 00000 00000 1.0 1.0 1.0 1.0 1.0 1.0 1.0 1.0
600 00300 00300 00000 00300 .46 .46 .46 .46 .63 .63 .63 .63
610 00300 00300 00300 00300 1.00 1.00 1.00 1.00 1.00 1.00 1.00 1.00
620 00300 00300 00300 00300 1.00 1.00 1.00 1.00 1.00 1.00 1.00 1.00
630 00300 00300 00300 00300 1.00 1.00 1.00 1.00 1.00 1.00 1.00 1.00
640 00300 00300 00300 00300 1.00 1.00 1.00 1.00 1.00 1.00 1.00 1.00
650 00300 00300 00300 00300 1.00 1.00 1.00 1.00 1.00 1.00 1.00 1.00
660 00300 00300 00300 00300 1.00 1.00 1.00 1.00 1.00 1.00 1.00 1.00
670 00300 00300 00300 00300 1.00 1.00 1.00 1.00 1.00 1.00 1.00 1.00
680 03300 30300 00300 00300 .44 .44 .44 .44 .55 .55 .55 .55
690 30030 30300 30000 30000 .44 .44 .44 .44 .55 .55 .55 .55
700 30030 30300 30000 30000 .44 .44 .44 .44 .55 .55 .55 .55
710 30000 30000 30000 30000 1.00 1.00 1.00 1.00 1.00 1.00 1.00 1.00
720 30000 30000 30000 30000 1.00 1.00 1.00 1.00 1.00 1.00 1.00 1.00
730 30000 30000 30000 30000 1.00 1.00 1.00 1.00 1.00 1.00 1.00 1.00
740 30000 30000 30030 30000 .68 .68 .68 .68 .75 .75 .75 .75
750 30000 30000 30030 30000 .68 .68 .68 .68 .75 .75 .75 .75
760 30001 30001 30030 30001 .55 .55 .63 .50 .66 .65 .70 .62
770 30001 30001 30030 30001 .55 .55 .63 .50 .66 .65 .70 .62
780 30000 30001 30030 30000 .48 .54 .64 .45 .57 .63 .71 .55
790 30000 30001 30030 30000 .48 .54 .64 .45 .57 .63 .71 .55
800 30000 30001 30030 30000 .48 .54 .64 .45 .57 .63 .71 .55
810 30001 30001 30030 30001 .55 .55 .63 .50 .66 .65 .70 .62
820 30001 30001 30000 30001 .75 .83 .96 .73 .82 .87 .97 .80
830 30001 30001 30000 30001 .75 .83 .96 .73 .82 .87 .97 .80
840 30001 30001 30000 30001 .75 .83 .96 .73 .82 .87 .97 .80
850 30001 30001 30000 30001 .75 .83 .96 .73 .82 .87 .97 .80
860 30001 30001 30000 30001 .75 .83 .96 .73 .82 .87 .97 .80
870 30001 30001 30030 30001 .55 .55 .63 .50 .66 .65 .70 .62
880 30001 30001 30031 30001 .79 .67 .65 .76 .84 .75 .72 .82
890 30001 30001 30031 30001 .79 .67 .65 .76 .84 .75 .72 .82
900 30001 30001 30031 30001 .79 .67 .65 .76 .84 .75 .72 .82
910 30001 30001 30031 30001 .79 .67 .65 .76 .84 .75 .72 .82
920 30001 30001 30031 30001 .79 .67 .65 .76 .84 .75 .72 .82
930 30001 30001 30031 30001 .79 .67 .65 .76 .84 .75 .72 .82
940 30001 30001 30031 30001 .79 .67 .65 .76 .84 .75 .72 .82
950 30001 30001 30031 30001 .79 .67 .65 .76 .84 .75 .72 .82
960 30001 30001 30031 30001 .79 .67 .65 .76 .84 .75 .72 .82
970 30301 30001 30031 30001 .61 .37 .36 .53 .69 .51 .49 .64
980 30301 30001 30031 30001 .61 .37 .36 .53 .69 .51 .49 .64
990 30301 30301 30301 30301 1.00 1.00 1.00 1.00 1.00 1.00 1.00 1.00
1000 30301 30301 30301 30301 1.00 1.00 1.00 1.00 1.00 1.00 1.00 1.00
1010 30301 30301 30301 30301 1.00 1.00 1.00 1.00 1.00 1.00 1.00 1.00
1020 30301 30301 30301 30301 1.00 1.00 1.00 1.00 1.00 1.00 1.00 1.00
1030 30301 30301 30301 30301 1.00 1.00 1.00 1.00 1.00 1.00 1.00 1.00
1040 30302 30301 30301 30301 .81 .99 .97 .97 .85 .99 .97 .98
1050 30302 30301 30301 30301 .81 .99 .97 .97 .85 .99 .97 .98
1060 30302 30302 30301 30302 .81 .99 .97 .97 .85 .99 .97 .98
1070 30302 30302 30302 30302 1.00 1.00 1.00 1.00 1.00 1.00 1.00 1.00
1080 30302 30302 30302 30302 1.00 1.00 1.00 1.00 1.00 1.00 1.00 1.00
1090 30302 30302 30302 30302 1.00 1.00 1.00 1.00 1.00 1.00 1.00 1.00
1100 30302 30302 30302 30302 1.00 1.00 1.00 1.00 1.00 1.00 1.00 1.00
1110 30303 30302 30302 30302 .79 .92 .97 .99 .85 .94 .98 .99
1120 30303 30302 30302 30302 .79 .92 .97 .99 .85 .94 .98 .99
1130 30303 30302 30302 30302 .79 .92 .97 .99 .85 .94 .98 .99
1140 30303 30303 30302 30303 .77 .91 .97 .99 .82 .93 .98 .99
1150 30303 30303 30303 30303 1.00 1.00 1.00 1.00 1.00 1.00 1.00 1.00
1160 30303 30303 30303 30303 1.00 1.00 1.00 1.00 1.00 1.00 1.00 1.00
1170 30303 30303 30303 30303 1.00 1.00 1.00 1.00 1.00 1.00 1.00 1.00
1180 30303 30303 30303 30303 1.00 1.00 1.00 1.00 1.00 1.00 1.00 1.00
1190 30303 30303 30303 30303 1.00 1.00 1.00 1.00 1.00 1.00 1.00 1.00
1200 03003 30003 00000 00003 .05 .05 .05 .05 .24 .24 .24 .24
1210 03003 30003 00000 00003 .05 .05 .05 .05 .24 .24 .24 .24
1220 03003 03003 00000 03003 .36 .36 .36 .36 .55 .55 .55 .55
1230 00033 00033 00000 00033 .36 .36 .36 .36 .55 .55 .55 .55
1240 00033 00000 00000 00000 -0.08 -0.08 -0.08 -0.08 -0.06 -0.06 -0.06 -0.06
1250 00003 00000 00000 00000 1.0 1.0 1.0 1.0 1.0 1.0 1.0 1.0
1260 00003 00000 00000 00000 1.0 1.0 1.0 1.0 1.0 1.0 1.0 1.0
1270 00003 00000 00000 00000 1.0 1.0 1.0 1.0 1.0 1.0 1.0 1.0
1280 00003 00000 00000 00000 1.0 1.0 1.0 1.0 1.0 1.0 1.0 1.0
1290 00003 00000 00000 00000 1.0 1.0 1.0 1.0 1.0 1.0 1.0 1.0
1300 00003 00000 00000 00000 1.0 1.0 1.0 1.0 1.0 1.0 1.0 1.0
1310 00003 00000 00000 00000 1.0 1.0 1.0 1.0 1.0 1.0 1.0 1.0
1320 00003 00000 00000 00000 1.0 1.0 1.0 1.0 1.0 1.0 1.0 1.0
1330 00003 00000 00000 00000 1.0 1.0 1.0 1.0 1.0 1.0 1.0 1.0
1340 00003 00000 00000 00000 1.0 1.0 1.0 1.0 1.0 1.0 1.0 1.0
1350 00003 00000 00000 00000 1.0 1.0 1.0 1.0 1.0 1.0 1.0 1.0
1360 00003 00000 00000 00000 1.0 1.0 1.0 1.0 1.0 1.0 1.0 1.0
1370 00003 00000 00000 00000 1.0 1.0 1.0 1.0 1.0 1.0 1.0 1.0
1380 00003 00000 00000 00000 1.0 1.0 1.0 1.0 1.0 1.0 1.0 1.0
1390 00003 00000 00000 00000 1.0 1.0 1.0 1.0 1.0 1.0 1.0 1.0
