0 00000 00000 00000 00000 1.0 1.0 1.0 1.0 1.0 1.0 1.0 1.0
10 00000 00000 00000 00000 1.0 1.0 1.0 1.0 1.0 1.0 1.0 1.0
20 00000 00000 00000 00000 1.0 1.0 1.0 1.0 1.0 1.0 1.0 1.0
30 00000 00000 00000 00000 1.0 1.0 1.0 1.0 1.0 1.0 1.0 1.0
40 00000 00000 00000 00000 1.0 1.0 1.0 1.0 1.0 1.0 1.0 1.0
50 00300 00300 00000 00300 .46 .46 .46 .46 .63 .63 .63 .63
60 00300 00300 00000 00300 .46 .46 .46 .46 .63 .63 .63 .63
70 00300 00300 00300 00300 1.00 1.00 1.00 1.00 1.00 1.00 1.00 1.00
80 00300 00300 00300 00300 1.00 1.00 1.00 1.00 1.00 1.00 1.00 1.00
90 00300 00300 00300 00300 1.00 1.00 1.00 1.00 1.00 1.00 1.00 1.00
100 00300 00300 00300 00300 1.00 1.00 1.00 1.00 1.00 1.00 1.00 1.00
110 00300 00300 00300 00300 1.00 1.00 1.00 1.00 1.00 1.00 1.00 1.00
120 00300 00300 00300 00300 1.00 1.00 1.00 1.00 1.00 1.00 1.00 1.00
130 00300 00300 00300 00300 1.00 1.00 1.00 1.00 1.00 1.00 1.00 1.00
140 00300 00300 00300 00300 1.00 1.00 1.00 1.00 1.00 1.00 1.00 1.00
150 30300 30300 00300 30300 .72 .72 .72 .72 .79 .79 .79 .79
160 30030 30000 30000 30000 .68 .68 .68 .68 .75 .75 .75 .75
170 30000 30000 30000 30000 1.00 1.00 1.00 1.00 1.00 1.00 1.00 1.00
180 30000 30000 30000 30000 1.00 1.00 1.00 1.00 1.00 1.00 1.00 1.00
190 30000 30000 30000 30000 1.00 1.00 1.00 1.00 1.00 1.00 1.00 1.00
200 30000 30000 30000 30000 1.00 1.00 1.00 1.00 1.00 1.00 1.00 1.00
210 30001 30001 30031 30001 .79 .67 .65 .76 .84 .75 .72 .82
220 30001 30001 30031 30001 .79 .67 .65 .76 .84 .75 .72 .82
230 30001 30001 30031 30001 .79 .67 .65 .76 .84 .75 .72 .82
240 30001 30001 30031 30001 .79 .67 .65 .76 .84 .75 .72 .82
250 30001 30001 30031 30001 .79 .67 .65 .76 .84 .75 .72 .82
260 30031 30001 30031 30031 .80 .68 .68 .77 .85 .76 .76 .82
270 30301 30301 30301 30301 1.00 1.00 1.00 1.00 1.00 1.00 1.00 1.00
280 30301 30301 30301 30301 1.00 1.00 1.00 1.00 1.00 1.00 1.00 1.00
290 30301 30301 30301 30301 1.00 1.00 1.00 1.00 1.00 1.00 1.00 1.00
300 30301 30301 30301 30301 1.00 1.00 1.00 1.00 1.00 1.00 1.00 1.00
310 30301 30302 30301 30301 .81 .99 .97 .97 .85 .99 .97 .98
320 30302 30302 30301 30302 .81 .99 .97 .97 .85 .99 .97 .98
330 30302 30302 30302 30302 1.00 1.00 1.00 1.00 1.00 1.00 1.00 1.00
340 30302 30302 30302 30302 1.00 1.00 1.00 1.00 1.00 1.00 1.00 1.00
350 30302 30302 30302 30302 1.00 1.00 1.00 1.00 1.00 1.00 1.00 1.00
360 30302 30303 30302 30302 .79 .92 .97 .99 .85 .94 .98 .99
370 30302 30303 30302 30302 .79 .92 .97 .99 .85 .94 .98 .99
380 30303 30303 30302 30303 .77 .91 .97 .99 .82 .93 .98 .99
390 30303 30303 30303 30303 1.00 1.00 1.00 1.00 1.00 1.00 1.00 1.00
400 30303 30303 30303 30303 1.00 1.00 1.00 1.00 1.00 1.00 1.00 1.00
410 30303 30303 30303 30303 1.00 1.00 1.00 1.00 1.00 1.00 1.00 1.00
420 30303 30303 30303 30303 1.00 1.00 1.00 1.00 1.00 1.00 1.00 1.00
430 30033 30003 30303 30003 .50 .50 .50 .50 .62 .62 .62 .62
440 30003 30003 00000 30003 .36 .36 .36 .36 .55 .55 .55 .55
450 30003 30003 00000 30003 .36 .36 .36 .36 .55 .55 .55 .55
460 03003 30003 00000 00003 .05 .05 .05 .05 .24 .24 .24 .24
470 00003 00000 00000 00000 1.0 1.0 1.0 1.0 1.0 1.0 1.0 1.0
480 00000 00000 00000 00000 1.0 1.0 1.0 1.0 1.0 1.0 1.0 1.0
490 00000 00000 00000 00000 1.0 1.0 1.0 1.0 1.0 1.0 1.0 1.0
500 00300 00300 00300 00300 1.00 1.00 1.00 1.00 1.00 1.00 1.00 1.00
510 00300 00300 00300 00300 1.00 1.00 1.00 1.00 1.00 1.00 1.00 1.00
520 00300 00300 00300 00300 1.00 1.00 1.00 1.00 1.00 1.00 1.00 1.00
530 00300 00300 00300 00300 1.00 1.00 1.00 1.00 1.00 1.00 1.00 1.00
540 00300 00300 00300 00300 1.00 1.00 1.00 1.00 1.00 1.00 1.00 1.00
550 00300 00300 00300 00300 1.00 1.00 1.00 1.00 1.00 1.00 1.00 1.00
560 00300 00300 00300 00300 1.00 1.00 1.00 1.00 1.00 1.00 1.00 1.00
570 00300 00300 00300 00300 1.00 1.00 1.00 1.00 1.00 1.00 1.00 1.00
580 00300 00300 00300 00300 1.00 1.00 1.00 1.00 1.00 1.00 1.00 1.00
590 00300 00300 00300 00300 1.00 1.00 1.00 1.00 1.00 1.00 1.00 1.00
600 00300 00300 00300 00300 1.00 1.00 1.00 1.00 1.00 1.00 1.00 1.00
610 30300 30300 00300 30300 .72 .72 .72 .72 .79 .79 .79 .79
620 30030 30000 30000 30000 .68 .68 .68 .68 .75 .75 .75 .75
630 30000 30000 30000 30000 1.00 1.00 1.00 1.00 1.00 1.00 1.00 1.00
640 30000 30000 30000 30000 1.00 1.00 1.00 1.00 1.00 1.00 1.00 1.00
650 30000 30000 30000 30000 1.00 1.00 1.00 1.00 1.00 1.00 1.00 1.00
660 30000 30000 30000 30000 1.00 1.00 1.00 1.00 1.00 1.00 1.00 1.00
670 30001 30001 30000 30001 .75 .83 .96 .73 .82 .87 .97 .80
680 30001 30001 30030 30001 .55 .55 .63 .50 .66 .65 .70 .62
690 30001 30001 30030 30001 .55 .55 .63 .50 .66 .65 .70 .62
700 30001 30001 30030 30001 .55 .55 .63 .50 .66 .65 .70 .62
710 30001 30001 30030 30001 .55 .55 .63 .50 .66 .65 .70 .62
720 30031 30001 30030 30031 .58 .60 .66 .52 .69 .70 .74 .64
730 30301 30301 30031 30301 .61 .38 .39 .52 .70 .52 .54 .63
740 30301 30301 30031 30301 .61 .38 .39 .52 .70 .52 .54 .63
750 30301 30301 30031 30301 .61 .38 .39 .52 .70 .52 .54 .63
760 30301 30301 30301 30301 1.00 1.00 1.00 1.00 1.00 1.00 1.00 1.00
770 30301 30302 30301 30301 .81 .99 .97 .97 .85 .99 .97 .98
780 30302 30302 30301 30302 .81 .99 .97 .97 .85 .99 .97 .98
790 30302 30302 30301 30302 .81 .99 .97 .97 .85 .99 .97 .98
800 30302 30302 30301 30302 .81 .99 .97 .97 .85 .99 .97 .98
810 30302 30302 30301 30302 .81 .99 .97 .97 .85 .99 .97 .98
820 30302 30302 30302 30302 1.00 1.00 1.00 1.00 1.00 1.00 1.00 1.00
830 30302 30302 30302 30302 1.00 1.00 1.00 1.00 1.00 1.00 1.00 1.00
840 30302 30302 30302 30302 1.00 1.00 1.00 1.00 1.00 1.00 1.00 1.00
850 30302 30302 30302 30302 1.00 1.00 1.00 1.00 1.00 1.00 1.00 1.00
860 30302 30302 30302 30302 1.00 1.00 1.00 1.00 1.00 1.00 1.00 1.00
870 30302 30302 30302 30302 1.00 1.00 1.00 1.00 1.00 1.00 1.00 1.00
880 30302 30302 30302 30302 1.00 1.00 1.00 1.00 1.00 1.00 1.00 1.00
890 30302 30302 30302 30302 1.00 1.00 1.00 1.00 1.00 1.00 1.00 1.00
900 30302 30302 30302 30302 1.00 1.00 1.00 1.00 1.00 1.00 1.00 1.00
910 30303 30303 30303 30303 1.00 1.00 1.00 1.00 1.00 1.00 1.00 1.00
920 30303 30303 30303 30303 1.00 1.00 1.00 1.00 1.00 1.00 1.00 1.00
930 30303 30303 30303 30303 1.00 1.00 1.00 1.00 1.00 1.00 1.00 1.00
940 30033 00303 30303 30303 .25 .25 .25 .25 .42 .42 .42 .42
950 03003 00000 00000 00000 -0.08 -0.08 -0.08 -0.08 -0.06 -0.06 -0.06 -0.06
960 03003 00000 00000 00000 -0.08 -0.08 -0.08 -0.08 -0.06 -0.06 -0.06 -0.06
970 03003 00000 00000 00000 -0.08 -0.08 -0.08 -0.08 -0.06 -0.06 -0.06 -0.06
980 03303 00000 00000 00000 -0.17 -0.17 -0.17 -0.17 -0.12 -0.12 -0.12 -0.12
990 00303 00000 00000 00000 -0.08 -0.08 -0.08 -0.08 -0.06 -0.06 -0.06 -0.06
1000 00003 00000 00000 00000 1.0 1.0 1.0 1.0 1.0 1.0 1.0 1.0
1010 00003 00000 00000 00000 1.0 1.0 1.0 1.0 1.0 1.0 1.0 1.0
1020 00003 00000 00000 00000 1.0 1.0 1.0 1.0 1.0 1.0 1.0 1.0
1030 00003 00000 00000 00000 1.0 1.0 1.0 1.0 1.0 1.0 1.0 1.0
1040 00003 00000 00000 00000 1.0 1.0 1.0 1.0 1.0 1.0 1.0 1.0
1050 00003 00000 00000 00000 1.0 1.0 1.0 1.0 1.0 1.0 1.0 1.0
1060 00003 00000 00000 00000 1.0 1.0 1.0 1.0 1.0 1.0 1.0 1.0
1070 00003 00000 00000 00000 1.0 1.0 1.0 1.0 1.0 1.0 1.0 1.0
