0 00000 00000 00000 00000 1.0 1.0 1.0 1.0 1.0 1.0 1.0 1.0
10 00000 00000 00000 00000 1.0 1.0 1.0 1.0 1.0 1.0 1.0 1.0
20 00000 00000 00000 00000 1.0 1.0 1.0 1.0 1.0 1.0 1.0 1.0
30 00000 00000 00000 00000 1.0 1.0 1.0 1.0 1.0 1.0 1.0 1.0
40 00000 00000 00000 00000 1.0 1.0 1.0 1.0 1.0 1.0 1.0 1.0
50 00000 00000 00000 00000 1.0 1.0 1.0 1.0 1.0 1.0 1.0 1.0
60 00000 00000 00000 00000 1.0 1.0 1.0 1.0 1.0 1.0 1.0 1.0
70 00000 00000 00000 00000 1.0 1.0 1.0 1.0 1.0 1.0 1.0 1.0
80 03000 00000 30000 00000 -0.08 -0.08 -0.08 -0.08 -0.06 -0.06 -0.06 -0.06
90 30000 30000 30000 30000 1.00 1.00 1.00 1.00 1.00 1.00 1.00 1.00
100 30000 30000 30000 30000 1.00 1.00 1.00 1.00 1.00 1.00 1.00 1.00
110 30000 30000 30000 30000 1.00 1.00 1.00 1.00 1.00 1.00 1.00 1.00
120 30000 30000 30000 30000 1.00 1.00 1.00 1.00 1.00 1.00 1.00 1.00
130 30000 30000 30000 30000 1.00 1.00 1.00 1.00 1.00 1.00 1.00 1.00
140 00000 00000 00000 00000 1.0 1.0 1.0 1.0 1.0 1.0 1.0 1.0
150 00000 00000 00000 00000 1.0 1.0 1.0 1.0 1.0 1.0 1.0 1.0
160 00000 00000 00000 00000 1.0 1.0 1.0 1.0 1.0 1.0 1.0 1.0
170 00000 00000 00000 00000 1.0 1.0 1.0 1.0 1.0 1.0 1.0 1.0
180 00300 00300 00300 00300 1.00 1.00 1.00 1.00 1.00 1.00 1.00 1.00
190 00300 00300 00300 00300 1.00 1.00 1.00 1.00 1.00 1.00 1.00 1.00
200 00300 00300 00300 00300 1.00 1.00 1.00 1.00 1.00 1.00 1.00 1.00
210 00300 00300 00300 00300 1.00 1.00 1.00 1.00 1.00 1.00 1.00 1.00
220 03300 30300 30300 30300 .48 .48 .48 .48 .60 .60 .60 .60
230 30000 30000 30000 30000 1.00 1.00 1.00 1.00 1.00 1.00 1.00 1.00
240 30000 30000 30000 30000 1.00 1.00 1.00 1.00 1.00 1.00 1.00 1.00
250 30000 30000 30000 30000 1.00 1.00 1.00 1.00 1.00 1.00 1.00 1.00
260 30000 30000 30000 30000 1.00 1.00 1.00 1.00 1.00 1.00 1.00 1.00
270 30000 30000 30031 30000 .48 .54 .64 .45 .57 .63 .71 .55
280 30000 30000 30031 30000 .48 .54 .64 .45 .57 .63 .71 .55
290 30000 30000 30031 30000 .48 .54 .64 .45 .57 .63 .71 .55
300 30000 30001 30031 30001 .55 .55 .63 .50 .66 .65 .70 .62
310 30001 30001 30031 30001 .79 .67 .65 .76 .84 .75 .72 .82
320 30001 30001 30031 30001 .79 .67 .65 .76 .84 .75 .72 .82
330 30001 30001 30031 30001 .79 .67 .65 .76 .84 .75 .72 .82
340 30031 30001 30031 30031 .80 .68 .68 .77 .85 .76 .76 .82
350 30001 30001 30031 30001 .79 .67 .65 .76 .84 .75 .72 .82
360 30001 30001 30031 30001 .79 .67 .65 .76 .84 .75 .72 .82
370 30031 30001 30031 30031 .80 .68 .68 .77 .85 .76 .76 .82
380 30031 30001 30031 30031 .80 .68 .68 .77 .85 .76 .76 .82
390 30301 30301 30031 30301 .61 .38 .39 .52 .70 .52 .54 .63
400 30301 30301 30031 30301 .61 .38 .39 .52 .70 .52 .54 .63
410 30302 30302 30302 30302 1.00 1.00 1.00 1.00 1.00 1.00 1.00 1.00
420 30302 30302 30302 30302 1.00 1.00 1.00 1.00 1.00 1.00 1.00 1.00
430 30302 30302 30302 30302 1.00 1.00 1.00 1.00 1.00 1.00 1.00 1.00
440 30302 30302 30302 30302 1.00 1.00 1.00 1.00 1.00 1.00 1.00 1.00
450 30302 30302 30302 30302 1.00 1.00 1.00 1.00 1.00 1.00 1.00 1.00
460 30302 30302 30302 30302 1.00 1.00 1.00 1.00 1.00 1.00 1.00 1.00
470 30302 30302 30302 30302 1.00 1.00 1.00 1.00 1.00 1.00 1.00 1.00
480 30302 30302 30302 30302 1.00 1.00 1.00 1.00 1.00 1.00 1.00 1.00
490 30302 30302 30302 30302 1.00 1.00 1.00 1.00 1.00 1.00 1.00 1.00
500 30002 30002 30002 30002 1.00 1.00 1.00 1.00 1.00 1.00 1.00 1.00
510 30002 30002 30002 30002 1.00 1.00 1.00 1.00 1.00 1.00 1.00 1.00
520 30002 30002 30002 30002 1.00 1.00 1.00 1.00 1.00 1.00 1.00 1.00
530 30002 30002 30302 30002 .79 .67 .68 .75 .84 .75 .75 .81
540 30032 30002 30302 30002 .61 .37 .39 .51 .69 .51 .53 .62
550 30032 30002 30302 30002 .61 .37 .39 .51 .69 .51 .53 .62
560 30302 30302 30302 30302 1.00 1.00 1.00 1.00 1.00 1.00 1.00 1.00
570 30302 30302 30302 30302 1.00 1.00 1.00 1.00 1.00 1.00 1.00 1.00
580 30302 30303 30303 30303 .77 .91 .97 .99 .82 .93 .98 .99
590 30303 30303 30303 30303 1.00 1.00 1.00 1.00 1.00 1.00 1.00 1.00
600 30303 30303 30303 30303 1.00 1.00 1.00 1.00 1.00 1.00 1.00 1.00
610 30303 30303 30303 30303 1.00 1.00 1.00 1.00 1.00 1.00 1.00 1.00
620 00003 00000 00000 00000 1.0 1.0 1.0 1.0 1.0 1.0 1.0 1.0
630 00000 00000 00000 00000 1.0 1.0 1.0 1.0 1.0 1.0 1.0 1.0
640 00000 00000 00000 00000 1.0 1.0 1.0 1.0 1.0 1.0 1.0 1.0
650 00000 00000 00000 00000 1.0 1.0 1.0 1.0 1.0 1.0 1.0 1.0
660 00000 00000 00000 00000 1.0 1.0 1.0 1.0 1.0 1.0 1.0 1.0
670 00000 00000 00000 00000 1.0 1.0 1.0 1.0 1.0 1.0 1.0 1.0
680 00000 00000 00000 00000 1.0 1.0 1.0 1.0 1.0 1.0 1.0 1.0
690 00000 00000 00000 00000 1.0 1.0 1.0 1.0 1.0 1.0 1.0 1.0
700 00000 00000 00000 00000 1.0 1.0 1.0 1.0 1.0 1.0 1.0 1.0
710 30000 30000 30000 30000 1.00 1.00 1.00 1.00 1.00 1.00 1.00 1.00
720 30000 30000 30000 30000 1.00 1.00 1.00 1.00 1.00 1.00 1.00 1.00
730 30000 30000 30000 30000 1.00 1.00 1.00 1.00 1.00 1.00 1.00 1.00
740 30000 30000 30000 30000 1.00 1.00 1.00 1.00 1.00 1.00 1.00 1.00
750 03000 03000 30000 03000 .22 .22 .22 .22 .41 .41 .41 .41
760 00000 00000 30000 00000 1.0 1.0 1.0 1.0 1.0 1.0 1.0 1.0
770 00000 00000 30000 00000 1.0 1.0 1.0 1.0 1.0 1.0 1.0 1.0
780 00300 00300 30300 00300 .68 .68 .68 .68 .75 .75 .75 .75
790 00300 00300 00300 00300 1.00 1.00 1.00 1.00 1.00 1.00 1.00 1.00
800 00300 00300 00300 00300 1.00 1.00 1.00 1.00 1.00 1.00 1.00 1.00
810 00300 00300 00300 00300 1.00 1.00 1.00 1.00 1.00 1.00 1.00 1.00
820 00300 00300 00300 00300 1.00 1.00 1.00 1.00 1.00 1.00 1.00 1.00
830 00300 00300 00300 00300 1.00 1.00 1.00 1.00 1.00 1.00 1.00 1.00
840 30300 30300 30300 30300 1.00 1.00 1.00 1.00 1.00 1.00 1.00 1.00
850 30300 30300 30300 30300 1.00 1.00 1.00 1.00 1.00 1.00 1.00 1.00
860 30000 30000 30000 30000 1.00 1.00 1.00 1.00 1.00 1.00 1.00 1.00
870 30000 30000 30000 30000 1.00 1.00 1.00 1.00 1.00 1.00 1.00 1.00
880 30000 30000 30000 30000 1.00 1.00 1.00 1.00 1.00 1.00 1.00 1.00
890 30000 30000 30030 30000 .68 .68 .68 .68 .75 .75 .75 .75
900 30000 30000 30030 30000 .68 .68 .68 .68 .75 .75 .75 .75
910 30001 30001 30031 30001 .79 .67 .65 .76 .84 .75 .72 .82
920 30001 30001 30031 30001 .79 .67 .65 .76 .84 .75 .72 .82
930 30001 30001 30031 30001 .79 .67 .65 .76 .84 .75 .72 .82
940 30001 30001 30031 30001 .79 .67 .65 .76 .84 .75 .72 .82
950 30001 30001 30031 30001 .79 .67 .65 .76 .84 .75 .72 .82
960 30031 30001 30031 30031 .80 .68 .68 .77 .85 .76 .76 .82
970 30031 30001 30031 30031 .80 .68 .68 .77 .85 .76 .76 .82
980 30301 30301 30031 30301 .61 .38 .39 .52 .70 .52 .54 .63
990 30301 30301 30031 30301 .61 .38 .39 .52 .70 .52 .54 .63
1000 30302 30302 30302 30302 1.00 1.00 1.00 1.00 1.00 1.00 1.00 1.00
1010 30302 30302 30302 30302 1.00 1.00 1.00 1.00 1.00 1.00 1.00 1.00
1020 30002 30002 30002 30002 1.00 1.00 1.00 1.00 1.00 1.00 1.00 1.00
1030 30002 30002 30002 30002 1.00 1.00 1.00 1.00 1.00 1.00 1.00 1.00
1040 30002 30002 30002 30002 1.00 1.00 1.00 1.00 1.00 1.00 1.00 1.00
1050 30002 30002 30002 30002 1.00 1.00 1.00 1.00 1.00 1.00 1.00 1.00
1060 30032 30032 30302 30032 .61 .38 .39 .49 .70 .52 .54 .61
1070 30032 30032 30302 30032 .61 .38 .39 .49 .70 .52 .54 .61
1080 30032 30032 30302 30032 .61 .38 .39 .49 .70 .52 .54 .61
1090 30002 30002 30002 30002 1.00 1.00 1.00 1.00 1.00 1.00 1.00 1.00
1100 30002 30002 30002 30002 1.00 1.00 1.00 1.00 1.00 1.00 1.00 1.00
1110 30002 30002 30002 30002 1.00 1.00 1.00 1.00 1.00 1.00 1.00 1.00
1120 30002 30302 30302 30302 .80 .68 .70 .75 .85 .76 .77 .81
1130 30002 30302 30302 30302 .80 .68 .70 .75 .85 .76 .77 .81
1140 30032 30302 30302 30302 .61 .38 .39 .49 .70 .52 .54 .61
1150 30032 30302 30302 30302 .61 .38 .39 .49 .70 .52 .54 .61
1160 30032 30302 30302 30302 .61 .38 .39 .49 .70 .52 .54 .61
1170 30302 30302 30302 30302 1.00 1.00 1.00 1.00 1.00 1.00 1.00 1.00
1180 30302 30302 30302 30302 1.00 1.00 1.00 1.00 1.00 1.00 1.00 1.00
1190 30302 30302 30302 30302 1.00 1.00 1.00 1.00 1.00 1.00 1.00 1.00
1200 30302 30303 30302 30302 .79 .92 .97 .99 .85 .94 .98 .99
1210 30303 30303 30303 30303 1.00 1.00 1.00 1.00 1.00 1.00 1.00 1.00
1220 30303 30303 30303 30303 1.00 1.00 1.00 1.00 1.00 1.00 1.00 1.00
1230 30303 30303 30303 30303 1.00 1.00 1.00 1.00 1.00 1.00 1.00 1.00
1240 30303 30303 30303 30303 1.00 1.00 1.00 1.00 1.00 1.00 1.00 1.00
1250 00003 00000 00000 00000 1.0 1.0 1.0 1.0 1.0 1.0 1.0 1.0
1260 00003 00000 00000 00000 1.0 1.0 1.0 1.0 1.0 1.0 1.0 1.0
1270 00003 00000 00000 00000 1.0 1.0 1.0 1.0 1.0 1.0 1.0 1.0
1280 00003 00000 00000 00000 1.0 1.0 1.0 1.0 1.0 1.0 1.0 1.0
1290 00003 00000 00000 00000 1.0 1.0 1.0 1.0 1.0 1.0 1.0 1.0
1300 00003 00000 00000 00000 1.0 1.0 1.0 1.0 1.0 1.0 1.0 1.0
1310 00003 00000 00000 00000 1.0 1.0 1.0 1.0 1.0 1.0 1.0 1.0
1320 00003 00000 00000 00000 1.0 1.0 1.0 1.0 1.0 1.0 1.0 1.0
1330 00003 00000 00000 00000 1.0 1.0 1.0 1.0 1.0 1.0 1.0 1.0
1340 00003 00000 00000 00000 1.0 1.0 1.0 1.0 1.0 1.0 1.0 1.0
1350 00003 00000 00000 00000 1.0 1.0 1.0 1.0 1.0 1.0 1.0 1.0
1360 00003 00000 00000 00000 1.0 1.0 1.0 1.0 1.0 1.0 1.0 1.0
1370 00003 00000 00000 00000 1.0 1.0 1.0 1.0 1.0 1.0 1.0 1.0
