0 00000 00000 01100 00000 -0.08 -0.08 -0.08 -0.08 -0.06 -0.06 -0.06 -0.06
10 00000 00000 01000 00000 1.0 1.0 1.0 1.0 1.0 1.0 1.0 1.0
20 00000 00000 00000 00000 1.0 1.0 1.0 1.0 1.0 1.0 1.0 1.0
30 00000 00000 00000 00000 1.0 1.0 1.0 1.0 1.0 1.0 1.0 1.0
40 00000 00000 00000 00000 1.0 1.0 1.0 1.0 1.0 1.0 1.0 1.0
50 00000 00000 00000 00000 1.0 1.0 1.0 1.0 1.0 1.0 1.0 1.0
60 00000 00000 00000 00000 1.0 1.0 1.0 1.0 1.0 1.0 1.0 1.0
70 00000 03000 03000 03000 .46 .46 .46 .46 .63 .63 .63 .63
80 03000 03000 30000 03000 .22 .22 .22 .22 .41 .41 .41 .41
90 30000 30000 30000 30000 1.00 1.00 1.00 1.00 1.00 1.00 1.00 1.00
100 30000 30000 30000 30000 1.00 1.00 1.00 1.00 1.00 1.00 1.00 1.00
110 30000 30000 30000 30000 1.00 1.00 1.00 1.00 1.00 1.00 1.00 1.00
120 30000 30000 30000 30000 1.00 1.00 1.00 1.00 1.00 1.00 1.00 1.00
130 30030 30000 30030 30030 .72 .72 .72 .72 .79 .79 .79 .79
140 30300 30300 30300 30300 1.00 1.00 1.00 1.00 1.00 1.00 1.00 1.00
150 03300 00300 03300 03300 .72 .72 .72 .72 .79 .79 .79 .79
160 00300 00300 00300 00300 1.00 1.00 1.00 1.00 1.00 1.00 1.00 1.00
170 00300 00300 00300 00300 1.00 1.00 1.00 1.00 1.00 1.00 1.00 1.00
180 00300 00300 00300 00300 1.00 1.00 1.00 1.00 1.00 1.00 1.00 1.00
190 00300 00300 00300 00300 1.00 1.00 1.00 1.00 1.00 1.00 1.00 1.00
200 00300 00300 00300 00300 1.00 1.00 1.00 1.00 1.00 1.00 1.00 1.00
210 30300 30300 30300 30300 1.00 1.00 1.00 1.00 1.00 1.00 1.00 1.00
220 30300 30300 30300 30300 1.00 1.00 1.00 1.00 1.00 1.00 1.00 1.00
230 30300 30300 30300 30300 1.00 1.00 1.00 1.00 1.00 1.00 1.00 1.00
240 30000 30000 30000 30000 1.00 1.00 1.00 1.00 1.00 1.00 1.00 1.00
250 30000 30000 30000 30000 1.00 1.00 1.00 1.00 1.00 1.00 1.00 1.00
260 30000 30000 30000 30000 1.00 1.00 1.00 1.00 1.00 1.00 1.00 1.00
270 30000 30000 30000 30000 1.00 1.00 1.00 1.00 1.00 1.00 1.00 1.00
280 30000 30000 30030 30000 .68 .68 .68 .68 .75 .75 .75 .75
290 30000 30000 30030 30000 .68 .68 .68 .68 .75 .75 .75 .75
300 30001 30001 30030 30001 .55 .55 .63 .50 .66 .65 .70 .62
310 30001 30001 30030 30001 .55 .55 .63 .50 .66 .65 .70 .62
320 30001 30001 30030 30001 .55 .55 .63 .50 .66 .65 .70 .62
330 30001 30001 30031 30001 .79 .67 .65 .76 .84 .75 .72 .82
340 30001 30001 30031 30001 .79 .67 .65 .76 .84 .75 .72 .82
350 30001 30001 30031 30001 .79 .67 .65 .76 .84 .75 .72 .82
360 30031 30001 30031 30031 .80 .68 .68 .77 .85 .76 .76 .82
370 30031 30001 30301 30001 .61 .37 .36 .53 .69 .51 .49 .64
380 30301 30301 30301 30301 1.00 1.00 1.00 1.00 1.00 1.00 1.00 1.00
390 30301 30301 30301 30301 1.00 1.00 1.00 1.00 1.00 1.00 1.00 1.00
400 30301 30301 30301 30301 1.00 1.00 1.00 1.00 1.00 1.00 1.00 1.00
410 30301 30301 30301 30301 1.00 1.00 1.00 1.00 1.00 1.00 1.00 1.00
420 30302 30302 30302 30302 1.00 1.00 1.00 1.00 1.00 1.00 1.00 1.00
430 30302 30302 30302 30302 1.00 1.00 1.00 1.00 1.00 1.00 1.00 1.00
440 30302 30302 30302 30302 1.00 1.00 1.00 1.00 1.00 1.00 1.00 1.00
450 30302 30302 30302 30302 1.00 1.00 1.00 1.00 1.00 1.00 1.00 1.00
460 30302 30302 30302 30302 1.00 1.00 1.00 1.00 1.00 1.00 1.00 1.00
470 30302 30302 30302 30302 1.00 1.00 1.00 1.00 1.00 1.00 1.00 1.00
480 30303 30302 30302 30302 .79 .92 .97 .99 .85 .94 .98 .99
490 30303 30302 30302 30302 .79 .92 .97 .99 .85 .94 .98 .99
500 30303 30303 30302 30303 .77 .91 .97 .99 .82 .93 .98 .99
510 30303 30303 30303 30303 1.00 1.00 1.00 1.00 1.00 1.00 1.00 1.00
520 30303 30303 30303 30303 1.00 1.00 1.00 1.00 1.00 1.00 1.00 1.00
530 30303 30303 30303 30303 1.00 1.00 1.00 1.00 1.00 1.00 1.00 1.00
540 30303 30303 30303 30303 1.00 1.00 1.00 1.00 1.00 1.00 1.00 1.00
550 03303 30303 03033 03303 -0.04 -0.04 -0.04 -0.04 .21 .21 .21 .21
560 00033 00303 03033 00033 .25 .25 .25 .25 .42 .42 .42 .42
570 00003 00000 00000 00000 1.0 1.0 1.0 1.0 1.0 1.0 1.0 1.0
580 00000 00000 00000 00000 1.0 1.0 1.0 1.0 1.0 1.0 1.0 1.0
590 00000 00000 00000 00000 1.0 1.0 1.0 1.0 1.0 1.0 1.0 1.0
600 00000 00000 00000 00000 1.0 1.0 1.0 1.0 1.0 1.0 1.0 1.0
610 00000 00000 00000 00000 1.0 1.0 1.0 1.0 1.0 1.0 1.0 1.0
620 00000 00000 00000 00000 1.0 1.0 1.0 1.0 1.0 1.0 1.0 1.0
630 00000 00000 00000 00000 1.0 1.0 1.0 1.0 1.0 1.0 1.0 1.0
640 03000 03000 30000 03000 .22 .22 .22 .22 .41 .41 .41 .41
650 00000 00000 00000 00000 1.0 1.0 1.0 1.0 1.0 1.0 1.0 1.0
660 00000 00000 00000 00000 1.0 1.0 1.0 1.0 1.0 1.0 1.0 1.0
670 00000 00000 00000 00000 1.0 1.0 1.0 1.0 1.0 1.0 1.0 1.0
680 00000 00000 00000 00000 1.0 1.0 1.0 1.0 1.0 1.0 1.0 1.0
690 00000 00000 00000 00000 1.0 1.0 1.0 1.0 1.0 1.0 1.0 1.0
700 03000 03000 30000 03000 .22 .22 .22 .22 .41 .41 .41 .41
710 30000 30000 30000 30000 1.00 1.00 1.00 1.00 1.00 1.00 1.00 1.00
720 30000 30000 30000 30000 1.00 1.00 1.00 1.00 1.00 1.00 1.00 1.00
730 30000 30000 30000 30000 1.00 1.00 1.00 1.00 1.00 1.00 1.00 1.00
740 30000 30000 30000 30000 1.00 1.00 1.00 1.00 1.00 1.00 1.00 1.00
750 30000 30000 30000 30000 1.00 1.00 1.00 1.00 1.00 1.00 1.00 1.00
760 30030 30030 30300 30030 .48 .48 .48 .48 .60 .60 .60 .60
770 30030 30030 30300 30030 .48 .48 .48 .48 .60 .60 .60 .60
780 30030 30030 30300 30030 .48 .48 .48 .48 .60 .60 .60 .60
790 30030 30030 30300 30030 .48 .48 .48 .48 .60 .60 .60 .60
800 30030 30030 30300 30030 .48 .48 .48 .48 .60 .60 .60 .60
810 30030 30030 30300 30030 .48 .48 .48 .48 .60 .60 .60 .60
820 30030 30030 30300 30030 .48 .48 .48 .48 .60 .60 .60 .60
830 30030 30030 30300 30030 .48 .48 .48 .48 .60 .60 .60 .60
840 30030 30030 30300 30030 .48 .48 .48 .48 .60 .60 .60 .60
850 30000 30000 30000 30000 1.00 1.00 1.00 1.00 1.00 1.00 1.00 1.00
860 30000 30000 30030 30000 .68 .68 .68 .68 .75 .75 .75 .75
870 30000 30000 30030 30000 .68 .68 .68 .68 .75 .75 .75 .75
880 30300 30300 30300 30300 1.00 1.00 1.00 1.00 1.00 1.00 1.00 1.00
890 03300 00300 03300 03300 .72 .72 .72 .72 .79 .79 .79 .79
900 00300 00300 00300 00300 1.00 1.00 1.00 1.00 1.00 1.00 1.00 1.00
910 00300 00300 00300 00300 1.00 1.00 1.00 1.00 1.00 1.00 1.00 1.00
920 00300 00300 00300 00300 1.00 1.00 1.00 1.00 1.00 1.00 1.00 1.00
930 00300 00300 30300 00300 .68 .68 .68 .68 .75 .75 .75 .75
940 03300 03300 30300 03300 .48 .48 .48 .48 .60 .60 .60 .60
950 03300 03300 30300 03300 .48 .48 .48 .48 .60 .60 .60 .60
960 00300 00300 00300 00300 1.00 1.00 1.00 1.00 1.00 1.00 1.00 1.00
970 00300 00300 00300 00300 1.00 1.00 1.00 1.00 1.00 1.00 1.00 1.00
980 03300 00300 03300 03300 .72 .72 .72 .72 .79 .79 .79 .79
990 30300 30300 30300 30300 1.00 1.00 1.00 1.00 1.00 1.00 1.00 1.00
1000 30300 30300 30300 30300 1.00 1.00 1.00 1.00 1.00 1.00 1.00 1.00
1010 30000 30000 30000 30000 1.00 1.00 1.00 1.00 1.00 1.00 1.00 1.00
1020 30000 30000 30000 30000 1.00 1.00 1.00 1.00 1.00 1.00 1.00 1.00
1030 30000 30000 30030 30000 .68 .68 .68 .68 .75 .75 .75 .75
1040 30000 30000 30030 30000 .68 .68 .68 .68 .75 .75 .75 .75
1050 30000 30000 30030 30000 .68 .68 .68 .68 .75 .75 .75 .75
1060 30000 30000 30030 30000 .68 .68 .68 .68 .75 .75 .75 .75
1070 30001 30001 30030 30001 .55 .55 .63 .50 .66 .65 .70 .62
1080 30001 30001 30031 30001 .79 .67 .65 .76 .84 .75 .72 .82
1090 30001 30001 30031 30001 .79 .67 .65 .76 .84 .75 .72 .82
1100 30001 30001 30031 30001 .79 .67 .65 .76 .84 .75 .72 .82
1110 30031 30001 30031 30031 .80 .68 .68 .77 .85 .76 .76 .82
1120 30031 30001 30301 30001 .61 .37 .36 .53 .69 .51 .49 .64
1130 30301 30001 30301 30301 .80 .68 .68 .77 .85 .76 .76 .82
1140 30301 30001 30301 30301 .80 .68 .68 .77 .85 .76 .76 .82
1150 30301 30001 30301 30301 .80 .68 .68 .77 .85 .76 .76 .82
1160 30301 30001 30301 30301 .80 .68 .68 .77 .85 .76 .76 .82
1170 30301 30001 30301 30301 .80 .68 .68 .77 .85 .76 .76 .82
1180 30301 30001 30301 30301 .80 .68 .68 .77 .85 .76 .76 .82
1190 30301 30001 30301 30301 .80 .68 .68 .77 .85 .76 .76 .82
1200 30301 30301 30301 30301 1.00 1.00 1.00 1.00 1.00 1.00 1.00 1.00
1210 30301 30301 30301 30301 1.00 1.00 1.00 1.00 1.00 1.00 1.00 1.00
1220 30301 30301 30301 30301 1.00 1.00 1.00 1.00 1.00 1.00 1.00 1.00
1230 30301 30301 30301 30301 1.00 1.00 1.00 1.00 1.00 1.00 1.00 1.00
1240 30301 30301 30301 30301 1.00 1.00 1.00 1.00 1.00 1.00 1.00 1.00
1250 30302 30302 30302 30302 1.00 1.00 1.00 1.00 1.00 1.00 1.00 1.00
1260 30302 30302 30302 30302 1.00 1.00 1.00 1.00 1.00 1.00 1.00 1.00
1270 30302 30302 30302 30302 1.00 1.00 1.00 1.00 1.00 1.00 1.00 1.00
1280 30302 30302 30302 30302 1.00 1.00 1.00 1.00 1.00 1.00 1.00 1.00
1290 30302 30302 30302 30302 1.00 1.00 1.00 1.00 1.00 1.00 1.00 1.00
1300 30302 30302 30302 30302 1.00 1.00 1.00 1.00 1.00 1.00 1.00 1.00
1310 30302 30302 30302 30302 1.00 1.00 1.00 1.00 1.00 1.00 1.00 1.00
1320 30302 30302 30302 30302 1.00 1.00 1.00 1.00 1.00 1.00 1.00 1.00
1330 30302 30302 30302 30302 1.00 1.00 1.00 1.00 1.00 1.00 1.00 1.00
1340 30302 30302 30302 30302 1.00 1.00 1.00 1.00 1.00 1.00 1.00 1.00
1350 30302 30302 30302 30302 1.00 1.00 1.00 1.00 1.00 1.00 1.00 1.00
1360 30302 30302 30302 30302 1.00 1.00 1.00 1.00 1.00 1.00 1.00 1.00
1370 30303 30302 30302 30302 .79 .92 .97 .99 .85 .94 .98 .99
1380 30303 30303 30302 30303 .77 .91 .97 .99 .82 .93 .98 .99
1390 30303 30303 30303 30303 1.00 1.00 1.00 1.00 1.00 1.00 1.00 1.00
1400 30303 30303 30303 30303 1.00 1.00 1.00 1.00 1.00 1.00 1.00 1.00
1410 30303 30303 30303 30303 1.00 1.00 1.00 1.00 1.00 1.00 1.00 1.00
1420 03303 30303 30303 30303 .48 .48 .48 .48 .60 .60 .60 .60
1430 00303 30303 00303 00303 .75 .75 .75 .75 .81 .81 .81 .81
1440 00303 00303 00303 00303 1.00 1.00 1.00 1.00 1.00 1.00 1.00 1.00
1450 00303 00303 00303 00303 1.00 1.00 1.00 1.00 1.00 1.00 1.00 1.00
1460 00303 00303 03303 00303 .75 .75 .75 .75 .81 .81 .81 .81
1470 30303 00303 30303 30303 .75 .75 .75 .75 .81 .81 .81 .81
1480 30303 30303 30303 30303 1.00 1.00 1.00 1.00 1.00 1.00 1.00 1.00
1490 30303 30303 30303 30303 1.00 1.00 1.00 1.00 1.00 1.00 1.00 1.00
1500 30303 30303 30303 30303 1.00 1.00 1.00 1.00 1.00 1.00 1.00 1.00
1510 30303 30303 30303 30303 1.00 1.00 1.00 1.00 1.00 1.00 1.00 1.00
1520 30303 30303 30303 30303 1.00 1.00 1.00 1.00 1.00 1.00 1.00 1.00
1530 30303 30303 30303 30303 1.00 1.00 1.00 1.00 1.00 1.00 1.00 1.00
1540 30303 30303 30303 30303 1.00 1.00 1.00 1.00 1.00 1.00 1.00 1.00
1550 03033 30003 30033 30033 .25 .25 .25 .25 .42 .42 .42 .42
1560 00003 00000 00000 00000 1.0 1.0 1.0 1.0 1.0 1.0 1.0 1.0
1570 00003 00000 00000 00000 1.0 1.0 1.0 1.0 1.0 1.0 1.0 1.0
1580 00003 00000 00000 00000 1.0 1.0 1.0 1.0 1.0 1.0 1.0 1.0
1590 00003 00000 01013 00003 .13 .13 .35 .07 .30 .34 .54 .25
1600 00003 00000 01013 00003 .13 .13 .35 .07 .30 .34 .54 .25
1610 00003 00000 01013 00003 .13 .13 .35 .07 .30 .34 .54 .25
1620 00003 00000 01013 00003 .13 .13 .35 .07 .30 .34 .54 .25
1630 00003 00000 01013 00003 .13 .13 .35 .07 .30 .34 .54 .25
1640 00003 00000 01013 00003 .13 .13 .35 .07 .30 .34 .54 .25
1650 00003 00000 01013 00003 .13 .13 .35 .07 .30 .34 .54 .25
1660 00003 00000 01013 00003 .13 .13 .35 .07 .30 .34 .54 .25
1670 00003 00000 01013 00003 .13 .13 .35 .07 .30 .34 .54 .25
1680 00003 00000 01013 00003 .13 .13 .35 .07 .30 .34 .54 .25
1690 00003 00000 01013 00003 .13 .13 .35 .07 .30 .34 .54 .25
