0 00022 00002 00021 00022 .48 .66 .60 .69 .61 .75 .71 .77
10 00022 00002 00021 00022 .48 .66 .60 .69 .61 .75 .71 .77
20 00022 00002 00021 00022 .48 .66 .60 .69 .61 .75 .71 .77
30 00022 00002 00021 00022 .48 .66 .60 .69 .61 .75 .71 .77
40 00202 00202 00201 00202 .76 .96 .93 .97 .82 .97 .95 .98
50 00202 00202 00201 00202 .76 .96 .93 .97 .82 .97 .95 .98
60 00202 00202 00201 00202 .76 .96 .93 .97 .82 .97 .95 .98
70 00200 00200 00200 00200 1.00 1.00 1.00 1.00 1.00 1.00 1.00 1.00
80 00200 00200 00200 00200 1.00 1.00 1.00 1.00 1.00 1.00 1.00 1.00
90 00200 00200 00200 00200 1.00 1.00 1.00 1.00 1.00 1.00 1.00 1.00
100 00200 00200 00200 00200 1.00 1.00 1.00 1.00 1.00 1.00 1.00 1.00
110 00200 00200 00200 00200 1.00 1.00 1.00 1.00 1.00 1.00 1.00 1.00
120 00200 00200 00200 00200 1.00 1.00 1.00 1.00 1.00 1.00 1.00 1.00
130 00200 00200 00200 00200 1.00 1.00 1.00 1.00 1.00 1.00 1.00 1.00
140 00200 00200 00201 00200 .70 .80 .90 .68 .76 .84 .93 .75
150 00201 00200 00201 00201 .75 .83 .90 .72 .82 .87 .93 .79
160 00201 00201 00201 00201 1.00 1.00 1.00 1.00 1.00 1.00 1.00 1.00
170 00202 00201 00202 00202 .76 .96 .93 .97 .82 .97 .95 .98
180 00202 00201 00202 00202 .76 .96 .93 .97 .82 .97 .95 .98
190 00202 00202 00202 00202 1.00 1.00 1.00 1.00 1.00 1.00 1.00 1.00
200 00202 00202 00202 00202 1.00 1.00 1.00 1.00 1.00 1.00 1.00 1.00
210 00202 00202 00202 00202 1.00 1.00 1.00 1.00 1.00 1.00 1.00 1.00
220 00202 00202 00202 00202 1.00 1.00 1.00 1.00 1.00 1.00 1.00 1.00
230 00202 00202 00202 00202 1.00 1.00 1.00 1.00 1.00 1.00 1.00 1.00
240 00202 00202 00202 00202 1.00 1.00 1.00 1.00 1.00 1.00 1.00 1.00
250 00202 00202 00202 00202 1.00 1.00 1.00 1.00 1.00 1.00 1.00 1.00
260 00202 00202 00202 00202 1.00 1.00 1.00 1.00 1.00 1.00 1.00 1.00
270 00202 00202 00202 00202 1.00 1.00 1.00 1.00 1.00 1.00 1.00 1.00
280 00202 00202 00200 00202 .72 .72 .72 .72 .79 .79 .79 .79
290 00202 00202 00200 00202 .72 .72 .72 .72 .79 .79 .79 .79
300 00202 00202 00200 00202 .72 .72 .72 .72 .79 .79 .79 .79
310 00202 00202 00200 00202 .72 .72 .72 .72 .79 .79 .79 .79
320 00202 00202 00200 00202 .72 .72 .72 .72 .79 .79 .79 .79
330 00202 00202 00200 00202 .72 .72 .72 .72 .79 .79 .79 .79
340 00202 00202 00200 00202 .72 .72 .72 .72 .79 .79 .79 .79
350 02202 00202 00200 00202 .48 .48 .48 .48 .60 .60 .60 .60
360 20202 00202 00200 00202 .48 .48 .48 .48 .60 .60 .60 .60
370 20202 20202 20200 20202 .75 .75 .75 .75 .81 .81 .81 .81
380 20022 20202 20200 20202 .25 .25 .25 .25 .42 .42 .42 .42
390 20022 20032 20200 20022 .22 .20 .21 .25 .36 .39 .40 .42
400 20002 20002 20000 20002 .72 .72 .72 .72 .79 .79 .79 .79
410 20002 20002 20000 20002 .72 .72 .72 .72 .79 .79 .79 .79
420 20002 20002 20000 20002 .72 .72 .72 .72 .79 .79 .79 .79
430 20000 20000 20000 20000 1.00 1.00 1.00 1.00 1.00 1.00 1.00 1.00
440 20000 20000 20000 20000 1.00 1.00 1.00 1.00 1.00 1.00 1.00 1.00
450 20000 20000 20000 20000 1.00 1.00 1.00 1.00 1.00 1.00 1.00 1.00
460 20000 20000 20000 20000 1.00 1.00 1.00 1.00 1.00 1.00 1.00 1.00
470 20000 20000 20000 20000 1.00 1.00 1.00 1.00 1.00 1.00 1.00 1.00
480 20000 20000 20000 20000 1.00 1.00 1.00 1.00 1.00 1.00 1.00 1.00
490 20000 20000 20000 20000 1.00 1.00 1.00 1.00 1.00 1.00 1.00 1.00
500 20000 20000 20000 20000 1.00 1.00 1.00 1.00 1.00 1.00 1.00 1.00
510 20000 20000 20000 20000 1.00 1.00 1.00 1.00 1.00 1.00 1.00 1.00
520 20000 20000 20000 20000 1.00 1.00 1.00 1.00 1.00 1.00 1.00 1.00
530 20000 20000 20000 20000 1.00 1.00 1.00 1.00 1.00 1.00 1.00 1.00
540 20000 20000 20000 20000 1.00 1.00 1.00 1.00 1.00 1.00 1.00 1.00
550 20000 20000 20000 20000 1.00 1.00 1.00 1.00 1.00 1.00 1.00 1.00
560 20000 20000 20000 20000 1.00 1.00 1.00 1.00 1.00 1.00 1.00 1.00
570 20000 20000 20000 20000 1.00 1.00 1.00 1.00 1.00 1.00 1.00 1.00
580 20000 20000 20000 20000 1.00 1.00 1.00 1.00 1.00 1.00 1.00 1.00
590 20000 20000 20000 20000 1.00 1.00 1.00 1.00 1.00 1.00 1.00 1.00
600 20020 20000 20000 20000 .68 .68 .68 .68 .75 .75 .75 .75
610 20020 20000 20000 20000 .68 .68 .68 .68 .75 .75 .75 .75
620 20020 20000 20000 20000 .68 .68 .68 .68 .75 .75 .75 .75
630 20020 20000 20200 20000 .44 .44 .44 .44 .55 .55 .55 .55
640 20200 20200 20200 20200 1.00 1.00 1.00 1.00 1.00 1.00 1.00 1.00
650 00200 00200 20200 00200 .68 .68 .68 .68 .75 .75 .75 .75
660 00200 00200 00200 00200 1.00 1.00 1.00 1.00 1.00 1.00 1.00 1.00
670 00200 00200 00200 00200 1.00 1.00 1.00 1.00 1.00 1.00 1.00 1.00
680 00200 00200 00200 00200 1.00 1.00 1.00 1.00 1.00 1.00 1.00 1.00
690 00200 00200 00200 00200 1.00 1.00 1.00 1.00 1.00 1.00 1.00 1.00
700 00200 00200 00200 00200 1.00 1.00 1.00 1.00 1.00 1.00 1.00 1.00
710 00201 00201 00201 00201 1.00 1.00 1.00 1.00 1.00 1.00 1.00 1.00
720 00201 00201 00201 00201 1.00 1.00 1.00 1.00 1.00 1.00 1.00 1.00
730 00201 00201 00201 00201 1.00 1.00 1.00 1.00 1.00 1.00 1.00 1.00
740 00201 00202 00201 00201 .77 .96 .92 .97 .83 .97 .93 .98
750 00201 00202 00201 00201 .77 .96 .92 .97 .83 .97 .93 .98
760 00202 00202 00201 00202 .76 .96 .93 .97 .82 .97 .95 .98
770 00202 00202 00202 00202 1.00 1.00 1.00 1.00 1.00 1.00 1.00 1.00
780 00202 00202 00202 00202 1.00 1.00 1.00 1.00 1.00 1.00 1.00 1.00
790 00202 00202 00202 00202 1.00 1.00 1.00 1.00 1.00 1.00 1.00 1.00
800 00202 00202 00202 00202 1.00 1.00 1.00 1.00 1.00 1.00 1.00 1.00
810 00202 00202 00202 00202 1.00 1.00 1.00 1.00 1.00 1.00 1.00 1.00
820 00202 00202 00202 00202 1.00 1.00 1.00 1.00 1.00 1.00 1.00 1.00
830 00202 00202 00202 00202 1.00 1.00 1.00 1.00 1.00 1.00 1.00 1.00
840 00202 00202 00200 00202 .72 .72 .72 .72 .79 .79 .79 .79
850 00202 00202 00200 00202 .72 .72 .72 .72 .79 .79 .79 .79
860 00202 00202 00200 00202 .72 .72 .72 .72 .79 .79 .79 .79
870 00202 00242 00200 00202 .53 .34 .19 .49 .63 .48 .32 .61
880 00202 00242 00200 00202 .53 .34 .19 .49 .63 .48 .32 .61
890 20202 20242 00200 20202 .33 .09 1.0 .26 .48 .26 .16 .43
900 20022 20042 20200 20022 .22 .20 .17 .25 .36 .39 .35 .42
910 20002 20002 20200 20002 .48 .48 .48 .48 .60 .60 .60 .60
920 20002 20002 20000 20002 .72 .72 .72 .72 .79 .79 .79 .79
930 20002 20002 20000 20002 .72 .72 .72 .72 .79 .79 .79 .79
940 20002 20002 20000 20002 .72 .72 .72 .72 .79 .79 .79 .79
950 20000 20000 20000 20000 1.00 1.00 1.00 1.00 1.00 1.00 1.00 1.00
960 20000 20000 20000 20000 1.00 1.00 1.00 1.00 1.00 1.00 1.00 1.00
970 20000 20000 20000 20000 1.00 1.00 1.00 1.00 1.00 1.00 1.00 1.00
980 20000 20000 20000 20000 1.00 1.00 1.00 1.00 1.00 1.00 1.00 1.00
990 20000 20000 20000 20000 1.00 1.00 1.00 1.00 1.00 1.00 1.00 1.00
1000 20000 20000 20000 20000 1.00 1.00 1.00 1.00 1.00 1.00 1.00 1.00
1010 20000 20000 20000 20000 1.00 1.00 1.00 1.00 1.00 1.00 1.00 1.00
1020 20000 20000 20000 20000 1.00 1.00 1.00 1.00 1.00 1.00 1.00 1.00
1030 20000 20000 20000 20000 1.00 1.00 1.00 1.00 1.00 1.00 1.00 1.00
1040 20000 20000 20000 20000 1.00 1.00 1.00 1.00 1.00 1.00 1.00 1.00
1050 20000 20000 20000 20000 1.00 1.00 1.00 1.00 1.00 1.00 1.00 1.00
1060 20000 20000 20000 20000 1.00 1.00 1.00 1.00 1.00 1.00 1.00 1.00
1070 20000 20000 20000 20000 1.00 1.00 1.00 1.00 1.00 1.00 1.00 1.00
1080 20000 20000 20000 20000 1.00 1.00 1.00 1.00 1.00 1.00 1.00 1.00
1090 20000 20000 20000 20000 1.00 1.00 1.00 1.00 1.00 1.00 1.00 1.00
1100 20000 20000 20000 20000 1.00 1.00 1.00 1.00 1.00 1.00 1.00 1.00
1110 20000 20000 20000 20000 1.00 1.00 1.00 1.00 1.00 1.00 1.00 1.00
1120 20000 20000 20000 20000 1.00 1.00 1.00 1.00 1.00 1.00 1.00 1.00
1130 20020 20000 20000 20000 .68 .68 .68 .68 .75 .75 .75 .75
1140 20020 20000 20000 20000 .68 .68 .68 .68 .75 .75 .75 .75
1150 20020 20000 20000 20000 .68 .68 .68 .68 .75 .75 .75 .75
1160 20200 20000 20200 20200 .72 .72 .72 .72 .79 .79 .79 .79
1170 20200 20200 20200 20200 1.00 1.00 1.00 1.00 1.00 1.00 1.00 1.00
1180 02200 00200 00200 00200 .68 .68 .68 .68 .75 .75 .75 .75
1190 00200 00200 00200 00200 1.00 1.00 1.00 1.00 1.00 1.00 1.00 1.00
1200 00200 00200 00200 00200 1.00 1.00 1.00 1.00 1.00 1.00 1.00 1.00
1210 00200 00200 00200 00200 1.00 1.00 1.00 1.00 1.00 1.00 1.00 1.00
1220 00200 00200 00200 00200 1.00 1.00 1.00 1.00 1.00 1.00 1.00 1.00
1230 00201 00201 00201 00201 1.00 1.00 1.00 1.00 1.00 1.00 1.00 1.00
1240 00201 00201 00201 00201 1.00 1.00 1.00 1.00 1.00 1.00 1.00 1.00
1250 00202 00201 00202 00202 .76 .96 .93 .97 .82 .97 .95 .98
1260 00202 00202 00202 00202 1.00 1.00 1.00 1.00 1.00 1.00 1.00 1.00
1270 00202 00202 00202 00202 1.00 1.00 1.00 1.00 1.00 1.00 1.00 1.00
1280 00202 00202 00202 00202 1.00 1.00 1.00 1.00 1.00 1.00 1.00 1.00
1290 00202 00202 00202 00202 1.00 1.00 1.00 1.00 1.00 1.00 1.00 1.00
1300 00202 00202 00200 00202 .72 .72 .72 .72 .79 .79 .79 .79
1310 00202 00202 00200 00202 .72 .72 .72 .72 .79 .79 .79 .79
1320 00202 00202 00200 00202 .72 .72 .72 .72 .79 .79 .79 .79
1330 00202 00242 00200 00202 .53 .34 .19 .49 .63 .48 .32 .61
1340 00202 00242 00200 00202 .53 .34 .19 .49 .63 .48 .32 .61
1350 00202 00242 00200 00202 .53 .34 .19 .49 .63 .48 .32 .61
1360 00202 03242 00200 00202 .37 .01 -0.05 .26 .50 .20 .11 .43
1370 00202 03242 00200 00202 .37 .01 -0.05 .26 .50 .20 .11 .43
1380 00202 03242 00200 00202 .37 .01 -0.05 .26 .50 .20 .11 .43
1390 00202 03242 00200 00202 .37 .01 -0.05 .26 .50 .20 .11 .43
1400 02202 03242 00200 02202 .29 .04 -0.01 .26 .41 .23 .16 .43
1410 20202 03242 00200 00202 .19 -0.22 -0.24 .02 .35 .03 -0.03 .25
1420 20022 23042 20200 20022 .09 -0.17 -0.15 -0.03 .24 .06 .08 .21
1430 20022 23042 20200 20022 .09 -0.17 -0.15 -0.03 .24 .06 .08 .21
1440 20002 23002 20000 20002 .53 .34 .32 .48 .63 .48 .45 .61
1450 20002 23002 20000 20002 .53 .34 .32 .48 .63 .48 .45 .61
1460 20002 23002 20000 20002 .53 .34 .32 .48 .63 .48 .45 .61
1470 20002 20002 20000 20002 .72 .72 .72 .72 .79 .79 .79 .79
1480 20000 20000 20000 20000 1.00 1.00 1.00 1.00 1.00 1.00 1.00 1.00
1490 20000 20000 20000 20000 1.00 1.00 1.00 1.00 1.00 1.00 1.00 1.00
1500 20000 20000 20000 20000 1.00 1.00 1.00 1.00 1.00 1.00 1.00 1.00
1510 20000 20000 20000 20000 1.00 1.00 1.00 1.00 1.00 1.00 1.00 1.00
1520 20000 20000 20000 20000 1.00 1.00 1.00 1.00 1.00 1.00 1.00 1.00
1530 20000 20000 20000 20000 1.00 1.00 1.00 1.00 1.00 1.00 1.00 1.00
1540 20000 20000 20000 20000 1.00 1.00 1.00 1.00 1.00 1.00 1.00 1.00
1550 20000 20000 20000 20000 1.00 1.00 1.00 1.00 1.00 1.00 1.00 1.00
1560 20000 20000 20000 20000 1.00 1.00 1.00 1.00 1.00 1.00 1.00 1.00
1570 20000 20000 20000 20000 1.00 1.00 1.00 1.00 1.00 1.00 1.00 1.00
1580 20000 20000 20000 20000 1.00 1.00 1.00 1.00 1.00 1.00 1.00 1.00
1590 20000 20000 20000 20000 1.00 1.00 1.00 1.00 1.00 1.00 1.00 1.00
1600 20000 20000 20000 20000 1.00 1.00 1.00 1.00 1.00 1.00 1.00 1.00
1610 20000 20000 20200 20000 .68 .68 .68 .68 .75 .75 .75 .75
1620 20020 20000 20200 20000 .44 .44 .44 .44 .55 .55 .55 .55
1630 20020 20200 20200 20200 .48 .48 .48 .48 .60 .60 .60 .60
1640 20200 20200 20200 20200 1.00 1.00 1.00 1.00 1.00 1.00 1.00 1.00
1650 02200 00200 00200 00200 .68 .68 .68 .68 .75 .75 .75 .75
1660 00200 00200 00200 00200 1.00 1.00 1.00 1.00 1.00 1.00 1.00 1.00
1670 00200 00200 00200 00200 1.00 1.00 1.00 1.00 1.00 1.00 1.00 1.00
1680 00200 00200 00200 00200 1.00 1.00 1.00 1.00 1.00 1.00 1.00 1.00
1690 00200 00200 00200 00200 1.00 1.00 1.00 1.00 1.00 1.00 1.00 1.00
1700 00200 00200 00201 00200 .70 .80 .90 .68 .76 .84 .93 .75
1710 00201 00200 00201 00201 .75 .83 .90 .72 .82 .87 .93 .79
1720 00201 00201 00201 00201 1.00 1.00 1.00 1.00 1.00 1.00 1.00 1.00
1730 00202 00201 00202 00202 .76 .96 .93 .97 .82 .97 .95 .98
1740 00202 00202 00202 00202 1.00 1.00 1.00 1.00 1.00 1.00 1.00 1.00
1750 00202 00202 00202 00202 1.00 1.00 1.00 1.00 1.00 1.00 1.00 1.00
1760 00202 00202 00202 00202 1.00 1.00 1.00 1.00 1.00 1.00 1.00 1.00
1770 00202 00202 00202 00202 1.00 1.00 1.00 1.00 1.00 1.00 1.00 1.00
1780 00202 00202 00202 00202 1.00 1.00 1.00 1.00 1.00 1.00 1.00 1.00
1790 00202 00202 00200 00202 .72 .72 .72 .72 .79 .79 .79 .79
1800 00202 00202 00200 00202 .72 .72 .72 .72 .79 .79 .79 .79
1810 00202 00202 00200 00202 .72 .72 .72 .72 .79 .79 .79 .79
1820 00202 00242 00200 00202 .53 .34 .19 .49 .63 .48 .32 .61
1830 00202 00242 00200 00202 .53 .34 .19 .49 .63 .48 .32 .61
1840 00202 00242 00200 00202 .53 .34 .19 .49 .63 .48 .32 .61
1850 00202 00242 00200 00202 .53 .34 .19 .49 .63 .48 .32 .61
1860 02202 00242 00200 00202 .32 .12 .02 .26 .47 .30 .19 .43
1870 20202 20242 00200 20202 .33 .09 1.0 .26 .48 .26 .16 .43
1880 20022 20042 20200 20022 .22 .20 .17 .25 .36 .39 .35 .42
1890 20022 20002 20000 20002 .48 .48 .48 .48 .60 .60 .60 .60
1900 20002 20002 20000 20002 .72 .72 .72 .72 .79 .79 .79 .79
1910 20002 20002 20000 20002 .72 .72 .72 .72 .79 .79 .79 .79
1920 20002 20002 20000 20002 .72 .72 .72 .72 .79 .79 .79 .79
1930 20000 20000 20000 20000 1.00 1.00 1.00 1.00 1.00 1.00 1.00 1.00
1940 20000 20000 20000 20000 1.00 1.00 1.00 1.00 1.00 1.00 1.00 1.00
1950 20000 20000 20000 20000 1.00 1.00 1.00 1.00 1.00 1.00 1.00 1.00
1960 20000 20000 20000 20000 1.00 1.00 1.00 1.00 1.00 1.00 1.00 1.00
1970 20000 20000 20000 20000 1.00 1.00 1.00 1.00 1.00 1.00 1.00 1.00
1980 20000 20000 20000 20000 1.00 1.00 1.00 1.00 1.00 1.00 1.00 1.00
1990 20000 20000 20000 20000 1.00 1.00 1.00 1.00 1.00 1.00 1.00 1.00
2000 20000 20000 20000 20000 1.00 1.00 1.00 1.00 1.00 1.00 1.00 1.00
2010 20000 20000 20000 20000 1.00 1.00 1.00 1.00 1.00 1.00 1.00 1.00
2020 20000 20000 20000 20000 1.00 1.00 1.00 1.00 1.00 1.00 1.00 1.00
2030 20000 20000 20000 20000 1.00 1.00 1.00 1.00 1.00 1.00 1.00 1.00
2040 20000 20000 20000 20000 1.00 1.00 1.00 1.00 1.00 1.00 1.00 1.00
2050 20000 20000 20000 20000 1.00 1.00 1.00 1.00 1.00 1.00 1.00 1.00
2060 20000 20000 20000 20000 1.00 1.00 1.00 1.00 1.00 1.00 1.00 1.00
2070 20000 20000 20000 20000 1.00 1.00 1.00 1.00 1.00 1.00 1.00 1.00
2080 20000 20000 20000 20000 1.00 1.00 1.00 1.00 1.00 1.00 1.00 1.00
2090 20000 20000 20000 20000 1.00 1.00 1.00 1.00 1.00 1.00 1.00 1.00
2100 20000 20000 20000 20000 1.00 1.00 1.00 1.00 1.00 1.00 1.00 1.00
2110 20000 20000 20000 20000 1.00 1.00 1.00 1.00 1.00 1.00 1.00 1.00
2120 20000 20000 20000 20000 1.00 1.00 1.00 1.00 1.00 1.00 1.00 1.00
2130 20200 20200 20200 20200 1.00 1.00 1.00 1.00 1.00 1.00 1.00 1.00
2140 20200 20200 20200 20200 1.00 1.00 1.00 1.00 1.00 1.00 1.00 1.00
2150 00200 00200 00200 00200 1.00 1.00 1.00 1.00 1.00 1.00 1.00 1.00
2160 00200 00200 00200 00200 1.00 1.00 1.00 1.00 1.00 1.00 1.00 1.00
2170 00200 00200 00200 00200 1.00 1.00 1.00 1.00 1.00 1.00 1.00 1.00
2180 00200 00200 00200 00200 1.00 1.00 1.00 1.00 1.00 1.00 1.00 1.00
2190 00200 00200 00200 00200 1.00 1.00 1.00 1.00 1.00 1.00 1.00 1.00
2200 00200 00200 00200 00200 1.00 1.00 1.00 1.00 1.00 1.00 1.00 1.00
2210 00200 00200 00200 00200 1.00 1.00 1.00 1.00 1.00 1.00 1.00 1.00
2220 00200 00200 00200 00200 1.00 1.00 1.00 1.00 1.00 1.00 1.00 1.00
2230 00200 00200 00200 00200 1.00 1.00 1.00 1.00 1.00 1.00 1.00 1.00
2240 20200 20200 20200 20200 1.00 1.00 1.00 1.00 1.00 1.00 1.00 1.00
2250 20000 20000 20000 20000 1.00 1.00 1.00 1.00 1.00 1.00 1.00 1.00
2260 20000 20000 20000 20000 1.00 1.00 1.00 1.00 1.00 1.00 1.00 1.00
2270 20000 20000 20000 20000 1.00 1.00 1.00 1.00 1.00 1.00 1.00 1.00
2280 20000 20000 20000 20000 1.00 1.00 1.00 1.00 1.00 1.00 1.00 1.00
2290 20000 20000 20000 20000 1.00 1.00 1.00 1.00 1.00 1.00 1.00 1.00
2300 20000 20000 20000 20000 1.00 1.00 1.00 1.00 1.00 1.00 1.00 1.00
2310 20000 20000 20000 20000 1.00 1.00 1.00 1.00 1.00 1.00 1.00 1.00
2320 20001 20000 20001 20001 .75 .83 .90 .72 .82 .87 .93 .79
2330 20001 20000 20001 20001 .75 .83 .90 .72 .82 .87 .93 .79
2340 20001 20001 20001 20001 1.00 1.00 1.00 1.00 1.00 1.00 1.00 1.00
2350 20001 20001 20001 20001 1.00 1.00 1.00 1.00 1.00 1.00 1.00 1.00
2360 20002 20002 20001 20002 .76 .96 .93 .97 .82 .97 .95 .98
2370 20002 20002 20002 20002 1.00 1.00 1.00 1.00 1.00 1.00 1.00 1.00
2380 20002 20002 20002 20002 1.00 1.00 1.00 1.00 1.00 1.00 1.00 1.00
2390 02002 00002 20002 00002 .44 .44 .44 .44 .55 .55 .55 .55
2400 00002 00002 00002 00002 1.00 1.00 1.00 1.00 1.00 1.00 1.00 1.00
2410 00002 00002 00002 00002 1.00 1.00 1.00 1.00 1.00 1.00 1.00 1.00
2420 00002 00002 00002 00002 1.00 1.00 1.00 1.00 1.00 1.00 1.00 1.00
2430 00002 00002 00002 00002 1.00 1.00 1.00 1.00 1.00 1.00 1.00 1.00
2440 00002 00002 00002 00002 1.00 1.00 1.00 1.00 1.00 1.00 1.00 1.00
2450 00002 00002 00002 00002 1.00 1.00 1.00 1.00 1.00 1.00 1.00 1.00
2460 00002 00002 00002 00002 1.00 1.00 1.00 1.00 1.00 1.00 1.00 1.00
2470 00042 00002 00002 00002 .70 .55 .30 .68 .76 .64 .39 .75
2480 00042 00002 00002 00002 .70 .55 .30 .68 .76 .64 .39 .75
