0 00002 04002 04022 04002 .55 .42 .40 .49 .66 .57 .57 .61
10 00002 04002 00022 00002 .48 .32 .17 .44 .57 .45 .27 .55
20 00002 04002 00022 00002 .48 .32 .17 .44 .57 .45 .27 .55
30 00002 04002 00022 00002 .48 .32 .17 .44 .57 .45 .27 .55
40 00022 04022 00022 00022 .77 .53 .35 .75 .82 .64 .46 .81
50 00022 04022 00022 00022 .77 .53 .35 .75 .82 .64 .46 .81
60 00022 04022 00022 00022 .77 .53 .35 .75 .82 .64 .46 .81
70 00022 04022 00022 00022 .77 .53 .35 .75 .82 .64 .46 .81
80 00022 04022 00022 00022 .77 .53 .35 .75 .82 .64 .46 .81
90 00202 04202 00202 00202 .77 .53 .35 .75 .82 .64 .46 .81
100 00202 04202 00202 00202 .77 .53 .35 .75 .82 .64 .46 .81
110 00200 00200 00200 00200 1.00 1.00 1.00 1.00 1.00 1.00 1.00 1.00
120 00200 00200 00200 00200 1.00 1.00 1.00 1.00 1.00 1.00 1.00 1.00
130 00200 00200 00200 00200 1.00 1.00 1.00 1.00 1.00 1.00 1.00 1.00
140 00200 00200 00200 00200 1.00 1.00 1.00 1.00 1.00 1.00 1.00 1.00
150 00200 00200 00200 00200 1.00 1.00 1.00 1.00 1.00 1.00 1.00 1.00
160 02200 00200 00200 00200 .68 .68 .68 .68 .75 .75 .75 .75
170 02200 00200 02200 02200 .72 .72 .72 .72 .79 .79 .79 .79
180 20200 20200 02020 20200 -0.04 -0.04 -0.04 -0.04 .21 .21 .21 .21
190 20020 20000 20020 20020 .72 .72 .72 .72 .79 .79 .79 .79
200 20020 20000 20020 20020 .72 .72 .72 .72 .79 .79 .79 .79
210 20020 20020 20020 20020 1.00 1.00 1.00 1.00 1.00 1.00 1.00 1.00
220 02200 02200 02200 02200 1.00 1.00 1.00 1.00 1.00 1.00 1.00 1.00
230 00200 00200 00200 00200 1.00 1.00 1.00 1.00 1.00 1.00 1.00 1.00
240 00200 00200 00200 00200 1.00 1.00 1.00 1.00 1.00 1.00 1.00 1.00
250 00200 00200 00201 00200 .70 .80 .90 .68 .76 .84 .93 .75
260 00201 00200 00201 00201 .75 .83 .90 .72 .82 .87 .93 .79
270 00201 00201 00201 00201 1.00 1.00 1.00 1.00 1.00 1.00 1.00 1.00
280 00201 00201 00201 00201 1.00 1.00 1.00 1.00 1.00 1.00 1.00 1.00
290 00201 00201 00201 00201 1.00 1.00 1.00 1.00 1.00 1.00 1.00 1.00
300 00202 00202 00202 00202 1.00 1.00 1.00 1.00 1.00 1.00 1.00 1.00
310 00202 00202 00202 00202 1.00 1.00 1.00 1.00 1.00 1.00 1.00 1.00
320 00202 00202 00202 00202 1.00 1.00 1.00 1.00 1.00 1.00 1.00 1.00
330 00202 00202 00202 00202 1.00 1.00 1.00 1.00 1.00 1.00 1.00 1.00
340 00202 00202 04202 00202 .77 .53 .35 .75 .82 .64 .46 .81
350 00202 00202 04202 00202 .77 .53 .35 .75 .82 .64 .46 .81
360 00202 00202 04200 00202 .53 .34 .19 .49 .63 .48 .32 .61
370 00202 00242 04200 00202 .36 .01 -0.11 .26 .50 .20 .04 .43
380 00202 00242 04200 00202 .36 .01 -0.11 .26 .50 .20 .04 .43
390 00202 00242 04200 00202 .36 .01 -0.11 .26 .50 .20 .04 .43
400 00202 00242 02200 00202 .32 .12 .02 .26 .47 .30 .19 .43
410 00202 00242 02200 00202 .32 .12 .02 .26 .47 .30 .19 .43
420 20202 20242 20200 20202 .55 .23 .12 .49 .64 .39 .27 .61
430 20022 20042 20200 20022 .22 .20 .17 .25 .36 .39 .35 .42
440 20022 20042 20200 20022 .22 .20 .17 .25 .36 .39 .35 .42
450 20002 20002 20020 20002 .48 .48 .48 .48 .60 .60 .60 .60
460 20000 20000 20020 20000 .68 .68 .68 .68 .75 .75 .75 .75
470 20000 20000 20000 20000 1.00 1.00 1.00 1.00 1.00 1.00 1.00 1.00
480 20000 20000 20000 20000 1.00 1.00 1.00 1.00 1.00 1.00 1.00 1.00
490 20000 20000 20030 20000 .70 .55 .46 .68 .76 .64 .55 .75
500 20030 20030 20030 20030 1.00 1.00 1.00 1.00 1.00 1.00 1.00 1.00
510 20030 20030 20030 20030 1.00 1.00 1.00 1.00 1.00 1.00 1.00 1.00
520 20030 20030 20030 20030 1.00 1.00 1.00 1.00 1.00 1.00 1.00 1.00
530 20030 20030 20030 20030 1.00 1.00 1.00 1.00 1.00 1.00 1.00 1.00
540 20030 20030 20030 20030 1.00 1.00 1.00 1.00 1.00 1.00 1.00 1.00
550 20030 20030 20030 20030 1.00 1.00 1.00 1.00 1.00 1.00 1.00 1.00
560 20030 20030 20030 20030 1.00 1.00 1.00 1.00 1.00 1.00 1.00 1.00
570 20030 20030 20030 20030 1.00 1.00 1.00 1.00 1.00 1.00 1.00 1.00
580 20030 20030 20030 20030 1.00 1.00 1.00 1.00 1.00 1.00 1.00 1.00
590 20030 20030 20000 20030 .75 .61 .59 .72 .82 .71 .70 .79
600 20000 20000 20000 20000 1.00 1.00 1.00 1.00 1.00 1.00 1.00 1.00
610 20000 20000 20000 20000 1.00 1.00 1.00 1.00 1.00 1.00 1.00 1.00
620 20000 20000 20000 20000 1.00 1.00 1.00 1.00 1.00 1.00 1.00 1.00
630 20000 20000 20000 20000 1.00 1.00 1.00 1.00 1.00 1.00 1.00 1.00
640 20000 20000 20000 20000 1.00 1.00 1.00 1.00 1.00 1.00 1.00 1.00
650 20000 20000 20200 20000 .68 .68 .68 .68 .75 .75 .75 .75
660 20000 20000 20200 20000 .68 .68 .68 .68 .75 .75 .75 .75
670 20020 20000 20200 20000 .44 .44 .44 .44 .55 .55 .55 .55
680 20020 20000 20200 20000 .44 .44 .44 .44 .55 .55 .55 .55
690 20000 20000 20200 20000 .68 .68 .68 .68 .75 .75 .75 .75
700 20000 20000 20000 20000 1.00 1.00 1.00 1.00 1.00 1.00 1.00 1.00
710 20000 20000 20000 20000 1.00 1.00 1.00 1.00 1.00 1.00 1.00 1.00
720 20000 20000 20000 20000 1.00 1.00 1.00 1.00 1.00 1.00 1.00 1.00
730 20200 20000 20000 20000 .68 .68 .68 .68 .75 .75 .75 .75
740 20200 20020 20200 20200 .48 .48 .48 .48 .60 .60 .60 .60
750 00200 00200 00200 00200 1.00 1.00 1.00 1.00 1.00 1.00 1.00 1.00
760 00200 00200 00200 00200 1.00 1.00 1.00 1.00 1.00 1.00 1.00 1.00
770 00200 00200 00200 00200 1.00 1.00 1.00 1.00 1.00 1.00 1.00 1.00
780 00200 00200 00200 00200 1.00 1.00 1.00 1.00 1.00 1.00 1.00 1.00
790 00200 00200 00200 00200 1.00 1.00 1.00 1.00 1.00 1.00 1.00 1.00
800 00201 00201 00201 00201 1.00 1.00 1.00 1.00 1.00 1.00 1.00 1.00
810 00201 00201 00201 00201 1.00 1.00 1.00 1.00 1.00 1.00 1.00 1.00
820 00201 00201 00202 00201 .77 .96 .92 .97 .83 .97 .93 .98
830 00202 00202 00202 00202 1.00 1.00 1.00 1.00 1.00 1.00 1.00 1.00
840 00202 00202 00202 00202 1.00 1.00 1.00 1.00 1.00 1.00 1.00 1.00
850 00202 00202 00202 00202 1.00 1.00 1.00 1.00 1.00 1.00 1.00 1.00
860 00202 00202 00202 00202 1.00 1.00 1.00 1.00 1.00 1.00 1.00 1.00
870 00202 00202 00202 00202 1.00 1.00 1.00 1.00 1.00 1.00 1.00 1.00
880 00202 00202 04202 00202 .77 .53 .35 .75 .82 .64 .46 .81
890 00202 00202 04202 00202 .77 .53 .35 .75 .82 .64 .46 .81
900 00202 00202 04202 00202 .77 .53 .35 .75 .82 .64 .46 .81
910 00202 00202 04200 00202 .53 .34 .19 .49 .63 .48 .32 .61
920 00202 00242 04200 00202 .36 .01 -0.11 .26 .50 .20 .04 .43
930 00202 00242 00200 00202 .53 .34 .19 .49 .63 .48 .32 .61
940 00202 00242 02200 00202 .32 .12 .02 .26 .47 .30 .19 .43
950 20202 00242 20200 20202 .33 .09 1.0 .26 .48 .26 .16 .43
960 20202 20242 20200 20202 .55 .23 .12 .49 .64 .39 .27 .61
970 20002 20002 20000 20002 .72 .72 .72 .72 .79 .79 .79 .79
980 20002 20002 20000 20002 .72 .72 .72 .72 .79 .79 .79 .79
990 20002 20002 20000 20002 .72 .72 .72 .72 .79 .79 .79 .79
1000 20000 20000 20000 20000 1.00 1.00 1.00 1.00 1.00 1.00 1.00 1.00
1010 20000 20000 20000 20000 1.00 1.00 1.00 1.00 1.00 1.00 1.00 1.00
1020 20030 20030 20000 20030 .75 .61 .59 .72 .82 .71 .70 .79
1030 20030 20030 20000 20030 .75 .61 .59 .72 .82 .71 .70 .79
1040 20000 20000 20000 20000 1.00 1.00 1.00 1.00 1.00 1.00 1.00 1.00
1050 20000 20000 20000 20000 1.00 1.00 1.00 1.00 1.00 1.00 1.00 1.00
1060 20000 20000 20000 20000 1.00 1.00 1.00 1.00 1.00 1.00 1.00 1.00
1070 20030 20000 20000 20000 .70 .55 .46 .68 .76 .64 .55 .75
1080 20030 20000 20030 20030 .75 .61 .59 .72 .82 .71 .70 .79
1090 20030 20030 20030 20030 1.00 1.00 1.00 1.00 1.00 1.00 1.00 1.00
1100 20030 20030 20030 20030 1.00 1.00 1.00 1.00 1.00 1.00 1.00 1.00
1110 20030 20030 20030 20030 1.00 1.00 1.00 1.00 1.00 1.00 1.00 1.00
1120 20000 20000 20000 20000 1.00 1.00 1.00 1.00 1.00 1.00 1.00 1.00
1130 20000 20000 20000 20000 1.00 1.00 1.00 1.00 1.00 1.00 1.00 1.00
1140 20000 20000 20000 20000 1.00 1.00 1.00 1.00 1.00 1.00 1.00 1.00
1150 20000 20000 20000 20000 1.00 1.00 1.00 1.00 1.00 1.00 1.00 1.00
1160 20000 20000 20000 20000 1.00 1.00 1.00 1.00 1.00 1.00 1.00 1.00
1170 20000 20000 20000 20000 1.00 1.00 1.00 1.00 1.00 1.00 1.00 1.00
1180 20030 20000 20000 20000 .70 .55 .46 .68 .76 .64 .55 .75
1190 20300 20300 20300 20300 1.00 1.00 1.00 1.00 1.00 1.00 1.00 1.00
1200 20300 20300 20300 20300 1.00 1.00 1.00 1.00 1.00 1.00 1.00 1.00
1210 20300 20300 20300 20300 1.00 1.00 1.00 1.00 1.00 1.00 1.00 1.00
1220 20300 20300 20300 20300 1.00 1.00 1.00 1.00 1.00 1.00 1.00 1.00
1230 20300 20300 20300 20300 1.00 1.00 1.00 1.00 1.00 1.00 1.00 1.00
1240 20300 20300 20300 20300 1.00 1.00 1.00 1.00 1.00 1.00 1.00 1.00
1250 20300 20300 20300 20300 1.00 1.00 1.00 1.00 1.00 1.00 1.00 1.00
1260 20000 20000 20000 20000 1.00 1.00 1.00 1.00 1.00 1.00 1.00 1.00
1270 20000 20000 20000 20000 1.00 1.00 1.00 1.00 1.00 1.00 1.00 1.00
1280 20000 20000 20000 20000 1.00 1.00 1.00 1.00 1.00 1.00 1.00 1.00
1290 20000 20000 20000 20000 1.00 1.00 1.00 1.00 1.00 1.00 1.00 1.00
1300 20000 20000 20000 20000 1.00 1.00 1.00 1.00 1.00 1.00 1.00 1.00
1310 20000 20000 20020 20000 .68 .68 .68 .68 .75 .75 .75 .75
1320 20020 20000 20020 20020 .72 .72 .72 .72 .79 .79 .79 .79
1330 20020 20200 20200 20200 .48 .48 .48 .48 .60 .60 .60 .60
1340 20200 20200 20200 20200 1.00 1.00 1.00 1.00 1.00 1.00 1.00 1.00
1350 00200 00200 00200 00200 1.00 1.00 1.00 1.00 1.00 1.00 1.00 1.00
1360 00200 00200 00200 00200 1.00 1.00 1.00 1.00 1.00 1.00 1.00 1.00
1370 00200 00200 00200 00200 1.00 1.00 1.00 1.00 1.00 1.00 1.00 1.00
1380 00200 00200 00200 00200 1.00 1.00 1.00 1.00 1.00 1.00 1.00 1.00
1390 03200 03200 03200 03200 1.00 1.00 1.00 1.00 1.00 1.00 1.00 1.00
1400 03200 03200 03200 03200 1.00 1.00 1.00 1.00 1.00 1.00 1.00 1.00
1410 03200 03200 03200 03200 1.00 1.00 1.00 1.00 1.00 1.00 1.00 1.00
1420 03200 03200 03200 03200 1.00 1.00 1.00 1.00 1.00 1.00 1.00 1.00
1430 03201 03201 03201 03201 1.00 1.00 1.00 1.00 1.00 1.00 1.00 1.00
1440 03201 03201 03201 03201 1.00 1.00 1.00 1.00 1.00 1.00 1.00 1.00
1450 03201 03201 03202 03201 .82 .97 .96 .97 .87 .97 .97 .98
1460 03202 03202 03202 03202 1.00 1.00 1.00 1.00 1.00 1.00 1.00 1.00
1470 03202 03202 03202 03202 1.00 1.00 1.00 1.00 1.00 1.00 1.00 1.00
1480 03202 03202 03202 03202 1.00 1.00 1.00 1.00 1.00 1.00 1.00 1.00
1490 03202 03202 03202 03202 1.00 1.00 1.00 1.00 1.00 1.00 1.00 1.00
1500 03202 03202 03202 03202 1.00 1.00 1.00 1.00 1.00 1.00 1.00 1.00
1510 03202 03202 03202 03202 1.00 1.00 1.00 1.00 1.00 1.00 1.00 1.00
1520 03202 03202 03202 03202 1.00 1.00 1.00 1.00 1.00 1.00 1.00 1.00
1530 03202 03202 03202 03202 1.00 1.00 1.00 1.00 1.00 1.00 1.00 1.00
1540 03202 00202 00200 00202 .53 .34 .32 .48 .63 .48 .45 .61
1550 00202 00242 00200 00202 .53 .34 .19 .49 .63 .48 .32 .61
1560 00202 00242 00200 00202 .53 .34 .19 .49 .63 .48 .32 .61
1570 00202 00242 00200 00202 .53 .34 .19 .49 .63 .48 .32 .61
1580 02202 20242 20200 20202 .10 -0.18 -0.23 -0.02 .29 .05 -0.02 .22
1590 20022 20042 20200 20022 .22 .20 .17 .25 .36 .39 .35 .42
1600 20002 20002 20000 20002 .72 .72 .72 .72 .79 .79 .79 .79
1610 20002 20002 20000 20002 .72 .72 .72 .72 .79 .79 .79 .79
1620 20000 20000 20000 20000 1.00 1.00 1.00 1.00 1.00 1.00 1.00 1.00
1630 20000 20000 20000 20000 1.00 1.00 1.00 1.00 1.00 1.00 1.00 1.00
1640 20030 20000 20030 20030 .75 .61 .59 .72 .82 .71 .70 .79
1650 20030 20030 20030 20030 1.00 1.00 1.00 1.00 1.00 1.00 1.00 1.00
1660 20030 20030 20030 20030 1.00 1.00 1.00 1.00 1.00 1.00 1.00 1.00
1670 20030 20030 20030 20030 1.00 1.00 1.00 1.00 1.00 1.00 1.00 1.00
1680 20030 20030 20030 20030 1.00 1.00 1.00 1.00 1.00 1.00 1.00 1.00
1690 20030 20030 20030 20030 1.00 1.00 1.00 1.00 1.00 1.00 1.00 1.00
1700 20000 20000 20000 20000 1.00 1.00 1.00 1.00 1.00 1.00 1.00 1.00
1710 20000 20000 20000 20000 1.00 1.00 1.00 1.00 1.00 1.00 1.00 1.00
1720 20000 20000 20000 20000 1.00 1.00 1.00 1.00 1.00 1.00 1.00 1.00
1730 20000 20000 20000 20000 1.00 1.00 1.00 1.00 1.00 1.00 1.00 1.00
1740 20000 20000 20000 20000 1.00 1.00 1.00 1.00 1.00 1.00 1.00 1.00
1750 20200 20000 20200 20200 .72 .72 .72 .72 .79 .79 .79 .79
1760 20200 20200 20200 20200 1.00 1.00 1.00 1.00 1.00 1.00 1.00 1.00
1770 00200 00200 00200 00200 1.00 1.00 1.00 1.00 1.00 1.00 1.00 1.00
1780 00200 00200 00200 00200 1.00 1.00 1.00 1.00 1.00 1.00 1.00 1.00
1790 00200 00200 00200 00200 1.00 1.00 1.00 1.00 1.00 1.00 1.00 1.00
1800 00200 00200 00200 00200 1.00 1.00 1.00 1.00 1.00 1.00 1.00 1.00
1810 00201 00201 00201 00201 1.00 1.00 1.00 1.00 1.00 1.00 1.00 1.00
1820 00201 00201 00201 00201 1.00 1.00 1.00 1.00 1.00 1.00 1.00 1.00
1830 00201 00201 00201 00201 1.00 1.00 1.00 1.00 1.00 1.00 1.00 1.00
1840 00201 00201 00201 00201 1.00 1.00 1.00 1.00 1.00 1.00 1.00 1.00
1850 00202 00202 00202 00202 1.00 1.00 1.00 1.00 1.00 1.00 1.00 1.00
1860 00202 00202 00202 00202 1.00 1.00 1.00 1.00 1.00 1.00 1.00 1.00
1870 00202 00202 00202 00202 1.00 1.00 1.00 1.00 1.00 1.00 1.00 1.00
1880 00202 00202 00202 00202 1.00 1.00 1.00 1.00 1.00 1.00 1.00 1.00
1890 00202 00202 04202 00202 .77 .53 .35 .75 .82 .64 .46 .81
1900 00202 00202 04202 00202 .77 .53 .35 .75 .82 .64 .46 .81
1910 00202 00202 04202 00202 .77 .53 .35 .75 .82 .64 .46 .81
1920 00202 00202 04202 00202 .77 .53 .35 .75 .82 .64 .46 .81
1930 00202 00202 04202 00202 .77 .53 .35 .75 .82 .64 .46 .81
1940 00202 00202 04202 00202 .77 .53 .35 .75 .82 .64 .46 .81
1950 00202 00202 04202 00202 .77 .53 .35 .75 .82 .64 .46 .81
1960 00202 00202 04202 00202 .77 .53 .35 .75 .82 .64 .46 .81
1970 00202 00202 04202 00202 .77 .53 .35 .75 .82 .64 .46 .81
1980 00202 00202 04202 00202 .77 .53 .35 .75 .82 .64 .46 .81
1990 00202 00202 04202 00202 .77 .53 .35 .75 .82 .64 .46 .81
2000 00202 00202 04202 00202 .77 .53 .35 .75 .82 .64 .46 .81
2010 00202 00202 04202 00202 .77 .53 .35 .75 .82 .64 .46 .81
2020 00202 00202 04202 00202 .77 .53 .35 .75 .82 .64 .46 .81
2030 00202 00202 04202 00202 .77 .53 .35 .75 .82 .64 .46 .81
2040 00202 00202 04202 00202 .77 .53 .35 .75 .82 .64 .46 .81
2050 00202 00202 04202 00202 .77 .53 .35 .75 .82 .64 .46 .81
2060 00202 00202 04202 00202 .77 .53 .35 .75 .82 .64 .46 .81
2070 00202 00202 04202 00202 .77 .53 .35 .75 .82 .64 .46 .81
2080 00202 00202 04202 00202 .77 .53 .35 .75 .82 .64 .46 .81
2090 00202 00202 04202 00202 .77 .53 .35 .75 .82 .64 .46 .81
2100 00202 00202 04200 00202 .53 .34 .19 .49 .63 .48 .32 .61
2110 00202 00242 00200 00202 .53 .34 .19 .49 .63 .48 .32 .61
2120 00202 00242 00200 00202 .53 .34 .19 .49 .63 .48 .32 .61
2130 00202 00242 00200 00202 .53 .34 .19 .49 .63 .48 .32 .61
2140 20202 00242 20200 20202 .33 .09 1.0 .26 .48 .26 .16 .43
2150 20022 20042 20000 20022 .44 .43 .35 .49 .54 .57 .50 .61
2160 20002 20002 20000 20002 .72 .72 .72 .72 .79 .79 .79 .79
2170 20000 20000 20000 20000 1.00 1.00 1.00 1.00 1.00 1.00 1.00 1.00
2180 20000 20000 20000 20000 1.00 1.00 1.00 1.00 1.00 1.00 1.00 1.00
2190 20000 20000 20000 20000 1.00 1.00 1.00 1.00 1.00 1.00 1.00 1.00
2200 20030 20030 20030 20030 1.00 1.00 1.00 1.00 1.00 1.00 1.00 1.00
2210 20030 20030 20030 20030 1.00 1.00 1.00 1.00 1.00 1.00 1.00 1.00
2220 20030 20030 20030 20030 1.00 1.00 1.00 1.00 1.00 1.00 1.00 1.00
2230 20030 20030 20030 20030 1.00 1.00 1.00 1.00 1.00 1.00 1.00 1.00
2240 20000 20000 20000 20000 1.00 1.00 1.00 1.00 1.00 1.00 1.00 1.00
2250 02001 00000 20000 00000 -0.11 -0.16 -0.15 -0.16 -0.08 -0.12 -0.10 -0.11
2260 00001 00001 00000 00001 .46 .46 .46 .46 .63 .63 .63 .63
2270 00001 00001 00000 00001 .46 .46 .46 .46 .63 .63 .63 .63
2280 00001 00001 00000 00001 .46 .46 .46 .46 .63 .63 .63 .63
2290 00041 00001 04040 00041 .25 .14 .17 .19 .45 .34 .36 .40
2300 04041 04001 04040 04041 .58 .60 .68 .53 .69 .70 .76 .65
2310 04041 04041 04040 04041 .79 .92 .98 .77 .85 .94 .99 .82
