0 00200 00200 00020 00200 .22 .22 .22 .22 .41 .41 .41 .41
10 00200 00200 00020 00200 .22 .22 .22 .22 .41 .41 .41 .41
20 02200 00200 00020 00200 .05 .05 .05 .05 .24 .24 .24 .24
30 02200 00200 00020 00200 .05 .05 .05 .05 .24 .24 .24 .24
40 00200 00200 00020 00200 .22 .22 .22 .22 .41 .41 .41 .41
50 02200 00200 00020 00200 .05 .05 .05 .05 .24 .24 .24 .24
60 02200 00200 00020 00200 .05 .05 .05 .05 .24 .24 .24 .24
70 02200 00200 00020 00200 .05 .05 .05 .05 .24 .24 .24 .24
80 00200 00200 00020 00200 .22 .22 .22 .22 .41 .41 .41 .41
90 00200 00200 00020 00200 .22 .22 .22 .22 .41 .41 .41 .41
100 00200 00200 00020 00200 .22 .22 .22 .22 .41 .41 .41 .41
110 00200 00200 00020 00200 .22 .22 .22 .22 .41 .41 .41 .41
120 00200 00200 00020 00200 .22 .22 .22 .22 .41 .41 .41 .41
130 00200 00200 00020 00200 .22 .22 .22 .22 .41 .41 .41 .41
140 20200 00200 00020 00200 .05 .05 .05 .05 .24 .24 .24 .24
150 20200 20200 00020 20200 .16 .16 .16 .16 .37 .37 .37 .37
160 20020 20020 00020 20020 .72 .72 .72 .72 .79 .79 .79 .79
170 20000 20000 00020 20000 .22 .22 .22 .22 .41 .41 .41 .41
180 20000 20000 00020 20000 .22 .22 .22 .22 .41 .41 .41 .41
190 20000 20000 00020 20000 .22 .22 .22 .22 .41 .41 .41 .41
200 20000 20000 00020 20000 .22 .22 .22 .22 .41 .41 .41 .41
210 20000 20000 00020 20000 .22 .22 .22 .22 .41 .41 .41 .41
220 20000 20000 00020 20000 .22 .22 .22 .22 .41 .41 .41 .41
230 20020 20200 00020 20020 .16 .16 .16 .16 .37 .37 .37 .37
240 20200 20200 00020 20200 .16 .16 .16 .16 .37 .37 .37 .37
250 20200 20200 00020 20200 .16 .16 .16 .16 .37 .37 .37 .37
260 02200 00200 00020 00200 .05 .05 .05 .05 .24 .24 .24 .24
270 00200 00200 00020 00200 .22 .22 .22 .22 .41 .41 .41 .41
280 00200 00200 00020 00200 .22 .22 .22 .22 .41 .41 .41 .41
290 00200 00200 00020 00200 .22 .22 .22 .22 .41 .41 .41 .41
300 00200 00200 00020 00200 .22 .22 .22 .22 .41 .41 .41 .41
310 02200 00200 00020 00200 .05 .05 .05 .05 .24 .24 .24 .24
320 02200 00200 00020 00200 .05 .05 .05 .05 .24 .24 .24 .24
330 02200 00200 00020 00200 .05 .05 .05 .05 .24 .24 .24 .24
340 20200 20200 00020 20200 .16 .16 .16 .16 .37 .37 .37 .37
350 20000 20000 00020 20000 .22 .22 .22 .22 .41 .41 .41 .41
360 20000 20000 00020 20000 .22 .22 .22 .22 .41 .41 .41 .41
370 20000 20000 00020 20000 .22 .22 .22 .22 .41 .41 .41 .41
380 20000 20000 00020 20000 .22 .22 .22 .22 .41 .41 .41 .41
390 20020 20200 00020 20020 .16 .16 .16 .16 .37 .37 .37 .37
400 20200 20200 00020 20200 .16 .16 .16 .16 .37 .37 .37 .37
410 20200 20200 00020 20200 .16 .16 .16 .16 .37 .37 .37 .37
420 02200 00200 02020 02200 .16 .16 .16 .16 .37 .37 .37 .37
430 00200 00200 02020 00200 .05 .05 .05 .05 .24 .24 .24 .24
440 00200 00200 02020 00200 .05 .05 .05 .05 .24 .24 .24 .24
450 00200 00200 02020 00200 .05 .05 .05 .05 .24 .24 .24 .24
460 00200 00200 02020 00200 .05 .05 .05 .05 .24 .24 .24 .24
470 00200 00200 02020 00200 .05 .05 .05 .05 .24 .24 .24 .24
480 00201 00201 02020 00201 .10 -0.07 -0.07 -0.02 .32 .16 .15 .22
490 00201 00201 02020 00201 .10 -0.07 -0.07 -0.02 .32 .16 .15 .22
500 00201 00201 02020 00201 .10 -0.07 -0.07 -0.02 .32 .16 .15 .22
510 00201 00201 02020 00201 .10 -0.07 -0.07 -0.02 .32 .16 .15 .22
520 00202 00202 02020 00202 -0.04 -0.04 -0.04 -0.04 .21 .21 .21 .21
530 00202 00202 02020 00202 -0.04 -0.04 -0.04 -0.04 .21 .21 .21 .21
540 00202 00202 02020 00202 -0.04 -0.04 -0.04 -0.04 .21 .21 .21 .21
550 00202 00202 02020 00202 -0.04 -0.04 -0.04 -0.04 .21 .21 .21 .21
560 00202 00202 02020 00202 -0.04 -0.04 -0.04 -0.04 .21 .21 .21 .21
570 00202 00202 02020 00202 -0.04 -0.04 -0.04 -0.04 .21 .21 .21 .21
580 00202 00202 02020 00202 -0.04 -0.04 -0.04 -0.04 .21 .21 .21 .21
590 00202 00202 02020 00202 -0.04 -0.04 -0.04 -0.04 .21 .21 .21 .21
600 00202 00202 02020 00202 -0.04 -0.04 -0.04 -0.04 .21 .21 .21 .21
610 00202 00202 02020 00202 -0.04 -0.04 -0.04 -0.04 .21 .21 .21 .21
620 00202 00202 02020 00202 -0.04 -0.04 -0.04 -0.04 .21 .21 .21 .21
630 00202 00202 02020 00202 -0.04 -0.04 -0.04 -0.04 .21 .21 .21 .21
640 00202 00202 02020 00202 -0.04 -0.04 -0.04 -0.04 .21 .21 .21 .21
650 00202 00202 02020 00202 -0.04 -0.04 -0.04 -0.04 .21 .21 .21 .21
660 02202 00202 02020 02202 1.0 1.0 1.0 1.0 .24 .24 .24 .24
670 20202 20202 02020 20202 -0.25 -0.25 -0.25 -0.25 .04 .04 .04 .04
680 20202 20202 02020 20202 -0.25 -0.25 -0.25 -0.25 .04 .04 .04 .04
690 20002 20002 02020 20002 -0.04 -0.04 -0.04 -0.04 .21 .21 .21 .21
700 20002 20002 02020 20002 -0.04 -0.04 -0.04 -0.04 .21 .21 .21 .21
710 20002 20002 02020 20002 -0.04 -0.04 -0.04 -0.04 .21 .21 .21 .21
720 20002 20002 02020 20002 -0.04 -0.04 -0.04 -0.04 .21 .21 .21 .21
730 20002 20002 02020 20002 -0.04 -0.04 -0.04 -0.04 .21 .21 .21 .21
740 20002 20002 02020 20002 -0.04 -0.04 -0.04 -0.04 .21 .21 .21 .21
750 20002 20002 02020 20002 -0.04 -0.04 -0.04 -0.04 .21 .21 .21 .21
760 20000 20000 02020 20000 .05 .05 .05 .05 .24 .24 .24 .24
770 20000 20000 02020 20000 .05 .05 .05 .05 .24 .24 .24 .24
780 20000 20000 02020 20000 .05 .05 .05 .05 .24 .24 .24 .24
790 20000 20000 02020 20000 .05 .05 .05 .05 .24 .24 .24 .24
800 20000 20000 02020 20000 .05 .05 .05 .05 .24 .24 .24 .24
810 20000 20000 02020 20000 .05 .05 .05 .05 .24 .24 .24 .24
820 20000 20000 02020 20000 .05 .05 .05 .05 .24 .24 .24 .24
830 20000 20000 02020 20000 .05 .05 .05 .05 .24 .24 .24 .24
840 20000 20000 02020 20000 .05 .05 .05 .05 .24 .24 .24 .24
850 20000 20000 02000 20000 .22 .22 .22 .22 .41 .41 .41 .41
860 20000 20000 02000 20000 .22 .22 .22 .22 .41 .41 .41 .41
870 20000 20000 02000 20000 .22 .22 .22 .22 .41 .41 .41 .41
880 20000 20000 02000 20000 .22 .22 .22 .22 .41 .41 .41 .41
890 20000 20000 02000 20000 .22 .22 .22 .22 .41 .41 .41 .41
900 20000 20000 02000 20000 .22 .22 .22 .22 .41 .41 .41 .41
910 20000 20000 02000 20000 .22 .22 .22 .22 .41 .41 .41 .41
920 20000 20000 02000 20000 .22 .22 .22 .22 .41 .41 .41 .41
930 20000 20000 02000 20000 .22 .22 .22 .22 .41 .41 .41 .41
940 20020 20000 02000 20000 .05 .05 .05 .05 .24 .24 .24 .24
950 20020 20000 02000 20000 .05 .05 .05 .05 .24 .24 .24 .24
960 20200 20200 02000 20200 .16 .16 .16 .16 .37 .37 .37 .37
970 02200 00200 02000 02200 .36 .36 .36 .36 .55 .55 .55 .55
980 00200 00200 02000 00200 .22 .22 .22 .22 .41 .41 .41 .41
990 00200 00200 02000 00200 .22 .22 .22 .22 .41 .41 .41 .41
1000 00200 00200 02000 00200 .22 .22 .22 .22 .41 .41 .41 .41
1010 00200 00200 02000 00200 .22 .22 .22 .22 .41 .41 .41 .41
1020 00200 00200 02000 00200 .22 .22 .22 .22 .41 .41 .41 .41
1030 00200 00200 02000 00200 .22 .22 .22 .22 .41 .41 .41 .41
1040 00201 00201 02000 00201 .25 .14 .14 .17 .45 .34 .34 .38
1050 00201 00201 02000 00201 .25 .14 .14 .17 .45 .34 .34 .38
1060 00202 00201 02000 00202 .09 .14 .11 .15 .28 .35 .33 .36
1070 00202 00202 02000 00202 .16 .16 .16 .16 .37 .37 .37 .37
1080 00202 00202 02000 00202 .16 .16 .16 .16 .37 .37 .37 .37
1090 00202 00202 02000 00202 .16 .16 .16 .16 .37 .37 .37 .37
1100 00202 00202 02000 00202 .16 .16 .16 .16 .37 .37 .37 .37
1110 00202 00202 02000 00202 .16 .16 .16 .16 .37 .37 .37 .37
1120 00202 00202 02000 00202 .16 .16 .16 .16 .37 .37 .37 .37
1130 00202 00202 00022 00202 .48 .48 .48 .48 .60 .60 .60 .60
1140 00202 00202 00022 00202 .48 .48 .48 .48 .60 .60 .60 .60
1150 00202 00202 00022 00202 .48 .48 .48 .48 .60 .60 .60 .60
1160 00202 00202 00022 00202 .48 .48 .48 .48 .60 .60 .60 .60
1170 02202 00202 00022 00202 .25 .25 .25 .25 .42 .42 .42 .42
1180 20202 20202 00022 20202 .25 .25 .25 .25 .42 .42 .42 .42
1190 20002 20002 00022 20002 .48 .48 .48 .48 .60 .60 .60 .60
1200 20002 20002 00022 20002 .48 .48 .48 .48 .60 .60 .60 .60
1210 20002 20002 00022 20002 .48 .48 .48 .48 .60 .60 .60 .60
1220 20002 20002 00022 20002 .48 .48 .48 .48 .60 .60 .60 .60
1230 20000 20000 00022 20000 .05 .05 .05 .05 .24 .24 .24 .24
1240 20000 20000 00022 20000 .05 .05 .05 .05 .24 .24 .24 .24
1250 20000 20000 00022 20000 .05 .05 .05 .05 .24 .24 .24 .24
1260 20000 20000 00022 20000 .05 .05 .05 .05 .24 .24 .24 .24
1270 20000 20000 00022 20000 .05 .05 .05 .05 .24 .24 .24 .24
1280 20000 20000 00022 20000 .05 .05 .05 .05 .24 .24 .24 .24
1290 20000 20000 00022 20000 .05 .05 .05 .05 .24 .24 .24 .24
1300 20000 20000 00022 20000 .05 .05 .05 .05 .24 .24 .24 .24
1310 20000 20000 00022 20000 .05 .05 .05 .05 .24 .24 .24 .24
1320 20000 20000 00022 20000 .05 .05 .05 .05 .24 .24 .24 .24
1330 20000 20000 00022 20000 .05 .05 .05 .05 .24 .24 .24 .24
1340 20000 20000 00022 20000 .05 .05 .05 .05 .24 .24 .24 .24
1350 20000 20000 00022 20000 .05 .05 .05 .05 .24 .24 .24 .24
1360 20000 20000 00022 20000 .05 .05 .05 .05 .24 .24 .24 .24
1370 20000 20000 00022 20000 .05 .05 .05 .05 .24 .24 .24 .24
1380 20000 20000 00022 20000 .05 .05 .05 .05 .24 .24 .24 .24
1390 20000 20000 00022 20000 .05 .05 .05 .05 .24 .24 .24 .24
1400 20000 20000 00022 20000 .05 .05 .05 .05 .24 .24 .24 .24
1410 20200 20200 00022 20200 -0.04 -0.04 -0.04 -0.04 .21 .21 .21 .21
1420 20200 20200 00022 20200 -0.04 -0.04 -0.04 -0.04 .21 .21 .21 .21
1430 00200 00200 00022 00200 .05 .05 .05 .05 .24 .24 .24 .24
1440 00200 00200 00022 00200 .05 .05 .05 .05 .24 .24 .24 .24
1450 00200 00200 00022 00200 .05 .05 .05 .05 .24 .24 .24 .24
1460 00200 00200 00022 00200 .05 .05 .05 .05 .24 .24 .24 .24
1470 00200 00200 00022 00200 .05 .05 .05 .05 .24 .24 .24 .24
1480 00200 00200 00022 00200 .05 .05 .05 .05 .24 .24 .24 .24
1490 00201 00200 00022 00201 .09 .14 .11 .15 .31 .34 .32 .37
1500 00201 00200 00022 00201 .09 .14 .11 .15 .31 .34 .32 .37
1510 00201 00200 00022 00201 .09 .14 .11 .15 .31 .34 .32 .37
1520 00201 00201 00022 00201 .32 .33 .26 .46 .49 .48 .41 .59
1530 00201 00201 00022 00201 .32 .33 .26 .46 .49 .48 .41 .59
1540 00202 00202 00022 00202 .48 .48 .48 .48 .60 .60 .60 .60
1550 00202 00202 00022 00202 .48 .48 .48 .48 .60 .60 .60 .60
1560 00202 00202 00022 00202 .48 .48 .48 .48 .60 .60 .60 .60
1570 00202 00202 00022 00202 .48 .48 .48 .48 .60 .60 .60 .60
1580 00202 00202 00022 00202 .48 .48 .48 .48 .60 .60 .60 .60
1590 00202 00202 00022 00202 .48 .48 .48 .48 .60 .60 .60 .60
1600 00202 00202 00022 00202 .48 .48 .48 .48 .60 .60 .60 .60
1610 00202 00202 00022 00202 .48 .48 .48 .48 .60 .60 .60 .60
1620 00202 00202 00022 00202 .48 .48 .48 .48 .60 .60 .60 .60
1630 00202 00202 00022 00202 .48 .48 .48 .48 .60 .60 .60 .60
1640 00202 00202 00022 00202 .48 .48 .48 .48 .60 .60 .60 .60
1650 00202 00202 00022 00202 .48 .48 .48 .48 .60 .60 .60 .60
1660 00202 00202 00022 00202 .48 .48 .48 .48 .60 .60 .60 .60
1670 00202 00202 00022 00202 .48 .48 .48 .48 .60 .60 .60 .60
1680 00202 00202 00022 00202 .48 .48 .48 .48 .60 .60 .60 .60
1690 00202 00202 00022 00202 .48 .48 .48 .48 .60 .60 .60 .60
1700 00202 00202 00022 00202 .48 .48 .48 .48 .60 .60 .60 .60
1710 00202 00202 00022 00202 .48 .48 .48 .48 .60 .60 .60 .60
1720 00202 00202 00022 00202 .48 .48 .48 .48 .60 .60 .60 .60
1730 02202 00202 00022 00202 .25 .25 .25 .25 .42 .42 .42 .42
1740 20202 20202 00022 20202 .25 .25 .25 .25 .42 .42 .42 .42
1750 20202 20202 00022 20202 .25 .25 .25 .25 .42 .42 .42 .42
1760 20002 20002 00022 20002 .48 .48 .48 .48 .60 .60 .60 .60
1770 20002 20002 02002 20002 .48 .48 .48 .48 .60 .60 .60 .60
1780 20002 20002 02002 20002 .48 .48 .48 .48 .60 .60 .60 .60
1790 20000 20000 02002 20000 .05 .05 .05 .05 .24 .24 .24 .24
1800 20000 20000 02002 20000 .05 .05 .05 .05 .24 .24 .24 .24
1810 20000 20000 02002 20000 .05 .05 .05 .05 .24 .24 .24 .24
1820 20000 20000 02002 20000 .05 .05 .05 .05 .24 .24 .24 .24
1830 20000 20000 02002 20000 .05 .05 .05 .05 .24 .24 .24 .24
1840 20000 20000 02002 20000 .05 .05 .05 .05 .24 .24 .24 .24
1850 20000 20000 02002 20000 .05 .05 .05 .05 .24 .24 .24 .24
1860 20000 20000 02002 20000 .05 .05 .05 .05 .24 .24 .24 .24
1870 20000 20000 02002 20000 .05 .05 .05 .05 .24 .24 .24 .24
1880 20000 20000 02002 20000 .05 .05 .05 .05 .24 .24 .24 .24
1890 20000 20000 02002 20000 .05 .05 .05 .05 .24 .24 .24 .24
1900 20000 20000 02002 20000 .05 .05 .05 .05 .24 .24 .24 .24
1910 20000 20000 02002 20000 .05 .05 .05 .05 .24 .24 .24 .24
1920 20000 20000 02002 20000 .05 .05 .05 .05 .24 .24 .24 .24
1930 20000 20000 02002 20000 .05 .05 .05 .05 .24 .24 .24 .24
1940 20000 20000 02002 20000 .05 .05 .05 .05 .24 .24 .24 .24
1950 20000 20000 02002 20000 .05 .05 .05 .05 .24 .24 .24 .24
1960 20000 20000 02002 20000 .05 .05 .05 .05 .24 .24 .24 .24
1970 20000 20000 02002 20000 .05 .05 .05 .05 .24 .24 .24 .24
1980 20020 20000 02002 20000 -0.12 -0.12 -0.12 -0.12 .10 .10 .10 .10
1990 20200 20200 02002 20200 -0.04 -0.04 -0.04 -0.04 .21 .21 .21 .21
2000 20200 20200 02002 20200 -0.04 -0.04 -0.04 -0.04 .21 .21 .21 .21
2010 02200 00200 02002 02200 .16 .16 .16 .16 .37 .37 .37 .37
2020 00200 00200 02002 00200 .05 .05 .05 .05 .24 .24 .24 .24
2030 00200 00200 02002 00200 .05 .05 .05 .05 .24 .24 .24 .24
2040 00200 00200 02002 00200 .05 .05 .05 .05 .24 .24 .24 .24
2050 00200 00200 00022 00200 .05 .05 .05 .05 .24 .24 .24 .24
2060 00200 00200 00022 00200 .05 .05 .05 .05 .24 .24 .24 .24
2070 00200 00200 00022 00200 .05 .05 .05 .05 .24 .24 .24 .24
2080 00200 00200 00022 00200 .05 .05 .05 .05 .24 .24 .24 .24
2090 00201 00200 00022 00201 .09 .14 .11 .15 .31 .34 .32 .37
2100 00201 00201 00022 00201 .32 .33 .26 .46 .49 .48 .41 .59
2110 00202 00201 00022 00202 .29 .39 .35 .46 .45 .55 .52 .59
2120 00202 00202 00022 00202 .48 .48 .48 .48 .60 .60 .60 .60
2130 00202 00202 00022 00202 .48 .48 .48 .48 .60 .60 .60 .60
2140 00202 00202 00022 00202 .48 .48 .48 .48 .60 .60 .60 .60
2150 00202 00202 00022 00202 .48 .48 .48 .48 .60 .60 .60 .60
2160 00202 00202 00022 00202 .48 .48 .48 .48 .60 .60 .60 .60
2170 00202 00202 00022 00202 .48 .48 .48 .48 .60 .60 .60 .60
2180 00202 00202 00022 00202 .48 .48 .48 .48 .60 .60 .60 .60
2190 00202 00202 00022 00202 .48 .48 .48 .48 .60 .60 .60 .60
2200 00202 00202 00022 00202 .48 .48 .48 .48 .60 .60 .60 .60
2210 00202 00202 00022 00202 .48 .48 .48 .48 .60 .60 .60 .60
2220 00202 00202 00022 00202 .48 .48 .48 .48 .60 .60 .60 .60
2230 00202 00202 00022 00202 .48 .48 .48 .48 .60 .60 .60 .60
2240 00202 00202 00022 00202 .48 .48 .48 .48 .60 .60 .60 .60
2250 00202 00202 00022 00202 .48 .48 .48 .48 .60 .60 .60 .60
2260 00202 00202 00022 00202 .48 .48 .48 .48 .60 .60 .60 .60
2270 00202 00202 00022 00202 .48 .48 .48 .48 .60 .60 .60 .60
2280 02202 00202 00022 00202 .25 .25 .25 .25 .42 .42 .42 .42
2290 20202 20202 00022 20202 .25 .25 .25 .25 .42 .42 .42 .42
2300 20202 20202 00022 20202 .25 .25 .25 .25 .42 .42 .42 .42
2310 20002 20002 00022 20002 .48 .48 .48 .48 .60 .60 .60 .60
2320 20002 20002 00022 20002 .48 .48 .48 .48 .60 .60 .60 .60
2330 20002 20002 00022 20002 .48 .48 .48 .48 .60 .60 .60 .60
2340 20002 20002 00022 20002 .48 .48 .48 .48 .60 .60 .60 .60
2350 20002 20002 00022 20002 .48 .48 .48 .48 .60 .60 .60 .60
2360 20002 20002 00022 20002 .48 .48 .48 .48 .60 .60 .60 .60
2370 20002 20002 00022 20002 .48 .48 .48 .48 .60 .60 .60 .60
2380 20002 20002 00022 20002 .48 .48 .48 .48 .60 .60 .60 .60
2390 20002 20000 00022 20002 .16 .16 .16 .16 .37 .37 .37 .37
2400 20000 20000 00022 20000 .05 .05 .05 .05 .24 .24 .24 .24
2410 20000 20000 00022 20000 .05 .05 .05 .05 .24 .24 .24 .24
2420 20000 20000 00022 20000 .05 .05 .05 .05 .24 .24 .24 .24
2430 20000 20000 00022 20000 .05 .05 .05 .05 .24 .24 .24 .24
2440 20000 20000 00022 20000 .05 .05 .05 .05 .24 .24 .24 .24
2450 20000 20000 00022 20000 .05 .05 .05 .05 .24 .24 .24 .24
2460 20000 20000 00022 20000 .05 .05 .05 .05 .24 .24 .24 .24
2470 20000 20000 00022 20000 .05 .05 .05 .05 .24 .24 .24 .24
2480 20000 20000 00022 20000 .05 .05 .05 .05 .24 .24 .24 .24
2490 20000 20000 00022 20000 .05 .05 .05 .05 .24 .24 .24 .24
2500 20000 20000 00022 20000 .05 .05 .05 .05 .24 .24 .24 .24
2510 20000 20000 00022 20000 .05 .05 .05 .05 .24 .24 .24 .24
2520 00000 20000 00022 00000 -0.17 -0.17 -0.17 -0.17 -0.12 -0.12 -0.12 -0.12
2530 00001 00001 00022 00001 .42 .58 .39 .65 .53 .66 .44 .72
2540 00001 00001 00022 00001 .42 .58 .39 .65 .53 .66 .44 .72
2550 00001 00001 00022 00001 .42 .58 .39 .65 .53 .66 .44 .72
2560 00001 00001 00022 00001 .42 .58 .39 .65 .53 .66 .44 .72
2570 04041 00001 00022 00041 .26 .28 .06 .46 .40 .44 .27 .59
2580 04041 00001 00022 00041 .26 .28 .06 .46 .40 .44 .27 .59
2590 04041 00001 00022 00041 .26 .28 .06 .46 .40 .44 .27 .59
2600 04041 00001 00022 00041 .26 .28 .06 .46 .40 .44 .27 .59
2610 04041 04041 00022 04041 .45 .61 .53 .72 .58 .71 .66 .78
2620 04041 04041 00022 04041 .45 .61 .53 .72 .58 .71 .66 .78
2630 04041 04041 00022 04041 .45 .61 .53 .72 .58 .71 .66 .78
2640 04041 04041 00022 04041 .45 .61 .53 .72 .58 .71 .66 .78
2650 04041 04041 00022 04041 .45 .61 .53 .72 .58 .71 .66 .78
