0 00002 00002 04041 00002 .28 .22 -0.04 .42 .40 .36 .07 .53
10 00002 00002 04041 00002 .28 .22 -0.04 .42 .40 .36 .07 .53
20 00002 00002 04041 00002 .28 .22 -0.04 .42 .40 .36 .07 .53
30 00002 00002 00001 00002 .63 .98 .87 .96 .72 .99 .91 .97
40 00002 00002 00001 00002 .63 .98 .87 .96 .72 .99 .91 .97
50 00002 00002 00001 00002 .63 .98 .87 .96 .72 .99 .91 .97
60 00002 00002 00001 00002 .63 .98 .87 .96 .72 .99 .91 .97
70 00022 00002 00001 00002 .40 .62 .52 .65 .52 .71 .63 .72
80 00022 00002 00001 00002 .40 .62 .52 .65 .52 .71 .63 .72
90 00202 00202 00001 00202 .48 .66 .60 .69 .61 .75 .71 .77
100 00202 00202 00201 00202 .76 .96 .93 .97 .82 .97 .95 .98
110 00200 00200 00201 00200 .70 .80 .90 .68 .76 .84 .93 .75
120 00200 00200 00200 00200 1.00 1.00 1.00 1.00 1.00 1.00 1.00 1.00
130 00200 00200 00200 00200 1.00 1.00 1.00 1.00 1.00 1.00 1.00 1.00
140 00200 00200 00200 00200 1.00 1.00 1.00 1.00 1.00 1.00 1.00 1.00
150 00200 00200 00200 00200 1.00 1.00 1.00 1.00 1.00 1.00 1.00 1.00
160 00200 00200 00200 00200 1.00 1.00 1.00 1.00 1.00 1.00 1.00 1.00
170 00200 00200 00200 00200 1.00 1.00 1.00 1.00 1.00 1.00 1.00 1.00
180 00200 00200 00200 00200 1.00 1.00 1.00 1.00 1.00 1.00 1.00 1.00
190 00200 00200 00200 00200 1.00 1.00 1.00 1.00 1.00 1.00 1.00 1.00
200 00200 00200 00201 00200 .70 .80 .90 .68 .76 .84 .93 .75
210 00200 00200 00201 00200 .70 .80 .90 .68 .76 .84 .93 .75
220 00200 00200 00201 00200 .70 .80 .90 .68 .76 .84 .93 .75
230 00200 00200 00201 00200 .70 .80 .90 .68 .76 .84 .93 .75
240 00200 00200 00201 00200 .70 .80 .90 .68 .76 .84 .93 .75
250 00200 00200 00201 00200 .70 .80 .90 .68 .76 .84 .93 .75
260 00200 00200 00202 00200 .68 .68 .68 .68 .75 .75 .75 .75
270 00200 00200 00202 00200 .68 .68 .68 .68 .75 .75 .75 .75
280 00200 00200 00202 00200 .68 .68 .68 .68 .75 .75 .75 .75
290 00201 00200 00202 00201 .61 .76 .76 .71 .69 .83 .83 .78
300 00202 00201 00202 00202 .76 .96 .93 .97 .82 .97 .95 .98
310 00202 00201 00202 00202 .76 .96 .93 .97 .82 .97 .95 .98
320 00202 00201 00202 00202 .76 .96 .93 .97 .82 .97 .95 .98
330 00202 00201 00202 00202 .76 .96 .93 .97 .82 .97 .95 .98
340 00202 00201 00202 00202 .76 .96 .93 .97 .82 .97 .95 .98
350 00202 00202 00202 00202 1.00 1.00 1.00 1.00 1.00 1.00 1.00 1.00
360 00202 00202 00202 00202 1.00 1.00 1.00 1.00 1.00 1.00 1.00 1.00
370 00202 00202 00202 00202 1.00 1.00 1.00 1.00 1.00 1.00 1.00 1.00
380 00202 00202 00202 00202 1.00 1.00 1.00 1.00 1.00 1.00 1.00 1.00
390 00202 00202 00202 00202 1.00 1.00 1.00 1.00 1.00 1.00 1.00 1.00
400 00202 00202 00202 00202 1.00 1.00 1.00 1.00 1.00 1.00 1.00 1.00
410 00202 00202 00202 00202 1.00 1.00 1.00 1.00 1.00 1.00 1.00 1.00
420 00202 00202 00202 00202 1.00 1.00 1.00 1.00 1.00 1.00 1.00 1.00
430 00202 00202 00202 00202 1.00 1.00 1.00 1.00 1.00 1.00 1.00 1.00
440 00202 00202 00202 00202 1.00 1.00 1.00 1.00 1.00 1.00 1.00 1.00
450 00202 00202 00202 00202 1.00 1.00 1.00 1.00 1.00 1.00 1.00 1.00
460 00202 00202 00202 00202 1.00 1.00 1.00 1.00 1.00 1.00 1.00 1.00
470 00202 00202 00202 00202 1.00 1.00 1.00 1.00 1.00 1.00 1.00 1.00
480 00202 00202 00202 00202 1.00 1.00 1.00 1.00 1.00 1.00 1.00 1.00
490 00202 00202 00200 00202 .72 .72 .72 .72 .79 .79 .79 .79
500 00202 00202 00200 00202 .72 .72 .72 .72 .79 .79 .79 .79
510 00202 00242 00200 00202 .53 .34 .19 .49 .63 .48 .32 .61
520 00202 00242 00200 00202 .53 .34 .19 .49 .63 .48 .32 .61
530 00202 00242 00200 00202 .53 .34 .19 .49 .63 .48 .32 .61
540 00202 00242 20200 00202 .32 .12 .02 .26 .47 .30 .19 .43
550 00202 00242 20200 00202 .32 .12 .02 .26 .47 .30 .19 .43
560 00202 00242 20200 00202 .32 .12 .02 .26 .47 .30 .19 .43
570 00202 00242 20200 00202 .32 .12 .02 .26 .47 .30 .19 .43
580 00202 03242 20200 00202 .19 -0.22 -0.24 .02 .35 .03 -0.03 .25
590 00202 03242 02200 00202 .29 .04 -0.01 .26 .40 .17 .10 .37
600 00202 03242 02200 00202 .29 .04 -0.01 .26 .40 .17 .10 .37
610 00202 03242 02200 00202 .29 .04 -0.01 .26 .40 .17 .10 .37
620 02202 03242 02200 02202 .39 .24 .17 .48 .51 .38 .30 .60
630 20202 03242 02200 00202 .09 -0.20 -0.23 -0.02 .25 -0.01 -0.05 .18
640 20202 23242 02200 20202 .06 -0.31 -0.33 -0.10 .22 -0.14 -0.16 .11
650 20022 20022 20200 20022 .25 .25 .25 .25 .42 .42 .42 .42
660 20002 20002 20000 20002 .72 .72 .72 .72 .79 .79 .79 .79
670 20002 20002 20000 20002 .72 .72 .72 .72 .79 .79 .79 .79
680 20002 20002 20000 20002 .72 .72 .72 .72 .79 .79 .79 .79
690 20002 20002 20000 20002 .72 .72 .72 .72 .79 .79 .79 .79
700 20002 20002 20000 20002 .72 .72 .72 .72 .79 .79 .79 .79
710 20000 20000 20000 20000 1.00 1.00 1.00 1.00 1.00 1.00 1.00 1.00
720 20000 20000 20000 20000 1.00 1.00 1.00 1.00 1.00 1.00 1.00 1.00
730 20000 20000 20000 20000 1.00 1.00 1.00 1.00 1.00 1.00 1.00 1.00
740 20000 20000 20000 20000 1.00 1.00 1.00 1.00 1.00 1.00 1.00 1.00
750 20000 20000 20000 20000 1.00 1.00 1.00 1.00 1.00 1.00 1.00 1.00
760 20000 20000 20000 20000 1.00 1.00 1.00 1.00 1.00 1.00 1.00 1.00
770 20000 20000 20000 20000 1.00 1.00 1.00 1.00 1.00 1.00 1.00 1.00
780 20000 20000 20000 20000 1.00 1.00 1.00 1.00 1.00 1.00 1.00 1.00
790 20000 20000 20000 20000 1.00 1.00 1.00 1.00 1.00 1.00 1.00 1.00
800 20000 20000 20000 20000 1.00 1.00 1.00 1.00 1.00 1.00 1.00 1.00
810 20000 20000 20000 20000 1.00 1.00 1.00 1.00 1.00 1.00 1.00 1.00
820 20000 20000 20000 20000 1.00 1.00 1.00 1.00 1.00 1.00 1.00 1.00
830 20000 20000 20000 20000 1.00 1.00 1.00 1.00 1.00 1.00 1.00 1.00
840 20000 20000 20000 20000 1.00 1.00 1.00 1.00 1.00 1.00 1.00 1.00
850 20000 20000 20000 20000 1.00 1.00 1.00 1.00 1.00 1.00 1.00 1.00
860 20000 20000 20000 20000 1.00 1.00 1.00 1.00 1.00 1.00 1.00 1.00
870 20000 20000 20000 20000 1.00 1.00 1.00 1.00 1.00 1.00 1.00 1.00
880 20000 20000 20000 20000 1.00 1.00 1.00 1.00 1.00 1.00 1.00 1.00
890 20000 20000 20000 20000 1.00 1.00 1.00 1.00 1.00 1.00 1.00 1.00
900 20000 20000 20000 20000 1.00 1.00 1.00 1.00 1.00 1.00 1.00 1.00
910 20000 20000 20000 20000 1.00 1.00 1.00 1.00 1.00 1.00 1.00 1.00
920 20000 20000 20000 20000 1.00 1.00 1.00 1.00 1.00 1.00 1.00 1.00
930 20000 20000 20000 20000 1.00 1.00 1.00 1.00 1.00 1.00 1.00 1.00
940 20000 20000 20000 20000 1.00 1.00 1.00 1.00 1.00 1.00 1.00 1.00
950 20000 20000 20000 20000 1.00 1.00 1.00 1.00 1.00 1.00 1.00 1.00
960 20000 20000 20000 20000 1.00 1.00 1.00 1.00 1.00 1.00 1.00 1.00
970 20020 20200 20000 20000 .44 .44 .44 .44 .55 .55 .55 .55
980 20200 20200 20200 20200 1.00 1.00 1.00 1.00 1.00 1.00 1.00 1.00
990 00200 00200 00200 00200 1.00 1.00 1.00 1.00 1.00 1.00 1.00 1.00
1000 00200 00200 00200 00200 1.00 1.00 1.00 1.00 1.00 1.00 1.00 1.00
1010 00200 00200 00200 00200 1.00 1.00 1.00 1.00 1.00 1.00 1.00 1.00
1020 00200 00200 00200 00200 1.00 1.00 1.00 1.00 1.00 1.00 1.00 1.00
1030 00200 00200 00200 00200 1.00 1.00 1.00 1.00 1.00 1.00 1.00 1.00
1040 00200 00200 00200 00200 1.00 1.00 1.00 1.00 1.00 1.00 1.00 1.00
1050 00200 00200 00200 00200 1.00 1.00 1.00 1.00 1.00 1.00 1.00 1.00
1060 00200 00200 00200 00200 1.00 1.00 1.00 1.00 1.00 1.00 1.00 1.00
1070 00200 00200 00200 00200 1.00 1.00 1.00 1.00 1.00 1.00 1.00 1.00
1080 00200 00200 00201 00200 .70 .80 .90 .68 .76 .84 .93 .75
1090 00201 00201 00201 00201 1.00 1.00 1.00 1.00 1.00 1.00 1.00 1.00
1100 00202 00201 00201 00201 .77 .96 .92 .97 .83 .97 .93 .98
1110 00202 00201 00202 00202 .76 .96 .93 .97 .82 .97 .95 .98
1120 00202 00201 00202 00202 .76 .96 .93 .97 .82 .97 .95 .98
1130 00202 00202 00202 00202 1.00 1.00 1.00 1.00 1.00 1.00 1.00 1.00
1140 00202 00202 00202 00202 1.00 1.00 1.00 1.00 1.00 1.00 1.00 1.00
1150 00202 00202 00202 00202 1.00 1.00 1.00 1.00 1.00 1.00 1.00 1.00
1160 00202 00202 00202 00202 1.00 1.00 1.00 1.00 1.00 1.00 1.00 1.00
1170 00202 00202 00202 00202 1.00 1.00 1.00 1.00 1.00 1.00 1.00 1.00
1180 00202 00202 00202 00202 1.00 1.00 1.00 1.00 1.00 1.00 1.00 1.00
1190 00202 00202 00202 00202 1.00 1.00 1.00 1.00 1.00 1.00 1.00 1.00
1200 00202 00202 00200 00202 .72 .72 .72 .72 .79 .79 .79 .79
1210 00202 00242 00200 00202 .53 .34 .19 .49 .63 .48 .32 .61
1220 00202 00242 00200 00202 .53 .34 .19 .49 .63 .48 .32 .61
1230 02202 00242 00200 00202 .32 .12 .02 .26 .47 .30 .19 .43
1240 02202 00242 00200 00202 .32 .12 .02 .26 .47 .30 .19 .43
1250 02202 00242 02200 02202 .33 .09 1.0 .26 .48 .26 .16 .43
1260 20202 20242 02200 20202 .10 -0.18 -0.23 -0.02 .29 .05 -0.02 .22
1270 20202 20242 02200 20202 .10 -0.18 -0.23 -0.02 .29 .05 -0.02 .22
1280 20002 20042 20000 20002 .53 .34 .19 .49 .63 .48 .32 .61
1290 20002 20002 20000 20002 .72 .72 .72 .72 .79 .79 .79 .79
1300 20002 20002 20000 20002 .72 .72 .72 .72 .79 .79 .79 .79
1310 20002 20002 20000 20002 .72 .72 .72 .72 .79 .79 .79 .79
1320 20000 20000 20000 20000 1.00 1.00 1.00 1.00 1.00 1.00 1.00 1.00
1330 20000 20000 20000 20000 1.00 1.00 1.00 1.00 1.00 1.00 1.00 1.00
1340 20000 20000 20000 20000 1.00 1.00 1.00 1.00 1.00 1.00 1.00 1.00
1350 20000 20000 20000 20000 1.00 1.00 1.00 1.00 1.00 1.00 1.00 1.00
1360 20000 20000 20000 20000 1.00 1.00 1.00 1.00 1.00 1.00 1.00 1.00
1370 20000 20000 20000 20000 1.00 1.00 1.00 1.00 1.00 1.00 1.00 1.00
1380 20000 20000 20000 20000 1.00 1.00 1.00 1.00 1.00 1.00 1.00 1.00
1390 20000 20000 20000 20000 1.00 1.00 1.00 1.00 1.00 1.00 1.00 1.00
1400 20000 20000 20000 20000 1.00 1.00 1.00 1.00 1.00 1.00 1.00 1.00
1410 20000 20000 20000 20000 1.00 1.00 1.00 1.00 1.00 1.00 1.00 1.00
1420 20000 20000 20000 20000 1.00 1.00 1.00 1.00 1.00 1.00 1.00 1.00
1430 20000 20000 20000 20000 1.00 1.00 1.00 1.00 1.00 1.00 1.00 1.00
1440 20000 20000 20000 20000 1.00 1.00 1.00 1.00 1.00 1.00 1.00 1.00
1450 20000 20000 20000 20000 1.00 1.00 1.00 1.00 1.00 1.00 1.00 1.00
1460 20000 20000 20000 20000 1.00 1.00 1.00 1.00 1.00 1.00 1.00 1.00
1470 20000 20000 20000 20000 1.00 1.00 1.00 1.00 1.00 1.00 1.00 1.00
1480 20020 20000 20000 20000 .68 .68 .68 .68 .75 .75 .75 .75
1490 20200 20000 20000 20000 .68 .68 .68 .68 .75 .75 .75 .75
1500 20200 20000 20020 20000 .44 .44 .44 .44 .55 .55 .55 .55
1510 20200 20200 20020 20200 .48 .48 .48 .48 .60 .60 .60 .60
1520 02200 00200 00200 00200 .68 .68 .68 .68 .75 .75 .75 .75
1530 00200 00200 00200 00200 1.00 1.00 1.00 1.00 1.00 1.00 1.00 1.00
1540 00200 00200 00200 00200 1.00 1.00 1.00 1.00 1.00 1.00 1.00 1.00
1550 00200 00200 00200 00200 1.00 1.00 1.00 1.00 1.00 1.00 1.00 1.00
1560 00200 00200 00200 00200 1.00 1.00 1.00 1.00 1.00 1.00 1.00 1.00
1570 00201 00201 00201 00201 1.00 1.00 1.00 1.00 1.00 1.00 1.00 1.00
1580 00201 00201 00201 00201 1.00 1.00 1.00 1.00 1.00 1.00 1.00 1.00
1590 00201 00201 00201 00201 1.00 1.00 1.00 1.00 1.00 1.00 1.00 1.00
1600 00201 00201 00201 00201 1.00 1.00 1.00 1.00 1.00 1.00 1.00 1.00
1610 00201 00201 00201 00201 1.00 1.00 1.00 1.00 1.00 1.00 1.00 1.00
1620 00202 00201 00202 00202 .76 .96 .93 .97 .82 .97 .95 .98
1630 00202 00202 00202 00202 1.00 1.00 1.00 1.00 1.00 1.00 1.00 1.00
1640 00202 00202 00202 00202 1.00 1.00 1.00 1.00 1.00 1.00 1.00 1.00
1650 00202 00202 00202 00202 1.00 1.00 1.00 1.00 1.00 1.00 1.00 1.00
1660 00202 00202 00202 00202 1.00 1.00 1.00 1.00 1.00 1.00 1.00 1.00
1670 00202 00202 00202 00202 1.00 1.00 1.00 1.00 1.00 1.00 1.00 1.00
1680 00202 00202 00202 00202 1.00 1.00 1.00 1.00 1.00 1.00 1.00 1.00
1690 00202 00202 00200 00202 .72 .72 .72 .72 .79 .79 .79 .79
1700 00202 00202 00200 00202 .72 .72 .72 .72 .79 .79 .79 .79
1710 00202 00202 00200 00202 .72 .72 .72 .72 .79 .79 .79 .79
1720 00202 00202 00200 00202 .72 .72 .72 .72 .79 .79 .79 .79
1730 00202 00202 00200 00202 .72 .72 .72 .72 .79 .79 .79 .79
1740 00202 03202 00200 00202 .53 .34 .32 .48 .63 .48 .45 .61
1750 00202 03202 00200 00202 .53 .34 .32 .48 .63 .48 .45 .61
1760 00202 03202 02200 00202 .44 .43 .43 .50 .53 .47 .46 .55
1770 02202 03202 02200 02202 .56 .73 .74 .74 .65 .78 .79 .80
1780 20202 23242 20200 20202 .37 -0.26 -0.25 .18 .50 -0.01 -0.02 .38
1790 20022 23242 20000 20022 .09 -0.17 -0.15 -0.03 .24 .06 .08 .21
1800 20002 23002 20000 20002 .53 .34 .32 .48 .63 .48 .45 .61
1810 20002 20002 20000 20002 .72 .72 .72 .72 .79 .79 .79 .79
1820 20002 20002 20000 20002 .72 .72 .72 .72 .79 .79 .79 .79
1830 20000 20000 20000 20000 1.00 1.00 1.00 1.00 1.00 1.00 1.00 1.00
1840 20000 20000 20000 20000 1.00 1.00 1.00 1.00 1.00 1.00 1.00 1.00
1850 20000 20000 20000 20000 1.00 1.00 1.00 1.00 1.00 1.00 1.00 1.00
1860 20000 20000 20000 20000 1.00 1.00 1.00 1.00 1.00 1.00 1.00 1.00
1870 20000 20000 20000 20000 1.00 1.00 1.00 1.00 1.00 1.00 1.00 1.00
1880 20000 20000 20000 20000 1.00 1.00 1.00 1.00 1.00 1.00 1.00 1.00
1890 20000 20000 20000 20000 1.00 1.00 1.00 1.00 1.00 1.00 1.00 1.00
1900 20000 20000 20000 20000 1.00 1.00 1.00 1.00 1.00 1.00 1.00 1.00
1910 20000 20000 20000 20000 1.00 1.00 1.00 1.00 1.00 1.00 1.00 1.00
1920 20000 20000 20000 20000 1.00 1.00 1.00 1.00 1.00 1.00 1.00 1.00
1930 20000 20000 20000 20000 1.00 1.00 1.00 1.00 1.00 1.00 1.00 1.00
1940 20000 20000 20000 20000 1.00 1.00 1.00 1.00 1.00 1.00 1.00 1.00
1950 20000 20000 20000 20000 1.00 1.00 1.00 1.00 1.00 1.00 1.00 1.00
1960 20000 20000 20000 20000 1.00 1.00 1.00 1.00 1.00 1.00 1.00 1.00
1970 20000 20000 20000 20000 1.00 1.00 1.00 1.00 1.00 1.00 1.00 1.00
1980 20000 20000 20000 20000 1.00 1.00 1.00 1.00 1.00 1.00 1.00 1.00
1990 20000 20000 20000 20000 1.00 1.00 1.00 1.00 1.00 1.00 1.00 1.00
2000 20000 20000 20000 20000 1.00 1.00 1.00 1.00 1.00 1.00 1.00 1.00
2010 20020 20000 20000 20000 .68 .68 .68 .68 .75 .75 .75 .75
2020 20020 20000 20000 20000 .68 .68 .68 .68 .75 .75 .75 .75
2030 20200 20200 20200 20200 1.00 1.00 1.00 1.00 1.00 1.00 1.00 1.00
2040 00200 00200 00200 00200 1.00 1.00 1.00 1.00 1.00 1.00 1.00 1.00
2050 00200 00200 00200 00200 1.00 1.00 1.00 1.00 1.00 1.00 1.00 1.00
2060 00200 00200 00200 00200 1.00 1.00 1.00 1.00 1.00 1.00 1.00 1.00
2070 00200 00200 00200 00200 1.00 1.00 1.00 1.00 1.00 1.00 1.00 1.00
2080 00200 00200 00200 00200 1.00 1.00 1.00 1.00 1.00 1.00 1.00 1.00
2090 00200 00200 00200 00200 1.00 1.00 1.00 1.00 1.00 1.00 1.00 1.00
2100 00201 00201 00201 00201 1.00 1.00 1.00 1.00 1.00 1.00 1.00 1.00
2110 00201 00201 00201 00201 1.00 1.00 1.00 1.00 1.00 1.00 1.00 1.00
2120 00201 00201 00201 00201 1.00 1.00 1.00 1.00 1.00 1.00 1.00 1.00
2130 00202 00201 00201 00201 .77 .96 .92 .97 .83 .97 .93 .98
2140 00202 00202 00202 00202 1.00 1.00 1.00 1.00 1.00 1.00 1.00 1.00
2150 00202 00202 00202 00202 1.00 1.00 1.00 1.00 1.00 1.00 1.00 1.00
2160 00202 00202 00202 00202 1.00 1.00 1.00 1.00 1.00 1.00 1.00 1.00
2170 00202 00202 00202 00202 1.00 1.00 1.00 1.00 1.00 1.00 1.00 1.00
2180 00202 00202 00202 00202 1.00 1.00 1.00 1.00 1.00 1.00 1.00 1.00
2190 00202 00202 00202 00202 1.00 1.00 1.00 1.00 1.00 1.00 1.00 1.00
2200 00202 00202 00202 00202 1.00 1.00 1.00 1.00 1.00 1.00 1.00 1.00
2210 00202 00202 00200 00202 .72 .72 .72 .72 .79 .79 .79 .79
2220 00202 00242 00200 00202 .53 .34 .19 .49 .63 .48 .32 .61
2230 00202 00242 00200 00202 .53 .34 .19 .49 .63 .48 .32 .61
2240 00202 00242 00200 00202 .53 .34 .19 .49 .63 .48 .32 .61
2250 00202 00242 00200 00202 .53 .34 .19 .49 .63 .48 .32 .61
2260 00202 03242 00200 00202 .37 .01 -0.05 .26 .50 .20 .11 .43
2270 00202 03242 00200 00202 .37 .01 -0.05 .26 .50 .20 .11 .43
2280 00202 03242 00200 00202 .37 .01 -0.05 .26 .50 .20 .11 .43
2290 00202 03242 00200 00202 .37 .01 -0.05 .26 .50 .20 .11 .43
2300 00202 03242 00200 00202 .37 .01 -0.05 .26 .50 .20 .11 .43
2310 02202 02202 00200 02202 .50 .50 .50 .50 .62 .62 .62 .62
2320 02202 02202 00200 02202 .50 .50 .50 .50 .62 .62 .62 .62
2330 02202 02202 00200 02202 .50 .50 .50 .50 .62 .62 .62 .62
2340 02202 02202 00200 02202 .50 .50 .50 .50 .62 .62 .62 .62
2350 02202 02202 20200 02202 .25 .25 .25 .25 .42 .42 .42 .42
2360 20202 20202 20200 20202 .75 .75 .75 .75 .81 .81 .81 .81
2370 20022 20022 20200 20022 .25 .25 .25 .25 .42 .42 .42 .42
2380 20002 20042 20000 20002 .53 .34 .19 .49 .63 .48 .32 .61
2390 20002 20002 20000 20002 .72 .72 .72 .72 .79 .79 .79 .79
2400 20002 20002 20000 20002 .72 .72 .72 .72 .79 .79 .79 .79
2410 20000 20000 20000 20000 1.00 1.00 1.00 1.00 1.00 1.00 1.00 1.00
2420 20000 20000 20000 20000 1.00 1.00 1.00 1.00 1.00 1.00 1.00 1.00
2430 20000 20000 20000 20000 1.00 1.00 1.00 1.00 1.00 1.00 1.00 1.00
2440 20000 20000 20000 20000 1.00 1.00 1.00 1.00 1.00 1.00 1.00 1.00
2450 20000 20000 20000 20000 1.00 1.00 1.00 1.00 1.00 1.00 1.00 1.00
2460 20000 20000 20000 20000 1.00 1.00 1.00 1.00 1.00 1.00 1.00 1.00
2470 20000 20000 20000 20000 1.00 1.00 1.00 1.00 1.00 1.00 1.00 1.00
2480 20000 20000 20000 20000 1.00 1.00 1.00 1.00 1.00 1.00 1.00 1.00
2490 20000 20000 20000 20000 1.00 1.00 1.00 1.00 1.00 1.00 1.00 1.00
2500 20000 20000 20000 20000 1.00 1.00 1.00 1.00 1.00 1.00 1.00 1.00
2510 20000 20000 20000 20000 1.00 1.00 1.00 1.00 1.00 1.00 1.00 1.00
2520 20000 20000 20000 20000 1.00 1.00 1.00 1.00 1.00 1.00 1.00 1.00
2530 20000 20000 20000 20000 1.00 1.00 1.00 1.00 1.00 1.00 1.00 1.00
2540 20000 20000 20000 20000 1.00 1.00 1.00 1.00 1.00 1.00 1.00 1.00
2550 20000 20000 20000 20000 1.00 1.00 1.00 1.00 1.00 1.00 1.00 1.00
2560 20020 20200 20030 20020 .41 .43 .42 .48 .51 .57 .56 .60
2570 02200 00200 20030 00200 -0.04 -0.15 -0.16 -0.12 .15 .05 .03 .10
2580 02200 00200 20030 00200 -0.04 -0.15 -0.16 -0.12 .15 .05 .03 .10
2590 00200 00200 00200 00200 1.00 1.00 1.00 1.00 1.00 1.00 1.00 1.00
2600 00200 00200 00200 00200 1.00 1.00 1.00 1.00 1.00 1.00 1.00 1.00
2610 00200 00200 00200 00200 1.00 1.00 1.00 1.00 1.00 1.00 1.00 1.00
2620 00200 00200 00200 00200 1.00 1.00 1.00 1.00 1.00 1.00 1.00 1.00
2630 00200 00200 00200 00200 1.00 1.00 1.00 1.00 1.00 1.00 1.00 1.00
2640 20200 00200 20200 20200 .72 .72 .72 .72 .79 .79 .79 .79
2650 20200 20200 20200 20200 1.00 1.00 1.00 1.00 1.00 1.00 1.00 1.00
2660 20000 20000 20200 20000 .68 .68 .68 .68 .75 .75 .75 .75
2670 20000 20000 20000 20000 1.00 1.00 1.00 1.00 1.00 1.00 1.00 1.00
2680 20000 20000 20000 20000 1.00 1.00 1.00 1.00 1.00 1.00 1.00 1.00
2690 20000 20000 20000 20000 1.00 1.00 1.00 1.00 1.00 1.00 1.00 1.00
2700 20000 20000 20000 20000 1.00 1.00 1.00 1.00 1.00 1.00 1.00 1.00
2710 20000 20000 20000 20000 1.00 1.00 1.00 1.00 1.00 1.00 1.00 1.00
2720 20000 20000 20000 20000 1.00 1.00 1.00 1.00 1.00 1.00 1.00 1.00
2730 20000 20000 20000 20000 1.00 1.00 1.00 1.00 1.00 1.00 1.00 1.00
2740 20000 20000 20000 20000 1.00 1.00 1.00 1.00 1.00 1.00 1.00 1.00
2750 20000 20000 20001 20000 .70 .80 .90 .68 .76 .84 .93 .75
2760 20000 20000 20001 20000 .70 .80 .90 .68 .76 .84 .93 .75
2770 20001 20001 20001 20001 1.00 1.00 1.00 1.00 1.00 1.00 1.00 1.00
2780 20001 20001 20001 20001 1.00 1.00 1.00 1.00 1.00 1.00 1.00 1.00
2790 20002 20001 20001 20001 .77 .96 .92 .97 .83 .97 .93 .98
2800 20002 20002 20002 20002 1.00 1.00 1.00 1.00 1.00 1.00 1.00 1.00
2810 20002 20002 20002 20002 1.00 1.00 1.00 1.00 1.00 1.00 1.00 1.00
2820 00002 00002 00002 00002 1.00 1.00 1.00 1.00 1.00 1.00 1.00 1.00
2830 00002 00002 00002 00002 1.00 1.00 1.00 1.00 1.00 1.00 1.00 1.00
2840 00002 00002 00002 00002 1.00 1.00 1.00 1.00 1.00 1.00 1.00 1.00
2850 00002 00002 00002 00002 1.00 1.00 1.00 1.00 1.00 1.00 1.00 1.00
2860 00002 00002 00002 00002 1.00 1.00 1.00 1.00 1.00 1.00 1.00 1.00
2870 00002 00002 00002 00002 1.00 1.00 1.00 1.00 1.00 1.00 1.00 1.00
2880 00002 00002 00002 00002 1.00 1.00 1.00 1.00 1.00 1.00 1.00 1.00
2890 00002 00002 00002 00002 1.00 1.00 1.00 1.00 1.00 1.00 1.00 1.00
2900 00002 00002 00002 00002 1.00 1.00 1.00 1.00 1.00 1.00 1.00 1.00
2910 00002 00002 00002 00002 1.00 1.00 1.00 1.00 1.00 1.00 1.00 1.00
2920 00002 00002 00002 00002 1.00 1.00 1.00 1.00 1.00 1.00 1.00 1.00
2930 04002 04042 00002 04002 .56 .30 .22 .49 .66 .47 .41 .61
2940 04002 04042 04042 04042 .80 .68 .68 .76 .85 .76 .76 .81
2950 04002 04042 04042 04042 .80 .68 .68 .76 .85 .76 .76 .81
