0 00200 00200 00021 00200 .11 .09 .14 .05 .28 .29 .34 .24
10 00200 00200 00021 00200 .11 .09 .14 .05 .28 .29 .34 .24
20 20200 20200 00021 20200 .05 .04 .06 -0.03 .26 .28 .30 .21
30 20000 20000 00021 20000 .11 .09 .14 .05 .28 .29 .34 .24
40 20000 20000 00021 20000 .11 .09 .14 .05 .28 .29 .34 .24
50 20000 20000 00021 20000 .11 .09 .14 .05 .28 .29 .34 .24
60 20000 20000 00021 20000 .11 .09 .14 .05 .28 .29 .34 .24
70 20000 20000 00021 20000 .11 .09 .14 .05 .28 .29 .34 .24
80 20020 20200 00021 20020 .05 .04 .06 -0.03 .26 .28 .30 .21
90 20020 00200 02021 00020 -0.19 -0.25 -0.23 -0.28 .02 .00 .02 -0.04
100 00200 00200 02021 00200 -0.04 -0.08 -0.05 -0.11 .15 .14 .17 .10
110 00200 00200 02021 00200 -0.04 -0.08 -0.05 -0.11 .15 .14 .17 .10
120 00200 00200 02021 00200 -0.04 -0.08 -0.05 -0.11 .15 .14 .17 .10
130 00200 00200 02021 00200 -0.04 -0.08 -0.05 -0.11 .15 .14 .17 .10
140 00201 00200 02021 00201 .10 -0.07 -0.07 -0.02 .32 .16 .15 .22
150 00201 00200 02021 00201 .10 -0.07 -0.07 -0.02 .32 .16 .15 .22
160 00201 00201 02021 00201 .38 .02 -0.02 .27 .52 .24 .20 .44
170 00201 00201 02021 00201 .38 .02 -0.02 .27 .52 .24 .20 .44
180 00200 00201 02021 00201 .10 -0.07 -0.07 -0.02 .32 .16 .15 .22
190 00200 00201 02021 00201 .10 -0.07 -0.07 -0.02 .32 .16 .15 .22
200 00201 00201 02021 00201 .38 .02 -0.02 .27 .52 .24 .20 .44
210 00201 00201 02021 00201 .38 .02 -0.02 .27 .52 .24 .20 .44
220 00201 00201 02021 00201 .38 .02 -0.02 .27 .52 .24 .20 .44
230 00201 00201 02021 00201 .38 .02 -0.02 .27 .52 .24 .20 .44
240 00202 00202 00021 00202 .29 .39 .35 .46 .45 .55 .52 .59
250 00202 00202 00021 00202 .29 .39 .35 .46 .45 .55 .52 .59
260 00202 00202 00021 00202 .29 .39 .35 .46 .45 .55 .52 .59
270 00202 00202 00021 00202 .29 .39 .35 .46 .45 .55 .52 .59
280 00202 00202 00021 00202 .29 .39 .35 .46 .45 .55 .52 .59
290 00202 00202 00021 00202 .29 .39 .35 .46 .45 .55 .52 .59
300 00202 00202 00021 00202 .29 .39 .35 .46 .45 .55 .52 .59
310 00202 00202 00021 00202 .29 .39 .35 .46 .45 .55 .52 .59
320 00202 00202 00021 00202 .29 .39 .35 .46 .45 .55 .52 .59
330 00202 00202 00022 00202 .48 .48 .48 .48 .60 .60 .60 .60
340 00202 00202 00022 00202 .48 .48 .48 .48 .60 .60 .60 .60
350 00202 00202 00022 00202 .48 .48 .48 .48 .60 .60 .60 .60
360 00202 00202 00022 00202 .48 .48 .48 .48 .60 .60 .60 .60
370 00202 00202 00022 00202 .48 .48 .48 .48 .60 .60 .60 .60
380 00202 00202 00022 00202 .48 .48 .48 .48 .60 .60 .60 .60
390 00202 00202 00022 00202 .48 .48 .48 .48 .60 .60 .60 .60
400 00202 00202 02022 00202 .25 .25 .25 .25 .42 .42 .42 .42
410 00202 00202 02022 00202 .25 .25 .25 .25 .42 .42 .42 .42
420 02202 20202 02022 02202 -0.04 -0.04 -0.04 -0.04 .21 .21 .21 .21
430 20202 20202 02022 20202 -0.04 -0.04 -0.04 -0.04 .21 .21 .21 .21
440 20202 20002 02022 20002 1.0 1.0 1.0 1.0 .24 .24 .24 .24
450 20002 20002 02022 20002 .25 .25 .25 .25 .42 .42 .42 .42
460 20002 20002 02022 20002 .25 .25 .25 .25 .42 .42 .42 .42
470 20002 20002 02022 20002 .25 .25 .25 .25 .42 .42 .42 .42
480 20002 20002 02002 20002 .48 .48 .48 .48 .60 .60 .60 .60
490 20000 20000 02002 20000 .05 .05 .05 .05 .24 .24 .24 .24
500 20000 20000 02002 20000 .05 .05 .05 .05 .24 .24 .24 .24
510 20000 20000 02002 20000 .05 .05 .05 .05 .24 .24 .24 .24
520 20000 20000 02002 20000 .05 .05 .05 .05 .24 .24 .24 .24
530 20000 20000 02002 20000 .05 .05 .05 .05 .24 .24 .24 .24
540 20000 20000 02002 20000 .05 .05 .05 .05 .24 .24 .24 .24
550 20000 20000 02002 20000 .05 .05 .05 .05 .24 .24 .24 .24
560 20000 20000 02002 20000 .05 .05 .05 .05 .24 .24 .24 .24
570 20000 20000 02002 20000 .05 .05 .05 .05 .24 .24 .24 .24
580 20000 20000 02002 20000 .05 .05 .05 .05 .24 .24 .24 .24
590 20000 20000 02002 20000 .05 .05 .05 .05 .24 .24 .24 .24
600 20000 20000 02002 20000 .05 .05 .05 .05 .24 .24 .24 .24
610 20000 20000 02002 20000 .05 .05 .05 .05 .24 .24 .24 .24
620 20000 20000 02002 20000 .05 .05 .05 .05 .24 .24 .24 .24
630 20000 20000 02002 20000 .05 .05 .05 .05 .24 .24 .24 .24
640 20000 20000 02002 20000 .05 .05 .05 .05 .24 .24 .24 .24
650 20000 20000 02002 20000 .05 .05 .05 .05 .24 .24 .24 .24
660 20020 20000 02022 20020 -0.04 -0.04 -0.04 -0.04 .21 .21 .21 .21
670 20200 20000 02022 20000 -0.30 -0.30 -0.30 -0.30 -0.04 -0.04 -0.04 -0.04
680 20200 20000 02022 20000 -0.30 -0.30 -0.30 -0.30 -0.04 -0.04 -0.04 -0.04
690 20200 20200 02022 20200 -0.25 -0.25 -0.25 -0.25 .04 .04 .04 .04
700 00200 00200 02022 00200 -0.12 -0.12 -0.12 -0.12 .10 .10 .10 .10
710 00200 00200 02022 00200 -0.12 -0.12 -0.12 -0.12 .10 .10 .10 .10
720 00200 00200 02022 00200 -0.12 -0.12 -0.12 -0.12 .10 .10 .10 .10
730 00200 00200 00022 00200 .05 .05 .05 .05 .24 .24 .24 .24
740 00200 00200 00022 00200 .05 .05 .05 .05 .24 .24 .24 .24
750 00200 00200 00022 00200 .05 .05 .05 .05 .24 .24 .24 .24
760 00200 00200 00022 00200 .05 .05 .05 .05 .24 .24 .24 .24
770 00201 00200 00022 00201 .09 .14 .11 .15 .31 .34 .32 .37
780 00201 00201 00022 00201 .32 .33 .26 .46 .49 .48 .41 .59
790 00201 00201 00022 00201 .32 .33 .26 .46 .49 .48 .41 .59
800 00201 00201 00022 00201 .32 .33 .26 .46 .49 .48 .41 .59
810 00202 00202 00022 00202 .48 .48 .48 .48 .60 .60 .60 .60
820 00202 00202 00022 00202 .48 .48 .48 .48 .60 .60 .60 .60
830 00202 00202 00022 00202 .48 .48 .48 .48 .60 .60 .60 .60
840 00202 00202 00022 00202 .48 .48 .48 .48 .60 .60 .60 .60
850 00202 00202 00022 00202 .48 .48 .48 .48 .60 .60 .60 .60
860 00202 00202 00022 00202 .48 .48 .48 .48 .60 .60 .60 .60
870 00202 00202 00022 00202 .48 .48 .48 .48 .60 .60 .60 .60
880 00202 00202 00022 00202 .48 .48 .48 .48 .60 .60 .60 .60
890 00202 00202 00022 00202 .48 .48 .48 .48 .60 .60 .60 .60
900 00202 00202 00022 00202 .48 .48 .48 .48 .60 .60 .60 .60
910 00202 00202 00022 00202 .48 .48 .48 .48 .60 .60 .60 .60
920 00202 00202 00022 00202 .48 .48 .48 .48 .60 .60 .60 .60
930 00202 00202 00022 00202 .48 .48 .48 .48 .60 .60 .60 .60
940 00202 00202 00022 00202 .48 .48 .48 .48 .60 .60 .60 .60
950 00202 00202 00022 00202 .48 .48 .48 .48 .60 .60 .60 .60
960 00202 00202 00022 00202 .48 .48 .48 .48 .60 .60 .60 .60
970 00202 00202 00022 00202 .48 .48 .48 .48 .60 .60 .60 .60
980 00202 00202 00022 00202 .48 .48 .48 .48 .60 .60 .60 .60
990 00202 00202 00022 00202 .48 .48 .48 .48 .60 .60 .60 .60
1000 00202 00202 00022 00202 .48 .48 .48 .48 .60 .60 .60 .60
1010 00202 00202 00022 00202 .48 .48 .48 .48 .60 .60 .60 .60
1020 00202 00202 00022 00202 .48 .48 .48 .48 .60 .60 .60 .60
1030 00202 00202 02022 00202 .25 .25 .25 .25 .42 .42 .42 .42
1040 20202 20202 02022 20202 -0.04 -0.04 -0.04 -0.04 .21 .21 .21 .21
1050 20002 20002 02022 20002 .25 .25 .25 .25 .42 .42 .42 .42
1060 20002 20002 02022 20002 .25 .25 .25 .25 .42 .42 .42 .42
1070 20000 20000 02022 20000 -0.12 -0.12 -0.12 -0.12 .10 .10 .10 .10
1080 20000 20000 02022 20000 -0.12 -0.12 -0.12 -0.12 .10 .10 .10 .10
1090 20000 20000 02002 20000 .05 .05 .05 .05 .24 .24 .24 .24
1100 20000 20000 02002 20000 .05 .05 .05 .05 .24 .24 .24 .24
1110 20000 20000 02002 20000 .05 .05 .05 .05 .24 .24 .24 .24
1120 20000 20000 02002 20000 .05 .05 .05 .05 .24 .24 .24 .24
1130 20000 20000 02002 20000 .05 .05 .05 .05 .24 .24 .24 .24
1140 20000 20000 02002 20000 .05 .05 .05 .05 .24 .24 .24 .24
1150 20000 20000 02002 20000 .05 .05 .05 .05 .24 .24 .24 .24
1160 20000 20000 02002 20000 .05 .05 .05 .05 .24 .24 .24 .24
1170 20000 20000 02002 20000 .05 .05 .05 .05 .24 .24 .24 .24
1180 20020 20000 02002 20000 -0.12 -0.12 -0.12 -0.12 .10 .10 .10 .10
1190 20020 20000 02002 20000 -0.12 -0.12 -0.12 -0.12 .10 .10 .10 .10
1200 20020 20000 02022 20020 -0.04 -0.04 -0.04 -0.04 .21 .21 .21 .21
1210 20020 20000 02022 20020 -0.04 -0.04 -0.04 -0.04 .21 .21 .21 .21
1220 20020 20000 02022 20020 -0.04 -0.04 -0.04 -0.04 .21 .21 .21 .21
1230 20200 20000 02022 20000 -0.30 -0.30 -0.30 -0.30 -0.04 -0.04 -0.04 -0.04
1240 20200 20000 02022 20000 -0.30 -0.30 -0.30 -0.30 -0.04 -0.04 -0.04 -0.04
1250 20200 20200 02022 20200 -0.25 -0.25 -0.25 -0.25 .04 .04 .04 .04
1260 00200 00200 02022 00200 -0.12 -0.12 -0.12 -0.12 .10 .10 .10 .10
1270 00200 00200 02022 00200 -0.12 -0.12 -0.12 -0.12 .10 .10 .10 .10
1280 00200 00200 02022 00200 -0.12 -0.12 -0.12 -0.12 .10 .10 .10 .10
1290 00200 00200 02022 00200 -0.12 -0.12 -0.12 -0.12 .10 .10 .10 .10
1300 00200 00200 02022 00200 -0.12 -0.12 -0.12 -0.12 .10 .10 .10 .10
1310 00200 00200 02022 00200 -0.12 -0.12 -0.12 -0.12 .10 .10 .10 .10
1320 00200 00200 02022 00200 -0.12 -0.12 -0.12 -0.12 .10 .10 .10 .10
1330 00201 00200 02022 00201 -0.07 -0.07 -0.08 -0.04 .18 .16 .14 .20
1340 00201 00200 02022 00201 -0.07 -0.07 -0.08 -0.04 .18 .16 .14 .20
1350 00201 00200 02022 00201 -0.07 -0.07 -0.08 -0.04 .18 .16 .14 .20
1360 00201 00201 02022 00201 .15 .06 .02 .24 .35 .26 .22 .41
1370 00202 00201 02022 00202 .10 .14 .12 .23 .29 .35 .33 .41
1380 00202 00202 02022 00202 .25 .25 .25 .25 .42 .42 .42 .42
1390 00202 00202 02022 00202 .25 .25 .25 .25 .42 .42 .42 .42
1400 00202 00202 02022 00202 .25 .25 .25 .25 .42 .42 .42 .42
1410 00202 00202 02022 00202 .25 .25 .25 .25 .42 .42 .42 .42
1420 00202 00202 02022 00202 .25 .25 .25 .25 .42 .42 .42 .42
1430 00202 00202 02022 00202 .25 .25 .25 .25 .42 .42 .42 .42
1440 00202 00202 02022 00202 .25 .25 .25 .25 .42 .42 .42 .42
1450 00202 00202 02022 00202 .25 .25 .25 .25 .42 .42 .42 .42
1460 00202 00202 02022 00202 .25 .25 .25 .25 .42 .42 .42 .42
1470 00202 00202 02022 00202 .25 .25 .25 .25 .42 .42 .42 .42
1480 00202 00202 00022 00202 .48 .48 .48 .48 .60 .60 .60 .60
1490 00202 00202 00022 00202 .48 .48 .48 .48 .60 .60 .60 .60
1500 00202 00202 00022 00202 .48 .48 .48 .48 .60 .60 .60 .60
1510 00202 00202 00022 00202 .48 .48 .48 .48 .60 .60 .60 .60
1520 02202 00202 00022 00202 .25 .25 .25 .25 .42 .42 .42 .42
1530 02202 20202 00022 00202 1.0 1.0 1.0 1.0 .24 .24 .24 .24
1540 20022 20042 00022 20022 .56 .73 .67 .73 .65 .78 .72 .79
1550 20002 20002 00022 20002 .48 .48 .48 .48 .60 .60 .60 .60
1560 20000 20000 00022 20000 .05 .05 .05 .05 .24 .24 .24 .24
1570 20000 20000 00022 20000 .05 .05 .05 .05 .24 .24 .24 .24
1580 20000 20000 00022 20000 .05 .05 .05 .05 .24 .24 .24 .24
1590 20000 20000 00022 20000 .05 .05 .05 .05 .24 .24 .24 .24
1600 20000 20000 00002 20000 .22 .22 .22 .22 .41 .41 .41 .41
1610 20000 20000 00002 20000 .22 .22 .22 .22 .41 .41 .41 .41
1620 20000 20000 00002 20000 .22 .22 .22 .22 .41 .41 .41 .41
1630 20000 20000 00002 20000 .22 .22 .22 .22 .41 .41 .41 .41
1640 20000 20000 00002 20000 .22 .22 .22 .22 .41 .41 .41 .41
1650 20000 20000 00002 20000 .22 .22 .22 .22 .41 .41 .41 .41
1660 20000 20000 00002 20000 .22 .22 .22 .22 .41 .41 .41 .41
1670 20020 20000 00002 20000 .05 .05 .05 .05 .24 .24 .24 .24
1680 20200 20200 00002 20200 .16 .16 .16 .16 .37 .37 .37 .37
1690 00200 00200 00002 00200 .22 .22 .22 .22 .41 .41 .41 .41
1700 00200 00200 00002 00200 .22 .22 .22 .22 .41 .41 .41 .41
1710 00200 00200 00002 00200 .22 .22 .22 .22 .41 .41 .41 .41
1720 00200 00200 00002 00200 .22 .22 .22 .22 .41 .41 .41 .41
1730 00200 00200 00022 00200 .05 .05 .05 .05 .24 .24 .24 .24
1740 00200 00200 00022 00200 .05 .05 .05 .05 .24 .24 .24 .24
1750 00200 00200 00022 00200 .05 .05 .05 .05 .24 .24 .24 .24
1760 00200 00200 00022 00200 .05 .05 .05 .05 .24 .24 .24 .24
1770 00201 00200 00022 00201 .09 .14 .11 .15 .31 .34 .32 .37
1780 00201 00200 00022 00201 .09 .14 .11 .15 .31 .34 .32 .37
1790 00201 00200 00022 00201 .09 .14 .11 .15 .31 .34 .32 .37
1800 00201 00201 00022 00201 .32 .33 .26 .46 .49 .48 .41 .59
1810 00202 00201 00022 00202 .29 .39 .35 .46 .45 .55 .52 .59
1820 00202 00202 00022 00202 .48 .48 .48 .48 .60 .60 .60 .60
1830 00202 00202 00022 00202 .48 .48 .48 .48 .60 .60 .60 .60
1840 00202 00202 00022 00202 .48 .48 .48 .48 .60 .60 .60 .60
1850 00202 00202 00022 00202 .48 .48 .48 .48 .60 .60 .60 .60
1860 00202 00202 00022 00202 .48 .48 .48 .48 .60 .60 .60 .60
1870 00202 00202 00022 00202 .48 .48 .48 .48 .60 .60 .60 .60
1880 00202 00202 00022 00202 .48 .48 .48 .48 .60 .60 .60 .60
1890 00202 00202 00022 00202 .48 .48 .48 .48 .60 .60 .60 .60
1900 00202 00202 00022 00202 .48 .48 .48 .48 .60 .60 .60 .60
1910 00202 00202 00022 00202 .48 .48 .48 .48 .60 .60 .60 .60
1920 00202 00202 00022 00202 .48 .48 .48 .48 .60 .60 .60 .60
1930 00202 00202 00022 00202 .48 .48 .48 .48 .60 .60 .60 .60
1940 00202 00202 00022 00202 .48 .48 .48 .48 .60 .60 .60 .60
1950 00202 00202 00022 00202 .48 .48 .48 .48 .60 .60 .60 .60
1960 00202 00202 00022 00202 .48 .48 .48 .48 .60 .60 .60 .60
1970 00202 03202 00022 00202 .32 .12 .12 .25 .47 .30 .30 .43
1980 00202 03202 00022 00202 .32 .12 .12 .25 .47 .30 .30 .43
1990 00202 03202 00022 00202 .32 .12 .12 .25 .47 .30 .30 .43
2000 00202 03202 00022 00202 .32 .12 .12 .25 .47 .30 .30 .43
2010 00202 03202 00022 00202 .32 .12 .12 .25 .47 .30 .30 .43
2020 02202 03202 00022 02202 .22 .20 .21 .25 .36 .39 .40 .42
2030 02202 03202 00022 02202 .22 .20 .21 .25 .36 .39 .40 .42
2040 02202 03202 00022 02202 .22 .20 .21 .25 .36 .39 .40 .42
2050 02202 03202 00022 02202 .22 .20 .21 .25 .36 .39 .40 .42
2060 20202 23202 00022 20202 .10 -0.18 -0.16 -0.03 .29 .05 .08 .21
2070 20002 20002 00022 20002 .48 .48 .48 .48 .60 .60 .60 .60
2080 20000 20000 00022 20000 .05 .05 .05 .05 .24 .24 .24 .24
2090 20000 20000 00022 20000 .05 .05 .05 .05 .24 .24 .24 .24
2100 20000 20000 00022 20000 .05 .05 .05 .05 .24 .24 .24 .24
2110 20000 20000 02002 20000 .05 .05 .05 .05 .24 .24 .24 .24
2120 20000 20000 02002 20000 .05 .05 .05 .05 .24 .24 .24 .24
2130 20000 20000 02002 20000 .05 .05 .05 .05 .24 .24 .24 .24
2140 20000 20000 02002 20000 .05 .05 .05 .05 .24 .24 .24 .24
2150 20000 20000 02002 20000 .05 .05 .05 .05 .24 .24 .24 .24
2160 20200 20200 02002 20200 -0.04 -0.04 -0.04 -0.04 .21 .21 .21 .21
2170 00200 00200 02002 00200 .05 .05 .05 .05 .24 .24 .24 .24
2180 00200 00200 02002 00200 .05 .05 .05 .05 .24 .24 .24 .24
2190 00200 00200 02002 00200 .05 .05 .05 .05 .24 .24 .24 .24
2200 00200 00200 02002 00200 .05 .05 .05 .05 .24 .24 .24 .24
2210 00201 00200 02002 00201 .09 .14 .11 .15 .31 .34 .32 .37
2220 00201 00200 02002 00201 .09 .14 .11 .15 .31 .34 .32 .37
2230 00201 00201 02002 00201 .32 .33 .26 .46 .49 .48 .41 .59
2240 00201 00201 02002 00201 .32 .33 .26 .46 .49 .48 .41 .59
2250 00201 00201 02002 00201 .32 .33 .26 .46 .49 .48 .41 .59
2260 00202 00202 02002 00202 .48 .48 .48 .48 .60 .60 .60 .60
2270 00202 00202 02002 00202 .48 .48 .48 .48 .60 .60 .60 .60
2280 00002 00002 02002 00002 .68 .68 .68 .68 .75 .75 .75 .75
2290 00002 00002 02002 00002 .68 .68 .68 .68 .75 .75 .75 .75
2300 00002 00002 02002 00002 .68 .68 .68 .68 .75 .75 .75 .75
2310 00002 00002 02002 00002 .68 .68 .68 .68 .75 .75 .75 .75
2320 00002 00002 02002 00002 .68 .68 .68 .68 .75 .75 .75 .75
2330 00002 00002 02002 00002 .68 .68 .68 .68 .75 .75 .75 .75
2340 00002 00002 02002 00002 .68 .68 .68 .68 .75 .75 .75 .75
2350 00002 00002 02002 00002 .68 .68 .68 .68 .75 .75 .75 .75
2360 00002 00002 02002 00002 .68 .68 .68 .68 .75 .75 .75 .75
2370 00002 00002 02002 00002 .68 .68 .68 .68 .75 .75 .75 .75
