0 20002 20002 02000 20002 .16 .16 .16 .16 .37 .37 .37 .37
10 20000 20000 02000 20000 .22 .22 .22 .22 .41 .41 .41 .41
20 20000 20000 02000 20000 .22 .22 .22 .22 .41 .41 .41 .41
30 20000 20000 02000 20000 .22 .22 .22 .22 .41 .41 .41 .41
40 20000 20000 02000 20000 .22 .22 .22 .22 .41 .41 .41 .41
50 20000 20000 02000 20000 .22 .22 .22 .22 .41 .41 .41 .41
60 20000 20000 02000 20000 .22 .22 .22 .22 .41 .41 .41 .41
70 20000 20000 02000 20000 .22 .22 .22 .22 .41 .41 .41 .41
80 20000 20000 02000 20000 .22 .22 .22 .22 .41 .41 .41 .41
90 20000 20000 02000 20000 .22 .22 .22 .22 .41 .41 .41 .41
100 20000 20000 02000 20000 .22 .22 .22 .22 .41 .41 .41 .41
110 20200 20200 02020 20200 -0.04 -0.04 -0.04 -0.04 .21 .21 .21 .21
120 20200 20200 02020 20200 -0.04 -0.04 -0.04 -0.04 .21 .21 .21 .21
130 02200 20200 02020 02200 -0.04 -0.04 -0.04 -0.04 .21 .21 .21 .21
140 02200 02200 02020 02200 .48 .48 .48 .48 .60 .60 .60 .60
150 02200 02200 02020 02200 .48 .48 .48 .48 .60 .60 .60 .60
160 02200 02200 02020 02200 .48 .48 .48 .48 .60 .60 .60 .60
170 00200 00200 02020 00200 .05 .05 .05 .05 .24 .24 .24 .24
180 00200 00200 02020 00200 .05 .05 .05 .05 .24 .24 .24 .24
190 00200 00200 02020 00200 .05 .05 .05 .05 .24 .24 .24 .24
200 00200 00200 02020 00200 .05 .05 .05 .05 .24 .24 .24 .24
210 00200 00200 02020 00200 .05 .05 .05 .05 .24 .24 .24 .24
220 00200 00200 02020 00200 .05 .05 .05 .05 .24 .24 .24 .24
230 00200 00200 02020 00200 .05 .05 .05 .05 .24 .24 .24 .24
240 00200 00200 02020 00200 .05 .05 .05 .05 .24 .24 .24 .24
250 00200 00200 02020 00200 .05 .05 .05 .05 .24 .24 .24 .24
260 00200 00200 02020 00200 .05 .05 .05 .05 .24 .24 .24 .24
270 00200 00200 02020 00200 .05 .05 .05 .05 .24 .24 .24 .24
280 20200 20200 02020 20200 -0.04 -0.04 -0.04 -0.04 .21 .21 .21 .21
290 20200 20200 02020 20200 -0.04 -0.04 -0.04 -0.04 .21 .21 .21 .21
300 20200 20200 02020 20200 -0.04 -0.04 -0.04 -0.04 .21 .21 .21 .21
310 20000 20000 02020 20000 .05 .05 .05 .05 .24 .24 .24 .24
320 20000 20000 02020 20000 .05 .05 .05 .05 .24 .24 .24 .24
330 20000 20000 02020 20000 .05 .05 .05 .05 .24 .24 .24 .24
340 20000 20000 02020 20000 .05 .05 .05 .05 .24 .24 .24 .24
350 20020 20000 02020 20020 .16 .16 .16 .16 .37 .37 .37 .37
360 20020 20000 02020 20020 .16 .16 .16 .16 .37 .37 .37 .37
370 20020 20000 02020 20020 .16 .16 .16 .16 .37 .37 .37 .37
380 20020 20200 02020 20020 -0.04 -0.04 -0.04 -0.04 .21 .21 .21 .21
390 20200 20200 02020 20200 -0.04 -0.04 -0.04 -0.04 .21 .21 .21 .21
400 20200 20200 02020 20200 -0.04 -0.04 -0.04 -0.04 .21 .21 .21 .21
410 02200 00200 02020 02200 .16 .16 .16 .16 .37 .37 .37 .37
420 00200 00200 02020 00200 .05 .05 .05 .05 .24 .24 .24 .24
430 00200 00200 02020 00200 .05 .05 .05 .05 .24 .24 .24 .24
440 00200 00200 02020 00200 .05 .05 .05 .05 .24 .24 .24 .24
450 00200 00200 02020 00200 .05 .05 .05 .05 .24 .24 .24 .24
460 00200 00200 02020 00200 .05 .05 .05 .05 .24 .24 .24 .24
470 00200 00200 02020 00200 .05 .05 .05 .05 .24 .24 .24 .24
480 00200 00200 00020 00200 .22 .22 .22 .22 .41 .41 .41 .41
490 00200 00200 00020 00200 .22 .22 .22 .22 .41 .41 .41 .41
500 00200 00200 00020 00200 .22 .22 .22 .22 .41 .41 .41 .41
510 00201 00201 00020 00201 .25 .14 .14 .17 .45 .34 .34 .38
520 00201 00201 00020 00201 .25 .14 .14 .17 .45 .34 .34 .38
530 00201 00201 00020 00201 .25 .14 .14 .17 .45 .34 .34 .38
540 00201 00201 00021 00201 .56 .30 .22 .49 .66 .47 .41 .61
550 00202 00202 00021 00202 .29 .39 .35 .46 .45 .55 .52 .59
560 00202 00202 00021 00202 .29 .39 .35 .46 .45 .55 .52 .59
570 00202 00202 00021 00202 .29 .39 .35 .46 .45 .55 .52 .59
580 00202 00202 00021 00202 .29 .39 .35 .46 .45 .55 .52 .59
590 00202 00202 00021 00202 .29 .39 .35 .46 .45 .55 .52 .59
600 00202 00202 00021 00202 .29 .39 .35 .46 .45 .55 .52 .59
610 00202 04202 00021 00202 .16 .05 -0.06 .24 .33 .26 .12 .41
620 00202 04202 00021 00202 .16 .05 -0.06 .24 .33 .26 .12 .41
630 00202 04202 00021 00202 .16 .05 -0.06 .24 .33 .26 .12 .41
640 00202 04202 00021 00202 .16 .05 -0.06 .24 .33 .26 .12 .41
650 00202 04202 00021 00202 .16 .05 -0.06 .24 .33 .26 .12 .41
660 00202 04202 00021 00202 .16 .05 -0.06 .24 .33 .26 .12 .41
670 00202 04202 00021 00202 .16 .05 -0.06 .24 .33 .26 .12 .41
680 00202 04202 00021 00202 .16 .05 -0.06 .24 .33 .26 .12 .41
690 00202 04202 00021 00202 .16 .05 -0.06 .24 .33 .26 .12 .41
700 00202 04202 00021 00202 .16 .05 -0.06 .24 .33 .26 .12 .41
710 00202 00202 00021 00202 .29 .39 .35 .46 .45 .55 .52 .59
720 00202 00202 00021 00202 .29 .39 .35 .46 .45 .55 .52 .59
730 02202 00202 00021 00202 .10 .14 .12 .23 .29 .35 .33 .41
740 02202 00202 00021 00202 .10 .14 .12 .23 .29 .35 .33 .41
750 02202 00202 00022 00202 .25 .25 .25 .25 .42 .42 .42 .42
760 00202 00202 00022 00202 .48 .48 .48 .48 .60 .60 .60 .60
770 00202 00202 00022 00202 .48 .48 .48 .48 .60 .60 .60 .60
780 00202 00202 00022 00202 .48 .48 .48 .48 .60 .60 .60 .60
790 02202 00202 00022 00202 .25 .25 .25 .25 .42 .42 .42 .42
800 20202 20202 00022 20202 .25 .25 .25 .25 .42 .42 .42 .42
810 20022 20002 00022 20022 .50 .50 .50 .50 .62 .62 .62 .62
820 20002 20002 00022 20002 .48 .48 .48 .48 .60 .60 .60 .60
830 20002 20002 02002 20002 .48 .48 .48 .48 .60 .60 .60 .60
840 20002 20002 02002 20002 .48 .48 .48 .48 .60 .60 .60 .60
850 20002 20002 02002 20002 .48 .48 .48 .48 .60 .60 .60 .60
860 20002 20002 02002 20002 .48 .48 .48 .48 .60 .60 .60 .60
870 20000 20000 02002 20000 .05 .05 .05 .05 .24 .24 .24 .24
880 20000 20000 02002 20000 .05 .05 .05 .05 .24 .24 .24 .24
890 20000 20000 02002 20000 .05 .05 .05 .05 .24 .24 .24 .24
900 20000 20000 02002 20000 .05 .05 .05 .05 .24 .24 .24 .24
910 20000 20000 02002 20000 .05 .05 .05 .05 .24 .24 .24 .24
920 20000 20000 02002 20000 .05 .05 .05 .05 .24 .24 .24 .24
930 20000 20000 02002 20000 .05 .05 .05 .05 .24 .24 .24 .24
940 20000 20000 02002 20000 .05 .05 .05 .05 .24 .24 .24 .24
950 20000 20000 02002 20000 .05 .05 .05 .05 .24 .24 .24 .24
960 20000 20000 02002 20000 .05 .05 .05 .05 .24 .24 .24 .24
970 20000 20000 02002 20000 .05 .05 .05 .05 .24 .24 .24 .24
980 20000 20000 02002 20000 .05 .05 .05 .05 .24 .24 .24 .24
990 20000 20000 02002 20000 .05 .05 .05 .05 .24 .24 .24 .24
1000 20000 20000 02002 20000 .05 .05 .05 .05 .24 .24 .24 .24
1010 20000 20000 02002 20000 .05 .05 .05 .05 .24 .24 .24 .24
1020 20000 20000 02002 20000 .05 .05 .05 .05 .24 .24 .24 .24
1030 20000 20000 02002 20000 .05 .05 .05 .05 .24 .24 .24 .24
1040 20000 20000 02002 20000 .05 .05 .05 .05 .24 .24 .24 .24
1050 20020 20000 02002 20000 -0.12 -0.12 -0.12 -0.12 .10 .10 .10 .10
1060 20200 20000 02002 20000 -0.12 -0.12 -0.12 -0.12 .10 .10 .10 .10
1070 20200 20200 02002 20200 -0.04 -0.04 -0.04 -0.04 .21 .21 .21 .21
1080 02200 00200 02002 02200 .16 .16 .16 .16 .37 .37 .37 .37
1090 00200 00200 02002 00200 .05 .05 .05 .05 .24 .24 .24 .24
1100 00200 00200 00022 00200 .05 .05 .05 .05 .24 .24 .24 .24
1110 00200 00200 00022 00200 .05 .05 .05 .05 .24 .24 .24 .24
1120 00200 00200 00022 00200 .05 .05 .05 .05 .24 .24 .24 .24
1130 00201 00201 00022 00201 .32 .33 .26 .46 .49 .48 .41 .59
1140 00201 00201 00022 00201 .32 .33 .26 .46 .49 .48 .41 .59
1150 00201 00201 00022 00201 .32 .33 .26 .46 .49 .48 .41 .59
1160 00202 00202 00022 00202 .48 .48 .48 .48 .60 .60 .60 .60
1170 00202 00202 00022 00202 .48 .48 .48 .48 .60 .60 .60 .60
1180 00202 00202 00022 00202 .48 .48 .48 .48 .60 .60 .60 .60
1190 00202 00202 00022 00202 .48 .48 .48 .48 .60 .60 .60 .60
1200 00202 00202 00022 00202 .48 .48 .48 .48 .60 .60 .60 .60
1210 00202 00202 00022 00202 .48 .48 .48 .48 .60 .60 .60 .60
1220 00202 00202 00022 00202 .48 .48 .48 .48 .60 .60 .60 .60
1230 00202 00202 00022 00202 .48 .48 .48 .48 .60 .60 .60 .60
1240 00202 00202 00022 00202 .48 .48 .48 .48 .60 .60 .60 .60
1250 00202 00202 00022 00202 .48 .48 .48 .48 .60 .60 .60 .60
1260 00202 00202 00022 00202 .48 .48 .48 .48 .60 .60 .60 .60
1270 00202 00242 00022 00202 .44 .43 .35 .49 .53 .47 .37 .55
1280 00202 00242 00022 00202 .44 .43 .35 .49 .53 .47 .37 .55
1290 00202 00242 00022 00202 .44 .43 .35 .49 .53 .47 .37 .55
1300 00202 00242 00022 00202 .44 .43 .35 .49 .53 .47 .37 .55
1310 02202 00242 00022 00202 .22 .20 .17 .25 .36 .29 .23 .37
1320 20202 00242 00022 00202 .22 .20 .17 .25 .36 .29 .23 .37
1330 00202 00242 00022 00202 .44 .43 .35 .49 .53 .47 .37 .55
1340 00202 00242 00022 00202 .44 .43 .35 .49 .53 .47 .37 .55
1350 02202 00242 00022 00202 .22 .20 .17 .25 .36 .29 .23 .37
1360 20202 00242 00022 00202 .22 .20 .17 .25 .36 .29 .23 .37
1370 20202 20242 00022 20202 .21 .16 .12 .22 .35 .24 .18 .34
1380 20022 20042 00022 20022 .56 .73 .67 .73 .65 .78 .72 .79
1390 20022 20002 00022 20022 .50 .50 .50 .50 .62 .62 .62 .62
1400 20002 20002 00022 20002 .48 .48 .48 .48 .60 .60 .60 .60
1410 20002 20002 02022 20002 .25 .25 .25 .25 .42 .42 .42 .42
1420 20002 20002 02022 20002 .25 .25 .25 .25 .42 .42 .42 .42
1430 20000 20000 02022 20000 -0.12 -0.12 -0.12 -0.12 .10 .10 .10 .10
1440 20000 20000 02022 20000 -0.12 -0.12 -0.12 -0.12 .10 .10 .10 .10
1450 20000 20000 02022 20000 -0.12 -0.12 -0.12 -0.12 .10 .10 .10 .10
1460 20000 20000 02022 20000 -0.12 -0.12 -0.12 -0.12 .10 .10 .10 .10
1470 20000 20000 02022 20000 -0.12 -0.12 -0.12 -0.12 .10 .10 .10 .10
1480 20000 20000 02022 20000 -0.12 -0.12 -0.12 -0.12 .10 .10 .10 .10
1490 20000 20000 02022 20000 -0.12 -0.12 -0.12 -0.12 .10 .10 .10 .10
1500 20000 20000 02022 20000 -0.12 -0.12 -0.12 -0.12 .10 .10 .10 .10
1510 20000 20000 02022 20000 -0.12 -0.12 -0.12 -0.12 .10 .10 .10 .10
1520 20000 20000 02022 20000 -0.12 -0.12 -0.12 -0.12 .10 .10 .10 .10
1530 20000 20000 02002 20000 .05 .05 .05 .05 .24 .24 .24 .24
1540 20000 20000 02002 20000 .05 .05 .05 .05 .24 .24 .24 .24
1550 20000 20000 02002 20000 .05 .05 .05 .05 .24 .24 .24 .24
1560 20000 20000 02002 20000 .05 .05 .05 .05 .24 .24 .24 .24
1570 20000 20000 02002 20000 .05 .05 .05 .05 .24 .24 .24 .24
1580 20000 20000 02002 20000 .05 .05 .05 .05 .24 .24 .24 .24
1590 20000 20000 02002 20000 .05 .05 .05 .05 .24 .24 .24 .24
1600 20000 20000 02002 20000 .05 .05 .05 .05 .24 .24 .24 .24
1610 20200 20200 02002 20200 -0.04 -0.04 -0.04 -0.04 .21 .21 .21 .21
1620 20200 20200 02002 20200 -0.04 -0.04 -0.04 -0.04 .21 .21 .21 .21
1630 20200 20200 02002 20200 -0.04 -0.04 -0.04 -0.04 .21 .21 .21 .21
1640 20200 20200 02002 20200 -0.04 -0.04 -0.04 -0.04 .21 .21 .21 .21
1650 02200 00200 02002 02200 .16 .16 .16 .16 .37 .37 .37 .37
1660 00200 00200 02002 00200 .05 .05 .05 .05 .24 .24 .24 .24
1670 00200 00200 02002 00200 .05 .05 .05 .05 .24 .24 .24 .24
1680 00200 00200 02002 00200 .05 .05 .05 .05 .24 .24 .24 .24
1690 00200 00200 02002 00200 .05 .05 .05 .05 .24 .24 .24 .24
1700 00200 00200 02002 00200 .05 .05 .05 .05 .24 .24 .24 .24
1710 00200 00200 02002 00200 .05 .05 .05 .05 .24 .24 .24 .24
1720 00200 00200 02002 00200 .05 .05 .05 .05 .24 .24 .24 .24
1730 00201 00201 02002 00201 .32 .33 .26 .46 .49 .48 .41 .59
1740 00201 00201 02002 00201 .32 .33 .26 .46 .49 .48 .41 .59
1750 00201 00201 00022 00201 .32 .33 .26 .46 .49 .48 .41 .59
1760 00201 00201 00022 00201 .32 .33 .26 .46 .49 .48 .41 .59
1770 00201 00201 00022 00201 .32 .33 .26 .46 .49 .48 .41 .59
1780 00202 00202 00022 00202 .48 .48 .48 .48 .60 .60 .60 .60
1790 00202 00202 00022 00202 .48 .48 .48 .48 .60 .60 .60 .60
1800 00202 00202 00022 00202 .48 .48 .48 .48 .60 .60 .60 .60
1810 00202 00202 00022 00202 .48 .48 .48 .48 .60 .60 .60 .60
1820 00202 00202 00022 00202 .48 .48 .48 .48 .60 .60 .60 .60
1830 00202 00202 00022 00202 .48 .48 .48 .48 .60 .60 .60 .60
1840 00202 00202 00022 00202 .48 .48 .48 .48 .60 .60 .60 .60
1850 00202 00202 00022 00202 .48 .48 .48 .48 .60 .60 .60 .60
1860 00202 00202 00022 00202 .48 .48 .48 .48 .60 .60 .60 .60
1870 00202 00202 00022 00202 .48 .48 .48 .48 .60 .60 .60 .60
1880 00202 00202 00022 00202 .48 .48 .48 .48 .60 .60 .60 .60
1890 00202 00202 00022 00202 .48 .48 .48 .48 .60 .60 .60 .60
1900 00202 00202 00022 00202 .48 .48 .48 .48 .60 .60 .60 .60
1910 00200 00202 00022 00202 .16 .16 .16 .16 .37 .37 .37 .37
1920 00200 00200 00022 00200 .05 .05 .05 .05 .24 .24 .24 .24
1930 00200 00200 00022 00200 .05 .05 .05 .05 .24 .24 .24 .24
1940 00200 00200 00022 00200 .05 .05 .05 .05 .24 .24 .24 .24
1950 00200 00200 00022 00200 .05 .05 .05 .05 .24 .24 .24 .24
1960 00200 00200 00022 00200 .05 .05 .05 .05 .24 .24 .24 .24
1970 00200 00200 00022 00200 .05 .05 .05 .05 .24 .24 .24 .24
1980 02200 00200 00022 00200 -0.12 -0.12 -0.12 -0.12 .10 .10 .10 .10
1990 20200 00200 00022 00200 -0.12 -0.12 -0.12 -0.12 .10 .10 .10 .10
2000 20200 20200 00022 20200 -0.04 -0.04 -0.04 -0.04 .21 .21 .21 .21
2010 20020 20200 00022 20020 -0.04 -0.04 -0.04 -0.04 .21 .21 .21 .21
2020 20020 20000 00022 20020 .16 .16 .16 .16 .37 .37 .37 .37
2030 20020 20000 00022 20020 .16 .16 .16 .16 .37 .37 .37 .37
2040 20000 20000 00022 20000 .05 .05 .05 .05 .24 .24 .24 .24
2050 20000 20000 00022 20000 .05 .05 .05 .05 .24 .24 .24 .24
2060 20000 20000 00022 20000 .05 .05 .05 .05 .24 .24 .24 .24
2070 20200 20000 00022 20000 -0.12 -0.12 -0.12 -0.12 .10 .10 .10 .10
2080 20200 20000 00022 20000 -0.12 -0.12 -0.12 -0.12 .10 .10 .10 .10
2090 20200 20000 00022 20000 -0.12 -0.12 -0.12 -0.12 .10 .10 .10 .10
2100 20020 20000 00022 20020 .16 .16 .16 .16 .37 .37 .37 .37
2110 20020 20000 00022 20020 .16 .16 .16 .16 .37 .37 .37 .37
2120 20020 20000 00022 20020 .16 .16 .16 .16 .37 .37 .37 .37
2130 20020 20000 00022 20020 .16 .16 .16 .16 .37 .37 .37 .37
2140 20020 20000 00022 20020 .16 .16 .16 .16 .37 .37 .37 .37
2150 20020 20000 00022 20020 .16 .16 .16 .16 .37 .37 .37 .37
2160 20200 20200 00022 20200 -0.04 -0.04 -0.04 -0.04 .21 .21 .21 .21
2170 20200 20200 00022 20200 -0.04 -0.04 -0.04 -0.04 .21 .21 .21 .21
2180 02200 00200 00022 00200 -0.12 -0.12 -0.12 -0.12 .10 .10 .10 .10
2190 00200 00200 00022 00200 .05 .05 .05 .05 .24 .24 .24 .24
2200 00200 00200 00022 00200 .05 .05 .05 .05 .24 .24 .24 .24
2210 00200 00200 00022 00200 .05 .05 .05 .05 .24 .24 .24 .24
2220 00200 00200 00022 00200 .05 .05 .05 .05 .24 .24 .24 .24
2230 00200 00200 00022 00200 .05 .05 .05 .05 .24 .24 .24 .24
2240 00201 00200 00022 00201 .09 .14 .11 .15 .31 .34 .32 .37
2250 00201 00201 00022 00201 .32 .33 .26 .46 .49 .48 .41 .59
2260 00201 00201 00022 00201 .32 .33 .26 .46 .49 .48 .41 .59
2270 00201 00201 00022 00201 .32 .33 .26 .46 .49 .48 .41 .59
2280 00202 00202 00022 00202 .48 .48 .48 .48 .60 .60 .60 .60
2290 00202 00202 00022 00202 .48 .48 .48 .48 .60 .60 .60 .60
2300 00202 00202 00022 00202 .48 .48 .48 .48 .60 .60 .60 .60
2310 00202 00202 00022 00202 .48 .48 .48 .48 .60 .60 .60 .60
2320 00202 00202 00022 00202 .48 .48 .48 .48 .60 .60 .60 .60
2330 00202 00202 00022 00202 .48 .48 .48 .48 .60 .60 .60 .60
2340 00202 00202 00022 00202 .48 .48 .48 .48 .60 .60 .60 .60
2350 00202 00202 00022 00202 .48 .48 .48 .48 .60 .60 .60 .60
2360 00202 00202 00022 00202 .48 .48 .48 .48 .60 .60 .60 .60
2370 00202 00202 00022 00202 .48 .48 .48 .48 .60 .60 .60 .60
2380 00202 00202 00022 00202 .48 .48 .48 .48 .60 .60 .60 .60
2390 00202 00202 00022 00202 .48 .48 .48 .48 .60 .60 .60 .60
2400 00202 00202 00022 00202 .48 .48 .48 .48 .60 .60 .60 .60
2410 00202 00202 00022 00202 .48 .48 .48 .48 .60 .60 .60 .60
2420 00202 00202 00022 00202 .48 .48 .48 .48 .60 .60 .60 .60
2430 00202 00202 00022 00202 .48 .48 .48 .48 .60 .60 .60 .60
2440 00202 00202 00022 00202 .48 .48 .48 .48 .60 .60 .60 .60
2450 00202 00202 00022 00202 .48 .48 .48 .48 .60 .60 .60 .60
2460 00202 00202 00022 00202 .48 .48 .48 .48 .60 .60 .60 .60
2470 00202 00202 00022 00202 .48 .48 .48 .48 .60 .60 .60 .60
2480 00202 00202 00022 00202 .48 .48 .48 .48 .60 .60 .60 .60
2490 00202 00202 00022 00202 .48 .48 .48 .48 .60 .60 .60 .60
2500 00202 00202 00022 00202 .48 .48 .48 .48 .60 .60 .60 .60
2510 00202 00202 00022 00202 .48 .48 .48 .48 .60 .60 .60 .60
2520 00202 00202 00022 00202 .48 .48 .48 .48 .60 .60 .60 .60
2530 00202 00202 00022 00202 .48 .48 .48 .48 .60 .60 .60 .60
2540 00202 00202 00022 00202 .48 .48 .48 .48 .60 .60 .60 .60
2550 00202 00202 00022 00202 .48 .48 .48 .48 .60 .60 .60 .60
2560 00202 00202 00022 00202 .48 .48 .48 .48 .60 .60 .60 .60
2570 00202 00202 00022 00202 .48 .48 .48 .48 .60 .60 .60 .60
2580 00202 00202 00022 00202 .48 .48 .48 .48 .60 .60 .60 .60
2590 00202 00202 00022 00202 .48 .48 .48 .48 .60 .60 .60 .60
2600 00202 00202 00022 00202 .48 .48 .48 .48 .60 .60 .60 .60
2610 00202 00202 00022 00202 .48 .48 .48 .48 .60 .60 .60 .60
2620 00202 00202 00022 00202 .48 .48 .48 .48 .60 .60 .60 .60
2630 00202 00202 00022 00202 .48 .48 .48 .48 .60 .60 .60 .60
2640 00202 00202 00022 00202 .48 .48 .48 .48 .60 .60 .60 .60
2650 00202 00202 00022 00202 .48 .48 .48 .48 .60 .60 .60 .60
2660 00202 00202 00022 00202 .48 .48 .48 .48 .60 .60 .60 .60
2670 00202 00202 00022 00202 .48 .48 .48 .48 .60 .60 .60 .60
2680 00202 00202 00022 00202 .48 .48 .48 .48 .60 .60 .60 .60
2690 02202 00202 00022 00202 .25 .25 .25 .25 .42 .42 .42 .42
2700 02202 00202 00022 00202 .25 .25 .25 .25 .42 .42 .42 .42
2710 20202 20202 00022 20202 .25 .25 .25 .25 .42 .42 .42 .42
2720 20022 20002 00022 20022 .50 .50 .50 .50 .62 .62 .62 .62
2730 20002 20002 00022 20002 .48 .48 .48 .48 .60 .60 .60 .60
2740 20002 20002 00022 20002 .48 .48 .48 .48 .60 .60 .60 .60
2750 20002 20002 00022 20002 .48 .48 .48 .48 .60 .60 .60 .60
2760 20002 20002 00022 20002 .48 .48 .48 .48 .60 .60 .60 .60
2770 20002 20002 00022 20002 .48 .48 .48 .48 .60 .60 .60 .60
2780 20002 20002 00022 20002 .48 .48 .48 .48 .60 .60 .60 .60
2790 20000 20000 00022 20000 .05 .05 .05 .05 .24 .24 .24 .24
2800 20000 20000 00022 20000 .05 .05 .05 .05 .24 .24 .24 .24
2810 20000 20000 00022 20000 .05 .05 .05 .05 .24 .24 .24 .24
2820 20000 20000 00022 20000 .05 .05 .05 .05 .24 .24 .24 .24
2830 20000 20000 00022 20000 .05 .05 .05 .05 .24 .24 .24 .24
2840 20000 20000 00022 20000 .05 .05 .05 .05 .24 .24 .24 .24
2850 20000 20000 00022 20000 .05 .05 .05 .05 .24 .24 .24 .24
2860 20000 20000 02002 20000 .05 .05 .05 .05 .24 .24 .24 .24
2870 20000 20000 02002 20000 .05 .05 .05 .05 .24 .24 .24 .24
2880 20000 20000 02002 20000 .05 .05 .05 .05 .24 .24 .24 .24
2890 20000 20000 02002 20000 .05 .05 .05 .05 .24 .24 .24 .24
2900 20000 20000 02002 20000 .05 .05 .05 .05 .24 .24 .24 .24
2910 20000 20000 02002 20000 .05 .05 .05 .05 .24 .24 .24 .24
2920 20000 20000 02002 20000 .05 .05 .05 .05 .24 .24 .24 .24
2930 20000 20000 02002 20000 .05 .05 .05 .05 .24 .24 .24 .24
2940 20000 20000 02002 20000 .05 .05 .05 .05 .24 .24 .24 .24
2950 20000 20000 02002 20000 .05 .05 .05 .05 .24 .24 .24 .24
2960 20000 20000 02002 20000 .05 .05 .05 .05 .24 .24 .24 .24
2970 20000 20000 02002 20000 .05 .05 .05 .05 .24 .24 .24 .24
2980 20020 20000 02002 20000 -0.12 -0.12 -0.12 -0.12 .10 .10 .10 .10
2990 20000 20000 02002 20000 .05 .05 .05 .05 .24 .24 .24 .24
3000 20000 20000 02002 20000 .05 .05 .05 .05 .24 .24 .24 .24
3010 20000 20000 02002 20000 .05 .05 .05 .05 .24 .24 .24 .24
3020 20200 20000 02002 20000 -0.12 -0.12 -0.12 -0.12 .10 .10 .10 .10
3030 20020 20000 02002 20000 -0.12 -0.12 -0.12 -0.12 .10 .10 .10 .10
3040 20020 20000 02002 20000 -0.12 -0.12 -0.12 -0.12 .10 .10 .10 .10
3050 20200 20000 02002 20000 -0.12 -0.12 -0.12 -0.12 .10 .10 .10 .10
3060 20020 20000 02002 20000 -0.12 -0.12 -0.12 -0.12 .10 .10 .10 .10
3070 20200 20000 02002 20000 -0.12 -0.12 -0.12 -0.12 .10 .10 .10 .10
3080 20200 20000 02002 20000 -0.12 -0.12 -0.12 -0.12 .10 .10 .10 .10
3090 20200 20200 02002 20200 -0.04 -0.04 -0.04 -0.04 .21 .21 .21 .21
3100 20200 20200 02002 20200 -0.04 -0.04 -0.04 -0.04 .21 .21 .21 .21
3110 20000 20000 02002 20000 .05 .05 .05 .05 .24 .24 .24 .24
3120 20000 20000 02002 20000 .05 .05 .05 .05 .24 .24 .24 .24
3130 20000 20000 02002 20000 .05 .05 .05 .05 .24 .24 .24 .24
3140 20000 20000 02002 20000 .05 .05 .05 .05 .24 .24 .24 .24
3150 20000 20000 02002 20000 .05 .05 .05 .05 .24 .24 .24 .24
3160 20000 20000 02002 20000 .05 .05 .05 .05 .24 .24 .24 .24
3170 20000 20000 02002 20000 .05 .05 .05 .05 .24 .24 .24 .24
3180 20000 20000 02002 20000 .05 .05 .05 .05 .24 .24 .24 .24
3190 20000 20000 02002 20000 .05 .05 .05 .05 .24 .24 .24 .24
3200 20000 20000 02002 20000 .05 .05 .05 .05 .24 .24 .24 .24
3210 20300 20000 02002 20000 -0.04 -0.15 -0.16 -0.12 .15 .05 .03 .10
3220 20300 20300 02002 20300 .10 .06 .06 -0.03 .32 .31 .31 .21
3230 20300 20300 02002 20300 .10 .06 .06 -0.03 .32 .31 .31 .21
3240 20300 20300 02002 20300 .10 .06 .06 -0.03 .32 .31 .31 .21
3250 20300 20300 02002 20300 .10 .06 .06 -0.03 .32 .31 .31 .21
3260 20300 20300 02002 20300 .10 .06 .06 -0.03 .32 .31 .31 .21
3270 20030 20000 02002 20000 -0.04 -0.15 -0.16 -0.12 .15 .05 .03 .10
3280 20000 20000 02002 20000 .05 .05 .05 .05 .24 .24 .24 .24
3290 20000 20000 02002 20000 .05 .05 .05 .05 .24 .24 .24 .24
3300 20000 20000 02002 20000 .05 .05 .05 .05 .24 .24 .24 .24
3310 20000 20000 02002 20000 .05 .05 .05 .05 .24 .24 .24 .24
3320 20000 20000 02002 20000 .05 .05 .05 .05 .24 .24 .24 .24
3330 20030 20030 02002 20030 .10 .06 .06 -0.03 .32 .31 .31 .21
3340 20300 20300 02002 20300 .10 .06 .06 -0.03 .32 .31 .31 .21
3350 20300 20300 02002 20300 .10 .06 .06 -0.03 .32 .31 .31 .21
3360 20300 20300 02002 20300 .10 .06 .06 -0.03 .32 .31 .31 .21
3370 20300 20300 02002 20300 .10 .06 .06 -0.03 .32 .31 .31 .21
3380 20300 20300 02002 20300 .10 .06 .06 -0.03 .32 .31 .31 .21
3390 20300 20300 02002 20300 .10 .06 .06 -0.03 .32 .31 .31 .21
3400 20300 20300 02002 20300 .10 .06 .06 -0.03 .32 .31 .31 .21
3410 20300 20300 02022 20300 -0.06 -0.10 -0.11 -0.24 .19 .19 .18 .05
3420 20030 20030 02022 20030 .15 .43 .42 .25 .35 .58 .57 .42
3430 20000 20000 02022 20000 -0.12 -0.12 -0.12 -0.12 .10 .10 .10 .10
3440 20000 20000 02022 20000 -0.12 -0.12 -0.12 -0.12 .10 .10 .10 .10
3450 20000 20000 02022 20000 -0.12 -0.12 -0.12 -0.12 .10 .10 .10 .10
3460 20000 20000 02022 20000 -0.12 -0.12 -0.12 -0.12 .10 .10 .10 .10
3470 20000 20000 02022 20000 -0.12 -0.12 -0.12 -0.12 .10 .10 .10 .10
3480 20030 20000 02022 20030 -0.07 -0.00 1.0 -0.04 .18 .26 .26 .21
3490 20030 20300 02022 20030 -0.17 -0.25 -0.25 -0.25 .08 .05 .05 .04
3500 20300 20300 02022 20300 -0.06 -0.10 -0.11 -0.24 .19 .19 .18 .05
3510 20300 20300 02022 20300 -0.06 -0.10 -0.11 -0.24 .19 .19 .18 .05
3520 20300 20300 02022 20300 -0.06 -0.10 -0.11 -0.24 .19 .19 .18 .05
3530 20300 20300 02022 20300 -0.06 -0.10 -0.11 -0.24 .19 .19 .18 .05
3540 20300 20300 02022 20300 -0.06 -0.10 -0.11 -0.24 .19 .19 .18 .05
3550 20300 20300 02022 20300 -0.06 -0.10 -0.11 -0.24 .19 .19 .18 .05
3560 20000 20000 02022 20000 -0.12 -0.12 -0.12 -0.12 .10 .10 .10 .10
3570 20000 20000 02022 20000 -0.12 -0.12 -0.12 -0.12 .10 .10 .10 .10
3580 20000 20000 02022 20000 -0.12 -0.12 -0.12 -0.12 .10 .10 .10 .10
3590 20000 20000 02022 20000 -0.12 -0.12 -0.12 -0.12 .10 .10 .10 .10
3600 20000 20000 02022 20000 -0.12 -0.12 -0.12 -0.12 .10 .10 .10 .10
3610 20000 20000 02022 20000 -0.12 -0.12 -0.12 -0.12 .10 .10 .10 .10
3620 20000 20000 02022 20000 -0.12 -0.12 -0.12 -0.12 .10 .10 .10 .10
3630 20000 20000 02022 20000 -0.12 -0.12 -0.12 -0.12 .10 .10 .10 .10
3640 20300 20300 02022 20300 -0.06 -0.10 -0.11 -0.24 .19 .19 .18 .05
3650 20300 20300 02022 20300 -0.06 -0.10 -0.11 -0.24 .19 .19 .18 .05
3660 20300 20300 02022 20300 -0.06 -0.10 -0.11 -0.24 .19 .19 .18 .05
3670 20300 20300 02022 20300 -0.06 -0.10 -0.11 -0.24 .19 .19 .18 .05
3680 20300 20300 02022 20300 -0.06 -0.10 -0.11 -0.24 .19 .19 .18 .05
3690 20300 20300 02022 20300 -0.06 -0.10 -0.11 -0.24 .19 .19 .18 .05
3700 20300 20300 02022 20300 -0.06 -0.10 -0.11 -0.24 .19 .19 .18 .05
3710 20000 20000 02022 20000 -0.12 -0.12 -0.12 -0.12 .10 .10 .10 .10
3720 20000 20000 02022 20000 -0.12 -0.12 -0.12 -0.12 .10 .10 .10 .10
3730 20000 20000 02022 20000 -0.12 -0.12 -0.12 -0.12 .10 .10 .10 .10
3740 20000 20000 02022 20000 -0.12 -0.12 -0.12 -0.12 .10 .10 .10 .10
3750 20000 20000 02022 20000 -0.12 -0.12 -0.12 -0.12 .10 .10 .10 .10
3760 20000 20000 02022 20000 -0.12 -0.12 -0.12 -0.12 .10 .10 .10 .10
3770 20000 20000 02022 20000 -0.12 -0.12 -0.12 -0.12 .10 .10 .10 .10
3780 20020 20000 02022 20020 -0.04 -0.04 -0.04 -0.04 .21 .21 .21 .21
3790 20200 20200 02022 20200 -0.25 -0.25 -0.25 -0.25 .04 .04 .04 .04
3800 00200 00200 02022 00200 -0.12 -0.12 -0.12 -0.12 .10 .10 .10 .10
3810 00200 00200 02022 00200 -0.12 -0.12 -0.12 -0.12 .10 .10 .10 .10
3820 00200 00200 02022 00200 -0.12 -0.12 -0.12 -0.12 .10 .10 .10 .10
3830 00200 00200 02022 00200 -0.12 -0.12 -0.12 -0.12 .10 .10 .10 .10
3840 00200 00200 02022 00200 -0.12 -0.12 -0.12 -0.12 .10 .10 .10 .10
3850 00200 00200 02022 00200 -0.12 -0.12 -0.12 -0.12 .10 .10 .10 .10
3860 00200 00200 02022 00200 -0.12 -0.12 -0.12 -0.12 .10 .10 .10 .10
3870 00200 00200 02022 00200 -0.12 -0.12 -0.12 -0.12 .10 .10 .10 .10
3880 00200 00200 02022 00200 -0.12 -0.12 -0.12 -0.12 .10 .10 .10 .10
3890 00200 00200 02022 00200 -0.12 -0.12 -0.12 -0.12 .10 .10 .10 .10
3900 20200 20200 02022 20200 -0.25 -0.25 -0.25 -0.25 .04 .04 .04 .04
3910 20020 20000 02022 20020 -0.04 -0.04 -0.04 -0.04 .21 .21 .21 .21
3920 20020 20000 02022 20020 -0.04 -0.04 -0.04 -0.04 .21 .21 .21 .21
3930 20000 20000 02022 20000 -0.12 -0.12 -0.12 -0.12 .10 .10 .10 .10
3940 20000 20000 02022 20000 -0.12 -0.12 -0.12 -0.12 .10 .10 .10 .10
3950 20020 20000 02022 20020 -0.04 -0.04 -0.04 -0.04 .21 .21 .21 .21
3960 20020 20000 02022 20020 -0.04 -0.04 -0.04 -0.04 .21 .21 .21 .21
3970 20020 20000 02022 20020 -0.04 -0.04 -0.04 -0.04 .21 .21 .21 .21
3980 20200 20200 02022 20200 -0.25 -0.25 -0.25 -0.25 .04 .04 .04 .04
3990 02200 00200 02022 02200 -0.04 -0.04 -0.04 -0.04 .21 .21 .21 .21
4000 02200 00200 02022 02200 -0.04 -0.04 -0.04 -0.04 .21 .21 .21 .21
4010 02200 00200 02022 02200 -0.04 -0.04 -0.04 -0.04 .21 .21 .21 .21
4020 02200 00200 02022 02200 -0.04 -0.04 -0.04 -0.04 .21 .21 .21 .21
4030 20200 00200 02022 00200 -0.30 -0.30 -0.30 -0.30 -0.04 -0.04 -0.04 -0.04
4040 20200 20200 02022 20200 -0.25 -0.25 -0.25 -0.25 .04 .04 .04 .04
4050 20020 20000 02022 20020 -0.04 -0.04 -0.04 -0.04 .21 .21 .21 .21
4060 20000 20000 02022 20000 -0.12 -0.12 -0.12 -0.12 .10 .10 .10 .10
4070 20000 20000 02022 20000 -0.12 -0.12 -0.12 -0.12 .10 .10 .10 .10
4080 20000 20000 02022 20000 -0.12 -0.12 -0.12 -0.12 .10 .10 .10 .10
4090 20020 20000 02022 20020 -0.04 -0.04 -0.04 -0.04 .21 .21 .21 .21
4100 20200 20200 02022 20200 -0.25 -0.25 -0.25 -0.25 .04 .04 .04 .04
4110 20200 00200 02022 00200 -0.30 -0.30 -0.30 -0.30 -0.04 -0.04 -0.04 -0.04
4120 20200 00200 02022 00200 -0.30 -0.30 -0.30 -0.30 -0.04 -0.04 -0.04 -0.04
4130 02200 00200 02022 02200 -0.04 -0.04 -0.04 -0.04 .21 .21 .21 .21
4140 00200 00200 02022 00200 -0.12 -0.12 -0.12 -0.12 .10 .10 .10 .10
4150 00200 00200 02022 00200 -0.12 -0.12 -0.12 -0.12 .10 .10 .10 .10
4160 00200 00200 02022 00200 -0.12 -0.12 -0.12 -0.12 .10 .10 .10 .10
4170 00200 00200 02022 00200 -0.12 -0.12 -0.12 -0.12 .10 .10 .10 .10
4180 02200 00200 02022 02200 -0.04 -0.04 -0.04 -0.04 .21 .21 .21 .21
4190 02200 00200 02022 02200 -0.04 -0.04 -0.04 -0.04 .21 .21 .21 .21
4200 00200 00200 02022 00200 -0.12 -0.12 -0.12 -0.12 .10 .10 .10 .10
4210 02200 00200 02022 02200 -0.04 -0.04 -0.04 -0.04 .21 .21 .21 .21
4220 02200 00200 02022 02200 -0.04 -0.04 -0.04 -0.04 .21 .21 .21 .21
4230 20200 20200 02022 20200 -0.25 -0.25 -0.25 -0.25 .04 .04 .04 .04
4240 20020 20200 02022 20020 -0.25 -0.25 -0.25 -0.25 .04 .04 .04 .04
4250 20020 20200 02022 20020 -0.25 -0.25 -0.25 -0.25 .04 .04 .04 .04
4260 20000 20000 02022 20000 -0.12 -0.12 -0.12 -0.12 .10 .10 .10 .10
4270 20000 20000 02022 20000 -0.12 -0.12 -0.12 -0.12 .10 .10 .10 .10
4280 20000 20000 02022 20000 -0.12 -0.12 -0.12 -0.12 .10 .10 .10 .10
4290 20020 20000 02022 20020 -0.04 -0.04 -0.04 -0.04 .21 .21 .21 .21
4300 20020 20000 02022 20020 -0.04 -0.04 -0.04 -0.04 .21 .21 .21 .21
4310 20020 20000 02022 20020 -0.04 -0.04 -0.04 -0.04 .21 .21 .21 .21
4320 20200 20000 02022 20000 -0.30 -0.30 -0.30 -0.30 -0.04 -0.04 -0.04 -0.04
4330 20200 20000 02022 20000 -0.30 -0.30 -0.30 -0.30 -0.04 -0.04 -0.04 -0.04
4340 20020 20000 02022 20020 -0.04 -0.04 -0.04 -0.04 .21 .21 .21 .21
4350 20020 20000 02022 20020 -0.04 -0.04 -0.04 -0.04 .21 .21 .21 .21
4360 20020 20000 02022 20020 -0.04 -0.04 -0.04 -0.04 .21 .21 .21 .21
4370 20020 20000 02022 20020 -0.04 -0.04 -0.04 -0.04 .21 .21 .21 .21
4380 20200 20000 02022 20000 -0.30 -0.30 -0.30 -0.30 -0.04 -0.04 -0.04 -0.04
4390 20200 20000 02022 20000 -0.30 -0.30 -0.30 -0.30 -0.04 -0.04 -0.04 -0.04
4400 20200 20000 02022 20000 -0.30 -0.30 -0.30 -0.30 -0.04 -0.04 -0.04 -0.04
4410 20200 20000 02022 20000 -0.30 -0.30 -0.30 -0.30 -0.04 -0.04 -0.04 -0.04
4420 20200 20200 02022 20200 -0.25 -0.25 -0.25 -0.25 .04 .04 .04 .04
4430 00200 00200 02022 00200 -0.12 -0.12 -0.12 -0.12 .10 .10 .10 .10
4440 00200 00200 02022 00200 -0.12 -0.12 -0.12 -0.12 .10 .10 .10 .10
4450 00200 00200 02022 00200 -0.12 -0.12 -0.12 -0.12 .10 .10 .10 .10
4460 00200 00200 02022 00200 -0.12 -0.12 -0.12 -0.12 .10 .10 .10 .10
4470 00200 00200 02022 00200 -0.12 -0.12 -0.12 -0.12 .10 .10 .10 .10
4480 00200 00200 02022 00200 -0.12 -0.12 -0.12 -0.12 .10 .10 .10 .10
4490 00201 00200 02022 00201 -0.07 -0.07 -0.08 -0.04 .18 .16 .14 .20
4500 00200 00200 02022 00200 -0.12 -0.12 -0.12 -0.12 .10 .10 .10 .10
4510 00200 00200 02022 00200 -0.12 -0.12 -0.12 -0.12 .10 .10 .10 .10
4520 00200 00200 00022 00200 .05 .05 .05 .05 .24 .24 .24 .24
4530 00200 00200 00022 00200 .05 .05 .05 .05 .24 .24 .24 .24
4540 00201 00201 00022 00201 .32 .33 .26 .46 .49 .48 .41 .59
4550 00201 00201 00022 00201 .32 .33 .26 .46 .49 .48 .41 .59
4560 00202 00201 00022 00202 .29 .39 .35 .46 .45 .55 .52 .59
4570 00202 00202 00022 00202 .48 .48 .48 .48 .60 .60 .60 .60
4580 00202 00202 00022 00202 .48 .48 .48 .48 .60 .60 .60 .60
4590 00202 00202 00022 00202 .48 .48 .48 .48 .60 .60 .60 .60
4600 00202 00202 00022 00202 .48 .48 .48 .48 .60 .60 .60 .60
4610 00202 00202 00022 00202 .48 .48 .48 .48 .60 .60 .60 .60
4620 00202 00202 00022 00202 .48 .48 .48 .48 .60 .60 .60 .60
4630 00202 00202 00022 00202 .48 .48 .48 .48 .60 .60 .60 .60
4640 00202 00202 00022 00202 .48 .48 .48 .48 .60 .60 .60 .60
4650 00202 00202 00022 00202 .48 .48 .48 .48 .60 .60 .60 .60
4660 00202 00202 00022 00202 .48 .48 .48 .48 .60 .60 .60 .60
4670 00202 00202 00022 00202 .48 .48 .48 .48 .60 .60 .60 .60
4680 00202 00202 00022 00202 .48 .48 .48 .48 .60 .60 .60 .60
4690 00202 00202 00022 00202 .48 .48 .48 .48 .60 .60 .60 .60
4700 00202 00202 00022 00202 .48 .48 .48 .48 .60 .60 .60 .60
4710 00202 00202 00022 00202 .48 .48 .48 .48 .60 .60 .60 .60
4720 00202 00202 00022 00202 .48 .48 .48 .48 .60 .60 .60 .60
4730 00202 00202 00022 00202 .48 .48 .48 .48 .60 .60 .60 .60
4740 00202 00202 00022 00202 .48 .48 .48 .48 .60 .60 .60 .60
4750 00202 00242 00022 00202 .44 .43 .35 .49 .53 .47 .37 .55
4760 00202 00242 00022 00202 .44 .43 .35 .49 .53 .47 .37 .55
4770 00202 00242 00022 00202 .44 .43 .35 .49 .53 .47 .37 .55
4780 00202 00242 00022 00202 .44 .43 .35 .49 .53 .47 .37 .55
4790 00202 00242 00022 00202 .44 .43 .35 .49 .53 .47 .37 .55
4800 00202 00242 00022 00202 .44 .43 .35 .49 .53 .47 .37 .55
4810 00202 00242 00022 00202 .44 .43 .35 .49 .53 .47 .37 .55
4820 02202 00242 00022 00202 .22 .20 .17 .25 .36 .29 .23 .37
4830 20202 20242 00022 20202 .21 .16 .12 .22 .35 .24 .18 .34
4840 20022 20042 00022 20022 .56 .73 .67 .73 .65 .78 .72 .79
4850 20022 20002 00022 20022 .50 .50 .50 .50 .62 .62 .62 .62
4860 20002 20002 00022 20002 .48 .48 .48 .48 .60 .60 .60 .60
4870 20002 20002 00022 20002 .48 .48 .48 .48 .60 .60 .60 .60
4880 20002 20002 00022 20002 .48 .48 .48 .48 .60 .60 .60 .60
4890 20002 20002 00022 20002 .48 .48 .48 .48 .60 .60 .60 .60
4900 20002 20002 00022 20002 .48 .48 .48 .48 .60 .60 .60 .60
4910 20002 20002 00022 20002 .48 .48 .48 .48 .60 .60 .60 .60
4920 20002 20002 00022 20002 .48 .48 .48 .48 .60 .60 .60 .60
4930 20002 20000 00022 20002 .16 .16 .16 .16 .37 .37 .37 .37
4940 20000 20000 00022 20000 .05 .05 .05 .05 .24 .24 .24 .24
4950 20000 20000 00022 20000 .05 .05 .05 .05 .24 .24 .24 .24
4960 20000 20000 00022 20000 .05 .05 .05 .05 .24 .24 .24 .24
4970 20000 20000 00022 20000 .05 .05 .05 .05 .24 .24 .24 .24
4980 20000 20000 00022 20000 .05 .05 .05 .05 .24 .24 .24 .24
4990 20000 20000 00022 20000 .05 .05 .05 .05 .24 .24 .24 .24
5000 20000 20000 00022 20000 .05 .05 .05 .05 .24 .24 .24 .24
5010 20000 20000 00022 20000 .05 .05 .05 .05 .24 .24 .24 .24
5020 20000 20000 00022 20000 .05 .05 .05 .05 .24 .24 .24 .24
5030 20000 20000 00022 20000 .05 .05 .05 .05 .24 .24 .24 .24
5040 20000 20000 00022 20000 .05 .05 .05 .05 .24 .24 .24 .24
5050 02001 00000 00022 00001 -0.04 1.0 -0.05 .04 .14 .17 .06 .23
5060 02001 00000 00022 00001 -0.04 1.0 -0.05 .04 .14 .17 .06 .23
5070 00001 00000 00022 00001 .08 .19 .11 .21 .25 .36 .23 .39
5080 00001 00000 00022 00001 .08 .19 .11 .21 .25 .36 .23 .39
5090 00001 00000 00022 00001 .08 .19 .11 .21 .25 .36 .23 .39
5100 00001 00000 00022 00001 .08 .19 .11 .21 .25 .36 .23 .39
5110 00001 00000 00022 00001 .08 .19 .11 .21 .25 .36 .23 .39
5120 00001 00040 00022 00001 .14 .36 .29 .34 .24 .36 .22 .39
5130 00001 00040 00022 00001 .14 .36 .29 .34 .24 .36 .22 .39
5140 00001 04040 00022 00001 .03 .10 .03 .15 .14 .16 .02 .24
5150 00001 04040 00022 00001 .03 .10 .03 .15 .14 .16 .02 .24
5160 00001 04040 00022 00001 .03 .10 .03 .15 .14 .16 .02 .24
5170 00001 04040 00022 00001 .03 .10 .03 .15 .14 .16 .02 .24
5180 00001 04040 00022 00001 .03 .10 .03 .15 .14 .16 .02 .24
5190 00001 04040 00022 00001 .03 .10 .03 .15 .14 .16 .02 .24
5200 00001 04040 00022 00001 .03 .10 .03 .15 .14 .16 .02 .24
5210 00001 04040 00022 00001 .03 .10 .03 .15 .14 .16 .02 .24
