0 00002 00002 00001 00002 .63 .98 .87 .96 .72 .99 .91 .97
10 00002 00002 00001 00002 .63 .98 .87 .96 .72 .99 .91 .97
20 00002 00002 00001 00002 .63 .98 .87 .96 .72 .99 .91 .97
30 00002 00002 00001 00002 .63 .98 .87 .96 .72 .99 .91 .97
40 00002 00002 00001 00002 .63 .98 .87 .96 .72 .99 .91 .97
50 00002 00002 00001 00002 .63 .98 .87 .96 .72 .99 .91 .97
60 00002 00002 00001 00002 .63 .98 .87 .96 .72 .99 .91 .97
70 00002 00002 00001 00002 .63 .98 .87 .96 .72 .99 .91 .97
80 00002 00002 00001 00002 .63 .98 .87 .96 .72 .99 .91 .97
90 00002 00002 00001 00002 .63 .98 .87 .96 .72 .99 .91 .97
100 00022 00022 00001 00022 .48 .66 .60 .69 .61 .75 .71 .77
110 00202 00022 00201 00202 .29 .39 .35 .46 .45 .55 .52 .59
120 00202 00022 00201 00202 .29 .39 .35 .46 .45 .55 .52 .59
130 00202 00022 00201 00202 .29 .39 .35 .46 .45 .55 .52 .59
140 00202 00202 00201 00202 .76 .96 .93 .97 .82 .97 .95 .98
150 00202 00202 00201 00202 .76 .96 .93 .97 .82 .97 .95 .98
160 00200 00200 00201 00200 .70 .80 .90 .68 .76 .84 .93 .75
170 00200 00200 00200 00200 1.00 1.00 1.00 1.00 1.00 1.00 1.00 1.00
180 00200 00200 00200 00200 1.00 1.00 1.00 1.00 1.00 1.00 1.00 1.00
190 00200 00200 00200 00200 1.00 1.00 1.00 1.00 1.00 1.00 1.00 1.00
200 00200 00200 00200 00200 1.00 1.00 1.00 1.00 1.00 1.00 1.00 1.00
210 00200 00200 00200 00200 1.00 1.00 1.00 1.00 1.00 1.00 1.00 1.00
220 00200 00200 00200 00200 1.00 1.00 1.00 1.00 1.00 1.00 1.00 1.00
230 00200 00200 00200 00200 1.00 1.00 1.00 1.00 1.00 1.00 1.00 1.00
240 00200 00200 00200 00200 1.00 1.00 1.00 1.00 1.00 1.00 1.00 1.00
250 00200 00200 00201 00200 .70 .80 .90 .68 .76 .84 .93 .75
260 00201 00200 00201 00201 .75 .83 .90 .72 .82 .87 .93 .79
270 00201 00201 00201 00201 1.00 1.00 1.00 1.00 1.00 1.00 1.00 1.00
280 00201 00201 00201 00201 1.00 1.00 1.00 1.00 1.00 1.00 1.00 1.00
290 00202 00201 00202 00202 .76 .96 .93 .97 .82 .97 .95 .98
300 00202 00202 00202 00202 1.00 1.00 1.00 1.00 1.00 1.00 1.00 1.00
310 00202 00202 00202 00202 1.00 1.00 1.00 1.00 1.00 1.00 1.00 1.00
320 00202 00202 00202 00202 1.00 1.00 1.00 1.00 1.00 1.00 1.00 1.00
330 00202 00202 00202 00202 1.00 1.00 1.00 1.00 1.00 1.00 1.00 1.00
340 00202 00202 00202 00202 1.00 1.00 1.00 1.00 1.00 1.00 1.00 1.00
350 00202 00202 00202 00202 1.00 1.00 1.00 1.00 1.00 1.00 1.00 1.00
360 00202 00202 00200 00202 .72 .72 .72 .72 .79 .79 .79 .79
370 00202 00202 00200 00202 .72 .72 .72 .72 .79 .79 .79 .79
380 00202 00242 00200 00202 .53 .34 .19 .49 .63 .48 .32 .61
390 00202 00242 00200 00202 .53 .34 .19 .49 .63 .48 .32 .61
400 00202 00242 00200 00202 .53 .34 .19 .49 .63 .48 .32 .61
410 00202 00242 00200 00202 .53 .34 .19 .49 .63 .48 .32 .61
420 00202 00242 00200 00202 .53 .34 .19 .49 .63 .48 .32 .61
430 00202 00242 00200 00202 .53 .34 .19 .49 .63 .48 .32 .61
440 02202 00242 00200 00202 .32 .12 .02 .26 .47 .30 .19 .43
450 20202 20242 00200 20202 .33 .09 1.0 .26 .48 .26 .16 .43
460 20022 20042 20000 20022 .44 .43 .35 .49 .54 .57 .50 .61
470 20002 20032 20000 20002 .53 .34 .32 .48 .63 .48 .45 .61
480 20002 20032 20030 20032 .58 .42 .42 .50 .69 .56 .57 .62
490 20002 20032 20030 20032 .58 .42 .42 .50 .69 .56 .57 .62
500 20002 20032 20030 20032 .58 .42 .42 .50 .69 .56 .57 .62
510 20000 20000 20000 20000 1.00 1.00 1.00 1.00 1.00 1.00 1.00 1.00
520 20000 20000 20000 20000 1.00 1.00 1.00 1.00 1.00 1.00 1.00 1.00
530 20000 20000 20000 20000 1.00 1.00 1.00 1.00 1.00 1.00 1.00 1.00
540 20000 20000 20000 20000 1.00 1.00 1.00 1.00 1.00 1.00 1.00 1.00
550 20000 20000 20000 20000 1.00 1.00 1.00 1.00 1.00 1.00 1.00 1.00
560 20000 20000 20000 20000 1.00 1.00 1.00 1.00 1.00 1.00 1.00 1.00
570 20000 20000 20000 20000 1.00 1.00 1.00 1.00 1.00 1.00 1.00 1.00
580 20000 20000 20000 20000 1.00 1.00 1.00 1.00 1.00 1.00 1.00 1.00
590 20000 20000 20000 20000 1.00 1.00 1.00 1.00 1.00 1.00 1.00 1.00
600 20000 20000 20000 20000 1.00 1.00 1.00 1.00 1.00 1.00 1.00 1.00
610 20000 20000 20000 20000 1.00 1.00 1.00 1.00 1.00 1.00 1.00 1.00
620 20000 20000 20000 20000 1.00 1.00 1.00 1.00 1.00 1.00 1.00 1.00
630 20000 20000 20000 20000 1.00 1.00 1.00 1.00 1.00 1.00 1.00 1.00
640 20000 20000 20000 20000 1.00 1.00 1.00 1.00 1.00 1.00 1.00 1.00
650 20000 20000 20000 20000 1.00 1.00 1.00 1.00 1.00 1.00 1.00 1.00
660 20020 20000 20000 20000 .68 .68 .68 .68 .75 .75 .75 .75
670 20020 20000 20200 20000 .44 .44 .44 .44 .55 .55 .55 .55
680 20020 20200 20200 20200 .48 .48 .48 .48 .60 .60 .60 .60
690 02200 00200 20200 00200 .44 .44 .44 .44 .55 .55 .55 .55
700 02200 00200 00200 00200 .68 .68 .68 .68 .75 .75 .75 .75
710 00200 00200 00200 00200 1.00 1.00 1.00 1.00 1.00 1.00 1.00 1.00
720 00200 00200 00200 00200 1.00 1.00 1.00 1.00 1.00 1.00 1.00 1.00
730 00200 00200 00200 00200 1.00 1.00 1.00 1.00 1.00 1.00 1.00 1.00
740 00201 00200 00200 00200 .70 .80 .90 .68 .76 .84 .93 .75
750 00201 00201 00200 00201 .75 .83 .90 .72 .82 .87 .93 .79
760 00202 00201 00201 00201 .77 .96 .92 .97 .83 .97 .93 .98
770 00202 00202 00201 00202 .76 .96 .93 .97 .82 .97 .95 .98
780 00202 00202 00201 00202 .76 .96 .93 .97 .82 .97 .95 .98
790 00202 00202 00202 00202 1.00 1.00 1.00 1.00 1.00 1.00 1.00 1.00
800 00202 00202 00202 00202 1.00 1.00 1.00 1.00 1.00 1.00 1.00 1.00
810 00202 00202 00202 00202 1.00 1.00 1.00 1.00 1.00 1.00 1.00 1.00
820 00202 00202 00202 00202 1.00 1.00 1.00 1.00 1.00 1.00 1.00 1.00
830 00202 00202 00202 00202 1.00 1.00 1.00 1.00 1.00 1.00 1.00 1.00
840 00202 00202 00202 00202 1.00 1.00 1.00 1.00 1.00 1.00 1.00 1.00
850 00202 00202 00202 00202 1.00 1.00 1.00 1.00 1.00 1.00 1.00 1.00
860 00202 00202 00200 00202 .72 .72 .72 .72 .79 .79 .79 .79
870 00202 00242 00200 00202 .53 .34 .19 .49 .63 .48 .32 .61
880 00202 00242 00200 00202 .53 .34 .19 .49 .63 .48 .32 .61
890 00202 00242 00200 00202 .53 .34 .19 .49 .63 .48 .32 .61
900 00202 00242 00200 00202 .53 .34 .19 .49 .63 .48 .32 .61
910 00202 03242 00200 00202 .37 .01 -0.05 .26 .50 .20 .11 .43
920 00202 03242 00200 00202 .37 .01 -0.05 .26 .50 .20 .11 .43
930 00202 03242 00200 00202 .37 .01 -0.05 .26 .50 .20 .11 .43
940 00202 03242 00200 00202 .37 .01 -0.05 .26 .50 .20 .11 .43
950 00202 03242 00200 00202 .37 .01 -0.05 .26 .50 .20 .11 .43
960 02202 03242 00200 02202 .29 .04 -0.01 .26 .41 .23 .16 .43
970 20202 23242 20200 20202 .37 -0.26 -0.25 .18 .50 -0.01 -0.02 .38
980 20022 23042 20200 20022 .09 -0.17 -0.15 -0.03 .24 .06 .08 .21
990 20002 23002 20000 20002 .53 .34 .32 .48 .63 .48 .45 .61
1000 20002 23002 20000 20002 .53 .34 .32 .48 .63 .48 .45 .61
1010 20002 20002 20000 20002 .72 .72 .72 .72 .79 .79 .79 .79
1020 20000 20000 20000 20000 1.00 1.00 1.00 1.00 1.00 1.00 1.00 1.00
1030 20000 20000 20000 20000 1.00 1.00 1.00 1.00 1.00 1.00 1.00 1.00
1040 20000 20000 20000 20000 1.00 1.00 1.00 1.00 1.00 1.00 1.00 1.00
1050 20000 20000 20000 20000 1.00 1.00 1.00 1.00 1.00 1.00 1.00 1.00
1060 20000 20000 20000 20000 1.00 1.00 1.00 1.00 1.00 1.00 1.00 1.00
1070 20000 20000 20000 20000 1.00 1.00 1.00 1.00 1.00 1.00 1.00 1.00
1080 20000 20000 20000 20000 1.00 1.00 1.00 1.00 1.00 1.00 1.00 1.00
1090 20000 20000 20000 20000 1.00 1.00 1.00 1.00 1.00 1.00 1.00 1.00
1100 20000 20000 20000 20000 1.00 1.00 1.00 1.00 1.00 1.00 1.00 1.00
1110 20000 20000 20000 20000 1.00 1.00 1.00 1.00 1.00 1.00 1.00 1.00
1120 20000 20000 20000 20000 1.00 1.00 1.00 1.00 1.00 1.00 1.00 1.00
1130 20000 20000 20000 20000 1.00 1.00 1.00 1.00 1.00 1.00 1.00 1.00
1140 20000 20000 20000 20000 1.00 1.00 1.00 1.00 1.00 1.00 1.00 1.00
1150 20000 20000 20000 20000 1.00 1.00 1.00 1.00 1.00 1.00 1.00 1.00
1160 20000 20000 20000 20000 1.00 1.00 1.00 1.00 1.00 1.00 1.00 1.00
1170 20000 20000 20000 20000 1.00 1.00 1.00 1.00 1.00 1.00 1.00 1.00
1180 20000 20000 20000 20000 1.00 1.00 1.00 1.00 1.00 1.00 1.00 1.00
1190 20000 20000 20000 20000 1.00 1.00 1.00 1.00 1.00 1.00 1.00 1.00
1200 20020 20000 20000 20000 .68 .68 .68 .68 .75 .75 .75 .75
1210 20020 20000 20200 20000 .44 .44 .44 .44 .55 .55 .55 .55
1220 20020 20000 20200 20000 .44 .44 .44 .44 .55 .55 .55 .55
1230 20020 20000 20200 20000 .44 .44 .44 .44 .55 .55 .55 .55
1240 20020 20000 20200 20000 .44 .44 .44 .44 .55 .55 .55 .55
1250 20020 20000 20200 20000 .44 .44 .44 .44 .55 .55 .55 .55
1260 20200 20200 20200 20200 1.00 1.00 1.00 1.00 1.00 1.00 1.00 1.00
1270 02200 00200 00200 00200 .68 .68 .68 .68 .75 .75 .75 .75
1280 00200 00200 00200 00200 1.00 1.00 1.00 1.00 1.00 1.00 1.00 1.00
1290 00200 00200 00200 00200 1.00 1.00 1.00 1.00 1.00 1.00 1.00 1.00
1300 00200 00200 00200 00200 1.00 1.00 1.00 1.00 1.00 1.00 1.00 1.00
1310 00200 00200 00200 00200 1.00 1.00 1.00 1.00 1.00 1.00 1.00 1.00
1320 00200 00200 00200 00200 1.00 1.00 1.00 1.00 1.00 1.00 1.00 1.00
1330 00200 00200 00200 00200 1.00 1.00 1.00 1.00 1.00 1.00 1.00 1.00
1340 00201 00200 00201 00201 .75 .83 .90 .72 .82 .87 .93 .79
1350 00201 00200 00201 00201 .75 .83 .90 .72 .82 .87 .93 .79
1360 00202 00201 00201 00201 .77 .96 .92 .97 .83 .97 .93 .98
1370 00202 00201 00202 00202 .76 .96 .93 .97 .82 .97 .95 .98
1380 00202 00202 00202 00202 1.00 1.00 1.00 1.00 1.00 1.00 1.00 1.00
1390 00202 00202 00202 00202 1.00 1.00 1.00 1.00 1.00 1.00 1.00 1.00
1400 00202 00202 00202 00202 1.00 1.00 1.00 1.00 1.00 1.00 1.00 1.00
1410 00202 00202 00202 00202 1.00 1.00 1.00 1.00 1.00 1.00 1.00 1.00
1420 00202 00202 00202 00202 1.00 1.00 1.00 1.00 1.00 1.00 1.00 1.00
1430 00202 00202 00202 00202 1.00 1.00 1.00 1.00 1.00 1.00 1.00 1.00
1440 00202 00202 00200 00202 .72 .72 .72 .72 .79 .79 .79 .79
1450 00202 00202 00200 00202 .72 .72 .72 .72 .79 .79 .79 .79
1460 00202 00242 00200 00202 .53 .34 .19 .49 .63 .48 .32 .61
1470 00202 00242 00200 00202 .53 .34 .19 .49 .63 .48 .32 .61
1480 00202 00242 00200 00202 .53 .34 .19 .49 .63 .48 .32 .61
1490 00202 00242 00200 00202 .53 .34 .19 .49 .63 .48 .32 .61
1500 02202 00242 00200 00202 .32 .12 .02 .26 .47 .30 .19 .43
1510 20202 20242 20200 20202 .55 .23 .12 .49 .64 .39 .27 .61
1520 20022 20002 20000 20002 .48 .48 .48 .48 .60 .60 .60 .60
1530 20032 20032 20000 20032 .58 .42 .42 .50 .69 .56 .57 .62
1540 20002 20002 20000 20002 .72 .72 .72 .72 .79 .79 .79 .79
1550 20002 20002 20000 20002 .72 .72 .72 .72 .79 .79 .79 .79
1560 20000 20000 20000 20000 1.00 1.00 1.00 1.00 1.00 1.00 1.00 1.00
1570 20000 20000 20000 20000 1.00 1.00 1.00 1.00 1.00 1.00 1.00 1.00
1580 20000 20000 20000 20000 1.00 1.00 1.00 1.00 1.00 1.00 1.00 1.00
1590 20000 20000 20000 20000 1.00 1.00 1.00 1.00 1.00 1.00 1.00 1.00
1600 20000 20000 20000 20000 1.00 1.00 1.00 1.00 1.00 1.00 1.00 1.00
1610 20000 20000 20000 20000 1.00 1.00 1.00 1.00 1.00 1.00 1.00 1.00
1620 20000 20000 20000 20000 1.00 1.00 1.00 1.00 1.00 1.00 1.00 1.00
1630 20000 20000 20000 20000 1.00 1.00 1.00 1.00 1.00 1.00 1.00 1.00
1640 20000 20000 20000 20000 1.00 1.00 1.00 1.00 1.00 1.00 1.00 1.00
1650 20000 20000 20000 20000 1.00 1.00 1.00 1.00 1.00 1.00 1.00 1.00
1660 20000 20000 20000 20000 1.00 1.00 1.00 1.00 1.00 1.00 1.00 1.00
1670 20000 20000 20000 20000 1.00 1.00 1.00 1.00 1.00 1.00 1.00 1.00
1680 20000 20000 20000 20000 1.00 1.00 1.00 1.00 1.00 1.00 1.00 1.00
1690 20000 20000 20000 20000 1.00 1.00 1.00 1.00 1.00 1.00 1.00 1.00
1700 20000 20000 20000 20000 1.00 1.00 1.00 1.00 1.00 1.00 1.00 1.00
1710 20000 20000 20000 20000 1.00 1.00 1.00 1.00 1.00 1.00 1.00 1.00
1720 20000 20000 20000 20000 1.00 1.00 1.00 1.00 1.00 1.00 1.00 1.00
1730 20020 20000 20000 20000 .68 .68 .68 .68 .75 .75 .75 .75
1740 20020 20000 20000 20000 .68 .68 .68 .68 .75 .75 .75 .75
1750 20020 20000 20200 20000 .44 .44 .44 .44 .55 .55 .55 .55
1760 20200 20000 20200 20200 .72 .72 .72 .72 .79 .79 .79 .79
1770 20200 20200 20200 20200 1.00 1.00 1.00 1.00 1.00 1.00 1.00 1.00
1780 02200 00200 00200 00200 .68 .68 .68 .68 .75 .75 .75 .75
1790 00200 00200 00200 00200 1.00 1.00 1.00 1.00 1.00 1.00 1.00 1.00
1800 00200 00200 00200 00200 1.00 1.00 1.00 1.00 1.00 1.00 1.00 1.00
1810 00200 00200 00200 00200 1.00 1.00 1.00 1.00 1.00 1.00 1.00 1.00
1820 00200 00200 00200 00200 1.00 1.00 1.00 1.00 1.00 1.00 1.00 1.00
1830 00200 00200 00200 00200 1.00 1.00 1.00 1.00 1.00 1.00 1.00 1.00
1840 00200 00200 00201 00200 .70 .80 .90 .68 .76 .84 .93 .75
1850 00200 00200 00201 00200 .70 .80 .90 .68 .76 .84 .93 .75
1860 00201 00200 00201 00201 .75 .83 .90 .72 .82 .87 .93 .79
1870 00201 00201 00201 00201 1.00 1.00 1.00 1.00 1.00 1.00 1.00 1.00
1880 00201 00201 00202 00201 .77 .96 .92 .97 .83 .97 .93 .98
1890 00202 00202 00202 00202 1.00 1.00 1.00 1.00 1.00 1.00 1.00 1.00
1900 00202 00202 00202 00202 1.00 1.00 1.00 1.00 1.00 1.00 1.00 1.00
1910 00202 00202 00202 00202 1.00 1.00 1.00 1.00 1.00 1.00 1.00 1.00
1920 00202 00202 00202 00202 1.00 1.00 1.00 1.00 1.00 1.00 1.00 1.00
1930 00202 00202 00202 00202 1.00 1.00 1.00 1.00 1.00 1.00 1.00 1.00
1940 00202 00202 00202 00202 1.00 1.00 1.00 1.00 1.00 1.00 1.00 1.00
1950 00202 00202 00202 00202 1.00 1.00 1.00 1.00 1.00 1.00 1.00 1.00
1960 00202 00202 00202 00202 1.00 1.00 1.00 1.00 1.00 1.00 1.00 1.00
1970 00202 00202 00202 00202 1.00 1.00 1.00 1.00 1.00 1.00 1.00 1.00
1980 00202 00202 00200 00202 .72 .72 .72 .72 .79 .79 .79 .79
1990 00202 00202 00200 00202 .72 .72 .72 .72 .79 .79 .79 .79
2000 00202 00202 00200 00202 .72 .72 .72 .72 .79 .79 .79 .79
2010 00202 00242 00200 00202 .53 .34 .19 .49 .63 .48 .32 .61
2020 00202 00242 00200 00202 .53 .34 .19 .49 .63 .48 .32 .61
2030 00202 00242 00200 00202 .53 .34 .19 .49 .63 .48 .32 .61
2040 00202 00242 00200 00202 .53 .34 .19 .49 .63 .48 .32 .61
2050 20202 20202 20200 20202 .75 .75 .75 .75 .81 .81 .81 .81
2060 20022 20022 20200 20022 .25 .25 .25 .25 .42 .42 .42 .42
2070 20022 20002 20000 20002 .48 .48 .48 .48 .60 .60 .60 .60
2080 20002 20002 20000 20002 .72 .72 .72 .72 .79 .79 .79 .79
2090 20000 20000 20000 20000 1.00 1.00 1.00 1.00 1.00 1.00 1.00 1.00
2100 20000 20000 20000 20000 1.00 1.00 1.00 1.00 1.00 1.00 1.00 1.00
2110 20000 20000 20000 20000 1.00 1.00 1.00 1.00 1.00 1.00 1.00 1.00
2120 20000 20000 20000 20000 1.00 1.00 1.00 1.00 1.00 1.00 1.00 1.00
2130 20000 20000 20000 20000 1.00 1.00 1.00 1.00 1.00 1.00 1.00 1.00
2140 20000 20000 20000 20000 1.00 1.00 1.00 1.00 1.00 1.00 1.00 1.00
2150 20000 20000 20000 20000 1.00 1.00 1.00 1.00 1.00 1.00 1.00 1.00
2160 20000 20000 20000 20000 1.00 1.00 1.00 1.00 1.00 1.00 1.00 1.00
2170 20000 20000 20000 20000 1.00 1.00 1.00 1.00 1.00 1.00 1.00 1.00
2180 20000 20000 20000 20000 1.00 1.00 1.00 1.00 1.00 1.00 1.00 1.00
2190 20020 20000 20200 20000 .44 .44 .44 .44 .55 .55 .55 .55
2200 02200 20200 20200 20200 .48 .48 .48 .48 .60 .60 .60 .60
2210 00200 00200 00200 00200 1.00 1.00 1.00 1.00 1.00 1.00 1.00 1.00
2220 00200 00200 00200 00200 1.00 1.00 1.00 1.00 1.00 1.00 1.00 1.00
2230 00200 00200 00200 00200 1.00 1.00 1.00 1.00 1.00 1.00 1.00 1.00
2240 00200 00200 00200 00200 1.00 1.00 1.00 1.00 1.00 1.00 1.00 1.00
2250 00200 00200 00200 00200 1.00 1.00 1.00 1.00 1.00 1.00 1.00 1.00
2260 00200 00200 00200 00200 1.00 1.00 1.00 1.00 1.00 1.00 1.00 1.00
2270 20200 00200 00200 00200 .68 .68 .68 .68 .75 .75 .75 .75
2280 20200 20200 20200 20200 1.00 1.00 1.00 1.00 1.00 1.00 1.00 1.00
2290 20020 20000 20000 20000 .68 .68 .68 .68 .75 .75 .75 .75
2300 20000 20000 20000 20000 1.00 1.00 1.00 1.00 1.00 1.00 1.00 1.00
2310 20000 20000 20000 20000 1.00 1.00 1.00 1.00 1.00 1.00 1.00 1.00
2320 20000 20000 20000 20000 1.00 1.00 1.00 1.00 1.00 1.00 1.00 1.00
2330 20000 20000 20000 20000 1.00 1.00 1.00 1.00 1.00 1.00 1.00 1.00
2340 20000 20000 20000 20000 1.00 1.00 1.00 1.00 1.00 1.00 1.00 1.00
2350 20000 20000 20001 20000 .70 .80 .90 .68 .76 .84 .93 .75
2360 20001 20000 20001 20001 .75 .83 .90 .72 .82 .87 .93 .79
2370 20001 20000 20001 20001 .75 .83 .90 .72 .82 .87 .93 .79
2380 20002 20001 20001 20001 .77 .96 .92 .97 .83 .97 .93 .98
2390 20002 20001 20001 20001 .77 .96 .92 .97 .83 .97 .93 .98
2400 20002 20002 20002 20002 1.00 1.00 1.00 1.00 1.00 1.00 1.00 1.00
2410 20002 20002 20002 20002 1.00 1.00 1.00 1.00 1.00 1.00 1.00 1.00
2420 02002 20002 20002 20002 .48 .48 .48 .48 .60 .60 .60 .60
2430 00002 00002 00002 00002 1.00 1.00 1.00 1.00 1.00 1.00 1.00 1.00
2440 00002 00002 00002 00002 1.00 1.00 1.00 1.00 1.00 1.00 1.00 1.00
2450 00002 00002 00002 00002 1.00 1.00 1.00 1.00 1.00 1.00 1.00 1.00
2460 00002 00002 00002 00002 1.00 1.00 1.00 1.00 1.00 1.00 1.00 1.00
2470 00002 00002 00002 00002 1.00 1.00 1.00 1.00 1.00 1.00 1.00 1.00
2480 00002 00002 00002 00002 1.00 1.00 1.00 1.00 1.00 1.00 1.00 1.00
2490 00002 00002 00002 00002 1.00 1.00 1.00 1.00 1.00 1.00 1.00 1.00
2500 00002 00002 00002 00002 1.00 1.00 1.00 1.00 1.00 1.00 1.00 1.00
2510 00002 00002 00002 00002 1.00 1.00 1.00 1.00 1.00 1.00 1.00 1.00
2520 04002 00002 00002 00002 .70 .55 .30 .68 .76 .64 .39 .75
2530 04002 00002 00002 00002 .70 .55 .30 .68 .76 .64 .39 .75
2540 04002 00002 00002 00002 .70 .55 .30 .68 .76 .64 .39 .75
2550 04042 00002 04042 04042 .59 .35 .32 .51 .69 .51 .50 .63
2560 04042 00002 04042 04042 .59 .35 .32 .51 .69 .51 .50 .63
2570 04042 00002 04042 04042 .59 .35 .32 .51 .69 .51 .50 .63
2580 04042 00002 04042 04042 .59 .35 .32 .51 .69 .51 .50 .63
2590 04042 04042 04042 04042 1.00 1.00 1.00 1.00 1.00 1.00 1.00 1.00
2600 04042 04042 04042 04042 1.00 1.00 1.00 1.00 1.00 1.00 1.00 1.00
