0 00002 00002 04002 00002 .70 .55 .30 .68 .76 .64 .39 .75
10 00002 00002 04002 00002 .70 .55 .30 .68 .76 .64 .39 .75
20 00002 00002 04002 00002 .70 .55 .30 .68 .76 .64 .39 .75
30 00002 00002 04002 00002 .70 .55 .30 .68 .76 .64 .39 .75
40 00002 00002 04002 00002 .70 .55 .30 .68 .76 .64 .39 .75
50 00002 00002 04002 00002 .70 .55 .30 .68 .76 .64 .39 .75
60 00002 04002 04002 04002 .75 .61 .52 .72 .82 .71 .65 .79
70 00002 04002 04002 04002 .75 .61 .52 .72 .82 .71 .65 .79
80 00002 04002 04002 04002 .75 .61 .52 .72 .82 .71 .65 .79
90 00002 00002 04002 00002 .70 .55 .30 .68 .76 .64 .39 .75
100 00002 00002 04002 00002 .70 .55 .30 .68 .76 .64 .39 .75
110 00002 00002 04002 00002 .70 .55 .30 .68 .76 .64 .39 .75
120 00002 00002 04002 00002 .70 .55 .30 .68 .76 .64 .39 .75
130 00002 00002 04002 00002 .70 .55 .30 .68 .76 .64 .39 .75
140 00002 00002 04002 00002 .70 .55 .30 .68 .76 .64 .39 .75
150 00002 00002 04002 00002 .70 .55 .30 .68 .76 .64 .39 .75
160 00002 00002 04002 00002 .70 .55 .30 .68 .76 .64 .39 .75
170 00002 00002 04202 00002 .48 .32 .17 .44 .57 .45 .27 .55
180 00002 00002 04002 00002 .70 .55 .30 .68 .76 .64 .39 .75
190 00002 00002 04002 00002 .70 .55 .30 .68 .76 .64 .39 .75
200 00002 00002 04002 00002 .70 .55 .30 .68 .76 .64 .39 .75
210 00002 00002 04002 00002 .70 .55 .30 .68 .76 .64 .39 .75
220 00002 00002 04002 00002 .70 .55 .30 .68 .76 .64 .39 .75
230 00002 00002 04002 00002 .70 .55 .30 .68 .76 .64 .39 .75
240 00002 00002 04002 00002 .70 .55 .30 .68 .76 .64 .39 .75
250 00022 00002 04002 00002 .48 .32 .17 .44 .57 .45 .27 .55
260 00202 00202 04202 00202 .77 .53 .35 .75 .82 .64 .46 .81
270 00202 00202 04202 00202 .77 .53 .35 .75 .82 .64 .46 .81
280 00200 00202 04200 00200 .48 .32 .17 .44 .57 .45 .27 .55
290 00200 00200 04200 00200 .70 .55 .30 .68 .76 .64 .39 .75
300 00200 00200 00200 00200 1.00 1.00 1.00 1.00 1.00 1.00 1.00 1.00
310 00200 00200 00200 00200 1.00 1.00 1.00 1.00 1.00 1.00 1.00 1.00
320 00200 00200 00200 00200 1.00 1.00 1.00 1.00 1.00 1.00 1.00 1.00
330 00200 00200 00200 00200 1.00 1.00 1.00 1.00 1.00 1.00 1.00 1.00
340 00200 00200 00200 00200 1.00 1.00 1.00 1.00 1.00 1.00 1.00 1.00
350 00200 00200 00200 00200 1.00 1.00 1.00 1.00 1.00 1.00 1.00 1.00
360 02200 00200 00200 00200 .68 .68 .68 .68 .75 .75 .75 .75
370 02200 00200 00200 00200 .68 .68 .68 .68 .75 .75 .75 .75
380 02200 00200 00200 00200 .68 .68 .68 .68 .75 .75 .75 .75
390 00200 00200 00200 00200 1.00 1.00 1.00 1.00 1.00 1.00 1.00 1.00
400 00200 00200 00200 00200 1.00 1.00 1.00 1.00 1.00 1.00 1.00 1.00
410 00200 00200 00200 00200 1.00 1.00 1.00 1.00 1.00 1.00 1.00 1.00
420 02200 00200 00200 00200 .68 .68 .68 .68 .75 .75 .75 .75
430 02200 00200 00200 00200 .68 .68 .68 .68 .75 .75 .75 .75
440 02200 00200 00200 00200 .68 .68 .68 .68 .75 .75 .75 .75
450 20200 00200 00200 00200 .68 .68 .68 .68 .75 .75 .75 .75
460 20200 00200 00200 00200 .68 .68 .68 .68 .75 .75 .75 .75
470 20200 20200 20200 20200 1.00 1.00 1.00 1.00 1.00 1.00 1.00 1.00
480 20000 20000 20000 20000 1.00 1.00 1.00 1.00 1.00 1.00 1.00 1.00
490 20000 20000 20000 20000 1.00 1.00 1.00 1.00 1.00 1.00 1.00 1.00
500 20000 20000 20000 20000 1.00 1.00 1.00 1.00 1.00 1.00 1.00 1.00
510 20000 20000 20000 20000 1.00 1.00 1.00 1.00 1.00 1.00 1.00 1.00
520 20000 20000 20000 20000 1.00 1.00 1.00 1.00 1.00 1.00 1.00 1.00
530 20000 20000 20000 20000 1.00 1.00 1.00 1.00 1.00 1.00 1.00 1.00
540 20000 20000 20000 20000 1.00 1.00 1.00 1.00 1.00 1.00 1.00 1.00
550 20000 20000 20000 20000 1.00 1.00 1.00 1.00 1.00 1.00 1.00 1.00
560 20000 20000 20000 20000 1.00 1.00 1.00 1.00 1.00 1.00 1.00 1.00
570 20000 20000 20000 20000 1.00 1.00 1.00 1.00 1.00 1.00 1.00 1.00
580 20020 20000 20000 20000 .68 .68 .68 .68 .75 .75 .75 .75
590 20020 20000 20000 20000 .68 .68 .68 .68 .75 .75 .75 .75
600 20020 20000 20000 20000 .68 .68 .68 .68 .75 .75 .75 .75
610 20020 20000 20000 20000 .68 .68 .68 .68 .75 .75 .75 .75
620 20020 20000 20000 20000 .68 .68 .68 .68 .75 .75 .75 .75
630 20200 20200 20200 20200 1.00 1.00 1.00 1.00 1.00 1.00 1.00 1.00
640 20200 20200 20200 20200 1.00 1.00 1.00 1.00 1.00 1.00 1.00 1.00
650 20200 20200 20200 20200 1.00 1.00 1.00 1.00 1.00 1.00 1.00 1.00
660 00200 00200 00200 00200 1.00 1.00 1.00 1.00 1.00 1.00 1.00 1.00
670 00200 00200 00200 00200 1.00 1.00 1.00 1.00 1.00 1.00 1.00 1.00
680 00200 00200 00200 00200 1.00 1.00 1.00 1.00 1.00 1.00 1.00 1.00
690 00200 00200 00200 00200 1.00 1.00 1.00 1.00 1.00 1.00 1.00 1.00
700 00200 00200 00200 00200 1.00 1.00 1.00 1.00 1.00 1.00 1.00 1.00
710 00200 00200 00200 00200 1.00 1.00 1.00 1.00 1.00 1.00 1.00 1.00
720 00200 00200 00200 00200 1.00 1.00 1.00 1.00 1.00 1.00 1.00 1.00
730 00200 00200 00200 00200 1.00 1.00 1.00 1.00 1.00 1.00 1.00 1.00
740 00200 00200 00200 00200 1.00 1.00 1.00 1.00 1.00 1.00 1.00 1.00
750 00200 00200 00200 00200 1.00 1.00 1.00 1.00 1.00 1.00 1.00 1.00
760 00200 00200 00200 00200 1.00 1.00 1.00 1.00 1.00 1.00 1.00 1.00
770 00200 00200 00200 00200 1.00 1.00 1.00 1.00 1.00 1.00 1.00 1.00
780 00200 00200 00200 00200 1.00 1.00 1.00 1.00 1.00 1.00 1.00 1.00
790 00200 00200 00200 00200 1.00 1.00 1.00 1.00 1.00 1.00 1.00 1.00
800 00200 00200 00200 00200 1.00 1.00 1.00 1.00 1.00 1.00 1.00 1.00
810 00201 00200 00200 00200 .70 .80 .90 .68 .76 .84 .93 .75
820 00201 00201 00201 00201 1.00 1.00 1.00 1.00 1.00 1.00 1.00 1.00
830 00201 00201 00201 00201 1.00 1.00 1.00 1.00 1.00 1.00 1.00 1.00
840 00201 00201 00201 00201 1.00 1.00 1.00 1.00 1.00 1.00 1.00 1.00
850 00201 00201 00201 00201 1.00 1.00 1.00 1.00 1.00 1.00 1.00 1.00
860 00201 00201 00201 00201 1.00 1.00 1.00 1.00 1.00 1.00 1.00 1.00
870 00202 00202 00202 00202 1.00 1.00 1.00 1.00 1.00 1.00 1.00 1.00
880 00202 00202 00202 00202 1.00 1.00 1.00 1.00 1.00 1.00 1.00 1.00
890 00202 00202 00202 00202 1.00 1.00 1.00 1.00 1.00 1.00 1.00 1.00
900 00202 00202 00202 00202 1.00 1.00 1.00 1.00 1.00 1.00 1.00 1.00
910 00202 00202 00202 00202 1.00 1.00 1.00 1.00 1.00 1.00 1.00 1.00
920 00202 00202 00202 00202 1.00 1.00 1.00 1.00 1.00 1.00 1.00 1.00
930 00202 00202 00202 00202 1.00 1.00 1.00 1.00 1.00 1.00 1.00 1.00
940 00202 00202 00202 00202 1.00 1.00 1.00 1.00 1.00 1.00 1.00 1.00
950 00202 00202 00202 00202 1.00 1.00 1.00 1.00 1.00 1.00 1.00 1.00
960 00202 00202 00202 00202 1.00 1.00 1.00 1.00 1.00 1.00 1.00 1.00
970 00202 00202 00202 00202 1.00 1.00 1.00 1.00 1.00 1.00 1.00 1.00
980 00202 00202 00202 00202 1.00 1.00 1.00 1.00 1.00 1.00 1.00 1.00
990 00202 00202 00202 00202 1.00 1.00 1.00 1.00 1.00 1.00 1.00 1.00
1000 00202 00202 00202 00202 1.00 1.00 1.00 1.00 1.00 1.00 1.00 1.00
1010 00202 00202 00202 00202 1.00 1.00 1.00 1.00 1.00 1.00 1.00 1.00
1020 00202 00202 00202 00202 1.00 1.00 1.00 1.00 1.00 1.00 1.00 1.00
1030 00202 00202 00202 00202 1.00 1.00 1.00 1.00 1.00 1.00 1.00 1.00
1040 00202 00202 00202 00202 1.00 1.00 1.00 1.00 1.00 1.00 1.00 1.00
1050 00202 00202 00202 00202 1.00 1.00 1.00 1.00 1.00 1.00 1.00 1.00
1060 00202 00202 00202 00202 1.00 1.00 1.00 1.00 1.00 1.00 1.00 1.00
1070 00202 00202 00202 00202 1.00 1.00 1.00 1.00 1.00 1.00 1.00 1.00
1080 00202 00202 00202 00202 1.00 1.00 1.00 1.00 1.00 1.00 1.00 1.00
1090 00202 00202 00202 00202 1.00 1.00 1.00 1.00 1.00 1.00 1.00 1.00
1100 00202 00202 00202 00202 1.00 1.00 1.00 1.00 1.00 1.00 1.00 1.00
1110 00202 00202 00202 00202 1.00 1.00 1.00 1.00 1.00 1.00 1.00 1.00
1120 00202 00202 00202 00202 1.00 1.00 1.00 1.00 1.00 1.00 1.00 1.00
1130 00202 00202 00202 00202 1.00 1.00 1.00 1.00 1.00 1.00 1.00 1.00
1140 00202 00202 00202 00202 1.00 1.00 1.00 1.00 1.00 1.00 1.00 1.00
1150 00202 00202 00202 00202 1.00 1.00 1.00 1.00 1.00 1.00 1.00 1.00
1160 00202 00202 00202 00202 1.00 1.00 1.00 1.00 1.00 1.00 1.00 1.00
1170 00202 00202 00202 00202 1.00 1.00 1.00 1.00 1.00 1.00 1.00 1.00
1180 00202 00202 00202 00202 1.00 1.00 1.00 1.00 1.00 1.00 1.00 1.00
1190 00202 00202 00202 00202 1.00 1.00 1.00 1.00 1.00 1.00 1.00 1.00
1200 00202 00242 00242 00242 .79 .56 .49 .76 .85 .67 .63 .81
1210 00202 00242 00242 00242 .79 .56 .49 .76 .85 .67 .63 .81
1220 02202 00242 00242 00242 .59 .35 .33 .50 .69 .52 .51 .62
1230 02202 00242 00242 00242 .59 .35 .33 .50 .69 .52 .51 .62
1240 20202 00242 20242 20242 .58 .28 .27 .46 .68 .45 .44 .57
1250 20202 20242 20242 20242 .77 .37 .35 .70 .83 .52 .51 .76
1260 20002 20042 20002 20002 .77 .53 .35 .75 .82 .64 .46 .81
1270 20002 20002 20002 20002 1.00 1.00 1.00 1.00 1.00 1.00 1.00 1.00
1280 20002 20002 20002 20002 1.00 1.00 1.00 1.00 1.00 1.00 1.00 1.00
1290 20002 20002 20002 20002 1.00 1.00 1.00 1.00 1.00 1.00 1.00 1.00
1300 20002 20002 20002 20002 1.00 1.00 1.00 1.00 1.00 1.00 1.00 1.00
1310 20002 20002 20002 20002 1.00 1.00 1.00 1.00 1.00 1.00 1.00 1.00
1320 20002 20002 20002 20002 1.00 1.00 1.00 1.00 1.00 1.00 1.00 1.00
1330 20000 20000 20000 20000 1.00 1.00 1.00 1.00 1.00 1.00 1.00 1.00
1340 20000 20000 20000 20000 1.00 1.00 1.00 1.00 1.00 1.00 1.00 1.00
1350 20000 20000 20000 20000 1.00 1.00 1.00 1.00 1.00 1.00 1.00 1.00
1360 20000 20000 20000 20000 1.00 1.00 1.00 1.00 1.00 1.00 1.00 1.00
1370 20000 20000 20000 20000 1.00 1.00 1.00 1.00 1.00 1.00 1.00 1.00
1380 20000 20000 20000 20000 1.00 1.00 1.00 1.00 1.00 1.00 1.00 1.00
1390 20000 20000 20000 20000 1.00 1.00 1.00 1.00 1.00 1.00 1.00 1.00
1400 20000 20000 20000 20000 1.00 1.00 1.00 1.00 1.00 1.00 1.00 1.00
1410 20000 20000 20000 20000 1.00 1.00 1.00 1.00 1.00 1.00 1.00 1.00
1420 20000 20000 20000 20000 1.00 1.00 1.00 1.00 1.00 1.00 1.00 1.00
1430 20000 20000 20000 20000 1.00 1.00 1.00 1.00 1.00 1.00 1.00 1.00
1440 20000 20000 20000 20000 1.00 1.00 1.00 1.00 1.00 1.00 1.00 1.00
1450 20000 20000 20000 20000 1.00 1.00 1.00 1.00 1.00 1.00 1.00 1.00
1460 20000 20000 20000 20000 1.00 1.00 1.00 1.00 1.00 1.00 1.00 1.00
1470 20000 20000 20000 20000 1.00 1.00 1.00 1.00 1.00 1.00 1.00 1.00
1480 20000 20000 20000 20000 1.00 1.00 1.00 1.00 1.00 1.00 1.00 1.00
1490 20000 20000 20000 20000 1.00 1.00 1.00 1.00 1.00 1.00 1.00 1.00
1500 20000 20000 20000 20000 1.00 1.00 1.00 1.00 1.00 1.00 1.00 1.00
1510 20000 20000 20000 20000 1.00 1.00 1.00 1.00 1.00 1.00 1.00 1.00
1520 20000 20000 20000 20000 1.00 1.00 1.00 1.00 1.00 1.00 1.00 1.00
1530 20000 20000 20000 20000 1.00 1.00 1.00 1.00 1.00 1.00 1.00 1.00
1540 20000 20000 20030 20000 .70 .55 .46 .68 .76 .64 .55 .75
1550 20000 20000 20030 20000 .70 .55 .46 .68 .76 .64 .55 .75
1560 20000 20000 20030 20000 .70 .55 .46 .68 .76 .64 .55 .75
1570 20020 20000 20030 20020 .61 .65 .61 .72 .67 .75 .72 .79
1580 20020 20000 20030 20020 .61 .65 .61 .72 .67 .75 .72 .79
1590 20020 20000 20030 20020 .61 .65 .61 .72 .67 .75 .72 .79
1600 20020 20000 20230 20020 .41 .43 .42 .48 .51 .57 .56 .60
1610 20200 20200 20230 20200 .77 .53 .53 .75 .82 .64 .63 .81
1620 20200 20200 20230 20200 .77 .53 .53 .75 .82 .64 .63 .81
1630 02200 00200 00200 00200 .68 .68 .68 .68 .75 .75 .75 .75
1640 02200 00200 00200 00200 .68 .68 .68 .68 .75 .75 .75 .75
1650 00200 00200 00200 00200 1.00 1.00 1.00 1.00 1.00 1.00 1.00 1.00
1660 00200 00200 00200 00200 1.00 1.00 1.00 1.00 1.00 1.00 1.00 1.00
1670 00200 00200 00200 00200 1.00 1.00 1.00 1.00 1.00 1.00 1.00 1.00
1680 00200 00200 00200 00200 1.00 1.00 1.00 1.00 1.00 1.00 1.00 1.00
1690 00200 00200 00200 00200 1.00 1.00 1.00 1.00 1.00 1.00 1.00 1.00
1700 00200 00200 00200 00200 1.00 1.00 1.00 1.00 1.00 1.00 1.00 1.00
1710 00200 00200 00200 00200 1.00 1.00 1.00 1.00 1.00 1.00 1.00 1.00
1720 00200 00200 00200 00200 1.00 1.00 1.00 1.00 1.00 1.00 1.00 1.00
1730 03200 00200 03200 03200 .75 .61 .59 .72 .82 .71 .70 .79
1740 03200 03200 03200 03200 1.00 1.00 1.00 1.00 1.00 1.00 1.00 1.00
1750 03200 03200 03200 03200 1.00 1.00 1.00 1.00 1.00 1.00 1.00 1.00
1760 03200 03200 03200 03200 1.00 1.00 1.00 1.00 1.00 1.00 1.00 1.00
1770 03200 03200 03200 03200 1.00 1.00 1.00 1.00 1.00 1.00 1.00 1.00
1780 03200 03200 03200 03200 1.00 1.00 1.00 1.00 1.00 1.00 1.00 1.00
1790 03200 03200 03200 03200 1.00 1.00 1.00 1.00 1.00 1.00 1.00 1.00
1800 03200 03200 03200 03200 1.00 1.00 1.00 1.00 1.00 1.00 1.00 1.00
1810 03200 03200 03200 03200 1.00 1.00 1.00 1.00 1.00 1.00 1.00 1.00
1820 03200 03200 03200 03200 1.00 1.00 1.00 1.00 1.00 1.00 1.00 1.00
1830 03200 03200 03200 03200 1.00 1.00 1.00 1.00 1.00 1.00 1.00 1.00
1840 03200 03200 03200 03200 1.00 1.00 1.00 1.00 1.00 1.00 1.00 1.00
1850 00200 00200 00200 00200 1.00 1.00 1.00 1.00 1.00 1.00 1.00 1.00
1860 00200 00230 00200 00200 .70 .55 .46 .68 .76 .64 .55 .75
1870 00200 00230 00200 00200 .70 .55 .46 .68 .76 .64 .55 .75
1880 00200 00230 00200 00200 .70 .55 .46 .68 .76 .64 .55 .75
1890 00200 00230 00200 00200 .70 .55 .46 .68 .76 .64 .55 .75
1900 00200 00230 00200 00200 .70 .55 .46 .68 .76 .64 .55 .75
1910 00200 00230 00200 00200 .70 .55 .46 .68 .76 .64 .55 .75
1920 00200 00230 00201 00200 .51 .42 .39 .45 .59 .53 .49 .55
1930 00200 00230 00201 00200 .51 .42 .39 .45 .59 .53 .49 .55
1940 00200 00230 00201 00200 .51 .42 .39 .45 .59 .53 .49 .55
1950 00200 00230 00201 00200 .51 .42 .39 .45 .59 .53 .49 .55
1960 00200 00230 00201 00200 .51 .42 .39 .45 .59 .53 .49 .55
1970 00200 00230 00201 00200 .51 .42 .39 .45 .59 .53 .49 .55
1980 00200 00230 00201 00200 .51 .42 .39 .45 .59 .53 .49 .55
1990 00200 00230 00201 00200 .51 .42 .39 .45 .59 .53 .49 .55
2000 00200 00231 00201 00201 .57 .44 .38 .49 .67 .56 .48 .61
2010 00200 00231 00201 00201 .57 .44 .38 .49 .67 .56 .48 .61
2020 00201 00231 00201 00201 .80 .56 .42 .76 .85 .66 .52 .81
2030 00201 00231 00202 00201 .60 .52 .41 .73 .69 .63 .51 .79
2040 00202 00232 00202 00202 .77 .53 .53 .75 .82 .64 .63 .81
2050 00202 00232 00202 00202 .77 .53 .53 .75 .82 .64 .63 .81
2060 00202 00232 00202 00202 .77 .53 .53 .75 .82 .64 .63 .81
2070 00202 00232 00202 00202 .77 .53 .53 .75 .82 .64 .63 .81
2080 00202 00232 00202 00202 .77 .53 .53 .75 .82 .64 .63 .81
2090 00202 00232 00202 00202 .77 .53 .53 .75 .82 .64 .63 .81
2100 00202 00232 00202 00202 .77 .53 .53 .75 .82 .64 .63 .81
2110 00202 00232 00202 00202 .77 .53 .53 .75 .82 .64 .63 .81
2120 00202 00232 00202 00202 .77 .53 .53 .75 .82 .64 .63 .81
2130 00202 00232 00202 00202 .77 .53 .53 .75 .82 .64 .63 .81
2140 00202 00232 00202 00202 .77 .53 .53 .75 .82 .64 .63 .81
2150 00202 00232 00202 00202 .77 .53 .53 .75 .82 .64 .63 .81
2160 00202 00232 00202 00202 .77 .53 .53 .75 .82 .64 .63 .81
2170 00202 00232 00202 00202 .77 .53 .53 .75 .82 .64 .63 .81
2180 00202 00232 00202 00202 .77 .53 .53 .75 .82 .64 .63 .81
2190 00202 00232 00202 00202 .77 .53 .53 .75 .82 .64 .63 .81
2200 00202 00232 00202 00202 .77 .53 .53 .75 .82 .64 .63 .81
2210 00202 00242 00202 00202 .77 .53 .35 .75 .82 .64 .46 .81
2220 00202 00242 00202 00202 .77 .53 .35 .75 .82 .64 .46 .81
2230 20202 20242 00202 20202 .55 .23 .12 .49 .64 .39 .27 .61
2240 20202 20242 20002 20202 .55 .23 .12 .49 .64 .39 .27 .61
2250 20002 20002 20002 20002 1.00 1.00 1.00 1.00 1.00 1.00 1.00 1.00
2260 20002 20002 20002 20002 1.00 1.00 1.00 1.00 1.00 1.00 1.00 1.00
2270 20002 20002 20002 20002 1.00 1.00 1.00 1.00 1.00 1.00 1.00 1.00
2280 20002 20002 20002 20002 1.00 1.00 1.00 1.00 1.00 1.00 1.00 1.00
2290 20002 20002 20002 20002 1.00 1.00 1.00 1.00 1.00 1.00 1.00 1.00
2300 20002 20002 20002 20002 1.00 1.00 1.00 1.00 1.00 1.00 1.00 1.00
2310 20002 20002 20002 20002 1.00 1.00 1.00 1.00 1.00 1.00 1.00 1.00
2320 20002 20002 20002 20002 1.00 1.00 1.00 1.00 1.00 1.00 1.00 1.00
2330 20002 20002 20002 20002 1.00 1.00 1.00 1.00 1.00 1.00 1.00 1.00
2340 20002 20002 20002 20002 1.00 1.00 1.00 1.00 1.00 1.00 1.00 1.00
2350 20002 20002 20002 20002 1.00 1.00 1.00 1.00 1.00 1.00 1.00 1.00
2360 20002 20002 20002 20002 1.00 1.00 1.00 1.00 1.00 1.00 1.00 1.00
2370 20002 20002 20002 20002 1.00 1.00 1.00 1.00 1.00 1.00 1.00 1.00
2380 20000 20000 20002 20000 .68 .68 .68 .68 .75 .75 .75 .75
2390 20000 20000 20000 20000 1.00 1.00 1.00 1.00 1.00 1.00 1.00 1.00
2400 20000 20000 20000 20000 1.00 1.00 1.00 1.00 1.00 1.00 1.00 1.00
2410 20000 20000 20000 20000 1.00 1.00 1.00 1.00 1.00 1.00 1.00 1.00
2420 20000 20000 20000 20000 1.00 1.00 1.00 1.00 1.00 1.00 1.00 1.00
2430 20000 20000 20000 20000 1.00 1.00 1.00 1.00 1.00 1.00 1.00 1.00
2440 20000 20000 20000 20000 1.00 1.00 1.00 1.00 1.00 1.00 1.00 1.00
2450 20000 20000 20000 20000 1.00 1.00 1.00 1.00 1.00 1.00 1.00 1.00
2460 20000 20000 20000 20000 1.00 1.00 1.00 1.00 1.00 1.00 1.00 1.00
2470 20000 20000 20000 20000 1.00 1.00 1.00 1.00 1.00 1.00 1.00 1.00
2480 20000 20000 20000 20000 1.00 1.00 1.00 1.00 1.00 1.00 1.00 1.00
2490 20000 20000 20000 20000 1.00 1.00 1.00 1.00 1.00 1.00 1.00 1.00
2500 20000 20000 20000 20000 1.00 1.00 1.00 1.00 1.00 1.00 1.00 1.00
2510 20000 20000 20000 20000 1.00 1.00 1.00 1.00 1.00 1.00 1.00 1.00
2520 20000 20000 20000 20000 1.00 1.00 1.00 1.00 1.00 1.00 1.00 1.00
2530 20000 20000 20000 20000 1.00 1.00 1.00 1.00 1.00 1.00 1.00 1.00
2540 20000 20000 20000 20000 1.00 1.00 1.00 1.00 1.00 1.00 1.00 1.00
2550 20000 20000 20000 20000 1.00 1.00 1.00 1.00 1.00 1.00 1.00 1.00
2560 20000 20000 20000 20000 1.00 1.00 1.00 1.00 1.00 1.00 1.00 1.00
2570 20000 20000 20000 20000 1.00 1.00 1.00 1.00 1.00 1.00 1.00 1.00
2580 20020 20000 20000 20000 .68 .68 .68 .68 .75 .75 .75 .75
2590 20020 20000 20000 20000 .68 .68 .68 .68 .75 .75 .75 .75
2600 20200 20200 20200 20200 1.00 1.00 1.00 1.00 1.00 1.00 1.00 1.00
2610 00200 00200 00200 00200 1.00 1.00 1.00 1.00 1.00 1.00 1.00 1.00
2620 00200 00200 00200 00200 1.00 1.00 1.00 1.00 1.00 1.00 1.00 1.00
2630 00200 00200 00200 00200 1.00 1.00 1.00 1.00 1.00 1.00 1.00 1.00
2640 00200 00200 00200 00200 1.00 1.00 1.00 1.00 1.00 1.00 1.00 1.00
2650 00200 00200 00200 00200 1.00 1.00 1.00 1.00 1.00 1.00 1.00 1.00
2660 00200 00200 00200 00200 1.00 1.00 1.00 1.00 1.00 1.00 1.00 1.00
2670 00200 00200 00200 00200 1.00 1.00 1.00 1.00 1.00 1.00 1.00 1.00
2680 00200 00200 00200 00200 1.00 1.00 1.00 1.00 1.00 1.00 1.00 1.00
2690 00200 00200 00200 00200 1.00 1.00 1.00 1.00 1.00 1.00 1.00 1.00
2700 00200 00200 00200 00200 1.00 1.00 1.00 1.00 1.00 1.00 1.00 1.00
2710 00200 00200 00200 00200 1.00 1.00 1.00 1.00 1.00 1.00 1.00 1.00
2720 00200 00200 00200 00200 1.00 1.00 1.00 1.00 1.00 1.00 1.00 1.00
2730 00200 00200 00200 00200 1.00 1.00 1.00 1.00 1.00 1.00 1.00 1.00
2740 00200 00200 00200 00200 1.00 1.00 1.00 1.00 1.00 1.00 1.00 1.00
2750 00200 00200 00200 00200 1.00 1.00 1.00 1.00 1.00 1.00 1.00 1.00
2760 00200 00200 00200 00200 1.00 1.00 1.00 1.00 1.00 1.00 1.00 1.00
2770 00200 00200 00200 00200 1.00 1.00 1.00 1.00 1.00 1.00 1.00 1.00
2780 00200 00200 00200 00200 1.00 1.00 1.00 1.00 1.00 1.00 1.00 1.00
2790 00200 00200 00200 00200 1.00 1.00 1.00 1.00 1.00 1.00 1.00 1.00
2800 00200 00200 00200 00200 1.00 1.00 1.00 1.00 1.00 1.00 1.00 1.00
2810 00200 00200 00200 00200 1.00 1.00 1.00 1.00 1.00 1.00 1.00 1.00
2820 00200 00200 00200 00200 1.00 1.00 1.00 1.00 1.00 1.00 1.00 1.00
2830 00200 00200 00200 00200 1.00 1.00 1.00 1.00 1.00 1.00 1.00 1.00
2840 00200 00200 00200 00200 1.00 1.00 1.00 1.00 1.00 1.00 1.00 1.00
2850 00200 00200 00200 00200 1.00 1.00 1.00 1.00 1.00 1.00 1.00 1.00
2860 00200 00200 00200 00200 1.00 1.00 1.00 1.00 1.00 1.00 1.00 1.00
2870 00201 00200 00201 00201 .75 .83 .90 .72 .82 .87 .93 .79
2880 00201 00201 00201 00201 1.00 1.00 1.00 1.00 1.00 1.00 1.00 1.00
2890 00201 00201 00201 00201 1.00 1.00 1.00 1.00 1.00 1.00 1.00 1.00
2900 00201 00201 00201 00201 1.00 1.00 1.00 1.00 1.00 1.00 1.00 1.00
2910 00201 00201 00201 00201 1.00 1.00 1.00 1.00 1.00 1.00 1.00 1.00
2920 00200 00200 00200 00200 1.00 1.00 1.00 1.00 1.00 1.00 1.00 1.00
2930 00200 00200 00200 00200 1.00 1.00 1.00 1.00 1.00 1.00 1.00 1.00
2940 00200 00200 00200 00200 1.00 1.00 1.00 1.00 1.00 1.00 1.00 1.00
2950 00200 00201 00200 00200 .70 .80 .90 .68 .76 .84 .93 .75
2960 00200 00201 00200 00200 .70 .80 .90 .68 .76 .84 .93 .75
2970 00201 00201 00201 00201 1.00 1.00 1.00 1.00 1.00 1.00 1.00 1.00
2980 00201 00202 00201 00201 .77 .96 .92 .97 .83 .97 .93 .98
2990 00202 00202 00202 00202 1.00 1.00 1.00 1.00 1.00 1.00 1.00 1.00
3000 00202 00202 00202 00202 1.00 1.00 1.00 1.00 1.00 1.00 1.00 1.00
3010 00202 00202 00202 00202 1.00 1.00 1.00 1.00 1.00 1.00 1.00 1.00
3020 00202 00202 00202 00202 1.00 1.00 1.00 1.00 1.00 1.00 1.00 1.00
3030 00202 00202 00202 00202 1.00 1.00 1.00 1.00 1.00 1.00 1.00 1.00
3040 00202 00202 00202 00202 1.00 1.00 1.00 1.00 1.00 1.00 1.00 1.00
3050 00202 00202 00202 00202 1.00 1.00 1.00 1.00 1.00 1.00 1.00 1.00
3060 00202 00202 00202 00202 1.00 1.00 1.00 1.00 1.00 1.00 1.00 1.00
3070 00202 00202 00202 00202 1.00 1.00 1.00 1.00 1.00 1.00 1.00 1.00
3080 00202 00202 00202 00202 1.00 1.00 1.00 1.00 1.00 1.00 1.00 1.00
3090 00202 00202 00202 00202 1.00 1.00 1.00 1.00 1.00 1.00 1.00 1.00
3100 00202 00202 00202 00202 1.00 1.00 1.00 1.00 1.00 1.00 1.00 1.00
3110 00202 00202 00202 00202 1.00 1.00 1.00 1.00 1.00 1.00 1.00 1.00
3120 00202 00202 00202 00202 1.00 1.00 1.00 1.00 1.00 1.00 1.00 1.00
3130 00202 00202 00202 00202 1.00 1.00 1.00 1.00 1.00 1.00 1.00 1.00
3140 00202 00202 00202 00202 1.00 1.00 1.00 1.00 1.00 1.00 1.00 1.00
3150 00202 00202 00202 00202 1.00 1.00 1.00 1.00 1.00 1.00 1.00 1.00
3160 00202 00202 00202 00202 1.00 1.00 1.00 1.00 1.00 1.00 1.00 1.00
3170 00202 00202 00202 00202 1.00 1.00 1.00 1.00 1.00 1.00 1.00 1.00
3180 00202 00202 00202 00202 1.00 1.00 1.00 1.00 1.00 1.00 1.00 1.00
3190 00202 00202 00202 00202 1.00 1.00 1.00 1.00 1.00 1.00 1.00 1.00
3200 00202 00202 00202 00202 1.00 1.00 1.00 1.00 1.00 1.00 1.00 1.00
3210 00202 00202 00202 00202 1.00 1.00 1.00 1.00 1.00 1.00 1.00 1.00
3220 00202 00202 00202 00202 1.00 1.00 1.00 1.00 1.00 1.00 1.00 1.00
3230 00202 00202 00202 00202 1.00 1.00 1.00 1.00 1.00 1.00 1.00 1.00
3240 00202 00202 00202 00202 1.00 1.00 1.00 1.00 1.00 1.00 1.00 1.00
3250 00202 00202 00202 00202 1.00 1.00 1.00 1.00 1.00 1.00 1.00 1.00
3260 00202 00202 00202 00202 1.00 1.00 1.00 1.00 1.00 1.00 1.00 1.00
3270 00202 00202 00202 00202 1.00 1.00 1.00 1.00 1.00 1.00 1.00 1.00
3280 00202 00202 00202 00202 1.00 1.00 1.00 1.00 1.00 1.00 1.00 1.00
3290 00202 00202 00202 00202 1.00 1.00 1.00 1.00 1.00 1.00 1.00 1.00
3300 00202 00202 00202 00202 1.00 1.00 1.00 1.00 1.00 1.00 1.00 1.00
3310 00202 00202 00202 00202 1.00 1.00 1.00 1.00 1.00 1.00 1.00 1.00
3320 00202 00202 00202 00202 1.00 1.00 1.00 1.00 1.00 1.00 1.00 1.00
3330 02202 00202 00202 00202 .75 .75 .75 .75 .81 .81 .81 .81
3340 02202 20242 00202 00202 .32 .03 -0.05 .23 .48 .26 .16 .43
3350 20202 20242 20202 20202 .76 .36 .24 .73 .82 .51 .39 .79
3360 20022 20042 20002 20022 .67 .61 .50 .74 .71 .72 .63 .80
3370 20002 20042 20002 20002 .77 .53 .35 .75 .82 .64 .46 .81
3380 20002 20002 20002 20002 1.00 1.00 1.00 1.00 1.00 1.00 1.00 1.00
3390 20002 20002 20002 20002 1.00 1.00 1.00 1.00 1.00 1.00 1.00 1.00
3400 20002 20002 20002 20002 1.00 1.00 1.00 1.00 1.00 1.00 1.00 1.00
3410 20002 20002 20002 20002 1.00 1.00 1.00 1.00 1.00 1.00 1.00 1.00
3420 20002 20002 20002 20002 1.00 1.00 1.00 1.00 1.00 1.00 1.00 1.00
3430 20002 20002 20002 20002 1.00 1.00 1.00 1.00 1.00 1.00 1.00 1.00
3440 20002 20002 20002 20002 1.00 1.00 1.00 1.00 1.00 1.00 1.00 1.00
3450 20002 20002 20002 20002 1.00 1.00 1.00 1.00 1.00 1.00 1.00 1.00
3460 20002 20002 20002 20002 1.00 1.00 1.00 1.00 1.00 1.00 1.00 1.00
3470 20002 20002 20002 20002 1.00 1.00 1.00 1.00 1.00 1.00 1.00 1.00
3480 20002 20002 20002 20002 1.00 1.00 1.00 1.00 1.00 1.00 1.00 1.00
3490 20000 20000 20002 20000 .68 .68 .68 .68 .75 .75 .75 .75
3500 20000 20000 20002 20000 .68 .68 .68 .68 .75 .75 .75 .75
3510 20000 20000 20000 20000 1.00 1.00 1.00 1.00 1.00 1.00 1.00 1.00
3520 20000 20000 20000 20000 1.00 1.00 1.00 1.00 1.00 1.00 1.00 1.00
3530 20000 20000 20000 20000 1.00 1.00 1.00 1.00 1.00 1.00 1.00 1.00
3540 20000 20000 20000 20000 1.00 1.00 1.00 1.00 1.00 1.00 1.00 1.00
3550 20000 20000 20000 20000 1.00 1.00 1.00 1.00 1.00 1.00 1.00 1.00
3560 20000 20000 20000 20000 1.00 1.00 1.00 1.00 1.00 1.00 1.00 1.00
3570 20000 20000 20000 20000 1.00 1.00 1.00 1.00 1.00 1.00 1.00 1.00
3580 20000 20000 20000 20000 1.00 1.00 1.00 1.00 1.00 1.00 1.00 1.00
3590 20000 20000 20000 20000 1.00 1.00 1.00 1.00 1.00 1.00 1.00 1.00
3600 20000 20000 20000 20000 1.00 1.00 1.00 1.00 1.00 1.00 1.00 1.00
3610 20000 20000 20000 20000 1.00 1.00 1.00 1.00 1.00 1.00 1.00 1.00
3620 20000 20000 20000 20000 1.00 1.00 1.00 1.00 1.00 1.00 1.00 1.00
3630 20000 20000 20000 20000 1.00 1.00 1.00 1.00 1.00 1.00 1.00 1.00
3640 20000 20000 20000 20000 1.00 1.00 1.00 1.00 1.00 1.00 1.00 1.00
3650 20000 20000 20000 20000 1.00 1.00 1.00 1.00 1.00 1.00 1.00 1.00
3660 20020 20000 00200 20000 .05 .05 .05 .05 .24 .24 .24 .24
3670 20200 20200 00200 20200 .72 .72 .72 .72 .79 .79 .79 .79
3680 00200 00200 00200 00200 1.00 1.00 1.00 1.00 1.00 1.00 1.00 1.00
3690 00200 00200 00200 00200 1.00 1.00 1.00 1.00 1.00 1.00 1.00 1.00
3700 00200 00200 00200 00200 1.00 1.00 1.00 1.00 1.00 1.00 1.00 1.00
3710 00200 00200 00200 00200 1.00 1.00 1.00 1.00 1.00 1.00 1.00 1.00
3720 00200 00200 00200 00200 1.00 1.00 1.00 1.00 1.00 1.00 1.00 1.00
3730 00200 00200 00200 00200 1.00 1.00 1.00 1.00 1.00 1.00 1.00 1.00
3740 00200 00200 00200 00200 1.00 1.00 1.00 1.00 1.00 1.00 1.00 1.00
3750 00200 00200 00200 00200 1.00 1.00 1.00 1.00 1.00 1.00 1.00 1.00
3760 00200 00200 00200 00200 1.00 1.00 1.00 1.00 1.00 1.00 1.00 1.00
3770 00200 00200 00200 00200 1.00 1.00 1.00 1.00 1.00 1.00 1.00 1.00
3780 00200 00200 00200 00200 1.00 1.00 1.00 1.00 1.00 1.00 1.00 1.00
3790 00200 00200 00200 00200 1.00 1.00 1.00 1.00 1.00 1.00 1.00 1.00
3800 00201 00201 00201 00201 1.00 1.00 1.00 1.00 1.00 1.00 1.00 1.00
3810 00201 00201 00201 00201 1.00 1.00 1.00 1.00 1.00 1.00 1.00 1.00
3820 00202 00202 00202 00202 1.00 1.00 1.00 1.00 1.00 1.00 1.00 1.00
3830 00202 00202 00202 00202 1.00 1.00 1.00 1.00 1.00 1.00 1.00 1.00
3840 00202 00202 00202 00202 1.00 1.00 1.00 1.00 1.00 1.00 1.00 1.00
3850 00202 00202 00202 00202 1.00 1.00 1.00 1.00 1.00 1.00 1.00 1.00
3860 00202 00202 00202 00202 1.00 1.00 1.00 1.00 1.00 1.00 1.00 1.00
3870 00202 00202 00202 00202 1.00 1.00 1.00 1.00 1.00 1.00 1.00 1.00
3880 00202 00202 00202 00202 1.00 1.00 1.00 1.00 1.00 1.00 1.00 1.00
3890 00202 00202 00202 00202 1.00 1.00 1.00 1.00 1.00 1.00 1.00 1.00
3900 00202 00202 00202 00202 1.00 1.00 1.00 1.00 1.00 1.00 1.00 1.00
3910 00202 00202 00202 00202 1.00 1.00 1.00 1.00 1.00 1.00 1.00 1.00
3920 00202 00202 00202 00202 1.00 1.00 1.00 1.00 1.00 1.00 1.00 1.00
3930 00202 00202 00202 00202 1.00 1.00 1.00 1.00 1.00 1.00 1.00 1.00
3940 00202 00202 00202 00202 1.00 1.00 1.00 1.00 1.00 1.00 1.00 1.00
3950 00202 00202 00202 00202 1.00 1.00 1.00 1.00 1.00 1.00 1.00 1.00
3960 00202 00202 00202 00202 1.00 1.00 1.00 1.00 1.00 1.00 1.00 1.00
3970 00202 00202 00202 00202 1.00 1.00 1.00 1.00 1.00 1.00 1.00 1.00
3980 00202 00242 00202 00202 .77 .53 .35 .75 .82 .64 .46 .81
3990 00202 00242 00202 00202 .77 .53 .35 .75 .82 .64 .46 .81
4000 00202 00242 00202 00202 .77 .53 .35 .75 .82 .64 .46 .81
4010 02202 00242 00202 00202 .56 .29 .17 .51 .65 .45 .32 .62
4020 20202 20242 20202 20202 .76 .36 .24 .73 .82 .51 .39 .79
4030 20202 20242 20202 20202 .76 .36 .24 .73 .82 .51 .39 .79
4040 20002 20002 20002 20002 1.00 1.00 1.00 1.00 1.00 1.00 1.00 1.00
4050 20002 20002 20002 20002 1.00 1.00 1.00 1.00 1.00 1.00 1.00 1.00
4060 20002 20002 20002 20002 1.00 1.00 1.00 1.00 1.00 1.00 1.00 1.00
4070 20002 20002 20002 20002 1.00 1.00 1.00 1.00 1.00 1.00 1.00 1.00
4080 20002 20002 20002 20002 1.00 1.00 1.00 1.00 1.00 1.00 1.00 1.00
4090 20002 20002 20002 20002 1.00 1.00 1.00 1.00 1.00 1.00 1.00 1.00
4100 20002 20002 20002 20002 1.00 1.00 1.00 1.00 1.00 1.00 1.00 1.00
4110 20000 20000 20000 20000 1.00 1.00 1.00 1.00 1.00 1.00 1.00 1.00
4120 20000 20000 20000 20000 1.00 1.00 1.00 1.00 1.00 1.00 1.00 1.00
4130 20000 20000 20000 20000 1.00 1.00 1.00 1.00 1.00 1.00 1.00 1.00
4140 20000 20000 20000 20000 1.00 1.00 1.00 1.00 1.00 1.00 1.00 1.00
4150 20000 20000 20000 20000 1.00 1.00 1.00 1.00 1.00 1.00 1.00 1.00
4160 20000 20000 20000 20000 1.00 1.00 1.00 1.00 1.00 1.00 1.00 1.00
4170 20000 20000 20000 20000 1.00 1.00 1.00 1.00 1.00 1.00 1.00 1.00
4180 20000 20000 20000 20000 1.00 1.00 1.00 1.00 1.00 1.00 1.00 1.00
4190 00001 00001 00000 00001 .46 .46 .46 .46 .63 .63 .63 .63
4200 00001 00001 00000 00001 .46 .46 .46 .46 .63 .63 .63 .63
4210 00001 00001 00000 00001 .46 .46 .46 .46 .63 .63 .63 .63
4220 00001 00001 00000 00001 .46 .46 .46 .46 .63 .63 .63 .63
4230 00001 00001 00000 00001 .46 .46 .46 .46 .63 .63 .63 .63
4240 00001 00001 00000 00001 .46 .46 .46 .46 .63 .63 .63 .63
4250 00001 00001 00000 00001 .46 .46 .46 .46 .63 .63 .63 .63
4260 00001 00001 03040 00001 .14 -0.03 -0.12 .07 .30 .14 -0.07 .26
4270 00001 00001 04040 00001 .13 -0.03 -0.13 .08 .30 .14 -0.08 .26
4280 00001 00001 04040 00001 .13 -0.03 -0.13 .08 .30 .14 -0.08 .26
