0 00002 00002 00001 00002 .63 .98 .87 .96 .72 .99 .91 .97
10 00002 00002 00001 00002 .63 .98 .87 .96 .72 .99 .91 .97
20 00002 04002 04001 04002 .52 .60 .47 .70 .64 .71 .62 .77
30 00002 04002 04001 04002 .52 .60 .47 .70 .64 .71 .62 .77
40 00002 04002 04001 04002 .52 .60 .47 .70 .64 .71 .62 .77
50 00002 04002 04001 04002 .52 .60 .47 .70 .64 .71 .62 .77
60 00022 04022 04001 04022 .40 .38 .34 .49 .55 .54 .52 .61
70 00022 04022 04001 04022 .40 .38 .34 .49 .55 .54 .52 .61
80 00202 04202 04201 04202 .62 .54 .45 .73 .71 .65 .60 .80
90 00202 04202 04201 04202 .62 .54 .45 .73 .71 .65 .60 .80
100 00200 04200 04200 04200 .75 .61 .52 .72 .82 .71 .65 .79
110 00200 00200 04200 00200 .70 .55 .30 .68 .76 .64 .39 .75
120 00200 00200 00200 00200 1.00 1.00 1.00 1.00 1.00 1.00 1.00 1.00
130 00200 00200 00200 00200 1.00 1.00 1.00 1.00 1.00 1.00 1.00 1.00
140 00200 00200 00200 00200 1.00 1.00 1.00 1.00 1.00 1.00 1.00 1.00
150 00200 00200 00200 00200 1.00 1.00 1.00 1.00 1.00 1.00 1.00 1.00
160 00200 00200 00200 00200 1.00 1.00 1.00 1.00 1.00 1.00 1.00 1.00
170 00200 00200 00202 00200 .68 .68 .68 .68 .75 .75 .75 .75
180 00201 00201 00202 00201 .77 .96 .92 .97 .83 .97 .93 .98
190 00201 00201 00202 00201 .77 .96 .92 .97 .83 .97 .93 .98
200 00202 00202 00202 00202 1.00 1.00 1.00 1.00 1.00 1.00 1.00 1.00
210 00202 00202 00202 00202 1.00 1.00 1.00 1.00 1.00 1.00 1.00 1.00
220 00202 00202 00202 00202 1.00 1.00 1.00 1.00 1.00 1.00 1.00 1.00
230 00202 00202 00202 00202 1.00 1.00 1.00 1.00 1.00 1.00 1.00 1.00
240 00202 00202 00202 00202 1.00 1.00 1.00 1.00 1.00 1.00 1.00 1.00
250 00202 00202 00202 00202 1.00 1.00 1.00 1.00 1.00 1.00 1.00 1.00
260 00202 00202 00202 00202 1.00 1.00 1.00 1.00 1.00 1.00 1.00 1.00
270 00202 00202 00202 00202 1.00 1.00 1.00 1.00 1.00 1.00 1.00 1.00
280 00202 00202 00202 00202 1.00 1.00 1.00 1.00 1.00 1.00 1.00 1.00
290 00202 00202 00202 00202 1.00 1.00 1.00 1.00 1.00 1.00 1.00 1.00
300 00202 00202 00200 00202 .72 .72 .72 .72 .79 .79 .79 .79
310 02202 00202 00200 00202 .48 .48 .48 .48 .60 .60 .60 .60
320 02202 00202 20200 00202 .25 .25 .25 .25 .42 .42 .42 .42
330 00202 00202 00200 00202 .72 .72 .72 .72 .79 .79 .79 .79
340 02202 00202 00200 00202 .48 .48 .48 .48 .60 .60 .60 .60
350 02202 00202 20200 00202 .25 .25 .25 .25 .42 .42 .42 .42
360 20202 20202 20200 20202 .75 .75 .75 .75 .81 .81 .81 .81
370 20022 20022 20020 20022 .75 .75 .75 .75 .81 .81 .81 .81
380 20002 20002 20020 20002 .48 .48 .48 .48 .60 .60 .60 .60
390 20002 20002 20000 20002 .72 .72 .72 .72 .79 .79 .79 .79
400 20002 20002 20000 20002 .72 .72 .72 .72 .79 .79 .79 .79
410 20000 20000 20000 20000 1.00 1.00 1.00 1.00 1.00 1.00 1.00 1.00
420 20000 20000 20000 20000 1.00 1.00 1.00 1.00 1.00 1.00 1.00 1.00
430 20030 20030 20030 20030 1.00 1.00 1.00 1.00 1.00 1.00 1.00 1.00
440 20030 20030 20030 20030 1.00 1.00 1.00 1.00 1.00 1.00 1.00 1.00
450 20030 20030 20030 20030 1.00 1.00 1.00 1.00 1.00 1.00 1.00 1.00
460 20030 20030 20030 20030 1.00 1.00 1.00 1.00 1.00 1.00 1.00 1.00
470 20030 20030 20030 20030 1.00 1.00 1.00 1.00 1.00 1.00 1.00 1.00
480 20030 20030 20030 20030 1.00 1.00 1.00 1.00 1.00 1.00 1.00 1.00
490 20030 20030 20030 20030 1.00 1.00 1.00 1.00 1.00 1.00 1.00 1.00
500 20030 20030 20030 20030 1.00 1.00 1.00 1.00 1.00 1.00 1.00 1.00
510 20030 20030 20030 20030 1.00 1.00 1.00 1.00 1.00 1.00 1.00 1.00
520 20030 20030 20030 20030 1.00 1.00 1.00 1.00 1.00 1.00 1.00 1.00
530 20000 20000 20000 20000 1.00 1.00 1.00 1.00 1.00 1.00 1.00 1.00
540 20000 20000 20000 20000 1.00 1.00 1.00 1.00 1.00 1.00 1.00 1.00
550 20000 20000 20000 20000 1.00 1.00 1.00 1.00 1.00 1.00 1.00 1.00
560 20000 20000 20000 20000 1.00 1.00 1.00 1.00 1.00 1.00 1.00 1.00
570 20020 20000 20200 20000 .44 .44 .44 .44 .55 .55 .55 .55
580 20020 20000 20200 20000 .44 .44 .44 .44 .55 .55 .55 .55
590 20020 20000 20200 20000 .44 .44 .44 .44 .55 .55 .55 .55
600 20020 20000 20200 20000 .44 .44 .44 .44 .55 .55 .55 .55
610 20020 20000 20200 20000 .44 .44 .44 .44 .55 .55 .55 .55
620 20020 20000 20200 20000 .44 .44 .44 .44 .55 .55 .55 .55
630 20020 20000 20200 20000 .44 .44 .44 .44 .55 .55 .55 .55
640 20020 20200 20200 20200 .48 .48 .48 .48 .60 .60 .60 .60
650 20200 20200 02200 20200 .48 .48 .48 .48 .60 .60 .60 .60
660 00200 00200 00200 00200 1.00 1.00 1.00 1.00 1.00 1.00 1.00 1.00
670 00200 00200 00200 00200 1.00 1.00 1.00 1.00 1.00 1.00 1.00 1.00
680 00200 00200 00200 00200 1.00 1.00 1.00 1.00 1.00 1.00 1.00 1.00
690 03200 03200 00200 03200 .75 .61 .59 .72 .82 .71 .70 .79
700 03200 03200 03200 03200 1.00 1.00 1.00 1.00 1.00 1.00 1.00 1.00
710 03200 03200 03200 03200 1.00 1.00 1.00 1.00 1.00 1.00 1.00 1.00
720 03200 03200 03200 03200 1.00 1.00 1.00 1.00 1.00 1.00 1.00 1.00
730 03201 03201 03201 03201 1.00 1.00 1.00 1.00 1.00 1.00 1.00 1.00
740 03201 03201 03201 03201 1.00 1.00 1.00 1.00 1.00 1.00 1.00 1.00
750 03201 03201 03202 03201 .82 .97 .96 .97 .87 .97 .97 .98
760 03202 03202 03202 03202 1.00 1.00 1.00 1.00 1.00 1.00 1.00 1.00
770 00202 00202 03202 00202 .77 .53 .53 .75 .82 .64 .63 .81
780 00202 00202 00202 00202 1.00 1.00 1.00 1.00 1.00 1.00 1.00 1.00
790 00202 00202 00202 00202 1.00 1.00 1.00 1.00 1.00 1.00 1.00 1.00
800 00202 00202 00202 00202 1.00 1.00 1.00 1.00 1.00 1.00 1.00 1.00
810 00202 00202 00202 00202 1.00 1.00 1.00 1.00 1.00 1.00 1.00 1.00
820 00202 00202 00202 00202 1.00 1.00 1.00 1.00 1.00 1.00 1.00 1.00
830 00202 00202 00202 00202 1.00 1.00 1.00 1.00 1.00 1.00 1.00 1.00
840 00202 00202 04200 00202 .53 .34 .19 .49 .63 .48 .32 .61
850 00202 00242 04200 00202 .36 .01 -0.11 .26 .50 .20 .04 .43
860 00202 00242 02200 00202 .32 .12 .02 .26 .47 .30 .19 .43
870 00202 00242 02200 00202 .32 .12 .02 .26 .47 .30 .19 .43
880 00202 00242 02200 00202 .32 .12 .02 .26 .47 .30 .19 .43
890 02202 00242 02200 02202 .33 .09 1.0 .26 .48 .26 .16 .43
900 20202 20242 20200 20202 .55 .23 .12 .49 .64 .39 .27 .61
910 20002 20002 20020 20002 .48 .48 .48 .48 .60 .60 .60 .60
920 20000 20000 20000 20000 1.00 1.00 1.00 1.00 1.00 1.00 1.00 1.00
930 20000 20020 20000 20000 .68 .68 .68 .68 .75 .75 .75 .75
940 20030 20030 20030 20030 1.00 1.00 1.00 1.00 1.00 1.00 1.00 1.00
950 20030 20030 20030 20030 1.00 1.00 1.00 1.00 1.00 1.00 1.00 1.00
960 20030 20030 20030 20030 1.00 1.00 1.00 1.00 1.00 1.00 1.00 1.00
970 20030 20030 20030 20030 1.00 1.00 1.00 1.00 1.00 1.00 1.00 1.00
980 20030 20030 20030 20030 1.00 1.00 1.00 1.00 1.00 1.00 1.00 1.00
990 20030 20030 20030 20030 1.00 1.00 1.00 1.00 1.00 1.00 1.00 1.00
1000 20030 20030 20030 20030 1.00 1.00 1.00 1.00 1.00 1.00 1.00 1.00
1010 20000 20000 20000 20000 1.00 1.00 1.00 1.00 1.00 1.00 1.00 1.00
1020 20000 20000 20000 20000 1.00 1.00 1.00 1.00 1.00 1.00 1.00 1.00
1030 20000 20000 20000 20000 1.00 1.00 1.00 1.00 1.00 1.00 1.00 1.00
1040 20000 20000 20000 20000 1.00 1.00 1.00 1.00 1.00 1.00 1.00 1.00
1050 20000 20000 20000 20000 1.00 1.00 1.00 1.00 1.00 1.00 1.00 1.00
1060 20020 20000 20020 20020 .72 .72 .72 .72 .79 .79 .79 .79
1070 20020 20000 20200 20000 .44 .44 .44 .44 .55 .55 .55 .55
1080 20200 20200 20200 20200 1.00 1.00 1.00 1.00 1.00 1.00 1.00 1.00
1090 00200 00200 02200 00200 .68 .68 .68 .68 .75 .75 .75 .75
1100 00200 00200 00200 00200 1.00 1.00 1.00 1.00 1.00 1.00 1.00 1.00
1110 00200 00200 00200 00200 1.00 1.00 1.00 1.00 1.00 1.00 1.00 1.00
1120 00200 00200 00200 00200 1.00 1.00 1.00 1.00 1.00 1.00 1.00 1.00
1130 00200 00200 00200 00200 1.00 1.00 1.00 1.00 1.00 1.00 1.00 1.00
1140 30200 30200 00200 30200 .75 .61 .59 .72 .82 .71 .70 .79
1150 30200 30200 00200 30200 .75 .61 .59 .72 .82 .71 .70 .79
1160 30200 30200 00200 30200 .75 .61 .59 .72 .82 .71 .70 .79
1170 30200 30200 00201 30200 .57 .51 .53 .49 .67 .63 .66 .61
1180 30201 30201 00201 30201 .82 .58 .53 .76 .86 .69 .66 .82
1190 30202 30201 00202 30202 .62 .54 .53 .73 .71 .65 .65 .79
1200 30202 30202 00202 30202 .79 .56 .59 .75 .85 .67 .69 .81
1210 30202 30202 00202 30202 .79 .56 .59 .75 .85 .67 .69 .81
1220 30202 30202 00202 30202 .79 .56 .59 .75 .85 .67 .69 .81
1230 30202 30202 00202 30202 .79 .56 .59 .75 .85 .67 .69 .81
1240 30202 30202 30200 30202 .80 .86 .84 .75 .85 .89 .87 .81
1250 30202 30202 30200 30202 .80 .86 .84 .75 .85 .89 .87 .81
1260 03202 03242 03200 03202 .64 .39 .33 .49 .72 .52 .46 .61
1270 00202 00202 00200 00202 .72 .72 .72 .72 .79 .79 .79 .79
1280 00202 00202 00200 00202 .72 .72 .72 .72 .79 .79 .79 .79
1290 00202 00202 00200 00202 .72 .72 .72 .72 .79 .79 .79 .79
1300 00202 00202 00200 00202 .72 .72 .72 .72 .79 .79 .79 .79
1310 00202 00202 00200 00202 .72 .72 .72 .72 .79 .79 .79 .79
1320 20202 20202 20200 20202 .75 .75 .75 .75 .81 .81 .81 .81
1330 20022 20022 20000 20022 .50 .50 .50 .50 .62 .62 .62 .62
1340 20002 20002 20000 20002 .72 .72 .72 .72 .79 .79 .79 .79
1350 20000 20000 20000 20000 1.00 1.00 1.00 1.00 1.00 1.00 1.00 1.00
1360 20000 20000 20000 20000 1.00 1.00 1.00 1.00 1.00 1.00 1.00 1.00
1370 20000 20000 20000 20000 1.00 1.00 1.00 1.00 1.00 1.00 1.00 1.00
1380 20030 20300 20030 20030 .56 .30 .30 .48 .66 .47 .47 .61
1390 20030 20300 20030 20030 .56 .30 .30 .48 .66 .47 .47 .61
1400 20030 20300 20030 20030 .56 .30 .30 .48 .66 .47 .47 .61
1410 20030 20300 20030 20030 .56 .30 .30 .48 .66 .47 .47 .61
1420 20030 20300 20030 20030 .56 .30 .30 .48 .66 .47 .47 .61
1430 20000 20000 20000 20000 1.00 1.00 1.00 1.00 1.00 1.00 1.00 1.00
1440 20000 20000 20000 20000 1.00 1.00 1.00 1.00 1.00 1.00 1.00 1.00
1450 20000 20000 20000 20000 1.00 1.00 1.00 1.00 1.00 1.00 1.00 1.00
1460 20030 20000 20000 20000 .70 .55 .46 .68 .76 .64 .55 .75
1470 20030 20030 20030 20030 1.00 1.00 1.00 1.00 1.00 1.00 1.00 1.00
1480 20030 20030 20030 20030 1.00 1.00 1.00 1.00 1.00 1.00 1.00 1.00
1490 20030 20030 20030 20030 1.00 1.00 1.00 1.00 1.00 1.00 1.00 1.00
1500 20000 20000 20030 20000 .70 .55 .46 .68 .76 .64 .55 .75
1510 20000 20000 20030 20000 .70 .55 .46 .68 .76 .64 .55 .75
1520 20000 20000 20030 20000 .70 .55 .46 .68 .76 .64 .55 .75
1530 20000 20000 20030 20000 .70 .55 .46 .68 .76 .64 .55 .75
1540 20020 20000 20030 20020 .61 .65 .61 .72 .67 .75 .72 .79
1550 20020 20000 20020 20020 .72 .72 .72 .72 .79 .79 .79 .79
1560 20200 20200 20200 20200 1.00 1.00 1.00 1.00 1.00 1.00 1.00 1.00
1570 00200 00200 00200 00200 1.00 1.00 1.00 1.00 1.00 1.00 1.00 1.00
1580 00200 00200 00200 00200 1.00 1.00 1.00 1.00 1.00 1.00 1.00 1.00
1590 00200 00200 00200 00200 1.00 1.00 1.00 1.00 1.00 1.00 1.00 1.00
1600 00200 00200 00201 00200 .70 .80 .90 .68 .76 .84 .93 .75
1610 00200 00200 00201 00200 .70 .80 .90 .68 .76 .84 .93 .75
1620 00201 00201 00201 00201 1.00 1.00 1.00 1.00 1.00 1.00 1.00 1.00
1630 00201 00201 00201 00201 1.00 1.00 1.00 1.00 1.00 1.00 1.00 1.00
1640 00201 00201 00201 00201 1.00 1.00 1.00 1.00 1.00 1.00 1.00 1.00
1650 00201 00201 00202 00201 .77 .96 .92 .97 .83 .97 .93 .98
1660 00202 00202 00202 00202 1.00 1.00 1.00 1.00 1.00 1.00 1.00 1.00
1670 00202 00202 00202 00202 1.00 1.00 1.00 1.00 1.00 1.00 1.00 1.00
1680 00202 00202 00202 00202 1.00 1.00 1.00 1.00 1.00 1.00 1.00 1.00
1690 00202 00202 00202 00202 1.00 1.00 1.00 1.00 1.00 1.00 1.00 1.00
1700 00202 00202 00202 00202 1.00 1.00 1.00 1.00 1.00 1.00 1.00 1.00
1710 00202 00202 00202 00202 1.00 1.00 1.00 1.00 1.00 1.00 1.00 1.00
1720 00202 00202 00202 00202 1.00 1.00 1.00 1.00 1.00 1.00 1.00 1.00
1730 00202 00202 00202 00202 1.00 1.00 1.00 1.00 1.00 1.00 1.00 1.00
1740 00202 00202 00202 00202 1.00 1.00 1.00 1.00 1.00 1.00 1.00 1.00
1750 00202 00202 00202 00202 1.00 1.00 1.00 1.00 1.00 1.00 1.00 1.00
1760 00202 00202 00200 00202 .72 .72 .72 .72 .79 .79 .79 .79
1770 00202 00242 00200 00202 .53 .34 .19 .49 .63 .48 .32 .61
1780 00202 00242 00200 00202 .53 .34 .19 .49 .63 .48 .32 .61
1790 00202 00242 02200 00202 .32 .12 .02 .26 .47 .30 .19 .43
1800 00202 00242 02200 00202 .32 .12 .02 .26 .47 .30 .19 .43
1810 00202 00242 02200 00202 .32 .12 .02 .26 .47 .30 .19 .43
1820 00202 00242 02200 00202 .32 .12 .02 .26 .47 .30 .19 .43
1830 02202 00242 20200 00202 .11 -0.12 -0.17 .01 .30 .13 .04 .25
1840 20202 20242 20200 20202 .55 .23 .12 .49 .64 .39 .27 .61
1850 20022 20042 20020 20022 .56 .73 .67 .73 .65 .78 .72 .79
1860 20002 20002 20000 20002 .72 .72 .72 .72 .79 .79 .79 .79
1870 20000 20000 20000 20000 1.00 1.00 1.00 1.00 1.00 1.00 1.00 1.00
1880 20000 20000 20000 20000 1.00 1.00 1.00 1.00 1.00 1.00 1.00 1.00
1890 20000 20000 20000 20000 1.00 1.00 1.00 1.00 1.00 1.00 1.00 1.00
1900 20030 20040 20030 20030 .78 .99 .97 .99 .83 .99 .97 1.00
1910 20030 20040 20030 20030 .78 .99 .97 .99 .83 .99 .97 1.00
1920 20030 20040 20030 20030 .78 .99 .97 .99 .83 .99 .97 1.00
1930 20030 20040 20030 20030 .78 .99 .97 .99 .83 .99 .97 1.00
1940 20030 20040 20030 20030 .78 .99 .97 .99 .83 .99 .97 1.00
1950 20000 20000 20030 20000 .70 .55 .46 .68 .76 .64 .55 .75
1960 00001 00001 00000 00001 .46 .46 .46 .46 .63 .63 .63 .63
1970 00001 00001 00000 00001 .46 .46 .46 .46 .63 .63 .63 .63
1980 00001 00001 00000 00001 .46 .46 .46 .46 .63 .63 .63 .63
1990 00001 00001 00000 00001 .46 .46 .46 .46 .63 .63 .63 .63
2000 00001 00001 00000 00001 .46 .46 .46 .46 .63 .63 .63 .63
2010 04001 04001 04000 04001 .75 .83 .97 .73 .82 .87 .98 .80
2020 04001 04001 04000 04001 .75 .83 .97 .73 .82 .87 .98 .80
2030 04001 04001 04000 04001 .75 .83 .97 .73 .82 .87 .98 .80
2040 04001 04001 04000 04001 .75 .83 .97 .73 .82 .87 .98 .80
2050 04001 04001 04000 04001 .75 .83 .97 .73 .82 .87 .98 .80
2060 04001 04041 04000 04001 .55 .55 .64 .51 .66 .65 .71 .63
2070 04001 04041 04000 04001 .55 .55 .64 .51 .66 .65 .71 .63
2080 04001 04041 04000 04001 .55 .55 .64 .51 .66 .65 .71 .63
2090 04001 04041 04000 04001 .55 .55 .64 .51 .66 .65 .71 .63
2100 04001 04041 04000 04001 .55 .55 .64 .51 .66 .65 .71 .63
2110 04001 04041 04000 04001 .55 .55 .64 .51 .66 .65 .71 .63
2120 04001 04041 04000 04001 .55 .55 .64 .51 .66 .65 .71 .63
2130 04001 04041 04000 04001 .55 .55 .64 .51 .66 .65 .71 .63
2140 04001 04041 04000 04001 .55 .55 .64 .51 .66 .65 .71 .63
2150 04001 04041 04000 04001 .55 .55 .64 .51 .66 .65 .71 .63
2160 04001 04041 04000 04001 .55 .55 .64 .51 .66 .65 .71 .63
2170 04001 04041 04000 04001 .55 .55 .64 .51 .66 .65 .71 .63
2180 04001 04041 04000 04001 .55 .55 .64 .51 .66 .65 .71 .63
2190 04001 04041 04000 04001 .55 .55 .64 .51 .66 .65 .71 .63
2200 04001 04041 04000 04001 .55 .55 .64 .51 .66 .65 .71 .63
2210 04001 04041 04000 04001 .55 .55 .64 .51 .66 .65 .71 .63
