0 00202 00202 00020 00202 .16 .16 .16 .16 .37 .37 .37 .37
10 00202 00202 00020 00202 .16 .16 .16 .16 .37 .37 .37 .37
20 00202 00202 00020 00202 .16 .16 .16 .16 .37 .37 .37 .37
30 00202 00202 00020 00202 .16 .16 .16 .16 .37 .37 .37 .37
40 00200 00202 00020 00200 .05 .05 .05 .05 .24 .24 .24 .24
50 00200 00200 00020 00200 .22 .22 .22 .22 .41 .41 .41 .41
60 00200 00200 00020 00200 .22 .22 .22 .22 .41 .41 .41 .41
70 00200 00200 00020 00200 .22 .22 .22 .22 .41 .41 .41 .41
80 00200 00200 00020 00200 .22 .22 .22 .22 .41 .41 .41 .41
90 00200 00200 00020 00200 .22 .22 .22 .22 .41 .41 .41 .41
100 00200 00200 00020 00200 .22 .22 .22 .22 .41 .41 .41 .41
110 00200 00200 00020 00200 .22 .22 .22 .22 .41 .41 .41 .41
120 00200 00200 00020 00200 .22 .22 .22 .22 .41 .41 .41 .41
130 00200 00200 00020 00200 .22 .22 .22 .22 .41 .41 .41 .41
140 00200 00200 02020 00200 .05 .05 .05 .05 .24 .24 .24 .24
150 00200 00200 02020 00200 .05 .05 .05 .05 .24 .24 .24 .24
160 20200 20200 02020 20200 -0.04 -0.04 -0.04 -0.04 .21 .21 .21 .21
170 20200 20200 02020 20200 -0.04 -0.04 -0.04 -0.04 .21 .21 .21 .21
180 20020 20000 02020 20020 .16 .16 .16 .16 .37 .37 .37 .37
190 20000 20000 02020 20000 .05 .05 .05 .05 .24 .24 .24 .24
200 20000 20000 02020 20000 .05 .05 .05 .05 .24 .24 .24 .24
210 20000 20000 02020 20000 .05 .05 .05 .05 .24 .24 .24 .24
220 20000 20000 02020 20000 .05 .05 .05 .05 .24 .24 .24 .24
230 20000 20000 02020 20000 .05 .05 .05 .05 .24 .24 .24 .24
240 20000 20000 02020 20000 .05 .05 .05 .05 .24 .24 .24 .24
250 20000 20000 02020 20000 .05 .05 .05 .05 .24 .24 .24 .24
260 20200 20200 02020 20200 -0.04 -0.04 -0.04 -0.04 .21 .21 .21 .21
270 20000 20000 02020 20000 .05 .05 .05 .05 .24 .24 .24 .24
280 20000 20000 02020 20000 .05 .05 .05 .05 .24 .24 .24 .24
290 20000 20000 02020 20000 .05 .05 .05 .05 .24 .24 .24 .24
300 20000 20000 02020 20000 .05 .05 .05 .05 .24 .24 .24 .24
310 20200 20200 02020 20200 -0.04 -0.04 -0.04 -0.04 .21 .21 .21 .21
320 20200 20200 02020 20200 -0.04 -0.04 -0.04 -0.04 .21 .21 .21 .21
330 20200 20200 02020 20200 -0.04 -0.04 -0.04 -0.04 .21 .21 .21 .21
340 20200 20200 02020 20200 -0.04 -0.04 -0.04 -0.04 .21 .21 .21 .21
350 20200 20200 02020 20200 -0.04 -0.04 -0.04 -0.04 .21 .21 .21 .21
360 20200 20200 02020 20200 -0.04 -0.04 -0.04 -0.04 .21 .21 .21 .21
370 02200 00200 02020 02200 .16 .16 .16 .16 .37 .37 .37 .37
380 00200 00200 02020 00200 .05 .05 .05 .05 .24 .24 .24 .24
390 00200 00200 02020 00200 .05 .05 .05 .05 .24 .24 .24 .24
400 00200 00200 02020 00200 .05 .05 .05 .05 .24 .24 .24 .24
410 00200 00200 02020 00200 .05 .05 .05 .05 .24 .24 .24 .24
420 00200 00200 02020 00200 .05 .05 .05 .05 .24 .24 .24 .24
430 00200 00200 02020 00200 .05 .05 .05 .05 .24 .24 .24 .24
440 00200 00200 02020 00200 .05 .05 .05 .05 .24 .24 .24 .24
450 00200 00200 02020 00200 .05 .05 .05 .05 .24 .24 .24 .24
460 00200 00200 02020 00200 .05 .05 .05 .05 .24 .24 .24 .24
470 00200 00200 02020 00200 .05 .05 .05 .05 .24 .24 .24 .24
480 00200 00200 02020 00200 .05 .05 .05 .05 .24 .24 .24 .24
490 00200 00200 02020 00200 .05 .05 .05 .05 .24 .24 .24 .24
500 00201 00200 02020 00200 -0.04 -0.08 -0.05 -0.11 .15 .14 .17 .10
510 00201 00201 02020 00201 .10 -0.07 -0.07 -0.02 .32 .16 .15 .22
520 00202 00201 02020 00202 -0.07 -0.07 -0.08 -0.04 .14 .18 .16 .20
530 00202 00201 02020 00202 -0.07 -0.07 -0.08 -0.04 .14 .18 .16 .20
540 00202 00202 02020 00202 -0.04 -0.04 -0.04 -0.04 .21 .21 .21 .21
550 00202 00202 02020 00202 -0.04 -0.04 -0.04 -0.04 .21 .21 .21 .21
560 00202 00202 02020 00202 -0.04 -0.04 -0.04 -0.04 .21 .21 .21 .21
570 00202 00202 02020 00202 -0.04 -0.04 -0.04 -0.04 .21 .21 .21 .21
580 00202 00202 02020 00202 -0.04 -0.04 -0.04 -0.04 .21 .21 .21 .21
590 00202 00202 02020 00202 -0.04 -0.04 -0.04 -0.04 .21 .21 .21 .21
600 00202 00202 02020 00202 -0.04 -0.04 -0.04 -0.04 .21 .21 .21 .21
610 00202 00202 02020 00202 -0.04 -0.04 -0.04 -0.04 .21 .21 .21 .21
620 00202 00202 02020 00202 -0.04 -0.04 -0.04 -0.04 .21 .21 .21 .21
630 00202 00202 02020 00202 -0.04 -0.04 -0.04 -0.04 .21 .21 .21 .21
640 00202 00202 02020 00202 -0.04 -0.04 -0.04 -0.04 .21 .21 .21 .21
650 00202 00202 02020 00202 -0.04 -0.04 -0.04 -0.04 .21 .21 .21 .21
660 00202 00202 02020 00202 -0.04 -0.04 -0.04 -0.04 .21 .21 .21 .21
670 00202 00202 02020 00202 -0.04 -0.04 -0.04 -0.04 .21 .21 .21 .21
680 00202 00202 02020 00202 -0.04 -0.04 -0.04 -0.04 .21 .21 .21 .21
690 00202 00202 02020 00202 -0.04 -0.04 -0.04 -0.04 .21 .21 .21 .21
700 00202 00202 02020 00202 -0.04 -0.04 -0.04 -0.04 .21 .21 .21 .21
710 00202 00202 02020 00202 -0.04 -0.04 -0.04 -0.04 .21 .21 .21 .21
720 00202 00202 02020 00202 -0.04 -0.04 -0.04 -0.04 .21 .21 .21 .21
730 00202 00202 02020 00202 -0.04 -0.04 -0.04 -0.04 .21 .21 .21 .21
740 00202 00202 02020 00202 -0.04 -0.04 -0.04 -0.04 .21 .21 .21 .21
750 00202 00202 02020 00202 -0.04 -0.04 -0.04 -0.04 .21 .21 .21 .21
760 00202 00202 02020 00202 -0.04 -0.04 -0.04 -0.04 .21 .21 .21 .21
770 00202 00202 02020 00202 -0.04 -0.04 -0.04 -0.04 .21 .21 .21 .21
780 20202 20202 02020 20202 -0.25 -0.25 -0.25 -0.25 .04 .04 .04 .04
790 20022 20202 02020 20022 -0.25 -0.25 -0.25 -0.25 .04 .04 .04 .04
800 20002 20002 02020 20002 -0.04 -0.04 -0.04 -0.04 .21 .21 .21 .21
810 20002 20002 02020 20002 -0.04 -0.04 -0.04 -0.04 .21 .21 .21 .21
820 20002 20002 02020 20002 -0.04 -0.04 -0.04 -0.04 .21 .21 .21 .21
830 20002 20002 02020 20002 -0.04 -0.04 -0.04 -0.04 .21 .21 .21 .21
840 20002 20002 02020 20002 -0.04 -0.04 -0.04 -0.04 .21 .21 .21 .21
850 20002 20002 02022 20002 .25 .25 .25 .25 .42 .42 .42 .42
860 20002 20002 02022 20002 .25 .25 .25 .25 .42 .42 .42 .42
870 20002 20002 02022 20002 .25 .25 .25 .25 .42 .42 .42 .42
880 20000 20000 02022 20000 -0.12 -0.12 -0.12 -0.12 .10 .10 .10 .10
890 20000 20000 02022 20000 -0.12 -0.12 -0.12 -0.12 .10 .10 .10 .10
900 20000 20000 02022 20000 -0.12 -0.12 -0.12 -0.12 .10 .10 .10 .10
910 20000 20000 02022 20000 -0.12 -0.12 -0.12 -0.12 .10 .10 .10 .10
920 20000 20000 02022 20000 -0.12 -0.12 -0.12 -0.12 .10 .10 .10 .10
930 20000 20000 02022 20000 -0.12 -0.12 -0.12 -0.12 .10 .10 .10 .10
940 20000 20000 02022 20000 -0.12 -0.12 -0.12 -0.12 .10 .10 .10 .10
950 20000 20000 02022 20000 -0.12 -0.12 -0.12 -0.12 .10 .10 .10 .10
960 20000 20000 02022 20000 -0.12 -0.12 -0.12 -0.12 .10 .10 .10 .10
970 20000 20000 02022 20000 -0.12 -0.12 -0.12 -0.12 .10 .10 .10 .10
980 20000 20000 02022 20000 -0.12 -0.12 -0.12 -0.12 .10 .10 .10 .10
990 20000 20000 02022 20000 -0.12 -0.12 -0.12 -0.12 .10 .10 .10 .10
1000 20000 20000 02022 20000 -0.12 -0.12 -0.12 -0.12 .10 .10 .10 .10
1010 20000 20000 02022 20000 -0.12 -0.12 -0.12 -0.12 .10 .10 .10 .10
1020 20000 20000 02022 20000 -0.12 -0.12 -0.12 -0.12 .10 .10 .10 .10
1030 20000 20000 02022 20000 -0.12 -0.12 -0.12 -0.12 .10 .10 .10 .10
1040 20000 20000 02022 20000 -0.12 -0.12 -0.12 -0.12 .10 .10 .10 .10
1050 20000 20000 02022 20000 -0.12 -0.12 -0.12 -0.12 .10 .10 .10 .10
1060 20000 20000 02022 20000 -0.12 -0.12 -0.12 -0.12 .10 .10 .10 .10
1070 20000 20000 02022 20000 -0.12 -0.12 -0.12 -0.12 .10 .10 .10 .10
1080 20000 20000 02022 20000 -0.12 -0.12 -0.12 -0.12 .10 .10 .10 .10
1090 20000 20000 02022 20000 -0.12 -0.12 -0.12 -0.12 .10 .10 .10 .10
1100 20000 20000 02022 20000 -0.12 -0.12 -0.12 -0.12 .10 .10 .10 .10
1110 20020 20000 02022 20020 -0.04 -0.04 -0.04 -0.04 .21 .21 .21 .21
1120 20200 20200 02022 20200 -0.25 -0.25 -0.25 -0.25 .04 .04 .04 .04
1130 20200 20200 02022 20200 -0.25 -0.25 -0.25 -0.25 .04 .04 .04 .04
1140 00200 00200 02022 00200 -0.12 -0.12 -0.12 -0.12 .10 .10 .10 .10
1150 00200 00200 02022 00200 -0.12 -0.12 -0.12 -0.12 .10 .10 .10 .10
1160 00200 00200 02022 00200 -0.12 -0.12 -0.12 -0.12 .10 .10 .10 .10
1170 00200 00200 02022 00200 -0.12 -0.12 -0.12 -0.12 .10 .10 .10 .10
1180 00200 00200 02022 00200 -0.12 -0.12 -0.12 -0.12 .10 .10 .10 .10
1190 00200 00200 02022 00200 -0.12 -0.12 -0.12 -0.12 .10 .10 .10 .10
1200 00200 00200 02022 00200 -0.12 -0.12 -0.12 -0.12 .10 .10 .10 .10
1210 00200 00200 02022 00200 -0.12 -0.12 -0.12 -0.12 .10 .10 .10 .10
1220 03200 00200 00022 00200 -0.04 -0.15 -0.16 -0.12 .15 .05 .03 .10
1230 30200 03200 00022 00200 -0.13 -0.34 -0.34 -0.29 .06 -0.12 -0.13 -0.04
1240 30200 03200 00022 00200 -0.13 -0.34 -0.34 -0.29 .06 -0.12 -0.13 -0.04
1250 30200 03200 00022 00200 -0.13 -0.34 -0.34 -0.29 .06 -0.12 -0.13 -0.04
1260 30200 03200 00022 00200 -0.13 -0.34 -0.34 -0.29 .06 -0.12 -0.13 -0.04
1270 30200 03200 00022 00200 -0.13 -0.34 -0.34 -0.29 .06 -0.12 -0.13 -0.04
1280 30200 03200 00022 00200 -0.13 -0.34 -0.34 -0.29 .06 -0.12 -0.13 -0.04
1290 30200 03200 00022 00200 -0.13 -0.34 -0.34 -0.29 .06 -0.12 -0.13 -0.04
1300 30200 03200 00022 00200 -0.13 -0.34 -0.34 -0.29 .06 -0.12 -0.13 -0.04
1310 30200 03200 00022 00200 -0.13 -0.34 -0.34 -0.29 .06 -0.12 -0.13 -0.04
1320 30200 03200 00022 00200 -0.13 -0.34 -0.34 -0.29 .06 -0.12 -0.13 -0.04
1330 03200 03200 00022 03200 .10 .06 .06 -0.03 .32 .31 .31 .21
1340 00200 00200 02022 00200 -0.12 -0.12 -0.12 -0.12 .10 .10 .10 .10
1350 00200 00200 02022 00200 -0.12 -0.12 -0.12 -0.12 .10 .10 .10 .10
1360 00200 00200 02022 00200 -0.12 -0.12 -0.12 -0.12 .10 .10 .10 .10
1370 00200 00200 02022 00200 -0.12 -0.12 -0.12 -0.12 .10 .10 .10 .10
1380 00200 00200 02022 00200 -0.12 -0.12 -0.12 -0.12 .10 .10 .10 .10
1390 00200 00200 02022 00200 -0.12 -0.12 -0.12 -0.12 .10 .10 .10 .10
1400 00200 00200 02022 00200 -0.12 -0.12 -0.12 -0.12 .10 .10 .10 .10
1410 00200 00200 02022 00200 -0.12 -0.12 -0.12 -0.12 .10 .10 .10 .10
1420 00200 00200 02022 00200 -0.12 -0.12 -0.12 -0.12 .10 .10 .10 .10
1430 00200 00200 02022 00200 -0.12 -0.12 -0.12 -0.12 .10 .10 .10 .10
1440 00200 00200 02022 00200 -0.12 -0.12 -0.12 -0.12 .10 .10 .10 .10
1450 00201 00200 02022 00201 -0.07 -0.07 -0.08 -0.04 .18 .16 .14 .20
1460 00200 00200 02022 00200 -0.12 -0.12 -0.12 -0.12 .10 .10 .10 .10
1470 00200 00200 02022 00200 -0.12 -0.12 -0.12 -0.12 .10 .10 .10 .10
1480 00201 00200 02022 00201 -0.07 -0.07 -0.08 -0.04 .18 .16 .14 .20
1490 00201 00201 02022 00201 .15 .06 .02 .24 .35 .26 .22 .41
1500 00201 00201 02022 00201 .15 .06 .02 .24 .35 .26 .22 .41
1510 00201 00201 02022 00201 .15 .06 .02 .24 .35 .26 .22 .41
1520 00201 00201 02022 00201 .15 .06 .02 .24 .35 .26 .22 .41
1530 00202 00202 02022 00202 .25 .25 .25 .25 .42 .42 .42 .42
1540 00202 00202 02022 00202 .25 .25 .25 .25 .42 .42 .42 .42
1550 00202 00202 00022 00202 .48 .48 .48 .48 .60 .60 .60 .60
1560 00202 00202 00022 00202 .48 .48 .48 .48 .60 .60 .60 .60
1570 00202 00202 00022 00202 .48 .48 .48 .48 .60 .60 .60 .60
1580 00202 00202 00022 00202 .48 .48 .48 .48 .60 .60 .60 .60
1590 00202 00202 00022 00202 .48 .48 .48 .48 .60 .60 .60 .60
1600 00202 00202 00022 00202 .48 .48 .48 .48 .60 .60 .60 .60
1610 00202 00202 00022 00202 .48 .48 .48 .48 .60 .60 .60 .60
1620 00202 00202 00022 00202 .48 .48 .48 .48 .60 .60 .60 .60
1630 00202 00202 00022 00202 .48 .48 .48 .48 .60 .60 .60 .60
1640 00202 00202 00022 00202 .48 .48 .48 .48 .60 .60 .60 .60
1650 00202 00202 00022 00202 .48 .48 .48 .48 .60 .60 .60 .60
1660 00202 00202 00022 00202 .48 .48 .48 .48 .60 .60 .60 .60
1670 00202 00202 00022 00202 .48 .48 .48 .48 .60 .60 .60 .60
1680 00202 00202 00022 00202 .48 .48 .48 .48 .60 .60 .60 .60
1690 00202 00202 00022 00202 .48 .48 .48 .48 .60 .60 .60 .60
1700 00202 00202 00022 00202 .48 .48 .48 .48 .60 .60 .60 .60
1710 00202 00202 00022 00202 .48 .48 .48 .48 .60 .60 .60 .60
1720 00202 00202 00022 00202 .48 .48 .48 .48 .60 .60 .60 .60
1730 00202 00202 00022 00202 .48 .48 .48 .48 .60 .60 .60 .60
1740 00202 00202 00022 00202 .48 .48 .48 .48 .60 .60 .60 .60
1750 00202 00202 00022 00202 .48 .48 .48 .48 .60 .60 .60 .60
1760 00202 00202 00022 00202 .48 .48 .48 .48 .60 .60 .60 .60
1770 00202 00202 00022 00202 .48 .48 .48 .48 .60 .60 .60 .60
1780 00202 00202 00022 00202 .48 .48 .48 .48 .60 .60 .60 .60
1790 00202 00202 00022 00202 .48 .48 .48 .48 .60 .60 .60 .60
1800 00202 00202 00022 00202 .48 .48 .48 .48 .60 .60 .60 .60
1810 00202 00202 00022 00202 .48 .48 .48 .48 .60 .60 .60 .60
1820 00202 00202 00022 00202 .48 .48 .48 .48 .60 .60 .60 .60
1830 00202 00202 00022 00202 .48 .48 .48 .48 .60 .60 .60 .60
1840 00202 00202 00022 00202 .48 .48 .48 .48 .60 .60 .60 .60
1850 00202 00202 00022 00202 .48 .48 .48 .48 .60 .60 .60 .60
1860 00202 00202 00022 00202 .48 .48 .48 .48 .60 .60 .60 .60
1870 00202 00202 00022 00202 .48 .48 .48 .48 .60 .60 .60 .60
1880 02202 00202 00022 00202 .25 .25 .25 .25 .42 .42 .42 .42
1890 02202 00202 00022 00202 .25 .25 .25 .25 .42 .42 .42 .42
1900 20002 20002 00022 20002 .48 .48 .48 .48 .60 .60 .60 .60
1910 20002 20002 00022 20002 .48 .48 .48 .48 .60 .60 .60 .60
1920 20002 20002 00022 20002 .48 .48 .48 .48 .60 .60 .60 .60
1930 20002 20002 00022 20002 .48 .48 .48 .48 .60 .60 .60 .60
1940 20002 20002 00022 20002 .48 .48 .48 .48 .60 .60 .60 .60
1950 20002 20002 00022 20002 .48 .48 .48 .48 .60 .60 .60 .60
1960 20002 20002 00022 20002 .48 .48 .48 .48 .60 .60 .60 .60
1970 20002 20002 00022 20002 .48 .48 .48 .48 .60 .60 .60 .60
1980 20002 20002 00002 20002 .72 .72 .72 .72 .79 .79 .79 .79
1990 20002 20202 00002 20002 .48 .48 .48 .48 .60 .60 .60 .60
2000 20202 20202 00002 20202 .50 .50 .50 .50 .62 .62 .62 .62
2010 00202 00202 00002 00202 .72 .72 .72 .72 .79 .79 .79 .79
2020 00202 00202 00002 00202 .72 .72 .72 .72 .79 .79 .79 .79
2030 00202 00202 00002 00202 .72 .72 .72 .72 .79 .79 .79 .79
2040 00202 00202 00002 00202 .72 .72 .72 .72 .79 .79 .79 .79
2050 00202 00202 00002 00202 .72 .72 .72 .72 .79 .79 .79 .79
2060 00202 00202 00002 00202 .72 .72 .72 .72 .79 .79 .79 .79
2070 00202 00202 00002 00202 .72 .72 .72 .72 .79 .79 .79 .79
2080 00202 00202 00002 00202 .72 .72 .72 .72 .79 .79 .79 .79
2090 00202 00202 00002 00202 .72 .72 .72 .72 .79 .79 .79 .79
2100 00202 00202 00002 00202 .72 .72 .72 .72 .79 .79 .79 .79
2110 00202 00202 00002 00202 .72 .72 .72 .72 .79 .79 .79 .79
2120 00202 00202 00002 00202 .72 .72 .72 .72 .79 .79 .79 .79
2130 00202 00202 00002 00202 .72 .72 .72 .72 .79 .79 .79 .79
2140 00202 00202 00002 00202 .72 .72 .72 .72 .79 .79 .79 .79
2150 00202 00202 00002 00202 .72 .72 .72 .72 .79 .79 .79 .79
2160 00202 00202 00002 00202 .72 .72 .72 .72 .79 .79 .79 .79
2170 00202 00202 00002 00202 .72 .72 .72 .72 .79 .79 .79 .79
2180 00202 00202 00002 00202 .72 .72 .72 .72 .79 .79 .79 .79
2190 00202 00202 00002 00202 .72 .72 .72 .72 .79 .79 .79 .79
2200 00202 00202 00002 00202 .72 .72 .72 .72 .79 .79 .79 .79
2210 00202 00202 00002 00202 .72 .72 .72 .72 .79 .79 .79 .79
2220 00202 00202 00002 00202 .72 .72 .72 .72 .79 .79 .79 .79
2230 00202 00202 00002 00202 .72 .72 .72 .72 .79 .79 .79 .79
2240 00202 00202 00002 00202 .72 .72 .72 .72 .79 .79 .79 .79
2250 00202 00202 00002 00202 .72 .72 .72 .72 .79 .79 .79 .79
2260 00202 00202 00002 00202 .72 .72 .72 .72 .79 .79 .79 .79
2270 00202 00202 00002 00202 .72 .72 .72 .72 .79 .79 .79 .79
2280 00202 00202 00002 00202 .72 .72 .72 .72 .79 .79 .79 .79
2290 00202 00202 00002 00202 .72 .72 .72 .72 .79 .79 .79 .79
2300 00202 00202 00002 00202 .72 .72 .72 .72 .79 .79 .79 .79
2310 00202 00202 00002 00202 .72 .72 .72 .72 .79 .79 .79 .79
2320 00202 00202 00002 00202 .72 .72 .72 .72 .79 .79 .79 .79
2330 00202 00202 00002 00202 .72 .72 .72 .72 .79 .79 .79 .79
2340 00202 00202 00002 00202 .72 .72 .72 .72 .79 .79 .79 .79
2350 00202 00202 00002 00202 .72 .72 .72 .72 .79 .79 .79 .79
2360 00202 00202 00002 00202 .72 .72 .72 .72 .79 .79 .79 .79
2370 00202 00202 00002 00202 .72 .72 .72 .72 .79 .79 .79 .79
2380 00202 00202 00002 00202 .72 .72 .72 .72 .79 .79 .79 .79
2390 00202 00202 00002 00202 .72 .72 .72 .72 .79 .79 .79 .79
2400 00202 00202 00002 00202 .72 .72 .72 .72 .79 .79 .79 .79
2410 00202 00202 00002 00202 .72 .72 .72 .72 .79 .79 .79 .79
2420 20202 00202 00002 00202 .48 .48 .48 .48 .60 .60 .60 .60
2430 20202 20202 00002 20202 .50 .50 .50 .50 .62 .62 .62 .62
2440 20002 20002 00002 20002 .72 .72 .72 .72 .79 .79 .79 .79
2450 20002 20002 00002 20002 .72 .72 .72 .72 .79 .79 .79 .79
2460 20002 20002 00002 20002 .72 .72 .72 .72 .79 .79 .79 .79
2470 20002 20002 00002 20002 .72 .72 .72 .72 .79 .79 .79 .79
2480 20002 20002 00002 20002 .72 .72 .72 .72 .79 .79 .79 .79
2490 20000 20000 00002 20000 .22 .22 .22 .22 .41 .41 .41 .41
2500 20000 20000 00002 20000 .22 .22 .22 .22 .41 .41 .41 .41
2510 20000 20000 00002 20000 .22 .22 .22 .22 .41 .41 .41 .41
2520 20000 20000 00002 20000 .22 .22 .22 .22 .41 .41 .41 .41
2530 20000 20000 00002 20000 .22 .22 .22 .22 .41 .41 .41 .41
2540 20000 20000 00002 20000 .22 .22 .22 .22 .41 .41 .41 .41
2550 20000 20000 00002 20000 .22 .22 .22 .22 .41 .41 .41 .41
2560 20000 20000 00002 20000 .22 .22 .22 .22 .41 .41 .41 .41
2570 20000 20000 00002 20000 .22 .22 .22 .22 .41 .41 .41 .41
2580 20000 20000 00002 20000 .22 .22 .22 .22 .41 .41 .41 .41
2590 20000 20000 00002 20000 .22 .22 .22 .22 .41 .41 .41 .41
2600 20200 20200 00002 20200 .16 .16 .16 .16 .37 .37 .37 .37
2610 20200 20200 00002 20200 .16 .16 .16 .16 .37 .37 .37 .37
2620 20200 20200 00002 20200 .16 .16 .16 .16 .37 .37 .37 .37
2630 00200 00200 00002 00200 .22 .22 .22 .22 .41 .41 .41 .41
2640 00200 00200 00002 00200 .22 .22 .22 .22 .41 .41 .41 .41
2650 00200 00200 00002 00200 .22 .22 .22 .22 .41 .41 .41 .41
2660 00200 00200 00002 00200 .22 .22 .22 .22 .41 .41 .41 .41
2670 00200 00200 00002 00200 .22 .22 .22 .22 .41 .41 .41 .41
2680 00200 00200 00002 00200 .22 .22 .22 .22 .41 .41 .41 .41
2690 00201 00201 00002 00201 .50 .62 .52 .69 .63 .71 .63 .77
2700 00201 00201 00002 00201 .50 .62 .52 .69 .63 .71 .63 .77
2710 00201 00201 00002 00201 .50 .62 .52 .69 .63 .71 .63 .77
2720 00201 00201 00002 00201 .50 .62 .52 .69 .63 .71 .63 .77
2730 00202 00202 00002 00202 .72 .72 .72 .72 .79 .79 .79 .79
2740 00202 00202 00002 00202 .72 .72 .72 .72 .79 .79 .79 .79
2750 00202 00202 00002 00202 .72 .72 .72 .72 .79 .79 .79 .79
2760 00202 00202 00002 00202 .72 .72 .72 .72 .79 .79 .79 .79
2770 00202 00202 00002 00202 .72 .72 .72 .72 .79 .79 .79 .79
2780 00202 00202 00002 00202 .72 .72 .72 .72 .79 .79 .79 .79
2790 00202 00202 00002 00202 .72 .72 .72 .72 .79 .79 .79 .79
2800 00202 00202 00002 00202 .72 .72 .72 .72 .79 .79 .79 .79
2810 00202 00202 00002 00202 .72 .72 .72 .72 .79 .79 .79 .79
2820 00202 00202 00002 00202 .72 .72 .72 .72 .79 .79 .79 .79
2830 00202 00202 00002 00202 .72 .72 .72 .72 .79 .79 .79 .79
2840 00202 00202 00002 00202 .72 .72 .72 .72 .79 .79 .79 .79
2850 00202 00202 00002 00202 .72 .72 .72 .72 .79 .79 .79 .79
2860 00202 00202 00002 00202 .72 .72 .72 .72 .79 .79 .79 .79
2870 00202 00202 00002 00202 .72 .72 .72 .72 .79 .79 .79 .79
2880 00202 00202 00002 00202 .72 .72 .72 .72 .79 .79 .79 .79
2890 00202 00202 00002 00202 .72 .72 .72 .72 .79 .79 .79 .79
2900 02202 20202 00002 00202 .25 .25 .25 .25 .42 .42 .42 .42
2910 02202 20202 00002 00202 .25 .25 .25 .25 .42 .42 .42 .42
2920 20202 20002 00002 20002 .48 .48 .48 .48 .60 .60 .60 .60
2930 20002 20002 00002 20002 .72 .72 .72 .72 .79 .79 .79 .79
2940 20002 20002 00002 20002 .72 .72 .72 .72 .79 .79 .79 .79
2950 20002 20002 00002 20002 .72 .72 .72 .72 .79 .79 .79 .79
2960 20002 20002 00002 20002 .72 .72 .72 .72 .79 .79 .79 .79
2970 20002 20002 00002 20002 .72 .72 .72 .72 .79 .79 .79 .79
2980 20202 20202 00002 20202 .50 .50 .50 .50 .62 .62 .62 .62
2990 20202 20202 00002 20202 .50 .50 .50 .50 .62 .62 .62 .62
3000 00202 00202 00002 00202 .72 .72 .72 .72 .79 .79 .79 .79
3010 00202 00202 00002 00202 .72 .72 .72 .72 .79 .79 .79 .79
3020 00202 00202 00002 00202 .72 .72 .72 .72 .79 .79 .79 .79
3030 00202 00202 00002 00202 .72 .72 .72 .72 .79 .79 .79 .79
3040 00202 00202 00002 00202 .72 .72 .72 .72 .79 .79 .79 .79
3050 00202 00202 00002 00202 .72 .72 .72 .72 .79 .79 .79 .79
3060 00202 00202 00022 00202 .48 .48 .48 .48 .60 .60 .60 .60
3070 00202 00202 00022 00202 .48 .48 .48 .48 .60 .60 .60 .60
3080 00202 00202 00022 00202 .48 .48 .48 .48 .60 .60 .60 .60
3090 00202 00202 00022 00202 .48 .48 .48 .48 .60 .60 .60 .60
3100 20202 20202 00022 20202 .25 .25 .25 .25 .42 .42 .42 .42
3110 20202 20202 00022 20202 .25 .25 .25 .25 .42 .42 .42 .42
3120 20002 20002 00022 20002 .48 .48 .48 .48 .60 .60 .60 .60
3130 20002 20002 00022 20002 .48 .48 .48 .48 .60 .60 .60 .60
3140 20002 20002 00022 20002 .48 .48 .48 .48 .60 .60 .60 .60
3150 20002 20002 00022 20002 .48 .48 .48 .48 .60 .60 .60 .60
3160 20000 20000 00022 20000 .05 .05 .05 .05 .24 .24 .24 .24
3170 20000 20000 00022 20000 .05 .05 .05 .05 .24 .24 .24 .24
3180 20000 20000 00022 20000 .05 .05 .05 .05 .24 .24 .24 .24
3190 20000 20000 00022 20000 .05 .05 .05 .05 .24 .24 .24 .24
3200 20000 20000 00022 20000 .05 .05 .05 .05 .24 .24 .24 .24
3210 20000 20000 00022 20000 .05 .05 .05 .05 .24 .24 .24 .24
3220 20000 20000 00022 20000 .05 .05 .05 .05 .24 .24 .24 .24
3230 20000 20000 00022 20000 .05 .05 .05 .05 .24 .24 .24 .24
3240 20200 20200 00022 20200 -0.04 -0.04 -0.04 -0.04 .21 .21 .21 .21
3250 00200 00200 00022 00200 .05 .05 .05 .05 .24 .24 .24 .24
3260 00200 00200 00022 00200 .05 .05 .05 .05 .24 .24 .24 .24
3270 00200 00200 00022 00200 .05 .05 .05 .05 .24 .24 .24 .24
3280 00200 00200 00022 00200 .05 .05 .05 .05 .24 .24 .24 .24
3290 00200 00200 00022 00200 .05 .05 .05 .05 .24 .24 .24 .24
3300 00200 00200 00022 00200 .05 .05 .05 .05 .24 .24 .24 .24
3310 00200 00200 00022 00200 .05 .05 .05 .05 .24 .24 .24 .24
3320 00200 20200 00022 00200 -0.12 -0.12 -0.12 -0.12 .10 .10 .10 .10
3330 20200 20200 00022 20200 -0.04 -0.04 -0.04 -0.04 .21 .21 .21 .21
3340 20000 20000 00022 20000 .05 .05 .05 .05 .24 .24 .24 .24
3350 20000 20000 00022 20000 .05 .05 .05 .05 .24 .24 .24 .24
3360 20000 20000 00022 20000 .05 .05 .05 .05 .24 .24 .24 .24
3370 20000 20000 00022 20000 .05 .05 .05 .05 .24 .24 .24 .24
3380 20200 20200 00022 20200 -0.04 -0.04 -0.04 -0.04 .21 .21 .21 .21
3390 20200 20200 00022 20200 -0.04 -0.04 -0.04 -0.04 .21 .21 .21 .21
3400 20200 20200 00022 20200 -0.04 -0.04 -0.04 -0.04 .21 .21 .21 .21
3410 20020 20200 00022 20020 -0.04 -0.04 -0.04 -0.04 .21 .21 .21 .21
3420 20020 20200 00022 20020 -0.04 -0.04 -0.04 -0.04 .21 .21 .21 .21
3430 20020 20000 00022 20020 .16 .16 .16 .16 .37 .37 .37 .37
3440 20020 20000 00022 20020 .16 .16 .16 .16 .37 .37 .37 .37
3450 20020 20000 00022 20020 .16 .16 .16 .16 .37 .37 .37 .37
3460 20200 20200 00022 20200 -0.04 -0.04 -0.04 -0.04 .21 .21 .21 .21
3470 20200 20200 00022 20200 -0.04 -0.04 -0.04 -0.04 .21 .21 .21 .21
3480 20200 20200 00022 20200 -0.04 -0.04 -0.04 -0.04 .21 .21 .21 .21
3490 20200 20200 00022 20200 -0.04 -0.04 -0.04 -0.04 .21 .21 .21 .21
3500 20200 20200 00022 20200 -0.04 -0.04 -0.04 -0.04 .21 .21 .21 .21
3510 00200 00200 00022 00200 .05 .05 .05 .05 .24 .24 .24 .24
3520 00200 00200 00022 00200 .05 .05 .05 .05 .24 .24 .24 .24
3530 00200 00200 00022 00200 .05 .05 .05 .05 .24 .24 .24 .24
3540 00200 00200 00022 00200 .05 .05 .05 .05 .24 .24 .24 .24
3550 00200 00200 00022 00200 .05 .05 .05 .05 .24 .24 .24 .24
3560 00201 00200 00022 00201 .09 .14 .11 .15 .31 .34 .32 .37
3570 00201 00201 00022 00201 .32 .33 .26 .46 .49 .48 .41 .59
3580 00201 00201 00022 00201 .32 .33 .26 .46 .49 .48 .41 .59
3590 00201 00201 00022 00201 .32 .33 .26 .46 .49 .48 .41 .59
3600 00201 00202 00022 00202 .29 .39 .35 .46 .45 .55 .52 .59
3610 00202 00202 00022 00202 .48 .48 .48 .48 .60 .60 .60 .60
3620 00202 00202 00022 00202 .48 .48 .48 .48 .60 .60 .60 .60
3630 00202 00202 00022 00202 .48 .48 .48 .48 .60 .60 .60 .60
3640 00202 00202 00022 00202 .48 .48 .48 .48 .60 .60 .60 .60
3650 00202 00202 00022 00202 .48 .48 .48 .48 .60 .60 .60 .60
3660 00202 00202 00022 00202 .48 .48 .48 .48 .60 .60 .60 .60
3670 00202 00202 00022 00202 .48 .48 .48 .48 .60 .60 .60 .60
3680 00202 00202 00022 00202 .48 .48 .48 .48 .60 .60 .60 .60
3690 00202 00202 00022 00202 .48 .48 .48 .48 .60 .60 .60 .60
3700 00202 00202 00022 00202 .48 .48 .48 .48 .60 .60 .60 .60
3710 00202 00202 00022 00202 .48 .48 .48 .48 .60 .60 .60 .60
3720 00202 00202 00022 00202 .48 .48 .48 .48 .60 .60 .60 .60
3730 00202 00202 00022 00202 .48 .48 .48 .48 .60 .60 .60 .60
3740 00202 00202 00022 00202 .48 .48 .48 .48 .60 .60 .60 .60
3750 00202 00202 00022 00202 .48 .48 .48 .48 .60 .60 .60 .60
3760 00202 00202 00022 00202 .48 .48 .48 .48 .60 .60 .60 .60
3770 00202 00202 00022 00202 .48 .48 .48 .48 .60 .60 .60 .60
3780 00202 00202 00022 00202 .48 .48 .48 .48 .60 .60 .60 .60
3790 00202 00202 00022 00202 .48 .48 .48 .48 .60 .60 .60 .60
3800 00202 00202 00022 00202 .48 .48 .48 .48 .60 .60 .60 .60
3810 00202 00202 00022 00202 .48 .48 .48 .48 .60 .60 .60 .60
3820 00202 00202 00022 00202 .48 .48 .48 .48 .60 .60 .60 .60
3830 00202 00202 00022 00202 .48 .48 .48 .48 .60 .60 .60 .60
3840 00202 00202 00022 00202 .48 .48 .48 .48 .60 .60 .60 .60
3850 00202 00202 00022 00202 .48 .48 .48 .48 .60 .60 .60 .60
3860 00202 00202 00022 00202 .48 .48 .48 .48 .60 .60 .60 .60
3870 00202 00202 00022 00202 .48 .48 .48 .48 .60 .60 .60 .60
3880 00202 00202 00022 00202 .48 .48 .48 .48 .60 .60 .60 .60
3890 00202 00202 00022 00202 .48 .48 .48 .48 .60 .60 .60 .60
3900 00202 00202 00022 00202 .48 .48 .48 .48 .60 .60 .60 .60
3910 00202 00202 00022 00202 .48 .48 .48 .48 .60 .60 .60 .60
3920 00202 00202 00022 00202 .48 .48 .48 .48 .60 .60 .60 .60
3930 00202 00202 00022 00202 .48 .48 .48 .48 .60 .60 .60 .60
3940 00202 00202 00022 00202 .48 .48 .48 .48 .60 .60 .60 .60
3950 00202 00202 00022 00202 .48 .48 .48 .48 .60 .60 .60 .60
3960 00202 00202 00022 00202 .48 .48 .48 .48 .60 .60 .60 .60
3970 20202 20202 00022 20202 .25 .25 .25 .25 .42 .42 .42 .42
3980 20202 20202 00022 20202 .25 .25 .25 .25 .42 .42 .42 .42
3990 20002 20002 00022 20002 .48 .48 .48 .48 .60 .60 .60 .60
4000 20002 20002 00022 20002 .48 .48 .48 .48 .60 .60 .60 .60
4010 20002 20002 00022 20002 .48 .48 .48 .48 .60 .60 .60 .60
4020 20002 20002 00022 20002 .48 .48 .48 .48 .60 .60 .60 .60
4030 20002 20002 00022 20002 .48 .48 .48 .48 .60 .60 .60 .60
4040 20022 20002 00022 20022 .50 .50 .50 .50 .62 .62 .62 .62
4050 20022 20002 02022 20022 .25 .25 .25 .25 .42 .42 .42 .42
4060 20022 20202 02022 20022 -0.04 -0.04 -0.04 -0.04 .21 .21 .21 .21
4070 20202 20202 02022 20202 -0.04 -0.04 -0.04 -0.04 .21 .21 .21 .21
4080 00202 00202 02022 00202 .25 .25 .25 .25 .42 .42 .42 .42
4090 00202 00202 02022 00202 .25 .25 .25 .25 .42 .42 .42 .42
4100 00202 00202 02022 00202 .25 .25 .25 .25 .42 .42 .42 .42
4110 00202 00202 02022 00202 .25 .25 .25 .25 .42 .42 .42 .42
4120 00202 00202 02022 00202 .25 .25 .25 .25 .42 .42 .42 .42
4130 00202 00202 02022 00202 .25 .25 .25 .25 .42 .42 .42 .42
4140 00202 00202 02022 00202 .25 .25 .25 .25 .42 .42 .42 .42
4150 00202 00202 02022 00202 .25 .25 .25 .25 .42 .42 .42 .42
4160 00202 00202 02022 00202 .25 .25 .25 .25 .42 .42 .42 .42
4170 00202 00202 02022 00202 .25 .25 .25 .25 .42 .42 .42 .42
4180 00202 00202 02022 00202 .25 .25 .25 .25 .42 .42 .42 .42
4190 00202 00202 02022 00202 .25 .25 .25 .25 .42 .42 .42 .42
4200 00202 00202 02022 00202 .25 .25 .25 .25 .42 .42 .42 .42
4210 00202 00202 02022 00202 .25 .25 .25 .25 .42 .42 .42 .42
4220 00202 00202 02022 00202 .25 .25 .25 .25 .42 .42 .42 .42
4230 00202 00202 02022 00202 .25 .25 .25 .25 .42 .42 .42 .42
4240 00202 00202 02022 00202 .25 .25 .25 .25 .42 .42 .42 .42
4250 00202 00202 02022 00202 .25 .25 .25 .25 .42 .42 .42 .42
4260 02202 00202 02022 02202 .25 .25 .25 .25 .42 .42 .42 .42
4270 02202 00202 02022 02202 .25 .25 .25 .25 .42 .42 .42 .42
4280 20202 00202 02022 00202 1.0 1.0 1.0 1.0 .24 .24 .24 .24
4290 20022 20202 02022 20022 -0.04 -0.04 -0.04 -0.04 .21 .21 .21 .21
4300 20002 20002 02022 20002 .25 .25 .25 .25 .42 .42 .42 .42
4310 20002 20002 02022 20002 .25 .25 .25 .25 .42 .42 .42 .42
4320 20002 20002 02022 20002 .25 .25 .25 .25 .42 .42 .42 .42
4330 20002 20002 02022 20002 .25 .25 .25 .25 .42 .42 .42 .42
4340 20002 20002 02022 20002 .25 .25 .25 .25 .42 .42 .42 .42
4350 20002 20002 02022 20002 .25 .25 .25 .25 .42 .42 .42 .42
4360 20000 20000 02022 20000 -0.12 -0.12 -0.12 -0.12 .10 .10 .10 .10
4370 20000 20000 02022 20000 -0.12 -0.12 -0.12 -0.12 .10 .10 .10 .10
4380 20000 20000 02022 20000 -0.12 -0.12 -0.12 -0.12 .10 .10 .10 .10
4390 20000 20000 02022 20000 -0.12 -0.12 -0.12 -0.12 .10 .10 .10 .10
4400 20000 20000 02022 20000 -0.12 -0.12 -0.12 -0.12 .10 .10 .10 .10
4410 20000 20000 02022 20000 -0.12 -0.12 -0.12 -0.12 .10 .10 .10 .10
4420 20000 20000 02022 20000 -0.12 -0.12 -0.12 -0.12 .10 .10 .10 .10
4430 20000 20000 02022 20000 -0.12 -0.12 -0.12 -0.12 .10 .10 .10 .10
4440 20000 20000 02022 20000 -0.12 -0.12 -0.12 -0.12 .10 .10 .10 .10
4450 20000 20000 02022 20000 -0.12 -0.12 -0.12 -0.12 .10 .10 .10 .10
4460 20000 20000 02022 20000 -0.12 -0.12 -0.12 -0.12 .10 .10 .10 .10
4470 20000 20000 02002 20000 .05 .05 .05 .05 .24 .24 .24 .24
4480 20000 20000 02002 20000 .05 .05 .05 .05 .24 .24 .24 .24
4490 20000 20000 02002 20000 .05 .05 .05 .05 .24 .24 .24 .24
4500 20000 20000 02002 20000 .05 .05 .05 .05 .24 .24 .24 .24
4510 20000 20000 02002 20000 .05 .05 .05 .05 .24 .24 .24 .24
4520 20000 20000 02002 20000 .05 .05 .05 .05 .24 .24 .24 .24
4530 20000 20000 02002 20000 .05 .05 .05 .05 .24 .24 .24 .24
4540 20200 20200 02002 20200 -0.04 -0.04 -0.04 -0.04 .21 .21 .21 .21
4550 20200 20200 02002 20200 -0.04 -0.04 -0.04 -0.04 .21 .21 .21 .21
4560 00200 00200 02002 00200 .05 .05 .05 .05 .24 .24 .24 .24
4570 00200 00200 02002 00200 .05 .05 .05 .05 .24 .24 .24 .24
4580 00200 00200 02002 00200 .05 .05 .05 .05 .24 .24 .24 .24
4590 00200 00200 02002 00200 .05 .05 .05 .05 .24 .24 .24 .24
4600 00200 00200 02002 00200 .05 .05 .05 .05 .24 .24 .24 .24
4610 00200 00200 02002 00200 .05 .05 .05 .05 .24 .24 .24 .24
4620 00200 00200 02002 00200 .05 .05 .05 .05 .24 .24 .24 .24
4630 00200 00200 02002 00200 .05 .05 .05 .05 .24 .24 .24 .24
4640 00200 00200 02002 00200 .05 .05 .05 .05 .24 .24 .24 .24
4650 00200 00200 02002 00200 .05 .05 .05 .05 .24 .24 .24 .24
4660 00200 00200 02002 00200 .05 .05 .05 .05 .24 .24 .24 .24
4670 00200 00200 02002 00200 .05 .05 .05 .05 .24 .24 .24 .24
4680 00200 00200 02002 00200 .05 .05 .05 .05 .24 .24 .24 .24
4690 00200 00200 02002 00200 .05 .05 .05 .05 .24 .24 .24 .24
4700 00200 00200 02002 00200 .05 .05 .05 .05 .24 .24 .24 .24
4710 00200 00200 02002 00200 .05 .05 .05 .05 .24 .24 .24 .24
4720 00200 00200 02002 00200 .05 .05 .05 .05 .24 .24 .24 .24
4730 00200 00200 02002 00200 .05 .05 .05 .05 .24 .24 .24 .24
4740 00200 00200 02002 00200 .05 .05 .05 .05 .24 .24 .24 .24
4750 00200 00200 02002 00200 .05 .05 .05 .05 .24 .24 .24 .24
4760 00200 00200 02002 00200 .05 .05 .05 .05 .24 .24 .24 .24
4770 00200 00200 02002 00200 .05 .05 .05 .05 .24 .24 .24 .24
4780 00200 00200 02022 00200 -0.12 -0.12 -0.12 -0.12 .10 .10 .10 .10
4790 00200 00200 02022 00200 -0.12 -0.12 -0.12 -0.12 .10 .10 .10 .10
4800 00200 00200 02022 00200 -0.12 -0.12 -0.12 -0.12 .10 .10 .10 .10
4810 00200 00200 02022 00200 -0.12 -0.12 -0.12 -0.12 .10 .10 .10 .10
4820 00200 00200 02022 00200 -0.12 -0.12 -0.12 -0.12 .10 .10 .10 .10
4830 00201 00200 02022 00201 -0.07 -0.07 -0.08 -0.04 .18 .16 .14 .20
4840 00201 00200 02022 00201 -0.07 -0.07 -0.08 -0.04 .18 .16 .14 .20
4850 00201 00200 02022 00201 -0.07 -0.07 -0.08 -0.04 .18 .16 .14 .20
4860 00201 00200 02022 00201 -0.07 -0.07 -0.08 -0.04 .18 .16 .14 .20
4870 00201 00200 02022 00201 -0.07 -0.07 -0.08 -0.04 .18 .16 .14 .20
4880 00201 00200 02022 00201 -0.07 -0.07 -0.08 -0.04 .18 .16 .14 .20
4890 00201 00200 02022 00201 -0.07 -0.07 -0.08 -0.04 .18 .16 .14 .20
4900 00201 00201 02022 00201 .15 .06 .02 .24 .35 .26 .22 .41
4910 00201 00201 02022 00201 .15 .06 .02 .24 .35 .26 .22 .41
4920 00202 00201 02022 00202 .10 .14 .12 .23 .29 .35 .33 .41
4930 00202 00201 02022 00202 .10 .14 .12 .23 .29 .35 .33 .41
4940 00202 00202 02022 00202 .25 .25 .25 .25 .42 .42 .42 .42
4950 00202 00202 02022 00202 .25 .25 .25 .25 .42 .42 .42 .42
4960 00202 00202 02022 00202 .25 .25 .25 .25 .42 .42 .42 .42
4970 00202 00202 02022 00202 .25 .25 .25 .25 .42 .42 .42 .42
4980 00202 00202 02022 00202 .25 .25 .25 .25 .42 .42 .42 .42
4990 00202 00202 02022 00202 .25 .25 .25 .25 .42 .42 .42 .42
5000 00202 00202 02022 00202 .25 .25 .25 .25 .42 .42 .42 .42
5010 00202 00202 02022 00202 .25 .25 .25 .25 .42 .42 .42 .42
5020 00202 00202 02022 00202 .25 .25 .25 .25 .42 .42 .42 .42
5030 00202 00202 02022 00202 .25 .25 .25 .25 .42 .42 .42 .42
5040 00202 00202 02022 00202 .25 .25 .25 .25 .42 .42 .42 .42
5050 00202 00202 02022 00202 .25 .25 .25 .25 .42 .42 .42 .42
5060 02202 00202 02022 02202 .25 .25 .25 .25 .42 .42 .42 .42
5070 02202 20202 02022 02202 -0.04 -0.04 -0.04 -0.04 .21 .21 .21 .21
5080 02202 20202 02022 02202 -0.04 -0.04 -0.04 -0.04 .21 .21 .21 .21
5090 20202 20002 02022 20002 1.0 1.0 1.0 1.0 .24 .24 .24 .24
5100 20002 20002 02022 20002 .25 .25 .25 .25 .42 .42 .42 .42
5110 20002 20002 02022 20002 .25 .25 .25 .25 .42 .42 .42 .42
5120 20002 20002 02022 20002 .25 .25 .25 .25 .42 .42 .42 .42
5130 20002 20002 02022 20002 .25 .25 .25 .25 .42 .42 .42 .42
5140 20002 20002 02022 20002 .25 .25 .25 .25 .42 .42 .42 .42
5150 20002 20002 02022 20002 .25 .25 .25 .25 .42 .42 .42 .42
5160 20002 20002 02022 20002 .25 .25 .25 .25 .42 .42 .42 .42
5170 20002 20002 02022 20002 .25 .25 .25 .25 .42 .42 .42 .42
5180 20002 20002 02022 20002 .25 .25 .25 .25 .42 .42 .42 .42
5190 20022 20002 02022 20022 .25 .25 .25 .25 .42 .42 .42 .42
5200 20022 20002 02022 20022 .25 .25 .25 .25 .42 .42 .42 .42
5210 20002 20002 02022 20002 .25 .25 .25 .25 .42 .42 .42 .42
5220 20002 20002 02022 20002 .25 .25 .25 .25 .42 .42 .42 .42
5230 20002 20002 02022 20002 .25 .25 .25 .25 .42 .42 .42 .42
5240 20202 20002 02022 20002 1.0 1.0 1.0 1.0 .24 .24 .24 .24
5250 20202 20002 02022 20002 1.0 1.0 1.0 1.0 .24 .24 .24 .24
5260 02202 00202 02022 02202 .25 .25 .25 .25 .42 .42 .42 .42
5270 00202 00202 02022 00202 .25 .25 .25 .25 .42 .42 .42 .42
5280 00202 00202 02022 00202 .25 .25 .25 .25 .42 .42 .42 .42
5290 00202 00202 02022 00202 .25 .25 .25 .25 .42 .42 .42 .42
5300 00202 00202 02022 00202 .25 .25 .25 .25 .42 .42 .42 .42
5310 00202 00202 02022 00202 .25 .25 .25 .25 .42 .42 .42 .42
5320 00202 00202 02022 00202 .25 .25 .25 .25 .42 .42 .42 .42
5330 00202 00202 02022 00202 .25 .25 .25 .25 .42 .42 .42 .42
5340 00202 00202 02022 00202 .25 .25 .25 .25 .42 .42 .42 .42
5350 00202 00202 00022 00202 .48 .48 .48 .48 .60 .60 .60 .60
5360 00202 00202 00022 00202 .48 .48 .48 .48 .60 .60 .60 .60
5370 00202 00202 00022 00202 .48 .48 .48 .48 .60 .60 .60 .60
5380 00202 00202 00022 00202 .48 .48 .48 .48 .60 .60 .60 .60
5390 00202 00202 00022 00202 .48 .48 .48 .48 .60 .60 .60 .60
5400 00202 00202 00022 00202 .48 .48 .48 .48 .60 .60 .60 .60
5410 00202 00202 00022 00202 .48 .48 .48 .48 .60 .60 .60 .60
5420 00202 00202 00022 00202 .48 .48 .48 .48 .60 .60 .60 .60
5430 00202 00202 00022 00202 .48 .48 .48 .48 .60 .60 .60 .60
5440 00202 00202 00022 00202 .48 .48 .48 .48 .60 .60 .60 .60
5450 00202 00202 00022 00202 .48 .48 .48 .48 .60 .60 .60 .60
5460 00202 00202 00022 00202 .48 .48 .48 .48 .60 .60 .60 .60
5470 00202 00202 00022 00202 .48 .48 .48 .48 .60 .60 .60 .60
5480 00202 00202 00022 00202 .48 .48 .48 .48 .60 .60 .60 .60
5490 00202 00202 00022 00202 .48 .48 .48 .48 .60 .60 .60 .60
5500 00202 00202 00022 00202 .48 .48 .48 .48 .60 .60 .60 .60
5510 00202 00202 00022 00202 .48 .48 .48 .48 .60 .60 .60 .60
5520 00202 00202 00022 00202 .48 .48 .48 .48 .60 .60 .60 .60
5530 00202 00202 00022 00202 .48 .48 .48 .48 .60 .60 .60 .60
5540 00202 00202 00022 00202 .48 .48 .48 .48 .60 .60 .60 .60
5550 20202 00202 00022 00202 .25 .25 .25 .25 .42 .42 .42 .42
5560 20202 20202 00022 20202 .25 .25 .25 .25 .42 .42 .42 .42
5570 20022 20002 00022 20022 .50 .50 .50 .50 .62 .62 .62 .62
5580 20002 20002 00022 20002 .48 .48 .48 .48 .60 .60 .60 .60
5590 20002 20002 00022 20002 .48 .48 .48 .48 .60 .60 .60 .60
5600 20002 20002 00022 20002 .48 .48 .48 .48 .60 .60 .60 .60
5610 20002 20002 00022 20002 .48 .48 .48 .48 .60 .60 .60 .60
5620 20202 20202 00022 20202 .25 .25 .25 .25 .42 .42 .42 .42
5630 20202 20202 00022 20202 .25 .25 .25 .25 .42 .42 .42 .42
5640 00202 00202 00022 00202 .48 .48 .48 .48 .60 .60 .60 .60
5650 00202 00202 00022 00202 .48 .48 .48 .48 .60 .60 .60 .60
5660 00202 00202 00022 00202 .48 .48 .48 .48 .60 .60 .60 .60
5670 00202 00202 00022 00202 .48 .48 .48 .48 .60 .60 .60 .60
5680 00202 00202 00022 00202 .48 .48 .48 .48 .60 .60 .60 .60
5690 00202 00202 00022 00202 .48 .48 .48 .48 .60 .60 .60 .60
5700 00202 00202 00022 00202 .48 .48 .48 .48 .60 .60 .60 .60
5710 00202 00202 02022 00202 .25 .25 .25 .25 .42 .42 .42 .42
5720 00202 00202 02022 00202 .25 .25 .25 .25 .42 .42 .42 .42
5730 00202 00202 02022 00202 .25 .25 .25 .25 .42 .42 .42 .42
5740 00202 00202 02022 00202 .25 .25 .25 .25 .42 .42 .42 .42
5750 00202 00202 02022 00202 .25 .25 .25 .25 .42 .42 .42 .42
5760 00202 00202 02022 00202 .25 .25 .25 .25 .42 .42 .42 .42
5770 00202 00202 02022 00202 .25 .25 .25 .25 .42 .42 .42 .42
5780 00202 00202 02022 00202 .25 .25 .25 .25 .42 .42 .42 .42
5790 00202 00202 02022 00202 .25 .25 .25 .25 .42 .42 .42 .42
5800 00202 00202 02022 00202 .25 .25 .25 .25 .42 .42 .42 .42
5810 00202 00202 02022 00202 .25 .25 .25 .25 .42 .42 .42 .42
5820 00202 00202 02022 00202 .25 .25 .25 .25 .42 .42 .42 .42
5830 20202 20202 02022 20202 -0.04 -0.04 -0.04 -0.04 .21 .21 .21 .21
5840 20202 20202 02022 20202 -0.04 -0.04 -0.04 -0.04 .21 .21 .21 .21
5850 20002 20002 02022 20002 .25 .25 .25 .25 .42 .42 .42 .42
5860 20002 20002 02022 20002 .25 .25 .25 .25 .42 .42 .42 .42
5870 20002 20002 02022 20002 .25 .25 .25 .25 .42 .42 .42 .42
5880 20002 20002 02022 20002 .25 .25 .25 .25 .42 .42 .42 .42
5890 20002 20002 02022 20002 .25 .25 .25 .25 .42 .42 .42 .42
5900 20002 20002 02022 20002 .25 .25 .25 .25 .42 .42 .42 .42
5910 20002 20002 02022 20002 .25 .25 .25 .25 .42 .42 .42 .42
5920 20002 20002 02022 20002 .25 .25 .25 .25 .42 .42 .42 .42
5930 20002 20002 02022 20002 .25 .25 .25 .25 .42 .42 .42 .42
5940 20002 20002 02022 20002 .25 .25 .25 .25 .42 .42 .42 .42
5950 20002 20002 02022 20002 .25 .25 .25 .25 .42 .42 .42 .42
5960 20002 20002 02022 20002 .25 .25 .25 .25 .42 .42 .42 .42
5970 20000 20000 02022 20000 -0.12 -0.12 -0.12 -0.12 .10 .10 .10 .10
5980 20000 23000 02022 20000 -0.07 -0.00 1.0 -0.04 .09 .09 .08 .09
5990 20000 23000 02022 20000 -0.07 -0.00 1.0 -0.04 .09 .09 .08 .09
6000 20000 23000 02002 20000 .09 .17 .17 .16 .22 .23 .21 .24
6010 20000 23000 02002 20000 .09 .17 .17 .16 .22 .23 .21 .24
6020 20000 23000 02002 20000 .09 .17 .17 .16 .22 .23 .21 .24
6030 20000 23000 02002 20000 .09 .17 .17 .16 .22 .23 .21 .24
6040 20000 23000 02002 20000 .09 .17 .17 .16 .22 .23 .21 .24
6050 20000 23000 02002 20000 .09 .17 .17 .16 .22 .23 .21 .24
6060 20000 23000 02002 20000 .09 .17 .17 .16 .22 .23 .21 .24
6070 00000 03001 02002 00000 .14 .36 .32 .35 .08 .21 .19 .20
6080 00000 03001 02002 00000 .14 .36 .32 .35 .08 .21 .19 .20
6090 00000 00001 02002 00000 .08 .19 .11 .21 .04 .12 .06 .12
6100 00000 00001 02002 00000 .08 .19 .11 .21 .04 .12 .06 .12
6110 00000 00001 02002 00000 .08 .19 .11 .21 .04 .12 .06 .12
6120 00000 00001 02002 00000 .08 .19 .11 .21 .04 .12 .06 .12
6130 00000 00001 02002 00000 .08 .19 .11 .21 .04 .12 .06 .12
6140 00000 00001 02002 00000 .08 .19 .11 .21 .04 .12 .06 .12
6150 20000 20001 02002 20000 .09 .14 .11 .15 .22 .26 .26 .24
6160 20000 20000 02002 20000 .05 .05 .05 .05 .24 .24 .24 .24
6170 20000 20000 02002 20000 .05 .05 .05 .05 .24 .24 .24 .24
6180 20000 20000 02002 20000 .05 .05 .05 .05 .24 .24 .24 .24
6190 20000 20000 02002 20000 .05 .05 .05 .05 .24 .24 .24 .24
6200 20000 20000 02002 20000 .05 .05 .05 .05 .24 .24 .24 .24
6210 20000 20000 02002 20000 .05 .05 .05 .05 .24 .24 .24 .24
6220 20000 20000 02002 20000 .05 .05 .05 .05 .24 .24 .24 .24
6230 20000 20000 02002 20000 .05 .05 .05 .05 .24 .24 .24 .24
6240 20000 20000 02002 20000 .05 .05 .05 .05 .24 .24 .24 .24
6250 20000 20000 02002 20000 .05 .05 .05 .05 .24 .24 .24 .24
6260 20000 20000 02002 20000 .05 .05 .05 .05 .24 .24 .24 .24
6270 20000 20000 02002 20000 .05 .05 .05 .05 .24 .24 .24 .24
6280 20000 20000 02002 20000 .05 .05 .05 .05 .24 .24 .24 .24
6290 20000 20000 02002 20000 .05 .05 .05 .05 .24 .24 .24 .24
6300 20000 20000 02002 20000 .05 .05 .05 .05 .24 .24 .24 .24
6310 20000 20000 02002 20000 .05 .05 .05 .05 .24 .24 .24 .24
6320 20000 20000 02002 20000 .05 .05 .05 .05 .24 .24 .24 .24
6330 20000 20000 02002 20000 .05 .05 .05 .05 .24 .24 .24 .24
6340 20000 20000 02002 20000 .05 .05 .05 .05 .24 .24 .24 .24
6350 20000 20000 02002 20000 .05 .05 .05 .05 .24 .24 .24 .24
6360 20020 20000 02022 20020 -0.04 -0.04 -0.04 -0.04 .21 .21 .21 .21
6370 20020 20200 02022 20020 -0.25 -0.25 -0.25 -0.25 .04 .04 .04 .04
6380 20200 20200 02022 20200 -0.25 -0.25 -0.25 -0.25 .04 .04 .04 .04
6390 20200 20200 02022 20200 -0.25 -0.25 -0.25 -0.25 .04 .04 .04 .04
6400 02200 00200 02022 02200 -0.04 -0.04 -0.04 -0.04 .21 .21 .21 .21
6410 02200 00200 02022 02200 -0.04 -0.04 -0.04 -0.04 .21 .21 .21 .21
6420 00200 00200 02022 00200 -0.12 -0.12 -0.12 -0.12 .10 .10 .10 .10
6430 00200 00200 02022 00200 -0.12 -0.12 -0.12 -0.12 .10 .10 .10 .10
6440 00200 00200 02022 00200 -0.12 -0.12 -0.12 -0.12 .10 .10 .10 .10
6450 00200 00200 02022 00200 -0.12 -0.12 -0.12 -0.12 .10 .10 .10 .10
6460 00200 00200 02022 00200 -0.12 -0.12 -0.12 -0.12 .10 .10 .10 .10
6470 00200 00200 02022 00200 -0.12 -0.12 -0.12 -0.12 .10 .10 .10 .10
6480 00200 00200 02022 00200 -0.12 -0.12 -0.12 -0.12 .10 .10 .10 .10
6490 00200 00200 02022 00200 -0.12 -0.12 -0.12 -0.12 .10 .10 .10 .10
6500 00200 00200 02022 00200 -0.12 -0.12 -0.12 -0.12 .10 .10 .10 .10
6510 00200 00200 02022 00200 -0.12 -0.12 -0.12 -0.12 .10 .10 .10 .10
6520 00201 00200 02022 00201 -0.07 -0.07 -0.08 -0.04 .18 .16 .14 .20
6530 00201 00200 02022 00201 -0.07 -0.07 -0.08 -0.04 .18 .16 .14 .20
6540 00201 00200 02022 00201 -0.07 -0.07 -0.08 -0.04 .18 .16 .14 .20
6550 00201 00201 02022 00201 .15 .06 .02 .24 .35 .26 .22 .41
6560 00201 00201 02022 00201 .15 .06 .02 .24 .35 .26 .22 .41
6570 00201 00201 02022 00201 .15 .06 .02 .24 .35 .26 .22 .41
6580 00202 00201 02022 00202 .10 .14 .12 .23 .29 .35 .33 .41
6590 00202 00201 02022 00202 .10 .14 .12 .23 .29 .35 .33 .41
6600 00202 00202 02022 00202 .25 .25 .25 .25 .42 .42 .42 .42
6610 00202 00202 02022 00202 .25 .25 .25 .25 .42 .42 .42 .42
6620 00202 00202 02022 00202 .25 .25 .25 .25 .42 .42 .42 .42
6630 00202 00202 02022 00202 .25 .25 .25 .25 .42 .42 .42 .42
6640 00202 00202 02022 00202 .25 .25 .25 .25 .42 .42 .42 .42
6650 00202 00202 00022 00202 .48 .48 .48 .48 .60 .60 .60 .60
6660 00202 00202 00022 00202 .48 .48 .48 .48 .60 .60 .60 .60
6670 00202 00202 00022 00202 .48 .48 .48 .48 .60 .60 .60 .60
6680 00202 00202 00022 00202 .48 .48 .48 .48 .60 .60 .60 .60
6690 00202 00202 00022 00202 .48 .48 .48 .48 .60 .60 .60 .60
6700 00202 00202 00022 00202 .48 .48 .48 .48 .60 .60 .60 .60
6710 00202 00202 00022 00202 .48 .48 .48 .48 .60 .60 .60 .60
6720 00202 00202 00022 00202 .48 .48 .48 .48 .60 .60 .60 .60
6730 00202 00202 00022 00202 .48 .48 .48 .48 .60 .60 .60 .60
6740 00202 00202 00022 00202 .48 .48 .48 .48 .60 .60 .60 .60
6750 00202 00202 00022 00202 .48 .48 .48 .48 .60 .60 .60 .60
6760 00202 00202 00022 00202 .48 .48 .48 .48 .60 .60 .60 .60
6770 00202 00202 00022 00202 .48 .48 .48 .48 .60 .60 .60 .60
6780 00202 00202 00022 00202 .48 .48 .48 .48 .60 .60 .60 .60
6790 00202 00202 00022 00202 .48 .48 .48 .48 .60 .60 .60 .60
6800 00202 00202 00022 00202 .48 .48 .48 .48 .60 .60 .60 .60
6810 00202 00202 00022 00202 .48 .48 .48 .48 .60 .60 .60 .60
6820 00202 00202 00022 00202 .48 .48 .48 .48 .60 .60 .60 .60
6830 00202 00202 00022 00202 .48 .48 .48 .48 .60 .60 .60 .60
6840 00202 00202 00022 00202 .48 .48 .48 .48 .60 .60 .60 .60
6850 00202 00202 00022 00202 .48 .48 .48 .48 .60 .60 .60 .60
6860 00202 00202 00022 00202 .48 .48 .48 .48 .60 .60 .60 .60
6870 00202 00202 00022 00202 .48 .48 .48 .48 .60 .60 .60 .60
6880 00202 00202 00022 00202 .48 .48 .48 .48 .60 .60 .60 .60
6890 00202 00202 00022 00202 .48 .48 .48 .48 .60 .60 .60 .60
6900 00202 00202 00022 00202 .48 .48 .48 .48 .60 .60 .60 .60
6910 00002 00002 00022 00002 .68 .68 .68 .68 .75 .75 .75 .75
6920 00002 00002 00022 00002 .68 .68 .68 .68 .75 .75 .75 .75
6930 00002 00002 00022 00002 .68 .68 .68 .68 .75 .75 .75 .75
6940 00002 00002 00022 00002 .68 .68 .68 .68 .75 .75 .75 .75
6950 00002 00002 00022 00002 .68 .68 .68 .68 .75 .75 .75 .75
6960 00202 00202 00022 00202 .48 .48 .48 .48 .60 .60 .60 .60
6970 00202 00202 00022 00202 .48 .48 .48 .48 .60 .60 .60 .60
6980 00202 00202 00022 00202 .48 .48 .48 .48 .60 .60 .60 .60
6990 00202 00202 00022 00202 .48 .48 .48 .48 .60 .60 .60 .60
7000 00202 00202 00022 00202 .48 .48 .48 .48 .60 .60 .60 .60
7010 00202 00202 00022 00202 .48 .48 .48 .48 .60 .60 .60 .60
7020 00202 00202 00022 00202 .48 .48 .48 .48 .60 .60 .60 .60
7030 00202 00202 00022 00202 .48 .48 .48 .48 .60 .60 .60 .60
7040 00202 00202 00022 00202 .48 .48 .48 .48 .60 .60 .60 .60
7050 00002 00202 00022 00002 .44 .44 .44 .44 .55 .55 .55 .55
7060 00002 00002 00022 00002 .68 .68 .68 .68 .75 .75 .75 .75
7070 00002 00002 00022 00002 .68 .68 .68 .68 .75 .75 .75 .75
7080 00002 00002 00022 00002 .68 .68 .68 .68 .75 .75 .75 .75
7090 00002 00002 00022 00002 .68 .68 .68 .68 .75 .75 .75 .75
7100 00022 00002 00022 00022 .72 .72 .72 .72 .79 .79 .79 .79
7110 00022 00032 00022 00022 .76 .96 .95 .99 .82 .97 .96 .99
7120 00022 00032 00022 00022 .76 .96 .95 .99 .82 .97 .96 .99
7130 00022 00032 00022 00022 .76 .96 .95 .99 .82 .97 .96 .99
7140 00022 00032 00022 00022 .76 .96 .95 .99 .82 .97 .96 .99
7150 00022 00032 00022 00022 .76 .96 .95 .99 .82 .97 .96 .99
7160 00202 00232 00022 00202 .44 .43 .43 .50 .53 .47 .46 .55
7170 00202 00232 00022 00202 .44 .43 .43 .50 .53 .47 .46 .55
7180 00202 00232 00022 00202 .44 .43 .43 .50 .53 .47 .46 .55
7190 00202 00232 00022 00202 .44 .43 .43 .50 .53 .47 .46 .55
7200 00202 00232 00022 00202 .44 .43 .43 .50 .53 .47 .46 .55
7210 00202 00232 00022 00202 .44 .43 .43 .50 .53 .47 .46 .55
7220 00202 00232 00022 00202 .44 .43 .43 .50 .53 .47 .46 .55
7230 00202 00232 00022 00202 .44 .43 .43 .50 .53 .47 .46 .55
7240 00202 00232 00022 00202 .44 .43 .43 .50 .53 .47 .46 .55
7250 00202 00232 00022 00202 .44 .43 .43 .50 .53 .47 .46 .55
7260 00202 00232 00022 00202 .44 .43 .43 .50 .53 .47 .46 .55
7270 00202 00232 00022 00202 .44 .43 .43 .50 .53 .47 .46 .55
7280 00202 00202 00022 00202 .48 .48 .48 .48 .60 .60 .60 .60
7290 00202 00202 00022 00202 .48 .48 .48 .48 .60 .60 .60 .60
7300 00202 00202 00022 00202 .48 .48 .48 .48 .60 .60 .60 .60
7310 00202 00202 00022 00202 .48 .48 .48 .48 .60 .60 .60 .60
7320 00202 00202 00022 00202 .48 .48 .48 .48 .60 .60 .60 .60
7330 00202 00202 00022 00202 .48 .48 .48 .48 .60 .60 .60 .60
7340 00202 00202 00022 00202 .48 .48 .48 .48 .60 .60 .60 .60
7350 00202 00202 00022 00202 .48 .48 .48 .48 .60 .60 .60 .60
7360 00202 00202 00022 00202 .48 .48 .48 .48 .60 .60 .60 .60
7370 00002 00002 00022 00002 .68 .68 .68 .68 .75 .75 .75 .75
7380 00002 00002 00022 00002 .68 .68 .68 .68 .75 .75 .75 .75
7390 00002 00002 00022 00002 .68 .68 .68 .68 .75 .75 .75 .75
7400 00002 00002 00022 00002 .68 .68 .68 .68 .75 .75 .75 .75
7410 00002 00002 00022 00002 .68 .68 .68 .68 .75 .75 .75 .75
7420 00202 00202 00022 00202 .48 .48 .48 .48 .60 .60 .60 .60
7430 00022 00002 00022 00022 .72 .72 .72 .72 .79 .79 .79 .79
7440 00022 00002 00022 00022 .72 .72 .72 .72 .79 .79 .79 .79
7450 00022 00002 00022 00022 .72 .72 .72 .72 .79 .79 .79 .79
7460 00022 00002 00022 00022 .72 .72 .72 .72 .79 .79 .79 .79
7470 00022 00202 00022 00022 .48 .48 .48 .48 .60 .60 .60 .60
7480 00202 00202 00022 00202 .48 .48 .48 .48 .60 .60 .60 .60
7490 00202 00202 00022 00202 .48 .48 .48 .48 .60 .60 .60 .60
7500 00202 00202 00022 00202 .48 .48 .48 .48 .60 .60 .60 .60
7510 00202 00202 00022 00202 .48 .48 .48 .48 .60 .60 .60 .60
7520 00202 00202 00022 00202 .48 .48 .48 .48 .60 .60 .60 .60
7530 00202 00202 00022 00202 .48 .48 .48 .48 .60 .60 .60 .60
7540 00202 00202 00022 00202 .48 .48 .48 .48 .60 .60 .60 .60
7550 00202 00202 00022 00202 .48 .48 .48 .48 .60 .60 .60 .60
7560 00202 00202 00022 00202 .48 .48 .48 .48 .60 .60 .60 .60
7570 00202 00202 00022 00202 .48 .48 .48 .48 .60 .60 .60 .60
7580 00202 00202 00022 00202 .48 .48 .48 .48 .60 .60 .60 .60
7590 00202 00202 00022 00202 .48 .48 .48 .48 .60 .60 .60 .60
7600 00202 00202 00022 00202 .48 .48 .48 .48 .60 .60 .60 .60
7610 00202 00202 00022 00202 .48 .48 .48 .48 .60 .60 .60 .60
7620 00202 00202 00022 00202 .48 .48 .48 .48 .60 .60 .60 .60
7630 00202 00202 00022 00202 .48 .48 .48 .48 .60 .60 .60 .60
7640 00202 00202 00022 00202 .48 .48 .48 .48 .60 .60 .60 .60
7650 00202 00202 00022 00202 .48 .48 .48 .48 .60 .60 .60 .60
7660 00202 00202 00022 00202 .48 .48 .48 .48 .60 .60 .60 .60
7670 00202 00202 00022 00202 .48 .48 .48 .48 .60 .60 .60 .60
7680 00202 00202 00022 00202 .48 .48 .48 .48 .60 .60 .60 .60
7690 02202 20202 00022 00202 1.0 1.0 1.0 1.0 .24 .24 .24 .24
7700 20022 20002 00022 20022 .50 .50 .50 .50 .62 .62 .62 .62
7710 20002 20002 00022 20002 .48 .48 .48 .48 .60 .60 .60 .60
7720 20002 20002 00022 20002 .48 .48 .48 .48 .60 .60 .60 .60
7730 20002 20002 00022 20002 .48 .48 .48 .48 .60 .60 .60 .60
7740 20002 20002 00022 20002 .48 .48 .48 .48 .60 .60 .60 .60
7750 20002 20002 00022 20002 .48 .48 .48 .48 .60 .60 .60 .60
7760 20002 20002 00022 20002 .48 .48 .48 .48 .60 .60 .60 .60
7770 20002 20002 00022 20002 .48 .48 .48 .48 .60 .60 .60 .60
7780 20000 20000 00022 20000 .05 .05 .05 .05 .24 .24 .24 .24
7790 20000 20000 00022 20000 .05 .05 .05 .05 .24 .24 .24 .24
7800 20000 20000 00022 20000 .05 .05 .05 .05 .24 .24 .24 .24
7810 20000 20000 00022 20000 .05 .05 .05 .05 .24 .24 .24 .24
7820 20000 20000 00022 20000 .05 .05 .05 .05 .24 .24 .24 .24
7830 20000 20000 00022 20000 .05 .05 .05 .05 .24 .24 .24 .24
7840 20000 20000 00022 20000 .05 .05 .05 .05 .24 .24 .24 .24
7850 20000 20000 00022 20000 .05 .05 .05 .05 .24 .24 .24 .24
7860 20000 20000 00022 20000 .05 .05 .05 .05 .24 .24 .24 .24
7870 20000 20000 00022 20000 .05 .05 .05 .05 .24 .24 .24 .24
7880 20000 20000 00022 20000 .05 .05 .05 .05 .24 .24 .24 .24
7890 20000 20000 00022 20000 .05 .05 .05 .05 .24 .24 .24 .24
7900 20000 20000 00022 20000 .05 .05 .05 .05 .24 .24 .24 .24
7910 20000 20000 00022 20000 .05 .05 .05 .05 .24 .24 .24 .24
7920 20000 20000 00002 20000 .22 .22 .22 .22 .41 .41 .41 .41
7930 20000 20000 00002 20000 .22 .22 .22 .22 .41 .41 .41 .41
7940 20200 20000 00002 20000 .05 .05 .05 .05 .24 .24 .24 .24
7950 20200 20200 00002 20200 .16 .16 .16 .16 .37 .37 .37 .37
7960 02200 00200 00002 00200 .05 .05 .05 .05 .24 .24 .24 .24
7970 02200 00200 00002 00200 .05 .05 .05 .05 .24 .24 .24 .24
7980 02200 00200 00002 00200 .05 .05 .05 .05 .24 .24 .24 .24
7990 02200 00200 00002 00200 .05 .05 .05 .05 .24 .24 .24 .24
8000 02200 00200 00002 00200 .05 .05 .05 .05 .24 .24 .24 .24
8010 00200 00200 00002 00200 .22 .22 .22 .22 .41 .41 .41 .41
8020 00200 00200 00002 00200 .22 .22 .22 .22 .41 .41 .41 .41
8030 00200 00200 00002 00200 .22 .22 .22 .22 .41 .41 .41 .41
8040 00200 00200 00002 00200 .22 .22 .22 .22 .41 .41 .41 .41
8050 00200 00200 00002 00200 .22 .22 .22 .22 .41 .41 .41 .41
8060 00200 00200 00002 00200 .22 .22 .22 .22 .41 .41 .41 .41
8070 00200 00200 00002 00200 .22 .22 .22 .22 .41 .41 .41 .41
8080 00200 00200 00002 00200 .22 .22 .22 .22 .41 .41 .41 .41
8090 02200 20200 00002 00200 -0.12 -0.12 -0.12 -0.12 .10 .10 .10 .10
8100 20000 20000 00002 20000 .22 .22 .22 .22 .41 .41 .41 .41
8110 20000 20000 00002 20000 .22 .22 .22 .22 .41 .41 .41 .41
8120 20000 20000 00002 20000 .22 .22 .22 .22 .41 .41 .41 .41
8130 20000 20000 00002 20000 .22 .22 .22 .22 .41 .41 .41 .41
8140 20020 20000 00002 20000 .05 .05 .05 .05 .24 .24 .24 .24
8150 20200 20200 00002 20200 .16 .16 .16 .16 .37 .37 .37 .37
8160 20200 20200 00002 20200 .16 .16 .16 .16 .37 .37 .37 .37
8170 20200 20200 00002 20200 .16 .16 .16 .16 .37 .37 .37 .37
8180 20200 20200 00002 20200 .16 .16 .16 .16 .37 .37 .37 .37
8190 02200 00200 00002 00200 .05 .05 .05 .05 .24 .24 .24 .24
8200 00200 00200 00002 00200 .22 .22 .22 .22 .41 .41 .41 .41
8210 00200 00200 00002 00200 .22 .22 .22 .22 .41 .41 .41 .41
8220 00200 00200 00002 00200 .22 .22 .22 .22 .41 .41 .41 .41
8230 00200 00200 00002 00200 .22 .22 .22 .22 .41 .41 .41 .41
8240 00200 00200 00002 00200 .22 .22 .22 .22 .41 .41 .41 .41
8250 00200 00200 00002 00200 .22 .22 .22 .22 .41 .41 .41 .41
8260 00200 00200 00002 00200 .22 .22 .22 .22 .41 .41 .41 .41
8270 00200 00200 00002 00200 .22 .22 .22 .22 .41 .41 .41 .41
8280 00200 00200 00002 00200 .22 .22 .22 .22 .41 .41 .41 .41
8290 00201 00200 00002 00201 .26 .36 .33 .35 .45 .54 .51 .54
8300 00201 00200 00002 00201 .26 .36 .33 .35 .45 .54 .51 .54
8310 00201 00201 00002 00201 .50 .62 .52 .69 .63 .71 .63 .77
8320 00201 00201 00002 00201 .50 .62 .52 .69 .63 .71 .63 .77
8330 00201 00201 00002 00201 .50 .62 .52 .69 .63 .71 .63 .77
8340 00201 00201 00002 00201 .50 .62 .52 .69 .63 .71 .63 .77
8350 00201 00201 00022 00201 .32 .33 .26 .46 .49 .48 .41 .59
8360 00201 00201 00022 00201 .32 .33 .26 .46 .49 .48 .41 .59
8370 00201 00201 00022 00201 .32 .33 .26 .46 .49 .48 .41 .59
8380 00202 00202 00022 00202 .48 .48 .48 .48 .60 .60 .60 .60
8390 00202 00202 00022 00202 .48 .48 .48 .48 .60 .60 .60 .60
8400 00202 00202 00022 00202 .48 .48 .48 .48 .60 .60 .60 .60
8410 00202 00202 00022 00202 .48 .48 .48 .48 .60 .60 .60 .60
8420 00202 00202 00022 00202 .48 .48 .48 .48 .60 .60 .60 .60
8430 00202 00202 00022 00202 .48 .48 .48 .48 .60 .60 .60 .60
8440 00202 00202 00022 00202 .48 .48 .48 .48 .60 .60 .60 .60
8450 00202 00202 00022 00202 .48 .48 .48 .48 .60 .60 .60 .60
8460 00202 00202 00022 00202 .48 .48 .48 .48 .60 .60 .60 .60
8470 00202 00202 00022 00202 .48 .48 .48 .48 .60 .60 .60 .60
8480 00202 00202 00022 00202 .48 .48 .48 .48 .60 .60 .60 .60
8490 00202 00202 00022 00202 .48 .48 .48 .48 .60 .60 .60 .60
8500 00202 00202 00022 00202 .48 .48 .48 .48 .60 .60 .60 .60
8510 00202 04202 00022 00202 .32 .12 .02 .26 .47 .30 .19 .43
8520 00202 04202 00022 00202 .32 .12 .02 .26 .47 .30 .19 .43
8530 00202 04202 00022 00202 .32 .12 .02 .26 .47 .30 .19 .43
8540 00202 04202 00022 00202 .32 .12 .02 .26 .47 .30 .19 .43
8550 00202 04202 00022 00202 .32 .12 .02 .26 .47 .30 .19 .43
8560 00202 04202 00022 00202 .32 .12 .02 .26 .47 .30 .19 .43
8570 00202 04202 00022 00202 .32 .12 .02 .26 .47 .30 .19 .43
8580 00202 00202 00022 00202 .48 .48 .48 .48 .60 .60 .60 .60
8590 00202 00202 00022 00202 .48 .48 .48 .48 .60 .60 .60 .60
8600 00202 00202 00022 00202 .48 .48 .48 .48 .60 .60 .60 .60
8610 00202 00202 00022 00202 .48 .48 .48 .48 .60 .60 .60 .60
8620 00202 00202 00022 00202 .48 .48 .48 .48 .60 .60 .60 .60
8630 00202 00202 00022 00202 .48 .48 .48 .48 .60 .60 .60 .60
8640 02202 00202 00022 00202 .25 .25 .25 .25 .42 .42 .42 .42
8650 02202 20202 00022 00202 1.0 1.0 1.0 1.0 .24 .24 .24 .24
8660 02202 20202 00022 00202 1.0 1.0 1.0 1.0 .24 .24 .24 .24
8670 02202 20202 00022 00202 1.0 1.0 1.0 1.0 .24 .24 .24 .24
8680 20202 20202 00022 20202 .25 .25 .25 .25 .42 .42 .42 .42
8690 20022 20002 00022 20022 .50 .50 .50 .50 .62 .62 .62 .62
8700 20002 20002 00022 20002 .48 .48 .48 .48 .60 .60 .60 .60
8710 20002 20002 02022 20002 .25 .25 .25 .25 .42 .42 .42 .42
8720 20002 20002 02022 20002 .25 .25 .25 .25 .42 .42 .42 .42
8730 20002 20002 02022 20002 .25 .25 .25 .25 .42 .42 .42 .42
8740 20002 20042 02022 20002 .22 .20 .17 .25 .36 .29 .23 .37
8750 20002 20042 02022 20002 .22 .20 .17 .25 .36 .29 .23 .37
8760 20002 20042 02022 20002 .22 .20 .17 .25 .36 .29 .23 .37
8770 20000 20040 02022 20000 -0.07 -0.00 .02 -0.04 .09 .09 .07 .09
8780 20000 20040 02022 20000 -0.07 -0.00 .02 -0.04 .09 .09 .07 .09
8790 20000 20040 02022 20000 -0.07 -0.00 .02 -0.04 .09 .09 .07 .09
8800 20000 20040 02022 20000 -0.07 -0.00 .02 -0.04 .09 .09 .07 .09
8810 20000 20040 02022 20000 -0.07 -0.00 .02 -0.04 .09 .09 .07 .09
8820 20000 20040 02022 20000 -0.07 -0.00 .02 -0.04 .09 .09 .07 .09
8830 20000 20040 02022 20000 -0.07 -0.00 .02 -0.04 .09 .09 .07 .09
8840 20000 20040 02022 20000 -0.07 -0.00 .02 -0.04 .09 .09 .07 .09
8850 20000 20040 02022 20000 -0.07 -0.00 .02 -0.04 .09 .09 .07 .09
8860 20000 20040 02022 20000 -0.07 -0.00 .02 -0.04 .09 .09 .07 .09
8870 20000 20040 02022 20000 -0.07 -0.00 .02 -0.04 .09 .09 .07 .09
8880 20000 20040 02022 20000 -0.07 -0.00 .02 -0.04 .09 .09 .07 .09
8890 20000 20040 02022 20000 -0.07 -0.00 .02 -0.04 .09 .09 .07 .09
8900 20000 20040 02022 20000 -0.07 -0.00 .02 -0.04 .09 .09 .07 .09
8910 20001 20000 02022 20001 -0.07 -0.07 -0.08 -0.04 .18 .16 .14 .20
8920 20001 20000 02022 20001 -0.07 -0.07 -0.08 -0.04 .18 .16 .14 .20
8930 00001 00000 02022 00001 -0.04 1.0 -0.05 .04 .14 .17 .06 .23
8940 00001 00000 02022 00001 -0.04 1.0 -0.05 .04 .14 .17 .06 .23
8950 00001 00000 02022 00001 -0.04 1.0 -0.05 .04 .14 .17 .06 .23
8960 00001 00000 02022 00001 -0.04 1.0 -0.05 .04 .14 .17 .06 .23
8970 00001 00000 02022 00001 -0.04 1.0 -0.05 .04 .14 .17 .06 .23
8980 00001 00000 02022 00001 -0.04 1.0 -0.05 .04 .14 .17 .06 .23
8990 00001 00000 02022 00001 -0.04 1.0 -0.05 .04 .14 .17 .06 .23
9000 00001 00000 02022 00001 -0.04 1.0 -0.05 .04 .14 .17 .06 .23
9010 00001 00000 02022 00001 -0.04 1.0 -0.05 .04 .14 .17 .06 .23
9020 00001 00000 02022 00001 -0.04 1.0 -0.05 .04 .14 .17 .06 .23
