0 00002 00002 04002 00002 .70 .55 .30 .68 .76 .64 .39 .75
10 00002 00002 04002 00002 .70 .55 .30 .68 .76 .64 .39 .75
20 00002 00002 04002 00002 .70 .55 .30 .68 .76 .64 .39 .75
30 00002 00002 00002 00002 1.00 1.00 1.00 1.00 1.00 1.00 1.00 1.00
40 00002 00002 00002 00002 1.00 1.00 1.00 1.00 1.00 1.00 1.00 1.00
50 00002 00002 00002 00002 1.00 1.00 1.00 1.00 1.00 1.00 1.00 1.00
60 00202 00202 00202 00202 1.00 1.00 1.00 1.00 1.00 1.00 1.00 1.00
70 00202 00200 00201 00202 .61 .76 .76 .71 .67 .80 .79 .78
80 00200 00200 00200 00200 1.00 1.00 1.00 1.00 1.00 1.00 1.00 1.00
90 00200 00200 00200 00200 1.00 1.00 1.00 1.00 1.00 1.00 1.00 1.00
100 00200 00200 00200 00200 1.00 1.00 1.00 1.00 1.00 1.00 1.00 1.00
110 00200 00200 00200 00200 1.00 1.00 1.00 1.00 1.00 1.00 1.00 1.00
120 00200 00200 00200 00200 1.00 1.00 1.00 1.00 1.00 1.00 1.00 1.00
130 00200 00200 00200 00200 1.00 1.00 1.00 1.00 1.00 1.00 1.00 1.00
140 00200 00200 00200 00200 1.00 1.00 1.00 1.00 1.00 1.00 1.00 1.00
150 00200 00200 00200 00200 1.00 1.00 1.00 1.00 1.00 1.00 1.00 1.00
160 00200 00200 00200 00200 1.00 1.00 1.00 1.00 1.00 1.00 1.00 1.00
170 00200 00200 00200 00200 1.00 1.00 1.00 1.00 1.00 1.00 1.00 1.00
180 00200 00200 00200 00200 1.00 1.00 1.00 1.00 1.00 1.00 1.00 1.00
190 02200 00200 00200 00200 .68 .68 .68 .68 .75 .75 .75 .75
200 20200 20200 20200 20200 1.00 1.00 1.00 1.00 1.00 1.00 1.00 1.00
210 20200 20200 20200 20200 1.00 1.00 1.00 1.00 1.00 1.00 1.00 1.00
220 20020 20000 20000 20000 .68 .68 .68 .68 .75 .75 .75 .75
230 20000 20000 20000 20000 1.00 1.00 1.00 1.00 1.00 1.00 1.00 1.00
240 20000 20000 20000 20000 1.00 1.00 1.00 1.00 1.00 1.00 1.00 1.00
250 20000 20000 20000 20000 1.00 1.00 1.00 1.00 1.00 1.00 1.00 1.00
260 20000 20000 20000 20000 1.00 1.00 1.00 1.00 1.00 1.00 1.00 1.00
270 20000 20000 20000 20000 1.00 1.00 1.00 1.00 1.00 1.00 1.00 1.00
280 20000 20000 20000 20000 1.00 1.00 1.00 1.00 1.00 1.00 1.00 1.00
290 20000 20000 20000 20000 1.00 1.00 1.00 1.00 1.00 1.00 1.00 1.00
300 20000 20000 20000 20000 1.00 1.00 1.00 1.00 1.00 1.00 1.00 1.00
310 20000 20000 20000 20000 1.00 1.00 1.00 1.00 1.00 1.00 1.00 1.00
320 20000 20000 20000 20000 1.00 1.00 1.00 1.00 1.00 1.00 1.00 1.00
330 20000 20000 20000 20000 1.00 1.00 1.00 1.00 1.00 1.00 1.00 1.00
340 20000 20000 20000 20000 1.00 1.00 1.00 1.00 1.00 1.00 1.00 1.00
350 20000 20000 20000 20000 1.00 1.00 1.00 1.00 1.00 1.00 1.00 1.00
360 20000 20000 20000 20000 1.00 1.00 1.00 1.00 1.00 1.00 1.00 1.00
370 20020 20000 20000 20000 .68 .68 .68 .68 .75 .75 .75 .75
380 20200 20200 20000 20200 .72 .72 .72 .72 .79 .79 .79 .79
390 02200 20200 20200 20200 .48 .48 .48 .48 .60 .60 .60 .60
400 02200 00200 00200 00200 .68 .68 .68 .68 .75 .75 .75 .75
410 00200 00200 00200 00200 1.00 1.00 1.00 1.00 1.00 1.00 1.00 1.00
420 00200 00200 00200 00200 1.00 1.00 1.00 1.00 1.00 1.00 1.00 1.00
430 00200 00200 00200 00200 1.00 1.00 1.00 1.00 1.00 1.00 1.00 1.00
440 00200 00200 00200 00200 1.00 1.00 1.00 1.00 1.00 1.00 1.00 1.00
450 00200 00200 00200 00200 1.00 1.00 1.00 1.00 1.00 1.00 1.00 1.00
460 00200 00200 00200 00200 1.00 1.00 1.00 1.00 1.00 1.00 1.00 1.00
470 00201 00200 00200 00200 .70 .80 .90 .68 .76 .84 .93 .75
480 00201 00200 00201 00201 .75 .83 .90 .72 .82 .87 .93 .79
490 00201 00200 00201 00201 .75 .83 .90 .72 .82 .87 .93 .79
500 00201 00200 00201 00201 .75 .83 .90 .72 .82 .87 .93 .79
510 00201 00200 00201 00201 .75 .83 .90 .72 .82 .87 .93 .79
520 00201 00201 00201 00201 1.00 1.00 1.00 1.00 1.00 1.00 1.00 1.00
530 00201 00201 00201 00201 1.00 1.00 1.00 1.00 1.00 1.00 1.00 1.00
540 00201 00201 00201 00201 1.00 1.00 1.00 1.00 1.00 1.00 1.00 1.00
550 00201 00201 00201 00201 1.00 1.00 1.00 1.00 1.00 1.00 1.00 1.00
560 00201 00201 00202 00201 .77 .96 .92 .97 .83 .97 .93 .98
570 00201 00201 00202 00201 .77 .96 .92 .97 .83 .97 .93 .98
580 00201 00201 00202 00201 .77 .96 .92 .97 .83 .97 .93 .98
590 00202 00202 00202 00202 1.00 1.00 1.00 1.00 1.00 1.00 1.00 1.00
600 00202 00202 00202 00202 1.00 1.00 1.00 1.00 1.00 1.00 1.00 1.00
610 00202 00202 00202 00202 1.00 1.00 1.00 1.00 1.00 1.00 1.00 1.00
620 00202 00202 00202 00202 1.00 1.00 1.00 1.00 1.00 1.00 1.00 1.00
630 00202 00202 00202 00202 1.00 1.00 1.00 1.00 1.00 1.00 1.00 1.00
640 00202 00202 00202 00202 1.00 1.00 1.00 1.00 1.00 1.00 1.00 1.00
650 00202 00202 00202 00202 1.00 1.00 1.00 1.00 1.00 1.00 1.00 1.00
660 00202 00202 00202 00202 1.00 1.00 1.00 1.00 1.00 1.00 1.00 1.00
670 00202 00202 00202 00202 1.00 1.00 1.00 1.00 1.00 1.00 1.00 1.00
680 00202 00202 00202 00202 1.00 1.00 1.00 1.00 1.00 1.00 1.00 1.00
690 00202 00202 00202 00202 1.00 1.00 1.00 1.00 1.00 1.00 1.00 1.00
700 00202 00202 00202 00202 1.00 1.00 1.00 1.00 1.00 1.00 1.00 1.00
710 00202 00242 00202 00202 .77 .53 .35 .75 .82 .64 .46 .81
720 00202 00242 00202 00202 .77 .53 .35 .75 .82 .64 .46 .81
730 00202 00242 00202 00202 .77 .53 .35 .75 .82 .64 .46 .81
740 00202 00242 00202 00202 .77 .53 .35 .75 .82 .64 .46 .81
750 00202 00242 00202 00202 .77 .53 .35 .75 .82 .64 .46 .81
760 00202 00242 00202 00202 .77 .53 .35 .75 .82 .64 .46 .81
770 00202 00242 00202 00202 .77 .53 .35 .75 .82 .64 .46 .81
780 00202 00242 00202 00202 .77 .53 .35 .75 .82 .64 .46 .81
790 20202 20242 00202 20202 .55 .23 .12 .49 .64 .39 .27 .61
800 20202 20242 20202 20202 .76 .36 .24 .73 .82 .51 .39 .79
810 20202 20242 20202 20202 .76 .36 .24 .73 .82 .51 .39 .79
820 20022 20042 20002 20022 .67 .61 .50 .74 .71 .72 .63 .80
830 20002 20002 20002 20002 1.00 1.00 1.00 1.00 1.00 1.00 1.00 1.00
840 20002 20002 20002 20002 1.00 1.00 1.00 1.00 1.00 1.00 1.00 1.00
850 20002 20002 20002 20002 1.00 1.00 1.00 1.00 1.00 1.00 1.00 1.00
860 20002 20002 20002 20002 1.00 1.00 1.00 1.00 1.00 1.00 1.00 1.00
870 20002 20002 20002 20002 1.00 1.00 1.00 1.00 1.00 1.00 1.00 1.00
880 20002 20002 20002 20002 1.00 1.00 1.00 1.00 1.00 1.00 1.00 1.00
890 20002 20002 20002 20002 1.00 1.00 1.00 1.00 1.00 1.00 1.00 1.00
900 20002 20002 20002 20002 1.00 1.00 1.00 1.00 1.00 1.00 1.00 1.00
910 20002 20002 20002 20002 1.00 1.00 1.00 1.00 1.00 1.00 1.00 1.00
920 20002 20002 20002 20002 1.00 1.00 1.00 1.00 1.00 1.00 1.00 1.00
930 20000 20000 20000 20000 1.00 1.00 1.00 1.00 1.00 1.00 1.00 1.00
940 20000 20000 20000 20000 1.00 1.00 1.00 1.00 1.00 1.00 1.00 1.00
950 20000 20000 20000 20000 1.00 1.00 1.00 1.00 1.00 1.00 1.00 1.00
960 20000 20000 20000 20000 1.00 1.00 1.00 1.00 1.00 1.00 1.00 1.00
970 20000 20000 20000 20000 1.00 1.00 1.00 1.00 1.00 1.00 1.00 1.00
980 20000 20000 20000 20000 1.00 1.00 1.00 1.00 1.00 1.00 1.00 1.00
990 20000 20000 20000 20000 1.00 1.00 1.00 1.00 1.00 1.00 1.00 1.00
1000 20000 20000 20000 20000 1.00 1.00 1.00 1.00 1.00 1.00 1.00 1.00
1010 20000 20000 20000 20000 1.00 1.00 1.00 1.00 1.00 1.00 1.00 1.00
1020 20000 20000 20000 20000 1.00 1.00 1.00 1.00 1.00 1.00 1.00 1.00
1030 20000 20000 20000 20000 1.00 1.00 1.00 1.00 1.00 1.00 1.00 1.00
1040 20000 20000 20000 20000 1.00 1.00 1.00 1.00 1.00 1.00 1.00 1.00
1050 20000 20000 20000 20000 1.00 1.00 1.00 1.00 1.00 1.00 1.00 1.00
1060 20000 20000 20000 20000 1.00 1.00 1.00 1.00 1.00 1.00 1.00 1.00
1070 20000 20000 20000 20000 1.00 1.00 1.00 1.00 1.00 1.00 1.00 1.00
1080 20000 20000 20000 20000 1.00 1.00 1.00 1.00 1.00 1.00 1.00 1.00
1090 20000 20000 20000 20000 1.00 1.00 1.00 1.00 1.00 1.00 1.00 1.00
1100 20000 20000 20000 20000 1.00 1.00 1.00 1.00 1.00 1.00 1.00 1.00
1110 20000 20000 20000 20000 1.00 1.00 1.00 1.00 1.00 1.00 1.00 1.00
1120 20000 20000 20000 20000 1.00 1.00 1.00 1.00 1.00 1.00 1.00 1.00
1130 20000 20000 20000 20000 1.00 1.00 1.00 1.00 1.00 1.00 1.00 1.00
1140 20000 20000 20000 20000 1.00 1.00 1.00 1.00 1.00 1.00 1.00 1.00
1150 20000 20000 20000 20000 1.00 1.00 1.00 1.00 1.00 1.00 1.00 1.00
1160 20000 20000 20000 20000 1.00 1.00 1.00 1.00 1.00 1.00 1.00 1.00
1170 20000 20000 20000 20000 1.00 1.00 1.00 1.00 1.00 1.00 1.00 1.00
1180 20000 20000 20000 20000 1.00 1.00 1.00 1.00 1.00 1.00 1.00 1.00
1190 20000 20000 20000 20000 1.00 1.00 1.00 1.00 1.00 1.00 1.00 1.00
1200 20000 20000 20000 20000 1.00 1.00 1.00 1.00 1.00 1.00 1.00 1.00
1210 20000 20000 20000 20000 1.00 1.00 1.00 1.00 1.00 1.00 1.00 1.00
1220 20000 20000 20000 20000 1.00 1.00 1.00 1.00 1.00 1.00 1.00 1.00
1230 20000 20000 20000 20000 1.00 1.00 1.00 1.00 1.00 1.00 1.00 1.00
1240 20000 20000 20000 20000 1.00 1.00 1.00 1.00 1.00 1.00 1.00 1.00
1250 20000 20000 20000 20000 1.00 1.00 1.00 1.00 1.00 1.00 1.00 1.00
1260 20020 20000 20000 20000 .68 .68 .68 .68 .75 .75 .75 .75
1270 20020 20200 20000 20000 .44 .44 .44 .44 .55 .55 .55 .55
1280 20020 20200 20000 20000 .44 .44 .44 .44 .55 .55 .55 .55
1290 20200 20200 20200 20200 1.00 1.00 1.00 1.00 1.00 1.00 1.00 1.00
1300 20200 20200 20200 20200 1.00 1.00 1.00 1.00 1.00 1.00 1.00 1.00
1310 20200 20200 20200 20200 1.00 1.00 1.00 1.00 1.00 1.00 1.00 1.00
1320 00200 00200 00200 00200 1.00 1.00 1.00 1.00 1.00 1.00 1.00 1.00
1330 00200 00200 00200 00200 1.00 1.00 1.00 1.00 1.00 1.00 1.00 1.00
1340 00200 00200 00200 00200 1.00 1.00 1.00 1.00 1.00 1.00 1.00 1.00
1350 00200 00200 00200 00200 1.00 1.00 1.00 1.00 1.00 1.00 1.00 1.00
1360 00200 00200 00200 00200 1.00 1.00 1.00 1.00 1.00 1.00 1.00 1.00
1370 03200 00200 00200 00200 .70 .55 .46 .68 .76 .64 .55 .75
1380 03200 03200 03200 03200 1.00 1.00 1.00 1.00 1.00 1.00 1.00 1.00
1390 03200 03200 03200 03200 1.00 1.00 1.00 1.00 1.00 1.00 1.00 1.00
1400 03200 03200 03200 03200 1.00 1.00 1.00 1.00 1.00 1.00 1.00 1.00
1410 03200 03200 03200 03200 1.00 1.00 1.00 1.00 1.00 1.00 1.00 1.00
1420 03200 03200 03200 03200 1.00 1.00 1.00 1.00 1.00 1.00 1.00 1.00
1430 00200 00200 00200 00200 1.00 1.00 1.00 1.00 1.00 1.00 1.00 1.00
1440 00200 00200 00200 00200 1.00 1.00 1.00 1.00 1.00 1.00 1.00 1.00
1450 00200 00200 00200 00200 1.00 1.00 1.00 1.00 1.00 1.00 1.00 1.00
1460 00200 00200 00200 00200 1.00 1.00 1.00 1.00 1.00 1.00 1.00 1.00
1470 00200 00200 00200 00200 1.00 1.00 1.00 1.00 1.00 1.00 1.00 1.00
1480 00200 00200 00200 00200 1.00 1.00 1.00 1.00 1.00 1.00 1.00 1.00
1490 00200 00200 00200 00200 1.00 1.00 1.00 1.00 1.00 1.00 1.00 1.00
1500 00200 00200 00200 00200 1.00 1.00 1.00 1.00 1.00 1.00 1.00 1.00
1510 00200 00200 00200 00200 1.00 1.00 1.00 1.00 1.00 1.00 1.00 1.00
1520 00200 00200 00201 00200 .70 .80 .90 .68 .76 .84 .93 .75
1530 00201 00201 00201 00201 1.00 1.00 1.00 1.00 1.00 1.00 1.00 1.00
1540 00201 00201 00202 00201 .77 .96 .92 .97 .83 .97 .93 .98
1550 00202 00202 00202 00202 1.00 1.00 1.00 1.00 1.00 1.00 1.00 1.00
1560 00202 00202 00202 00202 1.00 1.00 1.00 1.00 1.00 1.00 1.00 1.00
1570 00202 00202 00202 00202 1.00 1.00 1.00 1.00 1.00 1.00 1.00 1.00
1580 00202 00202 00202 00202 1.00 1.00 1.00 1.00 1.00 1.00 1.00 1.00
1590 00202 00202 00202 00202 1.00 1.00 1.00 1.00 1.00 1.00 1.00 1.00
1600 00202 00202 00202 00202 1.00 1.00 1.00 1.00 1.00 1.00 1.00 1.00
1610 00202 00202 00202 00202 1.00 1.00 1.00 1.00 1.00 1.00 1.00 1.00
1620 00202 00202 00202 00202 1.00 1.00 1.00 1.00 1.00 1.00 1.00 1.00
1630 00202 00202 00202 00202 1.00 1.00 1.00 1.00 1.00 1.00 1.00 1.00
1640 00202 00202 00202 00202 1.00 1.00 1.00 1.00 1.00 1.00 1.00 1.00
1650 00202 00202 00202 00202 1.00 1.00 1.00 1.00 1.00 1.00 1.00 1.00
1660 00202 00202 00202 00202 1.00 1.00 1.00 1.00 1.00 1.00 1.00 1.00
1670 00202 00202 00202 00202 1.00 1.00 1.00 1.00 1.00 1.00 1.00 1.00
1680 00202 00202 00202 00202 1.00 1.00 1.00 1.00 1.00 1.00 1.00 1.00
1690 00202 00202 00202 00202 1.00 1.00 1.00 1.00 1.00 1.00 1.00 1.00
1700 00202 00202 00202 00202 1.00 1.00 1.00 1.00 1.00 1.00 1.00 1.00
1710 00202 00242 00202 00202 .77 .53 .35 .75 .82 .64 .46 .81
1720 00202 00242 00202 00202 .77 .53 .35 .75 .82 .64 .46 .81
1730 00202 00242 00242 00242 .79 .56 .49 .76 .85 .67 .63 .81
1740 00202 00242 00242 00242 .79 .56 .49 .76 .85 .67 .63 .81
1750 00202 00242 00242 00242 .79 .56 .49 .76 .85 .67 .63 .81
1760 00202 00242 00242 00242 .79 .56 .49 .76 .85 .67 .63 .81
1770 00202 00242 00242 00242 .79 .56 .49 .76 .85 .67 .63 .81
1780 00202 00242 00242 00242 .79 .56 .49 .76 .85 .67 .63 .81
1790 00202 00242 00242 00242 .79 .56 .49 .76 .85 .67 .63 .81
1800 02202 00242 00242 00242 .59 .35 .33 .50 .69 .52 .51 .62
1810 02202 00242 00242 00242 .59 .35 .33 .50 .69 .52 .51 .62
1820 02202 00242 00242 00242 .59 .35 .33 .50 .69 .52 .51 .62
1830 02202 00242 00242 00242 .59 .35 .33 .50 .69 .52 .51 .62
1840 20202 20242 20242 20242 .77 .37 .35 .70 .83 .52 .51 .76
1850 20202 20242 20242 20242 .77 .37 .35 .70 .83 .52 .51 .76
1860 20002 20002 20002 20002 1.00 1.00 1.00 1.00 1.00 1.00 1.00 1.00
1870 20002 20002 20002 20002 1.00 1.00 1.00 1.00 1.00 1.00 1.00 1.00
1880 20002 20002 20002 20002 1.00 1.00 1.00 1.00 1.00 1.00 1.00 1.00
1890 20002 20002 20002 20002 1.00 1.00 1.00 1.00 1.00 1.00 1.00 1.00
1900 20002 20002 20002 20002 1.00 1.00 1.00 1.00 1.00 1.00 1.00 1.00
1910 20002 20002 20002 20002 1.00 1.00 1.00 1.00 1.00 1.00 1.00 1.00
1920 20002 20002 20002 20002 1.00 1.00 1.00 1.00 1.00 1.00 1.00 1.00
1930 20002 20002 20002 20002 1.00 1.00 1.00 1.00 1.00 1.00 1.00 1.00
1940 20000 20000 20000 20000 1.00 1.00 1.00 1.00 1.00 1.00 1.00 1.00
1950 20000 20000 20000 20000 1.00 1.00 1.00 1.00 1.00 1.00 1.00 1.00
1960 20000 20000 20000 20000 1.00 1.00 1.00 1.00 1.00 1.00 1.00 1.00
1970 20000 20000 20000 20000 1.00 1.00 1.00 1.00 1.00 1.00 1.00 1.00
1980 20000 20000 20000 20000 1.00 1.00 1.00 1.00 1.00 1.00 1.00 1.00
1990 20000 20000 20000 20000 1.00 1.00 1.00 1.00 1.00 1.00 1.00 1.00
2000 20000 20000 20000 20000 1.00 1.00 1.00 1.00 1.00 1.00 1.00 1.00
2010 20000 20000 20000 20000 1.00 1.00 1.00 1.00 1.00 1.00 1.00 1.00
2020 20000 20000 20000 20000 1.00 1.00 1.00 1.00 1.00 1.00 1.00 1.00
2030 20000 20000 20000 20000 1.00 1.00 1.00 1.00 1.00 1.00 1.00 1.00
2040 20000 20000 20000 20000 1.00 1.00 1.00 1.00 1.00 1.00 1.00 1.00
2050 20000 20000 20000 20000 1.00 1.00 1.00 1.00 1.00 1.00 1.00 1.00
2060 20000 20000 20000 20000 1.00 1.00 1.00 1.00 1.00 1.00 1.00 1.00
2070 20000 20000 20000 20000 1.00 1.00 1.00 1.00 1.00 1.00 1.00 1.00
2080 20000 20000 20000 20000 1.00 1.00 1.00 1.00 1.00 1.00 1.00 1.00
2090 20000 20000 20000 20000 1.00 1.00 1.00 1.00 1.00 1.00 1.00 1.00
2100 20000 20030 20000 20000 .70 .55 .46 .68 .76 .64 .55 .75
2110 20000 20030 20000 20000 .70 .55 .46 .68 .76 .64 .55 .75
2120 20000 20030 20000 20000 .70 .55 .46 .68 .76 .64 .55 .75
2130 20000 20030 20000 20000 .70 .55 .46 .68 .76 .64 .55 .75
2140 20000 20030 20000 20000 .70 .55 .46 .68 .76 .64 .55 .75
2150 20020 20030 20000 20020 .61 .65 .61 .72 .67 .75 .72 .79
2160 20020 20030 20000 20020 .61 .65 .61 .72 .67 .75 .72 .79
2170 20020 20030 20000 20020 .61 .65 .61 .72 .67 .75 .72 .79
2180 20020 20030 20000 20020 .61 .65 .61 .72 .67 .75 .72 .79
2190 20020 20030 20000 20020 .61 .65 .61 .72 .67 .75 .72 .79
2200 20020 20030 20000 20020 .61 .65 .61 .72 .67 .75 .72 .79
2210 20200 20030 20200 20200 .53 .34 .32 .48 .63 .48 .45 .61
2220 20200 20030 20200 20200 .53 .34 .32 .48 .63 .48 .45 .61
2230 20200 20230 20200 20200 .77 .53 .53 .75 .82 .64 .63 .81
2240 02200 00230 00200 00200 .48 .32 .28 .44 .57 .45 .40 .55
2250 00200 00230 00200 00200 .70 .55 .46 .68 .76 .64 .55 .75
2260 00200 00230 00200 00200 .70 .55 .46 .68 .76 .64 .55 .75
2270 00200 00230 00200 00200 .70 .55 .46 .68 .76 .64 .55 .75
2280 00200 00230 00200 00200 .70 .55 .46 .68 .76 .64 .55 .75
2290 00200 00200 00200 00200 1.00 1.00 1.00 1.00 1.00 1.00 1.00 1.00
2300 03200 00200 03200 03200 .75 .61 .59 .72 .82 .71 .70 .79
2310 03200 03200 03200 03200 1.00 1.00 1.00 1.00 1.00 1.00 1.00 1.00
2320 03200 03200 03200 03200 1.00 1.00 1.00 1.00 1.00 1.00 1.00 1.00
2330 03200 03200 03200 03200 1.00 1.00 1.00 1.00 1.00 1.00 1.00 1.00
2340 03200 03200 03200 03200 1.00 1.00 1.00 1.00 1.00 1.00 1.00 1.00
2350 03200 03200 03200 03200 1.00 1.00 1.00 1.00 1.00 1.00 1.00 1.00
2360 03200 03200 03200 03200 1.00 1.00 1.00 1.00 1.00 1.00 1.00 1.00
2370 03200 03200 03200 03200 1.00 1.00 1.00 1.00 1.00 1.00 1.00 1.00
2380 03200 03200 03200 03200 1.00 1.00 1.00 1.00 1.00 1.00 1.00 1.00
2390 03200 03200 03200 03200 1.00 1.00 1.00 1.00 1.00 1.00 1.00 1.00
2400 03200 03200 03200 03200 1.00 1.00 1.00 1.00 1.00 1.00 1.00 1.00
2410 03200 03200 03200 03200 1.00 1.00 1.00 1.00 1.00 1.00 1.00 1.00
2420 03200 03200 03200 03200 1.00 1.00 1.00 1.00 1.00 1.00 1.00 1.00
2430 03200 03200 03200 03200 1.00 1.00 1.00 1.00 1.00 1.00 1.00 1.00
2440 03200 03200 03200 03200 1.00 1.00 1.00 1.00 1.00 1.00 1.00 1.00
2450 03200 03200 03200 03200 1.00 1.00 1.00 1.00 1.00 1.00 1.00 1.00
2460 03200 03200 03201 03200 .80 .92 .96 .76 .85 .94 .97 .81
2470 03200 03200 03201 03200 .80 .92 .96 .76 .85 .94 .97 .81
2480 03200 03200 03201 03200 .80 .92 .96 .76 .85 .94 .97 .81
2490 03201 03200 03201 03201 .82 .92 .96 .76 .86 .94 .97 .82
2500 03201 03201 03201 03201 1.00 1.00 1.00 1.00 1.00 1.00 1.00 1.00
2510 03201 03201 03201 03201 1.00 1.00 1.00 1.00 1.00 1.00 1.00 1.00
2520 00201 00201 00201 00201 1.00 1.00 1.00 1.00 1.00 1.00 1.00 1.00
2530 00201 00201 00201 00201 1.00 1.00 1.00 1.00 1.00 1.00 1.00 1.00
2540 00201 00201 00201 00201 1.00 1.00 1.00 1.00 1.00 1.00 1.00 1.00
2550 00201 00201 00201 00201 1.00 1.00 1.00 1.00 1.00 1.00 1.00 1.00
2560 00202 00202 00202 00202 1.00 1.00 1.00 1.00 1.00 1.00 1.00 1.00
2570 00202 00202 00202 00202 1.00 1.00 1.00 1.00 1.00 1.00 1.00 1.00
2580 00202 00202 00202 00202 1.00 1.00 1.00 1.00 1.00 1.00 1.00 1.00
2590 00202 00202 00202 00202 1.00 1.00 1.00 1.00 1.00 1.00 1.00 1.00
2600 00202 00202 00202 00202 1.00 1.00 1.00 1.00 1.00 1.00 1.00 1.00
2610 00202 00202 00202 00202 1.00 1.00 1.00 1.00 1.00 1.00 1.00 1.00
2620 00202 00242 00202 00202 .77 .53 .35 .75 .82 .64 .46 .81
2630 00202 00242 00202 00202 .77 .53 .35 .75 .82 .64 .46 .81
2640 00202 00242 00202 00202 .77 .53 .35 .75 .82 .64 .46 .81
2650 00202 00242 00202 00202 .77 .53 .35 .75 .82 .64 .46 .81
2660 00202 00242 00202 00202 .77 .53 .35 .75 .82 .64 .46 .81
2670 00202 00242 00202 00202 .77 .53 .35 .75 .82 .64 .46 .81
2680 00202 00242 00202 00202 .77 .53 .35 .75 .82 .64 .46 .81
2690 00202 00242 00202 00202 .77 .53 .35 .75 .82 .64 .46 .81
2700 00202 00242 00202 00202 .77 .53 .35 .75 .82 .64 .46 .81
2710 00202 00242 00202 00202 .77 .53 .35 .75 .82 .64 .46 .81
2720 00202 00242 00202 00202 .77 .53 .35 .75 .82 .64 .46 .81
2730 00202 00242 00202 00202 .77 .53 .35 .75 .82 .64 .46 .81
2740 00202 00242 00242 00242 .79 .56 .49 .76 .85 .67 .63 .81
2750 00202 00242 00242 00242 .79 .56 .49 .76 .85 .67 .63 .81
2760 00202 00242 00242 00242 .79 .56 .49 .76 .85 .67 .63 .81
2770 00202 00242 00242 00242 .79 .56 .49 .76 .85 .67 .63 .81
2780 00202 00242 00242 00242 .79 .56 .49 .76 .85 .67 .63 .81
2790 00202 00242 00242 00242 .79 .56 .49 .76 .85 .67 .63 .81
2800 00202 00242 00242 00242 .79 .56 .49 .76 .85 .67 .63 .81
2810 00202 00242 00242 00242 .79 .56 .49 .76 .85 .67 .63 .81
2820 00202 00242 00242 00242 .79 .56 .49 .76 .85 .67 .63 .81
2830 02202 00242 00242 00242 .59 .35 .33 .50 .69 .52 .51 .62
2840 20202 20242 00242 20242 .58 .28 .27 .46 .68 .45 .44 .57
2850 20202 20242 20242 20242 .77 .37 .35 .70 .83 .52 .51 .76
2860 20022 20002 20042 20022 .67 .61 .50 .74 .71 .72 .63 .80
2870 20002 20002 20002 20002 1.00 1.00 1.00 1.00 1.00 1.00 1.00 1.00
2880 20002 20002 20002 20002 1.00 1.00 1.00 1.00 1.00 1.00 1.00 1.00
2890 20002 20002 20002 20002 1.00 1.00 1.00 1.00 1.00 1.00 1.00 1.00
2900 20002 20002 20002 20002 1.00 1.00 1.00 1.00 1.00 1.00 1.00 1.00
2910 20002 20002 20002 20002 1.00 1.00 1.00 1.00 1.00 1.00 1.00 1.00
2920 20002 20002 20002 20002 1.00 1.00 1.00 1.00 1.00 1.00 1.00 1.00
2930 20002 20002 20002 20002 1.00 1.00 1.00 1.00 1.00 1.00 1.00 1.00
2940 20002 20002 20002 20002 1.00 1.00 1.00 1.00 1.00 1.00 1.00 1.00
2950 20002 20002 20002 20002 1.00 1.00 1.00 1.00 1.00 1.00 1.00 1.00
2960 20000 20000 20000 20000 1.00 1.00 1.00 1.00 1.00 1.00 1.00 1.00
2970 20000 20000 20000 20000 1.00 1.00 1.00 1.00 1.00 1.00 1.00 1.00
2980 20000 20000 20000 20000 1.00 1.00 1.00 1.00 1.00 1.00 1.00 1.00
2990 20000 20000 20000 20000 1.00 1.00 1.00 1.00 1.00 1.00 1.00 1.00
3000 20000 20000 20000 20000 1.00 1.00 1.00 1.00 1.00 1.00 1.00 1.00
3010 20000 20000 20000 20000 1.00 1.00 1.00 1.00 1.00 1.00 1.00 1.00
3020 20000 20000 20000 20000 1.00 1.00 1.00 1.00 1.00 1.00 1.00 1.00
3030 20000 20000 20000 20000 1.00 1.00 1.00 1.00 1.00 1.00 1.00 1.00
3040 20000 20000 20000 20000 1.00 1.00 1.00 1.00 1.00 1.00 1.00 1.00
3050 20000 20000 20000 20000 1.00 1.00 1.00 1.00 1.00 1.00 1.00 1.00
3060 20000 20000 20000 20000 1.00 1.00 1.00 1.00 1.00 1.00 1.00 1.00
3070 20000 20000 20000 20000 1.00 1.00 1.00 1.00 1.00 1.00 1.00 1.00
3080 20000 20000 20000 20000 1.00 1.00 1.00 1.00 1.00 1.00 1.00 1.00
3090 20000 20000 20000 20000 1.00 1.00 1.00 1.00 1.00 1.00 1.00 1.00
3100 20000 20000 20000 20000 1.00 1.00 1.00 1.00 1.00 1.00 1.00 1.00
3110 20000 20000 20000 20000 1.00 1.00 1.00 1.00 1.00 1.00 1.00 1.00
3120 20000 20000 20000 20000 1.00 1.00 1.00 1.00 1.00 1.00 1.00 1.00
3130 20000 20000 20000 20000 1.00 1.00 1.00 1.00 1.00 1.00 1.00 1.00
3140 20000 20000 20000 20000 1.00 1.00 1.00 1.00 1.00 1.00 1.00 1.00
3150 20000 20000 20000 20000 1.00 1.00 1.00 1.00 1.00 1.00 1.00 1.00
3160 20000 20000 20000 20000 1.00 1.00 1.00 1.00 1.00 1.00 1.00 1.00
3170 20000 20000 20000 20000 1.00 1.00 1.00 1.00 1.00 1.00 1.00 1.00
3180 20000 20000 20000 20000 1.00 1.00 1.00 1.00 1.00 1.00 1.00 1.00
3190 20000 20000 20000 20000 1.00 1.00 1.00 1.00 1.00 1.00 1.00 1.00
3200 20000 20000 20000 20000 1.00 1.00 1.00 1.00 1.00 1.00 1.00 1.00
3210 20020 20000 20000 20000 .68 .68 .68 .68 .75 .75 .75 .75
3220 02200 20200 20200 20200 .48 .48 .48 .48 .60 .60 .60 .60
3230 02200 00200 00200 00200 .68 .68 .68 .68 .75 .75 .75 .75
3240 00200 00200 00200 00200 1.00 1.00 1.00 1.00 1.00 1.00 1.00 1.00
3250 00200 00200 00200 00200 1.00 1.00 1.00 1.00 1.00 1.00 1.00 1.00
3260 00200 00200 00200 00200 1.00 1.00 1.00 1.00 1.00 1.00 1.00 1.00
3270 00200 00200 00200 00200 1.00 1.00 1.00 1.00 1.00 1.00 1.00 1.00
3280 00200 00200 00200 00200 1.00 1.00 1.00 1.00 1.00 1.00 1.00 1.00
3290 00200 00200 00201 00200 .70 .80 .90 .68 .76 .84 .93 .75
3300 00201 00200 00201 00201 .75 .83 .90 .72 .82 .87 .93 .79
3310 00201 00200 00201 00201 .75 .83 .90 .72 .82 .87 .93 .79
3320 00201 00200 00200 00200 .70 .80 .90 .68 .76 .84 .93 .75
3330 00201 00201 00200 00201 .75 .83 .90 .72 .82 .87 .93 .79
3340 00201 00201 00201 00201 1.00 1.00 1.00 1.00 1.00 1.00 1.00 1.00
3350 00202 00202 00201 00202 .76 .96 .93 .97 .82 .97 .95 .98
3360 00202 00202 00202 00202 1.00 1.00 1.00 1.00 1.00 1.00 1.00 1.00
3370 00202 00202 00202 00202 1.00 1.00 1.00 1.00 1.00 1.00 1.00 1.00
3380 00202 00202 00202 00202 1.00 1.00 1.00 1.00 1.00 1.00 1.00 1.00
3390 00202 00202 00202 00202 1.00 1.00 1.00 1.00 1.00 1.00 1.00 1.00
3400 00202 00202 00202 00202 1.00 1.00 1.00 1.00 1.00 1.00 1.00 1.00
3410 00202 00202 00202 00202 1.00 1.00 1.00 1.00 1.00 1.00 1.00 1.00
3420 00202 00202 00202 00202 1.00 1.00 1.00 1.00 1.00 1.00 1.00 1.00
3430 00202 00202 00202 00202 1.00 1.00 1.00 1.00 1.00 1.00 1.00 1.00
3440 00202 00202 00202 00202 1.00 1.00 1.00 1.00 1.00 1.00 1.00 1.00
3450 00202 00202 00202 00202 1.00 1.00 1.00 1.00 1.00 1.00 1.00 1.00
3460 00202 00202 00202 00202 1.00 1.00 1.00 1.00 1.00 1.00 1.00 1.00
3470 00202 00202 00202 00202 1.00 1.00 1.00 1.00 1.00 1.00 1.00 1.00
3480 00202 00242 00202 00202 .77 .53 .35 .75 .82 .64 .46 .81
3490 00202 00242 00202 00202 .77 .53 .35 .75 .82 .64 .46 .81
3500 00202 00242 00202 00202 .77 .53 .35 .75 .82 .64 .46 .81
3510 00202 00242 00202 00202 .77 .53 .35 .75 .82 .64 .46 .81
3520 00202 00242 00202 00202 .77 .53 .35 .75 .82 .64 .46 .81
3530 00202 00242 00202 00202 .77 .53 .35 .75 .82 .64 .46 .81
3540 02202 20242 00202 00202 .32 .03 -0.05 .23 .48 .26 .16 .43
3550 20202 20242 20202 20202 .76 .36 .24 .73 .82 .51 .39 .79
3560 20022 20042 20042 20042 .79 .92 .87 .97 .85 .94 .90 .98
3570 20002 20002 20002 20002 1.00 1.00 1.00 1.00 1.00 1.00 1.00 1.00
3580 20002 20002 20002 20002 1.00 1.00 1.00 1.00 1.00 1.00 1.00 1.00
3590 20000 20002 20002 20002 .72 .72 .72 .72 .79 .79 .79 .79
3600 20000 20000 20000 20000 1.00 1.00 1.00 1.00 1.00 1.00 1.00 1.00
3610 20000 20000 20000 20000 1.00 1.00 1.00 1.00 1.00 1.00 1.00 1.00
3620 20000 20000 20000 20000 1.00 1.00 1.00 1.00 1.00 1.00 1.00 1.00
3630 20000 00000 20000 20000 .46 .46 .46 .46 .63 .63 .63 .63
3640 20000 00000 00000 00000 1.0 1.0 1.0 1.0 1.0 1.0 1.0 1.0
3650 00000 00000 00000 00000 1.0 1.0 1.0 1.0 1.0 1.0 1.0 1.0
3660 00000 00000 00000 00000 1.0 1.0 1.0 1.0 1.0 1.0 1.0 1.0
3670 00000 00000 00000 00000 1.0 1.0 1.0 1.0 1.0 1.0 1.0 1.0
3680 00000 04000 00040 00000 -0.08 -0.08 -0.08 -0.08 -0.06 -0.06 -0.06 -0.06
3690 04000 04000 04040 04000 .68 .68 .68 .68 .75 .75 .75 .75
3700 04000 04000 04040 04000 .68 .68 .68 .68 .75 .75 .75 .75
3710 04000 04000 04040 04000 .68 .68 .68 .68 .75 .75 .75 .75
3720 04000 04000 04040 04000 .68 .68 .68 .68 .75 .75 .75 .75
3730 04040 04000 04040 04040 .72 .72 .72 .72 .79 .79 .79 .79
3740 04040 04000 04040 04040 .72 .72 .72 .72 .79 .79 .79 .79
