0 00022 00002 00002 00002 .68 .68 .68 .68 .75 .75 .75 .75
10 00022 00002 00022 00022 .72 .72 .72 .72 .79 .79 .79 .79
20 00022 00002 00022 00022 .72 .72 .72 .72 .79 .79 .79 .79
30 00022 00002 00022 00022 .72 .72 .72 .72 .79 .79 .79 .79
40 00002 00002 00002 00002 1.00 1.00 1.00 1.00 1.00 1.00 1.00 1.00
50 00022 00022 00022 00022 1.00 1.00 1.00 1.00 1.00 1.00 1.00 1.00
60 00202 00202 00202 00202 1.00 1.00 1.00 1.00 1.00 1.00 1.00 1.00
70 00200 00200 00200 00200 1.00 1.00 1.00 1.00 1.00 1.00 1.00 1.00
80 00200 00200 00200 00200 1.00 1.00 1.00 1.00 1.00 1.00 1.00 1.00
90 00200 00200 00200 00200 1.00 1.00 1.00 1.00 1.00 1.00 1.00 1.00
100 00200 00200 00200 00200 1.00 1.00 1.00 1.00 1.00 1.00 1.00 1.00
110 00200 00200 00200 00200 1.00 1.00 1.00 1.00 1.00 1.00 1.00 1.00
120 00200 00200 00200 00200 1.00 1.00 1.00 1.00 1.00 1.00 1.00 1.00
130 02200 02200 02200 02200 1.00 1.00 1.00 1.00 1.00 1.00 1.00 1.00
140 20200 20200 20200 20200 1.00 1.00 1.00 1.00 1.00 1.00 1.00 1.00
150 20020 20000 20000 20000 .68 .68 .68 .68 .75 .75 .75 .75
160 20000 20000 20000 20000 1.00 1.00 1.00 1.00 1.00 1.00 1.00 1.00
170 20000 20000 20000 20000 1.00 1.00 1.00 1.00 1.00 1.00 1.00 1.00
180 20000 20000 20000 20000 1.00 1.00 1.00 1.00 1.00 1.00 1.00 1.00
190 20020 20000 20000 20000 .68 .68 .68 .68 .75 .75 .75 .75
200 20020 20000 20000 20000 .68 .68 .68 .68 .75 .75 .75 .75
210 20200 20200 20200 20200 1.00 1.00 1.00 1.00 1.00 1.00 1.00 1.00
220 00200 00200 00200 00200 1.00 1.00 1.00 1.00 1.00 1.00 1.00 1.00
230 00200 00200 00200 00200 1.00 1.00 1.00 1.00 1.00 1.00 1.00 1.00
240 00200 00200 00200 00200 1.00 1.00 1.00 1.00 1.00 1.00 1.00 1.00
250 00200 00200 00200 00200 1.00 1.00 1.00 1.00 1.00 1.00 1.00 1.00
260 00200 00200 00200 00200 1.00 1.00 1.00 1.00 1.00 1.00 1.00 1.00
270 00200 00200 00200 00200 1.00 1.00 1.00 1.00 1.00 1.00 1.00 1.00
280 00200 00200 00200 00200 1.00 1.00 1.00 1.00 1.00 1.00 1.00 1.00
290 00201 00201 00201 00201 1.00 1.00 1.00 1.00 1.00 1.00 1.00 1.00
300 00201 00201 00201 00201 1.00 1.00 1.00 1.00 1.00 1.00 1.00 1.00
310 00202 00202 00202 00202 1.00 1.00 1.00 1.00 1.00 1.00 1.00 1.00
320 00202 00202 00202 00202 1.00 1.00 1.00 1.00 1.00 1.00 1.00 1.00
330 00202 00202 00202 00202 1.00 1.00 1.00 1.00 1.00 1.00 1.00 1.00
340 00202 00202 00202 00202 1.00 1.00 1.00 1.00 1.00 1.00 1.00 1.00
350 00202 00202 00202 00202 1.00 1.00 1.00 1.00 1.00 1.00 1.00 1.00
360 00202 00202 00202 00202 1.00 1.00 1.00 1.00 1.00 1.00 1.00 1.00
370 00202 00202 00202 00202 1.00 1.00 1.00 1.00 1.00 1.00 1.00 1.00
380 02202 00202 00202 00202 .75 .75 .75 .75 .81 .81 .81 .81
390 20202 20202 20202 20202 1.00 1.00 1.00 1.00 1.00 1.00 1.00 1.00
400 20022 20022 20022 20022 1.00 1.00 1.00 1.00 1.00 1.00 1.00 1.00
410 20032 20032 20032 20032 1.00 1.00 1.00 1.00 1.00 1.00 1.00 1.00
420 20032 20032 20032 20032 1.00 1.00 1.00 1.00 1.00 1.00 1.00 1.00
430 20000 20000 20000 20000 1.00 1.00 1.00 1.00 1.00 1.00 1.00 1.00
440 20000 20000 20000 20000 1.00 1.00 1.00 1.00 1.00 1.00 1.00 1.00
450 20000 20000 20000 20000 1.00 1.00 1.00 1.00 1.00 1.00 1.00 1.00
460 20000 20000 20000 20000 1.00 1.00 1.00 1.00 1.00 1.00 1.00 1.00
470 20000 20000 20000 20000 1.00 1.00 1.00 1.00 1.00 1.00 1.00 1.00
480 20000 20000 20000 20000 1.00 1.00 1.00 1.00 1.00 1.00 1.00 1.00
490 20000 20000 20000 20000 1.00 1.00 1.00 1.00 1.00 1.00 1.00 1.00
500 20000 20000 20000 20000 1.00 1.00 1.00 1.00 1.00 1.00 1.00 1.00
510 20000 20000 20000 20000 1.00 1.00 1.00 1.00 1.00 1.00 1.00 1.00
520 20000 20000 20000 20000 1.00 1.00 1.00 1.00 1.00 1.00 1.00 1.00
530 20000 20000 20000 20000 1.00 1.00 1.00 1.00 1.00 1.00 1.00 1.00
540 20000 20000 20000 20000 1.00 1.00 1.00 1.00 1.00 1.00 1.00 1.00
550 20000 20000 20000 20000 1.00 1.00 1.00 1.00 1.00 1.00 1.00 1.00
560 20000 20000 20000 20000 1.00 1.00 1.00 1.00 1.00 1.00 1.00 1.00
570 20200 20200 20200 20200 1.00 1.00 1.00 1.00 1.00 1.00 1.00 1.00
580 00200 00200 00200 00200 1.00 1.00 1.00 1.00 1.00 1.00 1.00 1.00
590 00200 00200 00200 00200 1.00 1.00 1.00 1.00 1.00 1.00 1.00 1.00
600 00201 00201 00200 00201 .75 .83 .90 .72 .82 .87 .93 .79
610 03201 03201 03200 03201 .82 .92 .96 .76 .86 .94 .97 .82
620 03200 03200 03200 03200 1.00 1.00 1.00 1.00 1.00 1.00 1.00 1.00
630 03200 03200 03200 03200 1.00 1.00 1.00 1.00 1.00 1.00 1.00 1.00
640 03200 03200 03200 03200 1.00 1.00 1.00 1.00 1.00 1.00 1.00 1.00
650 03200 03200 03200 03200 1.00 1.00 1.00 1.00 1.00 1.00 1.00 1.00
660 03200 03200 03200 03200 1.00 1.00 1.00 1.00 1.00 1.00 1.00 1.00
670 03200 03200 03200 03200 1.00 1.00 1.00 1.00 1.00 1.00 1.00 1.00
680 03200 03201 03200 03200 .80 .92 .96 .76 .85 .94 .97 .81
690 03201 03201 03201 03201 1.00 1.00 1.00 1.00 1.00 1.00 1.00 1.00
700 03201 03201 03201 03201 1.00 1.00 1.00 1.00 1.00 1.00 1.00 1.00
710 03201 03201 03201 03201 1.00 1.00 1.00 1.00 1.00 1.00 1.00 1.00
720 03201 03201 03201 03201 1.00 1.00 1.00 1.00 1.00 1.00 1.00 1.00
730 03201 03202 03201 03201 .82 .97 .96 .97 .87 .97 .97 .98
740 03202 03202 03202 03202 1.00 1.00 1.00 1.00 1.00 1.00 1.00 1.00
750 03202 03202 03202 03202 1.00 1.00 1.00 1.00 1.00 1.00 1.00 1.00
760 00202 00202 00202 00202 1.00 1.00 1.00 1.00 1.00 1.00 1.00 1.00
770 00202 00202 00202 00202 1.00 1.00 1.00 1.00 1.00 1.00 1.00 1.00
780 00202 00202 00202 00202 1.00 1.00 1.00 1.00 1.00 1.00 1.00 1.00
790 00202 00202 00202 00202 1.00 1.00 1.00 1.00 1.00 1.00 1.00 1.00
800 00202 00202 00202 00202 1.00 1.00 1.00 1.00 1.00 1.00 1.00 1.00
810 00202 00202 00202 00202 1.00 1.00 1.00 1.00 1.00 1.00 1.00 1.00
820 00202 00202 00202 00202 1.00 1.00 1.00 1.00 1.00 1.00 1.00 1.00
830 00202 00202 00202 00202 1.00 1.00 1.00 1.00 1.00 1.00 1.00 1.00
840 00202 00202 00202 00202 1.00 1.00 1.00 1.00 1.00 1.00 1.00 1.00
850 00202 00202 02202 00202 .75 .75 .75 .75 .81 .81 .81 .81
860 20202 20202 20202 20202 1.00 1.00 1.00 1.00 1.00 1.00 1.00 1.00
870 20022 20002 20022 20022 .75 .75 .75 .75 .81 .81 .81 .81
880 20022 20002 20002 20002 .75 .75 .75 .75 .81 .81 .81 .81
890 20022 20002 20002 20002 .75 .75 .75 .75 .81 .81 .81 .81
900 20002 20002 20002 20002 1.00 1.00 1.00 1.00 1.00 1.00 1.00 1.00
910 20002 20002 20002 20002 1.00 1.00 1.00 1.00 1.00 1.00 1.00 1.00
920 20000 20000 20000 20000 1.00 1.00 1.00 1.00 1.00 1.00 1.00 1.00
930 20000 20000 20000 20000 1.00 1.00 1.00 1.00 1.00 1.00 1.00 1.00
940 20000 20000 20000 20000 1.00 1.00 1.00 1.00 1.00 1.00 1.00 1.00
950 20000 20000 20000 20000 1.00 1.00 1.00 1.00 1.00 1.00 1.00 1.00
960 20000 20000 20000 20000 1.00 1.00 1.00 1.00 1.00 1.00 1.00 1.00
970 20000 20000 20000 20000 1.00 1.00 1.00 1.00 1.00 1.00 1.00 1.00
980 20000 20000 20000 20000 1.00 1.00 1.00 1.00 1.00 1.00 1.00 1.00
990 20000 20000 20000 20000 1.00 1.00 1.00 1.00 1.00 1.00 1.00 1.00
1000 20000 20000 20000 20000 1.00 1.00 1.00 1.00 1.00 1.00 1.00 1.00
1010 20000 20000 20000 20000 1.00 1.00 1.00 1.00 1.00 1.00 1.00 1.00
1020 20000 20000 20000 20000 1.00 1.00 1.00 1.00 1.00 1.00 1.00 1.00
1030 20000 20000 20000 20000 1.00 1.00 1.00 1.00 1.00 1.00 1.00 1.00
1040 20000 20000 20000 20000 1.00 1.00 1.00 1.00 1.00 1.00 1.00 1.00
1050 20000 20000 20000 20000 1.00 1.00 1.00 1.00 1.00 1.00 1.00 1.00
1060 20000 20000 20000 20000 1.00 1.00 1.00 1.00 1.00 1.00 1.00 1.00
1070 20000 20000 20000 20000 1.00 1.00 1.00 1.00 1.00 1.00 1.00 1.00
1080 20000 20000 20000 20000 1.00 1.00 1.00 1.00 1.00 1.00 1.00 1.00
1090 20000 20000 20000 20000 1.00 1.00 1.00 1.00 1.00 1.00 1.00 1.00
1100 20000 20000 20000 20000 1.00 1.00 1.00 1.00 1.00 1.00 1.00 1.00
1110 20000 20000 20000 20000 1.00 1.00 1.00 1.00 1.00 1.00 1.00 1.00
1120 20000 20000 20000 20000 1.00 1.00 1.00 1.00 1.00 1.00 1.00 1.00
1130 20000 20000 20000 20000 1.00 1.00 1.00 1.00 1.00 1.00 1.00 1.00
1140 20000 20000 20000 20000 1.00 1.00 1.00 1.00 1.00 1.00 1.00 1.00
1150 20020 20200 20020 20020 .48 .48 .48 .48 .60 .60 .60 .60
1160 20200 20200 20200 20200 1.00 1.00 1.00 1.00 1.00 1.00 1.00 1.00
1170 00200 00200 00200 00200 1.00 1.00 1.00 1.00 1.00 1.00 1.00 1.00
1180 00200 00200 00200 00200 1.00 1.00 1.00 1.00 1.00 1.00 1.00 1.00
1190 00200 00200 00200 00200 1.00 1.00 1.00 1.00 1.00 1.00 1.00 1.00
1200 00200 00200 00200 00200 1.00 1.00 1.00 1.00 1.00 1.00 1.00 1.00
1210 02200 00200 00200 00200 .68 .68 .68 .68 .75 .75 .75 .75
1220 20200 20200 20200 20200 1.00 1.00 1.00 1.00 1.00 1.00 1.00 1.00
1230 20000 20000 20000 20000 1.00 1.00 1.00 1.00 1.00 1.00 1.00 1.00
1240 20000 20000 20000 20000 1.00 1.00 1.00 1.00 1.00 1.00 1.00 1.00
1250 20000 20000 20000 20000 1.00 1.00 1.00 1.00 1.00 1.00 1.00 1.00
1260 20020 20000 20000 20000 .68 .68 .68 .68 .75 .75 .75 .75
1270 20020 20000 20020 20020 .72 .72 .72 .72 .79 .79 .79 .79
1280 20200 20200 20200 20200 1.00 1.00 1.00 1.00 1.00 1.00 1.00 1.00
1290 00200 00200 00200 00200 1.00 1.00 1.00 1.00 1.00 1.00 1.00 1.00
1300 00200 00200 00200 00200 1.00 1.00 1.00 1.00 1.00 1.00 1.00 1.00
1310 00200 00200 00200 00200 1.00 1.00 1.00 1.00 1.00 1.00 1.00 1.00
1320 00200 00200 00200 00200 1.00 1.00 1.00 1.00 1.00 1.00 1.00 1.00
1330 00200 00200 00200 00200 1.00 1.00 1.00 1.00 1.00 1.00 1.00 1.00
1340 00200 00201 00200 00200 .70 .80 .90 .68 .76 .84 .93 .75
1350 00200 00201 00200 00200 .70 .80 .90 .68 .76 .84 .93 .75
1360 00201 00201 00200 00201 .75 .83 .90 .72 .82 .87 .93 .79
1370 00201 00201 00201 00201 1.00 1.00 1.00 1.00 1.00 1.00 1.00 1.00
1380 00201 00202 00201 00201 .77 .96 .92 .97 .83 .97 .93 .98
1390 00202 00202 03202 00202 .77 .53 .53 .75 .82 .64 .63 .81
1400 03202 03202 03202 03202 1.00 1.00 1.00 1.00 1.00 1.00 1.00 1.00
1410 03202 03202 03202 03202 1.00 1.00 1.00 1.00 1.00 1.00 1.00 1.00
1420 03202 03202 03202 03202 1.00 1.00 1.00 1.00 1.00 1.00 1.00 1.00
1430 03202 03202 03202 03202 1.00 1.00 1.00 1.00 1.00 1.00 1.00 1.00
1440 00202 00202 00202 00202 1.00 1.00 1.00 1.00 1.00 1.00 1.00 1.00
1450 00202 00202 00202 00202 1.00 1.00 1.00 1.00 1.00 1.00 1.00 1.00
1460 00202 00202 00202 00202 1.00 1.00 1.00 1.00 1.00 1.00 1.00 1.00
1470 00202 00202 00202 00202 1.00 1.00 1.00 1.00 1.00 1.00 1.00 1.00
1480 02202 00202 00202 00202 .75 .75 .75 .75 .81 .81 .81 .81
1490 20202 20202 20202 20202 1.00 1.00 1.00 1.00 1.00 1.00 1.00 1.00
1500 20022 20002 20022 20022 .75 .75 .75 .75 .81 .81 .81 .81
1510 20002 20002 20002 20002 1.00 1.00 1.00 1.00 1.00 1.00 1.00 1.00
1520 20002 20002 20002 20002 1.00 1.00 1.00 1.00 1.00 1.00 1.00 1.00
1530 20000 20000 20000 20000 1.00 1.00 1.00 1.00 1.00 1.00 1.00 1.00
1540 20000 20000 20000 20000 1.00 1.00 1.00 1.00 1.00 1.00 1.00 1.00
1550 20000 20000 20000 20000 1.00 1.00 1.00 1.00 1.00 1.00 1.00 1.00
1560 20000 20000 20000 20000 1.00 1.00 1.00 1.00 1.00 1.00 1.00 1.00
1570 20000 20000 20000 20000 1.00 1.00 1.00 1.00 1.00 1.00 1.00 1.00
1580 20000 20000 20000 20000 1.00 1.00 1.00 1.00 1.00 1.00 1.00 1.00
1590 20000 20000 20000 20000 1.00 1.00 1.00 1.00 1.00 1.00 1.00 1.00
1600 20000 20000 20000 20000 1.00 1.00 1.00 1.00 1.00 1.00 1.00 1.00
1610 20000 20000 20000 20000 1.00 1.00 1.00 1.00 1.00 1.00 1.00 1.00
1620 20000 20000 20000 20000 1.00 1.00 1.00 1.00 1.00 1.00 1.00 1.00
1630 20000 20000 20000 20000 1.00 1.00 1.00 1.00 1.00 1.00 1.00 1.00
1640 20000 20000 20000 20000 1.00 1.00 1.00 1.00 1.00 1.00 1.00 1.00
1650 20000 20000 20000 20000 1.00 1.00 1.00 1.00 1.00 1.00 1.00 1.00
1660 20000 20000 20000 20000 1.00 1.00 1.00 1.00 1.00 1.00 1.00 1.00
1670 20000 20000 20000 20000 1.00 1.00 1.00 1.00 1.00 1.00 1.00 1.00
1680 20200 20200 20020 20200 .48 .48 .48 .48 .60 .60 .60 .60
1690 00200 00200 00200 00200 1.00 1.00 1.00 1.00 1.00 1.00 1.00 1.00
1700 00200 00200 00200 00200 1.00 1.00 1.00 1.00 1.00 1.00 1.00 1.00
1710 00200 00200 00200 00200 1.00 1.00 1.00 1.00 1.00 1.00 1.00 1.00
1720 03200 00200 00200 00200 .70 .55 .46 .68 .76 .64 .55 .75
1730 03200 00200 00200 00200 .70 .55 .46 .68 .76 .64 .55 .75
1740 03200 03200 00200 03200 .75 .61 .59 .72 .82 .71 .70 .79
1750 03200 03200 00200 03200 .75 .61 .59 .72 .82 .71 .70 .79
1760 03201 03201 03201 03201 1.00 1.00 1.00 1.00 1.00 1.00 1.00 1.00
1770 03201 03201 03201 03201 1.00 1.00 1.00 1.00 1.00 1.00 1.00 1.00
1780 03201 03201 03201 03201 1.00 1.00 1.00 1.00 1.00 1.00 1.00 1.00
1790 03201 03201 03201 03201 1.00 1.00 1.00 1.00 1.00 1.00 1.00 1.00
1800 03201 03201 03201 03201 1.00 1.00 1.00 1.00 1.00 1.00 1.00 1.00
1810 03202 03202 03201 03202 .82 .97 .96 .97 .86 .97 .97 .98
1820 03202 03202 03201 03202 .82 .97 .96 .97 .86 .97 .97 .98
1830 03202 03202 03202 03202 1.00 1.00 1.00 1.00 1.00 1.00 1.00 1.00
1840 03202 03202 03202 03202 1.00 1.00 1.00 1.00 1.00 1.00 1.00 1.00
1850 03202 03202 03202 03202 1.00 1.00 1.00 1.00 1.00 1.00 1.00 1.00
1860 03202 03202 03202 03202 1.00 1.00 1.00 1.00 1.00 1.00 1.00 1.00
1870 03202 03202 03202 03202 1.00 1.00 1.00 1.00 1.00 1.00 1.00 1.00
1880 03200 03200 03200 03200 1.00 1.00 1.00 1.00 1.00 1.00 1.00 1.00
1890 03200 03200 03200 03200 1.00 1.00 1.00 1.00 1.00 1.00 1.00 1.00
1900 03201 03201 03201 03201 1.00 1.00 1.00 1.00 1.00 1.00 1.00 1.00
1910 03201 03201 03201 03201 1.00 1.00 1.00 1.00 1.00 1.00 1.00 1.00
1920 03201 03201 03201 03201 1.00 1.00 1.00 1.00 1.00 1.00 1.00 1.00
1930 03201 03201 03201 03201 1.00 1.00 1.00 1.00 1.00 1.00 1.00 1.00
1940 03202 03202 03201 03202 .82 .97 .96 .97 .86 .97 .97 .98
1950 03202 03202 03202 03202 1.00 1.00 1.00 1.00 1.00 1.00 1.00 1.00
1960 03202 03202 03202 03202 1.00 1.00 1.00 1.00 1.00 1.00 1.00 1.00
1970 00202 00202 00202 00202 1.00 1.00 1.00 1.00 1.00 1.00 1.00 1.00
1980 00202 00202 00202 00202 1.00 1.00 1.00 1.00 1.00 1.00 1.00 1.00
1990 00202 00202 00202 00202 1.00 1.00 1.00 1.00 1.00 1.00 1.00 1.00
2000 00202 00202 00202 00202 1.00 1.00 1.00 1.00 1.00 1.00 1.00 1.00
2010 00202 00202 00202 00202 1.00 1.00 1.00 1.00 1.00 1.00 1.00 1.00
2020 00202 00202 00202 00202 1.00 1.00 1.00 1.00 1.00 1.00 1.00 1.00
2030 00202 00202 00202 00202 1.00 1.00 1.00 1.00 1.00 1.00 1.00 1.00
2040 00202 00202 00202 00202 1.00 1.00 1.00 1.00 1.00 1.00 1.00 1.00
2050 00202 00202 00202 00202 1.00 1.00 1.00 1.00 1.00 1.00 1.00 1.00
2060 00202 00202 00202 00202 1.00 1.00 1.00 1.00 1.00 1.00 1.00 1.00
2070 00202 00202 00202 00202 1.00 1.00 1.00 1.00 1.00 1.00 1.00 1.00
2080 00202 00202 00202 00202 1.00 1.00 1.00 1.00 1.00 1.00 1.00 1.00
2090 00202 00202 00202 00202 1.00 1.00 1.00 1.00 1.00 1.00 1.00 1.00
2100 00202 00202 00202 00202 1.00 1.00 1.00 1.00 1.00 1.00 1.00 1.00
2110 00202 00202 00202 00202 1.00 1.00 1.00 1.00 1.00 1.00 1.00 1.00
2120 00202 00202 00202 00202 1.00 1.00 1.00 1.00 1.00 1.00 1.00 1.00
2130 00202 00202 00202 00202 1.00 1.00 1.00 1.00 1.00 1.00 1.00 1.00
2140 00202 00202 00202 00202 1.00 1.00 1.00 1.00 1.00 1.00 1.00 1.00
2150 02202 00202 00202 00202 .75 .75 .75 .75 .81 .81 .81 .81
2160 00202 00202 00202 00202 1.00 1.00 1.00 1.00 1.00 1.00 1.00 1.00
2170 00202 00202 00202 00202 1.00 1.00 1.00 1.00 1.00 1.00 1.00 1.00
2180 02202 20202 02202 02202 .48 .48 .48 .48 .60 .60 .60 .60
2190 20022 20202 20022 20022 .48 .48 .48 .48 .60 .60 .60 .60
2200 20002 20002 20032 20002 .77 .53 .53 .75 .82 .64 .63 .81
2210 20002 20002 20002 20002 1.00 1.00 1.00 1.00 1.00 1.00 1.00 1.00
2220 20000 20000 20000 20000 1.00 1.00 1.00 1.00 1.00 1.00 1.00 1.00
2230 20000 20000 20000 20000 1.00 1.00 1.00 1.00 1.00 1.00 1.00 1.00
2240 20000 20000 20000 20000 1.00 1.00 1.00 1.00 1.00 1.00 1.00 1.00
2250 20000 20000 20000 20000 1.00 1.00 1.00 1.00 1.00 1.00 1.00 1.00
2260 20000 20000 20000 20000 1.00 1.00 1.00 1.00 1.00 1.00 1.00 1.00
2270 20000 20000 20000 20000 1.00 1.00 1.00 1.00 1.00 1.00 1.00 1.00
2280 20000 20000 20000 20000 1.00 1.00 1.00 1.00 1.00 1.00 1.00 1.00
2290 20000 20000 20000 20000 1.00 1.00 1.00 1.00 1.00 1.00 1.00 1.00
2300 20000 20000 20000 20000 1.00 1.00 1.00 1.00 1.00 1.00 1.00 1.00
2310 20000 20000 20000 20000 1.00 1.00 1.00 1.00 1.00 1.00 1.00 1.00
2320 20000 20000 20000 20000 1.00 1.00 1.00 1.00 1.00 1.00 1.00 1.00
2330 20020 20000 20000 20000 .68 .68 .68 .68 .75 .75 .75 .75
2340 20200 20000 20200 20200 .72 .72 .72 .72 .79 .79 .79 .79
2350 00200 00200 00200 00200 1.00 1.00 1.00 1.00 1.00 1.00 1.00 1.00
2360 00200 00200 00200 00200 1.00 1.00 1.00 1.00 1.00 1.00 1.00 1.00
2370 00200 00200 00200 00200 1.00 1.00 1.00 1.00 1.00 1.00 1.00 1.00
2380 00200 00200 00200 00200 1.00 1.00 1.00 1.00 1.00 1.00 1.00 1.00
2390 00200 00200 00200 00200 1.00 1.00 1.00 1.00 1.00 1.00 1.00 1.00
2400 00200 00200 00200 00200 1.00 1.00 1.00 1.00 1.00 1.00 1.00 1.00
2410 00201 00200 00201 00201 .75 .83 .90 .72 .82 .87 .93 .79
2420 00201 00201 00201 00201 1.00 1.00 1.00 1.00 1.00 1.00 1.00 1.00
2430 00201 00201 00201 00201 1.00 1.00 1.00 1.00 1.00 1.00 1.00 1.00
2440 00202 00202 00202 00202 1.00 1.00 1.00 1.00 1.00 1.00 1.00 1.00
2450 00202 00202 00202 00202 1.00 1.00 1.00 1.00 1.00 1.00 1.00 1.00
2460 00202 00202 00202 00202 1.00 1.00 1.00 1.00 1.00 1.00 1.00 1.00
2470 00002 00002 02002 00002 .68 .68 .68 .68 .75 .75 .75 .75
2480 02002 00002 02002 02002 .72 .72 .72 .72 .79 .79 .79 .79
2490 02002 00002 02002 02002 .72 .72 .72 .72 .79 .79 .79 .79
2500 02002 00002 02002 02002 .72 .72 .72 .72 .79 .79 .79 .79
2510 02042 04042 02042 02042 .81 .92 .90 .97 .85 .94 .92 .98
2520 02042 04042 02042 02042 .81 .92 .90 .97 .85 .94 .92 .98
2530 02042 04042 02042 02042 .81 .92 .90 .97 .85 .94 .92 .98
2540 02042 04042 02042 02042 .81 .92 .90 .97 .85 .94 .92 .98
2550 02042 04042 02042 02042 .81 .92 .90 .97 .85 .94 .92 .98
2560 02042 04042 02042 02042 .81 .92 .90 .97 .85 .94 .92 .98
2570 02042 04042 02042 02042 .81 .92 .90 .97 .85 .94 .92 .98
2580 02042 04042 02042 02042 .81 .92 .90 .97 .85 .94 .92 .98
