0 00202 00202 00020 00202 .16 .16 .16 .16 .37 .37 .37 .37
10 00202 00202 00020 00202 .16 .16 .16 .16 .37 .37 .37 .37
20 00202 00202 00020 00202 .16 .16 .16 .16 .37 .37 .37 .37
30 00200 00200 00020 00200 .22 .22 .22 .22 .41 .41 .41 .41
40 00200 00200 00020 00200 .22 .22 .22 .22 .41 .41 .41 .41
50 00200 00200 00020 00200 .22 .22 .22 .22 .41 .41 .41 .41
60 00200 00200 00020 00200 .22 .22 .22 .22 .41 .41 .41 .41
70 00200 00200 00020 00200 .22 .22 .22 .22 .41 .41 .41 .41
80 00200 00200 00020 00200 .22 .22 .22 .22 .41 .41 .41 .41
90 00200 00200 00020 00200 .22 .22 .22 .22 .41 .41 .41 .41
100 02200 20200 00020 00200 -0.12 -0.12 -0.12 -0.12 .10 .10 .10 .10
110 20200 20200 00020 20200 .16 .16 .16 .16 .37 .37 .37 .37
120 20200 20020 00020 20020 .16 .16 .16 .16 .37 .37 .37 .37
130 20200 20020 00020 20020 .16 .16 .16 .16 .37 .37 .37 .37
140 20000 20000 00020 20000 .22 .22 .22 .22 .41 .41 .41 .41
150 20000 20000 00020 20000 .22 .22 .22 .22 .41 .41 .41 .41
160 20000 20000 00020 20000 .22 .22 .22 .22 .41 .41 .41 .41
170 20000 20000 00020 20000 .22 .22 .22 .22 .41 .41 .41 .41
180 20000 20000 00020 20000 .22 .22 .22 .22 .41 .41 .41 .41
190 20200 20200 00020 20200 .16 .16 .16 .16 .37 .37 .37 .37
200 20200 20200 00020 20200 .16 .16 .16 .16 .37 .37 .37 .37
210 02200 20200 00020 00200 -0.12 -0.12 -0.12 -0.12 .10 .10 .10 .10
220 00200 00200 00020 00200 .22 .22 .22 .22 .41 .41 .41 .41
230 00200 00200 00020 00200 .22 .22 .22 .22 .41 .41 .41 .41
240 00200 00200 00020 00200 .22 .22 .22 .22 .41 .41 .41 .41
250 00200 00200 00020 00200 .22 .22 .22 .22 .41 .41 .41 .41
260 00201 00201 00020 00201 .25 .14 .14 .17 .45 .34 .34 .38
270 00201 00201 00020 00201 .25 .14 .14 .17 .45 .34 .34 .38
280 00201 00201 00020 00201 .25 .14 .14 .17 .45 .34 .34 .38
290 00202 00202 00022 00202 .48 .48 .48 .48 .60 .60 .60 .60
300 00202 00202 00022 00202 .48 .48 .48 .48 .60 .60 .60 .60
310 00202 00202 00022 00202 .48 .48 .48 .48 .60 .60 .60 .60
320 00202 00202 00022 00202 .48 .48 .48 .48 .60 .60 .60 .60
330 00202 00202 00022 00202 .48 .48 .48 .48 .60 .60 .60 .60
340 00202 00202 00022 00202 .48 .48 .48 .48 .60 .60 .60 .60
350 00202 00202 00022 00202 .48 .48 .48 .48 .60 .60 .60 .60
360 00202 00202 00022 00202 .48 .48 .48 .48 .60 .60 .60 .60
370 00202 00202 00022 00202 .48 .48 .48 .48 .60 .60 .60 .60
380 00202 00202 00022 00202 .48 .48 .48 .48 .60 .60 .60 .60
390 00202 00202 00022 00202 .48 .48 .48 .48 .60 .60 .60 .60
400 00202 00202 00022 00202 .48 .48 .48 .48 .60 .60 .60 .60
410 00202 00202 00022 00202 .48 .48 .48 .48 .60 .60 .60 .60
420 00202 00202 00022 00202 .48 .48 .48 .48 .60 .60 .60 .60
430 00202 00202 00022 00202 .48 .48 .48 .48 .60 .60 .60 .60
440 00202 00202 00022 00202 .48 .48 .48 .48 .60 .60 .60 .60
450 20202 20202 00022 20202 .25 .25 .25 .25 .42 .42 .42 .42
460 20202 20202 00022 20202 .25 .25 .25 .25 .42 .42 .42 .42
470 20002 20002 00022 20002 .48 .48 .48 .48 .60 .60 .60 .60
480 20002 20002 00022 20002 .48 .48 .48 .48 .60 .60 .60 .60
490 20002 20002 02002 20002 .48 .48 .48 .48 .60 .60 .60 .60
500 20002 20002 02002 20002 .48 .48 .48 .48 .60 .60 .60 .60
510 20002 20002 02002 20002 .48 .48 .48 .48 .60 .60 .60 .60
520 20002 20002 02002 20002 .48 .48 .48 .48 .60 .60 .60 .60
530 20000 20000 02002 20000 .05 .05 .05 .05 .24 .24 .24 .24
540 20000 20000 02002 20000 .05 .05 .05 .05 .24 .24 .24 .24
550 20000 20000 02002 20000 .05 .05 .05 .05 .24 .24 .24 .24
560 20000 20000 02002 20000 .05 .05 .05 .05 .24 .24 .24 .24
570 20000 20000 02002 20000 .05 .05 .05 .05 .24 .24 .24 .24
580 20000 20000 02002 20000 .05 .05 .05 .05 .24 .24 .24 .24
590 20000 20000 02002 20000 .05 .05 .05 .05 .24 .24 .24 .24
600 20000 20000 02002 20000 .05 .05 .05 .05 .24 .24 .24 .24
610 20000 20000 02002 20000 .05 .05 .05 .05 .24 .24 .24 .24
620 20000 20000 02002 20000 .05 .05 .05 .05 .24 .24 .24 .24
630 20000 20000 02002 20000 .05 .05 .05 .05 .24 .24 .24 .24
640 20000 20000 02002 20000 .05 .05 .05 .05 .24 .24 .24 .24
650 20000 20030 02002 20000 -0.04 -0.15 -0.16 -0.12 .15 .05 .03 .10
660 20000 20030 02002 20000 -0.04 -0.15 -0.16 -0.12 .15 .05 .03 .10
670 20000 20030 02002 20000 -0.04 -0.15 -0.16 -0.12 .15 .05 .03 .10
680 20000 20030 02002 20000 -0.04 -0.15 -0.16 -0.12 .15 .05 .03 .10
690 20000 20030 02002 20000 -0.04 -0.15 -0.16 -0.12 .15 .05 .03 .10
700 20000 20030 02002 20000 -0.04 -0.15 -0.16 -0.12 .15 .05 .03 .10
710 20020 20030 02002 20020 -0.07 -0.00 1.0 -0.04 .14 .23 .23 .21
720 20200 20230 02002 20200 -0.13 -0.30 -0.30 -0.24 .11 -0.03 -0.03 .04
730 00200 00230 02002 00200 -0.04 -0.15 -0.16 -0.12 .15 .05 .03 .10
740 00200 00230 00022 00200 .09 .17 .17 .16 .22 .23 .21 .24
750 00200 00200 00022 00200 .05 .05 .05 .05 .24 .24 .24 .24
760 00200 00200 00022 00200 .05 .05 .05 .05 .24 .24 .24 .24
770 00201 00200 00022 00201 .09 .14 .11 .15 .31 .34 .32 .37
780 00201 00200 00022 00201 .09 .14 .11 .15 .31 .34 .32 .37
790 00201 00200 00022 00201 .09 .14 .11 .15 .31 .34 .32 .37
800 00201 00201 00022 00201 .32 .33 .26 .46 .49 .48 .41 .59
810 00202 00201 00022 00202 .29 .39 .35 .46 .45 .55 .52 .59
820 00202 00202 00022 00202 .48 .48 .48 .48 .60 .60 .60 .60
830 00202 00202 00022 00202 .48 .48 .48 .48 .60 .60 .60 .60
840 00202 00202 00022 00202 .48 .48 .48 .48 .60 .60 .60 .60
850 00202 00202 00022 00202 .48 .48 .48 .48 .60 .60 .60 .60
860 00202 00202 00022 00202 .48 .48 .48 .48 .60 .60 .60 .60
870 00202 00202 00022 00202 .48 .48 .48 .48 .60 .60 .60 .60
880 00202 00202 00022 00202 .48 .48 .48 .48 .60 .60 .60 .60
890 00202 00202 00022 00202 .48 .48 .48 .48 .60 .60 .60 .60
900 00202 00202 00022 00202 .48 .48 .48 .48 .60 .60 .60 .60
910 00202 00202 00022 00202 .48 .48 .48 .48 .60 .60 .60 .60
920 02202 00202 00022 00202 .25 .25 .25 .25 .42 .42 .42 .42
930 02202 20202 00022 00202 1.0 1.0 1.0 1.0 .24 .24 .24 .24
940 20202 20202 00022 20202 .25 .25 .25 .25 .42 .42 .42 .42
950 20002 20002 00022 20002 .48 .48 .48 .48 .60 .60 .60 .60
960 20002 20002 00022 20002 .48 .48 .48 .48 .60 .60 .60 .60
970 20002 20002 00022 20002 .48 .48 .48 .48 .60 .60 .60 .60
980 20002 20002 00022 20002 .48 .48 .48 .48 .60 .60 .60 .60
990 20002 20002 00022 20002 .48 .48 .48 .48 .60 .60 .60 .60
1000 20000 20002 00022 20002 .16 .16 .16 .16 .37 .37 .37 .37
1010 20000 20000 00022 20000 .05 .05 .05 .05 .24 .24 .24 .24
1020 20000 20000 00022 20000 .05 .05 .05 .05 .24 .24 .24 .24
1030 20000 20000 00022 20000 .05 .05 .05 .05 .24 .24 .24 .24
1040 20000 20000 00022 20000 .05 .05 .05 .05 .24 .24 .24 .24
1050 20000 20000 00022 20000 .05 .05 .05 .05 .24 .24 .24 .24
1060 20000 20000 00022 20000 .05 .05 .05 .05 .24 .24 .24 .24
1070 20000 20000 00022 20000 .05 .05 .05 .05 .24 .24 .24 .24
1080 20000 20000 00022 20000 .05 .05 .05 .05 .24 .24 .24 .24
1090 20000 20000 00022 20000 .05 .05 .05 .05 .24 .24 .24 .24
1100 20000 20000 02002 20000 .05 .05 .05 .05 .24 .24 .24 .24
1110 20000 20000 02002 20000 .05 .05 .05 .05 .24 .24 .24 .24
1120 20000 20000 02002 20000 .05 .05 .05 .05 .24 .24 .24 .24
1130 20000 20000 02002 20000 .05 .05 .05 .05 .24 .24 .24 .24
1140 20000 20000 02002 20000 .05 .05 .05 .05 .24 .24 .24 .24
1150 20000 20000 02002 20000 .05 .05 .05 .05 .24 .24 .24 .24
1160 20000 20000 02002 20000 .05 .05 .05 .05 .24 .24 .24 .24
1170 20200 20200 02002 20200 -0.04 -0.04 -0.04 -0.04 .21 .21 .21 .21
1180 20200 20200 02002 20200 -0.04 -0.04 -0.04 -0.04 .21 .21 .21 .21
1190 00200 00200 02002 00200 .05 .05 .05 .05 .24 .24 .24 .24
1200 00200 00200 02002 00200 .05 .05 .05 .05 .24 .24 .24 .24
1210 00200 00200 02002 00200 .05 .05 .05 .05 .24 .24 .24 .24
1220 00200 00200 02002 00200 .05 .05 .05 .05 .24 .24 .24 .24
1230 00200 00200 02002 00200 .05 .05 .05 .05 .24 .24 .24 .24
1240 00201 00201 02002 00201 .32 .33 .26 .46 .49 .48 .41 .59
1250 00201 00201 02002 00201 .32 .33 .26 .46 .49 .48 .41 .59
1260 00201 00201 02002 00201 .32 .33 .26 .46 .49 .48 .41 .59
1270 00202 00202 02002 00202 .48 .48 .48 .48 .60 .60 .60 .60
1280 00202 00202 02002 00202 .48 .48 .48 .48 .60 .60 .60 .60
1290 00202 00202 02002 00202 .48 .48 .48 .48 .60 .60 .60 .60
1300 00202 00202 02002 00202 .48 .48 .48 .48 .60 .60 .60 .60
1310 00202 00202 02002 00202 .48 .48 .48 .48 .60 .60 .60 .60
1320 00202 00202 02002 00202 .48 .48 .48 .48 .60 .60 .60 .60
1330 00202 00202 02002 00202 .48 .48 .48 .48 .60 .60 .60 .60
1340 00202 00202 00022 00202 .48 .48 .48 .48 .60 .60 .60 .60
1350 00202 00202 00022 00202 .48 .48 .48 .48 .60 .60 .60 .60
1360 00202 00202 00022 00202 .48 .48 .48 .48 .60 .60 .60 .60
1370 00202 00202 00022 00202 .48 .48 .48 .48 .60 .60 .60 .60
1380 00202 00202 00022 00202 .48 .48 .48 .48 .60 .60 .60 .60
1390 00202 00202 00022 00202 .48 .48 .48 .48 .60 .60 .60 .60
1400 00202 00202 00022 00202 .48 .48 .48 .48 .60 .60 .60 .60
1410 00202 00202 00022 00202 .48 .48 .48 .48 .60 .60 .60 .60
1420 00202 00202 00022 00202 .48 .48 .48 .48 .60 .60 .60 .60
1430 00202 00202 00022 00202 .48 .48 .48 .48 .60 .60 .60 .60
1440 00202 00202 00022 00202 .48 .48 .48 .48 .60 .60 .60 .60
1450 00202 00202 00022 00202 .48 .48 .48 .48 .60 .60 .60 .60
1460 00202 00202 00022 00202 .48 .48 .48 .48 .60 .60 .60 .60
1470 00202 00202 00022 00202 .48 .48 .48 .48 .60 .60 .60 .60
1480 00202 00202 00022 00202 .48 .48 .48 .48 .60 .60 .60 .60
1490 00202 00202 00022 00202 .48 .48 .48 .48 .60 .60 .60 .60
1500 00202 00202 00022 00202 .48 .48 .48 .48 .60 .60 .60 .60
1510 00202 00202 00022 00202 .48 .48 .48 .48 .60 .60 .60 .60
1520 00202 00202 00022 00202 .48 .48 .48 .48 .60 .60 .60 .60
1530 00202 00202 00022 00202 .48 .48 .48 .48 .60 .60 .60 .60
1540 00202 00202 00022 00202 .48 .48 .48 .48 .60 .60 .60 .60
1550 00202 00202 00022 00202 .48 .48 .48 .48 .60 .60 .60 .60
1560 00202 00202 00022 00202 .48 .48 .48 .48 .60 .60 .60 .60
1570 02202 20202 00022 00202 1.0 1.0 1.0 1.0 .24 .24 .24 .24
1580 20022 20042 00022 20022 .56 .73 .67 .73 .65 .78 .72 .79
1590 20002 20042 00022 20002 .44 .43 .35 .49 .53 .47 .37 .55
1600 20002 20042 00022 20002 .44 .43 .35 .49 .53 .47 .37 .55
1610 20002 20002 00022 20002 .48 .48 .48 .48 .60 .60 .60 .60
1620 20002 20002 00022 20002 .48 .48 .48 .48 .60 .60 .60 .60
1630 20002 20002 00022 20002 .48 .48 .48 .48 .60 .60 .60 .60
1640 20002 20002 00022 20002 .48 .48 .48 .48 .60 .60 .60 .60
1650 20002 20002 00022 20002 .48 .48 .48 .48 .60 .60 .60 .60
1660 20002 20002 00022 20002 .48 .48 .48 .48 .60 .60 .60 .60
1670 20000 20002 00022 20002 .16 .16 .16 .16 .37 .37 .37 .37
1680 20000 20000 00022 20000 .05 .05 .05 .05 .24 .24 .24 .24
1690 20000 20000 00022 20000 .05 .05 .05 .05 .24 .24 .24 .24
1700 20000 20000 00022 20000 .05 .05 .05 .05 .24 .24 .24 .24
1710 20000 20000 00022 20000 .05 .05 .05 .05 .24 .24 .24 .24
1720 20000 20000 00022 20000 .05 .05 .05 .05 .24 .24 .24 .24
1730 20000 20000 00022 20000 .05 .05 .05 .05 .24 .24 .24 .24
1740 20000 20000 00022 20000 .05 .05 .05 .05 .24 .24 .24 .24
1750 20000 20000 00022 20000 .05 .05 .05 .05 .24 .24 .24 .24
1760 20000 20000 00022 20000 .05 .05 .05 .05 .24 .24 .24 .24
1770 20000 20000 00022 20000 .05 .05 .05 .05 .24 .24 .24 .24
1780 20000 20000 00022 20000 .05 .05 .05 .05 .24 .24 .24 .24
1790 20000 20000 00022 20000 .05 .05 .05 .05 .24 .24 .24 .24
1800 20000 20000 00022 20000 .05 .05 .05 .05 .24 .24 .24 .24
1810 20000 20000 00022 20000 .05 .05 .05 .05 .24 .24 .24 .24
1820 20020 20000 00022 20020 .16 .16 .16 .16 .37 .37 .37 .37
1830 20020 20200 00022 20020 -0.04 -0.04 -0.04 -0.04 .21 .21 .21 .21
1840 20020 20200 00022 20020 -0.04 -0.04 -0.04 -0.04 .21 .21 .21 .21
1850 20020 20000 00022 20020 .16 .16 .16 .16 .37 .37 .37 .37
1860 20200 20000 00022 20000 -0.12 -0.12 -0.12 -0.12 .10 .10 .10 .10
1870 20200 20200 00022 20200 -0.04 -0.04 -0.04 -0.04 .21 .21 .21 .21
1880 00200 00200 00022 00200 .05 .05 .05 .05 .24 .24 .24 .24
1890 00200 00200 00022 00200 .05 .05 .05 .05 .24 .24 .24 .24
1900 00200 00200 00022 00200 .05 .05 .05 .05 .24 .24 .24 .24
1910 00200 00200 00022 00200 .05 .05 .05 .05 .24 .24 .24 .24
1920 00200 00200 00022 00200 .05 .05 .05 .05 .24 .24 .24 .24
1930 00201 00201 00022 00201 .32 .33 .26 .46 .49 .48 .41 .59
1940 00201 00201 00022 00201 .32 .33 .26 .46 .49 .48 .41 .59
1950 00201 00202 00022 00202 .29 .39 .35 .46 .45 .55 .52 .59
1960 00202 00202 00022 00202 .48 .48 .48 .48 .60 .60 .60 .60
1970 00202 00202 00022 00202 .48 .48 .48 .48 .60 .60 .60 .60
1980 00202 00202 00022 00202 .48 .48 .48 .48 .60 .60 .60 .60
1990 00202 00202 00022 00202 .48 .48 .48 .48 .60 .60 .60 .60
2000 00202 00202 00022 00202 .48 .48 .48 .48 .60 .60 .60 .60
2010 00202 00202 00022 00202 .48 .48 .48 .48 .60 .60 .60 .60
2020 00202 00202 00022 00202 .48 .48 .48 .48 .60 .60 .60 .60
2030 00202 00202 00022 00202 .48 .48 .48 .48 .60 .60 .60 .60
2040 00202 00202 00022 00202 .48 .48 .48 .48 .60 .60 .60 .60
2050 00202 00202 00022 00202 .48 .48 .48 .48 .60 .60 .60 .60
2060 00202 00202 00022 00202 .48 .48 .48 .48 .60 .60 .60 .60
2070 00202 00202 00022 00202 .48 .48 .48 .48 .60 .60 .60 .60
2080 00202 00202 00022 00202 .48 .48 .48 .48 .60 .60 .60 .60
2090 00202 00202 00022 00202 .48 .48 .48 .48 .60 .60 .60 .60
2100 00202 00202 00022 00202 .48 .48 .48 .48 .60 .60 .60 .60
2110 00202 00202 00022 00202 .48 .48 .48 .48 .60 .60 .60 .60
2120 00202 00202 00022 00202 .48 .48 .48 .48 .60 .60 .60 .60
2130 00202 00202 00022 00202 .48 .48 .48 .48 .60 .60 .60 .60
2140 20202 20202 00022 20202 .25 .25 .25 .25 .42 .42 .42 .42
2150 20202 20202 00022 20202 .25 .25 .25 .25 .42 .42 .42 .42
2160 20002 20002 00022 20002 .48 .48 .48 .48 .60 .60 .60 .60
2170 20002 20002 00022 20002 .48 .48 .48 .48 .60 .60 .60 .60
2180 20002 20002 00022 20002 .48 .48 .48 .48 .60 .60 .60 .60
2190 20002 20002 00022 20002 .48 .48 .48 .48 .60 .60 .60 .60
2200 20002 20002 00022 20002 .48 .48 .48 .48 .60 .60 .60 .60
2210 20000 20000 00022 20000 .05 .05 .05 .05 .24 .24 .24 .24
2220 20000 20000 00022 20000 .05 .05 .05 .05 .24 .24 .24 .24
2230 20000 20000 00022 20000 .05 .05 .05 .05 .24 .24 .24 .24
2240 20000 20000 00022 20000 .05 .05 .05 .05 .24 .24 .24 .24
2250 20000 20000 02002 20000 .05 .05 .05 .05 .24 .24 .24 .24
2260 20000 20000 02002 20000 .05 .05 .05 .05 .24 .24 .24 .24
2270 20000 20000 02002 20000 .05 .05 .05 .05 .24 .24 .24 .24
2280 20000 20000 02002 20000 .05 .05 .05 .05 .24 .24 .24 .24
2290 20000 20000 02002 20000 .05 .05 .05 .05 .24 .24 .24 .24
2300 20000 20000 02002 20000 .05 .05 .05 .05 .24 .24 .24 .24
2310 20000 20000 02002 20000 .05 .05 .05 .05 .24 .24 .24 .24
2320 20000 20000 02002 20000 .05 .05 .05 .05 .24 .24 .24 .24
2330 00001 00001 02002 00001 .42 .58 .39 .65 .53 .66 .44 .72
2340 00001 00001 02002 00001 .42 .58 .39 .65 .53 .66 .44 .72
2350 00001 00001 02002 00001 .42 .58 .39 .65 .53 .66 .44 .72
2360 00001 00001 02002 00001 .42 .58 .39 .65 .53 .66 .44 .72
2370 00001 00001 02002 00001 .42 .58 .39 .65 .53 .66 .44 .72
2380 00001 00001 02002 00001 .42 .58 .39 .65 .53 .66 .44 .72
2390 00001 00001 02002 00001 .42 .58 .39 .65 .53 .66 .44 .72
2400 00001 04001 02002 00001 .40 .61 .37 .68 .47 .58 .29 .67
2410 04041 04001 02002 04001 .42 .60 .46 .71 .54 .70 .59 .78
2420 04041 04041 02002 04041 .45 .61 .53 .72 .58 .71 .66 .78
2430 04041 04041 02002 04041 .45 .61 .53 .72 .58 .71 .66 .78
2440 04041 04041 02002 04041 .45 .61 .53 .72 .58 .71 .66 .78
2450 04041 04041 02002 04041 .45 .61 .53 .72 .58 .71 .66 .78
2460 04041 04041 02002 04041 .45 .61 .53 .72 .58 .71 .66 .78
