0 00022 04042 00001 00022 .25 .28 .10 .46 .38 .44 .25 .58
10 00022 04042 00001 00022 .25 .28 .10 .46 .38 .44 .25 .58
20 00022 04042 00001 00022 .25 .28 .10 .46 .38 .44 .25 .58
30 00002 04002 00001 00002 .43 .54 .19 .65 .54 .63 .30 .72
40 00002 04002 00021 00002 .26 .28 .06 .42 .39 .42 .19 .53
50 00022 04022 00021 00022 .58 .51 .28 .73 .67 .62 .40 .79
60 00202 04202 00021 00202 .16 .05 -0.06 .24 .33 .26 .12 .41
70 00200 04200 00200 00200 .70 .55 .30 .68 .76 .64 .39 .75
80 00200 04200 00200 00200 .70 .55 .30 .68 .76 .64 .39 .75
90 00200 00200 00200 00200 1.00 1.00 1.00 1.00 1.00 1.00 1.00 1.00
100 00200 00200 00200 00200 1.00 1.00 1.00 1.00 1.00 1.00 1.00 1.00
110 00200 00200 00200 00200 1.00 1.00 1.00 1.00 1.00 1.00 1.00 1.00
120 00200 00200 00200 00200 1.00 1.00 1.00 1.00 1.00 1.00 1.00 1.00
130 00200 00200 00200 00200 1.00 1.00 1.00 1.00 1.00 1.00 1.00 1.00
140 20200 20200 20200 20200 1.00 1.00 1.00 1.00 1.00 1.00 1.00 1.00
150 20000 20000 20000 20000 1.00 1.00 1.00 1.00 1.00 1.00 1.00 1.00
160 20000 20000 20000 20000 1.00 1.00 1.00 1.00 1.00 1.00 1.00 1.00
170 20000 20000 20000 20000 1.00 1.00 1.00 1.00 1.00 1.00 1.00 1.00
180 20000 20000 20000 20000 1.00 1.00 1.00 1.00 1.00 1.00 1.00 1.00
190 20000 20000 20000 20000 1.00 1.00 1.00 1.00 1.00 1.00 1.00 1.00
200 20000 20000 20020 20000 .68 .68 .68 .68 .75 .75 .75 .75
210 20200 20020 20020 20020 .48 .48 .48 .48 .60 .60 .60 .60
220 20200 20200 20200 20200 1.00 1.00 1.00 1.00 1.00 1.00 1.00 1.00
230 00200 00200 00200 00200 1.00 1.00 1.00 1.00 1.00 1.00 1.00 1.00
240 00200 00200 00200 00200 1.00 1.00 1.00 1.00 1.00 1.00 1.00 1.00
250 00200 00200 00200 00200 1.00 1.00 1.00 1.00 1.00 1.00 1.00 1.00
260 00200 00200 00200 00200 1.00 1.00 1.00 1.00 1.00 1.00 1.00 1.00
270 00201 00201 00201 00201 1.00 1.00 1.00 1.00 1.00 1.00 1.00 1.00
280 00201 00201 00201 00201 1.00 1.00 1.00 1.00 1.00 1.00 1.00 1.00
290 00201 00201 00201 00201 1.00 1.00 1.00 1.00 1.00 1.00 1.00 1.00
300 00202 00202 00202 00202 1.00 1.00 1.00 1.00 1.00 1.00 1.00 1.00
310 00202 00202 00202 00202 1.00 1.00 1.00 1.00 1.00 1.00 1.00 1.00
320 00202 00202 00202 00202 1.00 1.00 1.00 1.00 1.00 1.00 1.00 1.00
330 00202 00202 00202 00202 1.00 1.00 1.00 1.00 1.00 1.00 1.00 1.00
340 00202 00202 00202 00202 1.00 1.00 1.00 1.00 1.00 1.00 1.00 1.00
350 00202 00202 00202 00202 1.00 1.00 1.00 1.00 1.00 1.00 1.00 1.00
360 00202 00202 00202 00202 1.00 1.00 1.00 1.00 1.00 1.00 1.00 1.00
370 00202 00202 00200 00202 .72 .72 .72 .72 .79 .79 .79 .79
380 00202 00242 00200 00202 .53 .34 .19 .49 .63 .48 .32 .61
390 00202 00242 00200 00202 .53 .34 .19 .49 .63 .48 .32 .61
400 02202 00242 02200 02202 .33 .09 1.0 .26 .48 .26 .16 .43
410 20202 20242 02200 20202 .10 -0.18 -0.23 -0.02 .29 .05 -0.02 .22
420 20002 20002 20000 20002 .72 .72 .72 .72 .79 .79 .79 .79
430 20002 20002 20000 20002 .72 .72 .72 .72 .79 .79 .79 .79
440 20000 20000 20000 20000 1.00 1.00 1.00 1.00 1.00 1.00 1.00 1.00
450 20000 20000 20000 20000 1.00 1.00 1.00 1.00 1.00 1.00 1.00 1.00
460 20030 20000 20030 20030 .75 .61 .59 .72 .82 .71 .70 .79
470 20030 20030 20030 20030 1.00 1.00 1.00 1.00 1.00 1.00 1.00 1.00
480 20030 20030 20030 20030 1.00 1.00 1.00 1.00 1.00 1.00 1.00 1.00
490 20030 20030 20030 20030 1.00 1.00 1.00 1.00 1.00 1.00 1.00 1.00
500 20030 20030 20030 20030 1.00 1.00 1.00 1.00 1.00 1.00 1.00 1.00
510 20030 20030 20030 20030 1.00 1.00 1.00 1.00 1.00 1.00 1.00 1.00
520 20030 20030 20030 20030 1.00 1.00 1.00 1.00 1.00 1.00 1.00 1.00
530 20030 20030 20030 20030 1.00 1.00 1.00 1.00 1.00 1.00 1.00 1.00
540 20000 20000 20000 20000 1.00 1.00 1.00 1.00 1.00 1.00 1.00 1.00
550 20000 20000 20000 20000 1.00 1.00 1.00 1.00 1.00 1.00 1.00 1.00
560 20000 20000 20000 20000 1.00 1.00 1.00 1.00 1.00 1.00 1.00 1.00
570 20000 20000 20000 20000 1.00 1.00 1.00 1.00 1.00 1.00 1.00 1.00
580 20000 20000 20020 20000 .68 .68 .68 .68 .75 .75 .75 .75
590 20000 20000 20020 20000 .68 .68 .68 .68 .75 .75 .75 .75
600 20020 20000 20020 20020 .72 .72 .72 .72 .79 .79 .79 .79
610 20020 20000 20200 20000 .44 .44 .44 .44 .55 .55 .55 .55
620 20200 20200 20200 20200 1.00 1.00 1.00 1.00 1.00 1.00 1.00 1.00
630 00200 00200 00200 00200 1.00 1.00 1.00 1.00 1.00 1.00 1.00 1.00
640 00200 00200 00200 00200 1.00 1.00 1.00 1.00 1.00 1.00 1.00 1.00
650 00200 00200 00200 00200 1.00 1.00 1.00 1.00 1.00 1.00 1.00 1.00
660 03200 03200 00200 03200 .75 .61 .59 .72 .82 .71 .70 .79
670 03200 03200 03201 03200 .80 .92 .96 .76 .85 .94 .97 .81
680 03200 03200 03201 03200 .80 .92 .96 .76 .85 .94 .97 .81
690 03201 03201 03201 03201 1.00 1.00 1.00 1.00 1.00 1.00 1.00 1.00
700 03201 03201 03201 03201 1.00 1.00 1.00 1.00 1.00 1.00 1.00 1.00
710 03201 03201 03202 03201 .82 .97 .96 .97 .87 .97 .97 .98
720 03202 03202 03202 03202 1.00 1.00 1.00 1.00 1.00 1.00 1.00 1.00
730 03202 03202 03202 03202 1.00 1.00 1.00 1.00 1.00 1.00 1.00 1.00
740 03202 03202 04202 03202 .81 .99 .96 .99 .85 .99 .97 1.00
750 03202 03202 04202 03202 .81 .99 .96 .99 .85 .99 .97 1.00
760 03202 03202 04202 03202 .81 .99 .96 .99 .85 .99 .97 1.00
770 03202 03202 04202 03202 .81 .99 .96 .99 .85 .99 .97 1.00
780 03202 03202 04200 03202 .62 .85 .83 .75 .71 .89 .86 .81
790 00202 00202 04200 00202 .53 .34 .19 .49 .63 .48 .32 .61
800 00202 00202 02200 00202 .48 .48 .48 .48 .60 .60 .60 .60
810 00202 00202 02200 00202 .48 .48 .48 .48 .60 .60 .60 .60
820 02202 00202 02200 02202 .50 .50 .50 .50 .62 .62 .62 .62
830 20202 20202 20200 20202 .75 .75 .75 .75 .81 .81 .81 .81
840 20002 20002 20000 20002 .72 .72 .72 .72 .79 .79 .79 .79
850 20000 20000 20000 20000 1.00 1.00 1.00 1.00 1.00 1.00 1.00 1.00
860 20000 20000 20000 20000 1.00 1.00 1.00 1.00 1.00 1.00 1.00 1.00
870 20000 20000 20000 20000 1.00 1.00 1.00 1.00 1.00 1.00 1.00 1.00
880 20030 20030 20030 20030 1.00 1.00 1.00 1.00 1.00 1.00 1.00 1.00
890 20030 20030 20030 20030 1.00 1.00 1.00 1.00 1.00 1.00 1.00 1.00
900 20030 20030 20030 20030 1.00 1.00 1.00 1.00 1.00 1.00 1.00 1.00
910 20030 20030 20030 20030 1.00 1.00 1.00 1.00 1.00 1.00 1.00 1.00
920 20030 20030 20030 20030 1.00 1.00 1.00 1.00 1.00 1.00 1.00 1.00
930 20000 20000 20000 20000 1.00 1.00 1.00 1.00 1.00 1.00 1.00 1.00
940 20000 20000 20000 20000 1.00 1.00 1.00 1.00 1.00 1.00 1.00 1.00
950 20000 20000 20000 20000 1.00 1.00 1.00 1.00 1.00 1.00 1.00 1.00
960 20020 20000 20000 20000 .68 .68 .68 .68 .75 .75 .75 .75
970 20020 20000 20200 20000 .44 .44 .44 .44 .55 .55 .55 .55
980 20020 20000 20200 20000 .44 .44 .44 .44 .55 .55 .55 .55
990 20020 20000 20200 20000 .44 .44 .44 .44 .55 .55 .55 .55
1000 20200 20000 20200 20200 .72 .72 .72 .72 .79 .79 .79 .79
1010 20200 20200 20200 20200 1.00 1.00 1.00 1.00 1.00 1.00 1.00 1.00
1020 00200 00200 00200 00200 1.00 1.00 1.00 1.00 1.00 1.00 1.00 1.00
1030 00200 00200 00200 00200 1.00 1.00 1.00 1.00 1.00 1.00 1.00 1.00
1040 00200 00200 00200 00200 1.00 1.00 1.00 1.00 1.00 1.00 1.00 1.00
1050 30200 03200 30200 30200 .56 .30 .30 .48 .66 .47 .47 .61
1060 30200 03200 30200 30200 .56 .30 .30 .48 .66 .47 .47 .61
1070 30200 03200 30200 30200 .56 .30 .30 .48 .66 .47 .47 .61
1080 30200 03200 30200 30200 .56 .30 .30 .48 .66 .47 .47 .61
1090 30200 03200 30201 30200 .41 .20 .23 .27 .54 .39 .42 .44
1100 30200 03200 30201 30200 .41 .20 .23 .27 .54 .39 .42 .44
1110 30200 03200 30201 30200 .41 .20 .23 .27 .54 .39 .42 .44
1120 30201 03200 30201 30201 .45 .17 .18 .28 .59 .36 .37 .45
1130 30201 03201 30201 30201 .65 .20 .18 .51 .74 .39 .37 .63
1140 30202 03201 30202 30202 .45 .14 .17 .47 .58 .34 .37 .59
1150 30202 03202 30202 30202 .61 .15 .22 .49 .70 .35 .41 .61
1160 30202 03202 30202 30202 .61 .15 .22 .49 .70 .35 .41 .61
1170 30202 03202 30202 30202 .61 .15 .22 .49 .70 .35 .41 .61
1180 30202 03202 30200 30202 .41 .08 .10 .26 .55 .29 .31 .43
1190 03202 03202 00200 03202 .58 .42 .42 .50 .69 .56 .57 .62
1200 03202 03202 00200 03202 .58 .42 .42 .50 .69 .56 .57 .62
1210 03202 00202 00200 00202 .53 .34 .32 .48 .63 .48 .45 .61
1220 00202 00242 00200 00202 .53 .34 .19 .49 .63 .48 .32 .61
1230 00202 00242 00200 00202 .53 .34 .19 .49 .63 .48 .32 .61
1240 00202 00242 00200 00202 .53 .34 .19 .49 .63 .48 .32 .61
1250 20202 00242 20200 20202 .33 .09 1.0 .26 .48 .26 .16 .43
1260 20022 20022 20020 20022 .75 .75 .75 .75 .81 .81 .81 .81
1270 20002 20002 20000 20002 .72 .72 .72 .72 .79 .79 .79 .79
1280 20000 20000 20000 20000 1.00 1.00 1.00 1.00 1.00 1.00 1.00 1.00
1290 20000 20000 20000 20000 1.00 1.00 1.00 1.00 1.00 1.00 1.00 1.00
1300 20030 20030 20000 20030 .75 .61 .59 .72 .82 .71 .70 .79
1310 20000 20000 20000 20000 1.00 1.00 1.00 1.00 1.00 1.00 1.00 1.00
1320 20000 20000 20000 20000 1.00 1.00 1.00 1.00 1.00 1.00 1.00 1.00
1330 20000 20000 20000 20000 1.00 1.00 1.00 1.00 1.00 1.00 1.00 1.00
1340 20030 20030 20030 20030 1.00 1.00 1.00 1.00 1.00 1.00 1.00 1.00
1350 20030 20030 20030 20030 1.00 1.00 1.00 1.00 1.00 1.00 1.00 1.00
1360 20030 20030 20030 20030 1.00 1.00 1.00 1.00 1.00 1.00 1.00 1.00
1370 20030 20030 20030 20030 1.00 1.00 1.00 1.00 1.00 1.00 1.00 1.00
1380 20000 20000 20000 20000 1.00 1.00 1.00 1.00 1.00 1.00 1.00 1.00
1390 20000 20000 20000 20000 1.00 1.00 1.00 1.00 1.00 1.00 1.00 1.00
1400 20000 20000 20000 20000 1.00 1.00 1.00 1.00 1.00 1.00 1.00 1.00
1410 20000 20000 20000 20000 1.00 1.00 1.00 1.00 1.00 1.00 1.00 1.00
1420 20200 20000 20200 20200 .72 .72 .72 .72 .79 .79 .79 .79
1430 20200 20200 20200 20200 1.00 1.00 1.00 1.00 1.00 1.00 1.00 1.00
1440 00200 00200 00200 00200 1.00 1.00 1.00 1.00 1.00 1.00 1.00 1.00
1450 00200 00200 00200 00200 1.00 1.00 1.00 1.00 1.00 1.00 1.00 1.00
1460 00200 00200 00200 00200 1.00 1.00 1.00 1.00 1.00 1.00 1.00 1.00
1470 00201 00200 00200 00200 .70 .80 .90 .68 .76 .84 .93 .75
1480 00201 00201 00201 00201 1.00 1.00 1.00 1.00 1.00 1.00 1.00 1.00
1490 00201 00201 00201 00201 1.00 1.00 1.00 1.00 1.00 1.00 1.00 1.00
1500 00201 00201 00201 00201 1.00 1.00 1.00 1.00 1.00 1.00 1.00 1.00
1510 00201 00201 00201 00201 1.00 1.00 1.00 1.00 1.00 1.00 1.00 1.00
1520 00202 00202 00202 00202 1.00 1.00 1.00 1.00 1.00 1.00 1.00 1.00
1530 00202 00202 00202 00202 1.00 1.00 1.00 1.00 1.00 1.00 1.00 1.00
1540 00202 00202 00202 00202 1.00 1.00 1.00 1.00 1.00 1.00 1.00 1.00
1550 00202 00202 00202 00202 1.00 1.00 1.00 1.00 1.00 1.00 1.00 1.00
1560 00202 00202 00202 00202 1.00 1.00 1.00 1.00 1.00 1.00 1.00 1.00
1570 00202 00202 00202 00202 1.00 1.00 1.00 1.00 1.00 1.00 1.00 1.00
1580 00202 00242 00200 00202 .53 .34 .19 .49 .63 .48 .32 .61
1590 00202 00242 00200 00202 .53 .34 .19 .49 .63 .48 .32 .61
1600 00202 00242 00200 00202 .53 .34 .19 .49 .63 .48 .32 .61
1610 00202 00242 00200 00202 .53 .34 .19 .49 .63 .48 .32 .61
1620 02202 20242 00200 00202 .11 -0.12 -0.17 .01 .30 .13 .04 .25
1630 20202 20242 20200 20202 .55 .23 .12 .49 .64 .39 .27 .61
1640 20002 20002 20000 20002 .72 .72 .72 .72 .79 .79 .79 .79
1650 20002 20002 20000 20002 .72 .72 .72 .72 .79 .79 .79 .79
1660 20000 20000 20000 20000 1.00 1.00 1.00 1.00 1.00 1.00 1.00 1.00
1670 20000 20000 20000 20000 1.00 1.00 1.00 1.00 1.00 1.00 1.00 1.00
1680 20030 20030 20000 20030 .75 .61 .59 .72 .82 .71 .70 .79
1690 20030 20030 20030 20030 1.00 1.00 1.00 1.00 1.00 1.00 1.00 1.00
1700 20030 20030 20030 20030 1.00 1.00 1.00 1.00 1.00 1.00 1.00 1.00
1710 20000 20000 20000 20000 1.00 1.00 1.00 1.00 1.00 1.00 1.00 1.00
1720 00001 00001 00000 00001 .46 .46 .46 .46 .63 .63 .63 .63
1730 00001 00001 00000 00001 .46 .46 .46 .46 .63 .63 .63 .63
1740 00001 00001 00000 00001 .46 .46 .46 .46 .63 .63 .63 .63
1750 00041 00001 00000 00001 .26 .17 -0.02 .24 .43 .35 .02 .42
1760 00041 04001 00000 00001 .13 -0.03 -0.13 .08 .30 .14 -0.08 .26
1770 04041 04041 00000 04041 .32 .24 .31 .26 .51 .44 .50 .46
1780 04041 04041 04040 04041 .79 .92 .98 .77 .85 .94 .99 .82
1790 04041 04041 04040 04041 .79 .92 .98 .77 .85 .94 .99 .82
