0 00002 00002 00020 00002 .22 .22 .22 .22 .41 .41 .41 .41
10 00002 00002 00020 00002 .22 .22 .22 .22 .41 .41 .41 .41
20 00002 00002 00020 00002 .22 .22 .22 .22 .41 .41 .41 .41
30 00002 00002 00020 00002 .22 .22 .22 .22 .41 .41 .41 .41
40 00002 00002 00020 00002 .22 .22 .22 .22 .41 .41 .41 .41
50 00002 00002 00020 00002 .22 .22 .22 .22 .41 .41 .41 .41
60 00022 00002 00020 00022 .36 .36 .36 .36 .55 .55 .55 .55
70 00202 00202 00020 00202 .16 .16 .16 .16 .37 .37 .37 .37
80 00200 00200 00020 00200 .22 .22 .22 .22 .41 .41 .41 .41
90 00200 00200 00020 00200 .22 .22 .22 .22 .41 .41 .41 .41
100 00200 00200 00020 00200 .22 .22 .22 .22 .41 .41 .41 .41
110 00200 00200 00020 00200 .22 .22 .22 .22 .41 .41 .41 .41
120 00200 00200 00020 00200 .22 .22 .22 .22 .41 .41 .41 .41
130 00200 00200 00020 00200 .22 .22 .22 .22 .41 .41 .41 .41
140 20200 20200 00020 20200 .16 .16 .16 .16 .37 .37 .37 .37
150 20000 20000 00020 20000 .22 .22 .22 .22 .41 .41 .41 .41
160 20000 20000 00020 20000 .22 .22 .22 .22 .41 .41 .41 .41
170 20000 20000 00020 20000 .22 .22 .22 .22 .41 .41 .41 .41
180 20000 20000 00020 20000 .22 .22 .22 .22 .41 .41 .41 .41
190 20000 20000 00020 20000 .22 .22 .22 .22 .41 .41 .41 .41
200 20200 20200 00020 20200 .16 .16 .16 .16 .37 .37 .37 .37
210 00200 00200 00020 00200 .22 .22 .22 .22 .41 .41 .41 .41
220 00200 00200 00020 00200 .22 .22 .22 .22 .41 .41 .41 .41
230 00200 00200 00020 00200 .22 .22 .22 .22 .41 .41 .41 .41
240 00200 00200 00020 00200 .22 .22 .22 .22 .41 .41 .41 .41
250 00200 00200 00020 00200 .22 .22 .22 .22 .41 .41 .41 .41
260 00201 00201 00020 00201 .25 .14 .14 .17 .45 .34 .34 .38
270 00201 00201 00021 00201 .56 .30 .22 .49 .66 .47 .41 .61
280 00201 00201 00021 00201 .56 .30 .22 .49 .66 .47 .41 .61
290 00202 00201 00021 00201 .32 .33 .26 .46 .49 .48 .41 .59
300 00202 00202 00021 00202 .29 .39 .35 .46 .45 .55 .52 .59
310 00202 00202 00021 00202 .29 .39 .35 .46 .45 .55 .52 .59
320 00202 00202 00021 00202 .29 .39 .35 .46 .45 .55 .52 .59
330 00202 00202 00021 00202 .29 .39 .35 .46 .45 .55 .52 .59
340 00202 00202 00021 00202 .29 .39 .35 .46 .45 .55 .52 .59
350 00202 00202 00021 00202 .29 .39 .35 .46 .45 .55 .52 .59
360 00202 00202 00021 00202 .29 .39 .35 .46 .45 .55 .52 .59
370 00202 00202 00021 00202 .29 .39 .35 .46 .45 .55 .52 .59
380 00202 00202 00021 00202 .29 .39 .35 .46 .45 .55 .52 .59
390 00202 00202 00021 00202 .29 .39 .35 .46 .45 .55 .52 .59
400 00202 00202 00021 00202 .29 .39 .35 .46 .45 .55 .52 .59
410 00202 00202 00021 00202 .29 .39 .35 .46 .45 .55 .52 .59
420 00202 00202 00021 00202 .29 .39 .35 .46 .45 .55 .52 .59
430 02202 00202 00021 00202 .10 .14 .12 .23 .29 .35 .33 .41
440 20202 20202 00021 20202 .11 .13 .13 .23 .30 .34 .35 .41
450 20022 20002 00021 20022 .32 .41 .39 .48 .48 .55 .55 .60
460 20002 20002 00021 20002 .29 .39 .35 .46 .45 .55 .52 .59
470 20002 20000 02021 20002 -0.07 -0.07 -0.08 -0.04 .14 .18 .16 .20
480 20000 20000 02021 20000 -0.04 -0.08 -0.05 -0.11 .15 .14 .17 .10
490 20000 20000 02021 20000 -0.04 -0.08 -0.05 -0.11 .15 .14 .17 .10
500 20000 20000 02021 20000 -0.04 -0.08 -0.05 -0.11 .15 .14 .17 .10
510 20000 20000 02021 20000 -0.04 -0.08 -0.05 -0.11 .15 .14 .17 .10
520 20000 20000 02022 20000 -0.12 -0.12 -0.12 -0.12 .10 .10 .10 .10
530 20000 20000 02022 20000 -0.12 -0.12 -0.12 -0.12 .10 .10 .10 .10
540 20000 20000 02022 20000 -0.12 -0.12 -0.12 -0.12 .10 .10 .10 .10
550 20000 20000 02022 20000 -0.12 -0.12 -0.12 -0.12 .10 .10 .10 .10
560 20000 20000 02022 20000 -0.12 -0.12 -0.12 -0.12 .10 .10 .10 .10
570 20000 20000 02022 20000 -0.12 -0.12 -0.12 -0.12 .10 .10 .10 .10
580 20000 20000 02022 20000 -0.12 -0.12 -0.12 -0.12 .10 .10 .10 .10
590 20020 20200 02022 20020 -0.25 -0.25 -0.25 -0.25 .04 .04 .04 .04
600 20200 20200 02022 20200 -0.25 -0.25 -0.25 -0.25 .04 .04 .04 .04
610 00200 00200 02022 00200 -0.12 -0.12 -0.12 -0.12 .10 .10 .10 .10
620 00200 00200 02022 00200 -0.12 -0.12 -0.12 -0.12 .10 .10 .10 .10
630 00200 00200 02022 00200 -0.12 -0.12 -0.12 -0.12 .10 .10 .10 .10
640 00200 00200 02022 00200 -0.12 -0.12 -0.12 -0.12 .10 .10 .10 .10
650 00200 00200 02022 00200 -0.12 -0.12 -0.12 -0.12 .10 .10 .10 .10
660 00200 00201 02022 00200 -0.07 -0.07 -0.08 -0.04 .09 .10 .10 .09
670 00201 00201 02022 00201 .15 .06 .02 .24 .35 .26 .22 .41
680 00201 00201 02022 00201 .15 .06 .02 .24 .35 .26 .22 .41
690 00202 00201 02022 00202 .10 .14 .12 .23 .29 .35 .33 .41
700 00202 00201 02022 00202 .10 .14 .12 .23 .29 .35 .33 .41
710 00202 00202 02022 00202 .25 .25 .25 .25 .42 .42 .42 .42
720 00202 00202 02022 00202 .25 .25 .25 .25 .42 .42 .42 .42
730 00202 00202 02022 00202 .25 .25 .25 .25 .42 .42 .42 .42
740 00202 00202 02022 00202 .25 .25 .25 .25 .42 .42 .42 .42
750 00202 00202 00022 00202 .48 .48 .48 .48 .60 .60 .60 .60
760 00202 00202 00022 00202 .48 .48 .48 .48 .60 .60 .60 .60
770 00202 00202 00022 00202 .48 .48 .48 .48 .60 .60 .60 .60
780 00202 00202 00022 00202 .48 .48 .48 .48 .60 .60 .60 .60
790 00202 00202 00022 00202 .48 .48 .48 .48 .60 .60 .60 .60
800 20202 20202 00022 20202 .25 .25 .25 .25 .42 .42 .42 .42
810 20202 20202 00022 20202 .25 .25 .25 .25 .42 .42 .42 .42
820 20002 20002 00022 20002 .48 .48 .48 .48 .60 .60 .60 .60
830 20002 20002 00022 20002 .48 .48 .48 .48 .60 .60 .60 .60
840 20000 20000 00022 20000 .05 .05 .05 .05 .24 .24 .24 .24
850 20000 20000 00022 20000 .05 .05 .05 .05 .24 .24 .24 .24
860 20000 20000 00022 20000 .05 .05 .05 .05 .24 .24 .24 .24
870 20000 20000 00022 20000 .05 .05 .05 .05 .24 .24 .24 .24
880 20000 20000 00022 20000 .05 .05 .05 .05 .24 .24 .24 .24
890 20000 20000 00022 20000 .05 .05 .05 .05 .24 .24 .24 .24
900 20000 20000 00022 20000 .05 .05 .05 .05 .24 .24 .24 .24
910 20000 20000 00022 20000 .05 .05 .05 .05 .24 .24 .24 .24
920 20000 20000 00022 20000 .05 .05 .05 .05 .24 .24 .24 .24
930 20000 20000 00022 20000 .05 .05 .05 .05 .24 .24 .24 .24
940 20000 20000 00022 20000 .05 .05 .05 .05 .24 .24 .24 .24
950 20020 20000 00022 20020 .16 .16 .16 .16 .37 .37 .37 .37
960 20200 20200 00022 20200 -0.04 -0.04 -0.04 -0.04 .21 .21 .21 .21
970 00200 00200 00022 00200 .05 .05 .05 .05 .24 .24 .24 .24
980 00200 00200 00022 00200 .05 .05 .05 .05 .24 .24 .24 .24
990 00200 00200 00022 00200 .05 .05 .05 .05 .24 .24 .24 .24
1000 00200 00200 00022 00200 .05 .05 .05 .05 .24 .24 .24 .24
1010 00200 00200 00022 00200 .05 .05 .05 .05 .24 .24 .24 .24
1020 00200 00200 00022 00200 .05 .05 .05 .05 .24 .24 .24 .24
1030 00200 00200 00022 00200 .05 .05 .05 .05 .24 .24 .24 .24
1040 00200 00200 00022 00200 .05 .05 .05 .05 .24 .24 .24 .24
1050 00200 00200 00022 00200 .05 .05 .05 .05 .24 .24 .24 .24
1060 00200 00200 00022 00200 .05 .05 .05 .05 .24 .24 .24 .24
1070 00201 00201 00022 00201 .32 .33 .26 .46 .49 .48 .41 .59
1080 00201 00201 00022 00201 .32 .33 .26 .46 .49 .48 .41 .59
1090 00201 00201 00022 00201 .32 .33 .26 .46 .49 .48 .41 .59
1100 00202 00201 00022 00202 .29 .39 .35 .46 .45 .55 .52 .59
1110 00202 00201 00022 00202 .29 .39 .35 .46 .45 .55 .52 .59
1120 00202 00202 00022 00202 .48 .48 .48 .48 .60 .60 .60 .60
1130 00202 00202 00022 00202 .48 .48 .48 .48 .60 .60 .60 .60
1140 00202 00202 00022 00202 .48 .48 .48 .48 .60 .60 .60 .60
1150 00202 00202 00022 00202 .48 .48 .48 .48 .60 .60 .60 .60
1160 00202 00202 00022 00202 .48 .48 .48 .48 .60 .60 .60 .60
1170 00202 00202 00022 00202 .48 .48 .48 .48 .60 .60 .60 .60
1180 00202 00202 00022 00202 .48 .48 .48 .48 .60 .60 .60 .60
1190 00202 00202 00022 00202 .48 .48 .48 .48 .60 .60 .60 .60
1200 00202 00202 02022 00202 .25 .25 .25 .25 .42 .42 .42 .42
1210 00202 00202 02022 00202 .25 .25 .25 .25 .42 .42 .42 .42
1220 02202 00202 02022 02202 .25 .25 .25 .25 .42 .42 .42 .42
1230 20202 20202 02022 20202 -0.04 -0.04 -0.04 -0.04 .21 .21 .21 .21
1240 20002 20002 02022 20002 .25 .25 .25 .25 .42 .42 .42 .42
1250 20002 20002 02022 20002 .25 .25 .25 .25 .42 .42 .42 .42
1260 20000 20000 02022 20000 -0.12 -0.12 -0.12 -0.12 .10 .10 .10 .10
1270 20000 20000 02022 20000 -0.12 -0.12 -0.12 -0.12 .10 .10 .10 .10
1280 20000 20000 02022 20000 -0.12 -0.12 -0.12 -0.12 .10 .10 .10 .10
1290 20000 20000 02022 20000 -0.12 -0.12 -0.12 -0.12 .10 .10 .10 .10
1300 20000 20000 02022 20000 -0.12 -0.12 -0.12 -0.12 .10 .10 .10 .10
1310 20000 20000 02022 20000 -0.12 -0.12 -0.12 -0.12 .10 .10 .10 .10
1320 20000 20000 02022 20000 -0.12 -0.12 -0.12 -0.12 .10 .10 .10 .10
1330 20000 20000 02022 20000 -0.12 -0.12 -0.12 -0.12 .10 .10 .10 .10
1340 20000 20000 02022 20000 -0.12 -0.12 -0.12 -0.12 .10 .10 .10 .10
1350 20000 20000 02022 20000 -0.12 -0.12 -0.12 -0.12 .10 .10 .10 .10
1360 20020 20000 02022 20020 -0.04 -0.04 -0.04 -0.04 .21 .21 .21 .21
1370 20200 20200 02022 20200 -0.25 -0.25 -0.25 -0.25 .04 .04 .04 .04
1380 00200 00200 02022 00200 -0.12 -0.12 -0.12 -0.12 .10 .10 .10 .10
1390 00200 00200 02022 00200 -0.12 -0.12 -0.12 -0.12 .10 .10 .10 .10
1400 00200 00200 02022 00200 -0.12 -0.12 -0.12 -0.12 .10 .10 .10 .10
1410 00200 00200 02022 00200 -0.12 -0.12 -0.12 -0.12 .10 .10 .10 .10
1420 03200 03200 02022 03200 .15 .43 .42 .25 .35 .58 .57 .42
1430 03200 03200 02022 03200 .15 .43 .42 .25 .35 .58 .57 .42
1440 03200 03200 02022 03200 .15 .43 .42 .25 .35 .58 .57 .42
1450 03200 03200 02022 03200 .15 .43 .42 .25 .35 .58 .57 .42
1460 03200 03200 02022 03200 .15 .43 .42 .25 .35 .58 .57 .42
1470 03200 03200 02022 03200 .15 .43 .42 .25 .35 .58 .57 .42
1480 03200 03200 02022 03200 .15 .43 .42 .25 .35 .58 .57 .42
1490 03200 03200 02022 03200 .15 .43 .42 .25 .35 .58 .57 .42
1500 03201 03200 02022 03201 .14 .43 .43 .25 .34 .58 .58 .42
1510 03201 03201 02022 03201 .28 .49 .49 .47 .46 .62 .62 .60
1520 03201 03201 02022 03201 .28 .49 .49 .47 .46 .62 .62 .60
1530 03202 03201 02022 03202 .24 .52 .51 .46 .42 .65 .64 .59
1540 03202 03201 02022 03202 .24 .52 .51 .46 .42 .65 .64 .59
1550 03202 03201 02022 03202 .24 .52 .51 .46 .42 .65 .64 .59
1560 03202 03202 02022 03202 .38 .58 .57 .48 .54 .69 .68 .60
1570 03202 03202 02022 03202 .38 .58 .57 .48 .54 .69 .68 .60
1580 03202 03202 02022 03202 .38 .58 .57 .48 .54 .69 .68 .60
1590 03202 03202 02022 03202 .38 .58 .57 .48 .54 .69 .68 .60
1600 03202 03202 02022 03202 .38 .58 .57 .48 .54 .69 .68 .60
1610 03202 03202 02022 03202 .38 .58 .57 .48 .54 .69 .68 .60
1620 00202 00202 02022 00202 .25 .25 .25 .25 .42 .42 .42 .42
1630 00202 00202 00022 00202 .48 .48 .48 .48 .60 .60 .60 .60
1640 00202 00202 00022 00202 .48 .48 .48 .48 .60 .60 .60 .60
1650 00202 00202 00022 00202 .48 .48 .48 .48 .60 .60 .60 .60
1660 00202 00202 00022 00202 .48 .48 .48 .48 .60 .60 .60 .60
1670 02202 00202 00022 00202 .25 .25 .25 .25 .42 .42 .42 .42
1680 20202 20202 00022 20202 .25 .25 .25 .25 .42 .42 .42 .42
1690 20022 20002 00022 20022 .50 .50 .50 .50 .62 .62 .62 .62
1700 20002 20002 00022 20002 .48 .48 .48 .48 .60 .60 .60 .60
1710 20000 20000 00022 20000 .05 .05 .05 .05 .24 .24 .24 .24
1720 20000 20000 00022 20000 .05 .05 .05 .05 .24 .24 .24 .24
1730 20000 20000 00022 20000 .05 .05 .05 .05 .24 .24 .24 .24
1740 20000 20000 00022 20000 .05 .05 .05 .05 .24 .24 .24 .24
1750 20000 20000 00022 20000 .05 .05 .05 .05 .24 .24 .24 .24
1760 20000 20000 00022 20000 .05 .05 .05 .05 .24 .24 .24 .24
1770 20000 20000 00022 20000 .05 .05 .05 .05 .24 .24 .24 .24
1780 20000 20000 00022 20000 .05 .05 .05 .05 .24 .24 .24 .24
1790 20020 20000 00022 20020 .16 .16 .16 .16 .37 .37 .37 .37
1800 20200 20200 00022 20200 -0.04 -0.04 -0.04 -0.04 .21 .21 .21 .21
1810 00200 00200 00022 00200 .05 .05 .05 .05 .24 .24 .24 .24
1820 00200 00200 00022 00200 .05 .05 .05 .05 .24 .24 .24 .24
1830 00200 00200 00022 00200 .05 .05 .05 .05 .24 .24 .24 .24
1840 00200 00200 00022 00200 .05 .05 .05 .05 .24 .24 .24 .24
1850 00200 00200 00022 00200 .05 .05 .05 .05 .24 .24 .24 .24
1860 00201 00201 00022 00201 .32 .33 .26 .46 .49 .48 .41 .59
1870 00201 00201 00022 00201 .32 .33 .26 .46 .49 .48 .41 .59
1880 00202 00202 00022 00202 .48 .48 .48 .48 .60 .60 .60 .60
1890 00002 00002 00022 00002 .68 .68 .68 .68 .75 .75 .75 .75
1900 00002 00002 00022 00002 .68 .68 .68 .68 .75 .75 .75 .75
1910 00002 00002 00022 00002 .68 .68 .68 .68 .75 .75 .75 .75
1920 00002 04002 00022 00002 .48 .32 .17 .44 .57 .45 .27 .55
1930 00042 04002 00022 00042 .44 .30 .16 .48 .54 .45 .33 .60
1940 00042 04002 00022 00042 .44 .30 .16 .48 .54 .45 .33 .60
1950 04042 04042 00022 04042 .61 .59 .55 .73 .71 .69 .67 .79
1960 04042 04042 00022 04042 .61 .59 .55 .73 .71 .69 .67 .79
1970 04042 04042 00022 04042 .61 .59 .55 .73 .71 .69 .67 .79
1980 04002 04042 02002 04002 .59 .59 .50 .73 .68 .69 .62 .79
1990 00002 00002 02002 00002 .68 .68 .68 .68 .75 .75 .75 .75
2000 00002 00002 02002 00002 .68 .68 .68 .68 .75 .75 .75 .75
2010 00002 00002 02002 00002 .68 .68 .68 .68 .75 .75 .75 .75
2020 00002 00002 02002 00002 .68 .68 .68 .68 .75 .75 .75 .75
2030 00002 00002 02002 00002 .68 .68 .68 .68 .75 .75 .75 .75
2040 00002 00002 02002 00002 .68 .68 .68 .68 .75 .75 .75 .75
