0 00022 04042 04041 04042 .44 .59 .53 .71 .57 .69 .66 .78
10 00022 04042 04041 04042 .44 .59 .53 .71 .57 .69 .66 .78
20 00022 04042 04041 04042 .44 .59 .53 .71 .57 .69 .66 .78
30 00022 04042 04041 04042 .44 .59 .53 .71 .57 .69 .66 .78
40 00022 04042 04041 04042 .44 .59 .53 .71 .57 .69 .66 .78
50 00022 04042 04041 04042 .44 .59 .53 .71 .57 .69 .66 .78
60 00002 00002 00001 00002 .63 .98 .87 .96 .72 .99 .91 .97
70 00002 00002 00001 00002 .63 .98 .87 .96 .72 .99 .91 .97
80 00002 00002 00001 00002 .63 .98 .87 .96 .72 .99 .91 .97
90 00002 00002 00001 00002 .63 .98 .87 .96 .72 .99 .91 .97
100 00002 00002 00001 00002 .63 .98 .87 .96 .72 .99 .91 .97
110 00002 00002 00001 00002 .63 .98 .87 .96 .72 .99 .91 .97
120 00022 00202 00201 00202 .29 .39 .35 .46 .45 .55 .52 .59
130 00202 00202 00201 00202 .76 .96 .93 .97 .82 .97 .95 .98
140 00200 00202 00201 00200 .61 .76 .76 .71 .64 .75 .77 .69
150 00200 00200 00200 00200 1.00 1.00 1.00 1.00 1.00 1.00 1.00 1.00
160 00200 00200 00200 00200 1.00 1.00 1.00 1.00 1.00 1.00 1.00 1.00
170 00200 00200 00200 00200 1.00 1.00 1.00 1.00 1.00 1.00 1.00 1.00
180 00200 00200 00200 00200 1.00 1.00 1.00 1.00 1.00 1.00 1.00 1.00
190 00200 00200 00200 00200 1.00 1.00 1.00 1.00 1.00 1.00 1.00 1.00
200 00200 00200 00200 00200 1.00 1.00 1.00 1.00 1.00 1.00 1.00 1.00
210 00200 00200 00200 00200 1.00 1.00 1.00 1.00 1.00 1.00 1.00 1.00
220 00200 00200 00200 00200 1.00 1.00 1.00 1.00 1.00 1.00 1.00 1.00
230 00200 00200 00201 00200 .70 .80 .90 .68 .76 .84 .93 .75
240 00200 00200 00201 00200 .70 .80 .90 .68 .76 .84 .93 .75
250 00201 00200 00201 00201 .75 .83 .90 .72 .82 .87 .93 .79
260 00201 00200 00201 00201 .75 .83 .90 .72 .82 .87 .93 .79
270 00201 00200 00201 00201 .75 .83 .90 .72 .82 .87 .93 .79
280 00201 00200 00201 00201 .75 .83 .90 .72 .82 .87 .93 .79
290 00201 00201 00201 00201 1.00 1.00 1.00 1.00 1.00 1.00 1.00 1.00
300 00201 00201 00202 00201 .77 .96 .92 .97 .83 .97 .93 .98
310 00202 00202 00202 00202 1.00 1.00 1.00 1.00 1.00 1.00 1.00 1.00
320 00202 00202 00202 00202 1.00 1.00 1.00 1.00 1.00 1.00 1.00 1.00
330 00202 00202 00202 00202 1.00 1.00 1.00 1.00 1.00 1.00 1.00 1.00
340 00202 00202 00202 00202 1.00 1.00 1.00 1.00 1.00 1.00 1.00 1.00
350 00202 00202 00202 00202 1.00 1.00 1.00 1.00 1.00 1.00 1.00 1.00
360 00202 00202 00202 00202 1.00 1.00 1.00 1.00 1.00 1.00 1.00 1.00
370 00202 00202 00202 00202 1.00 1.00 1.00 1.00 1.00 1.00 1.00 1.00
380 00202 00202 00202 00202 1.00 1.00 1.00 1.00 1.00 1.00 1.00 1.00
390 00202 00202 00202 00202 1.00 1.00 1.00 1.00 1.00 1.00 1.00 1.00
400 00202 00202 00202 00202 1.00 1.00 1.00 1.00 1.00 1.00 1.00 1.00
410 00202 00202 00202 00202 1.00 1.00 1.00 1.00 1.00 1.00 1.00 1.00
420 00202 00202 00202 00202 1.00 1.00 1.00 1.00 1.00 1.00 1.00 1.00
430 00202 00202 00200 00202 .72 .72 .72 .72 .79 .79 .79 .79
440 00202 00202 00200 00202 .72 .72 .72 .72 .79 .79 .79 .79
450 00202 00202 00200 00202 .72 .72 .72 .72 .79 .79 .79 .79
460 00202 00202 00200 00202 .72 .72 .72 .72 .79 .79 .79 .79
470 00202 00242 00200 00202 .53 .34 .19 .49 .63 .48 .32 .61
480 02202 00242 00200 00202 .32 .12 .02 .26 .47 .30 .19 .43
490 20202 00242 20200 20202 .33 .09 1.0 .26 .48 .26 .16 .43
500 02202 00242 20200 00202 .11 -0.12 -0.17 .01 .30 .13 .04 .25
510 00202 00242 20200 00202 .32 .12 .02 .26 .47 .30 .19 .43
520 00202 00242 20200 00202 .32 .12 .02 .26 .47 .30 .19 .43
530 20202 00242 20200 20202 .33 .09 1.0 .26 .48 .26 .16 .43
540 20202 20242 20200 20202 .55 .23 .12 .49 .64 .39 .27 .61
550 20022 20042 20200 20022 .22 .20 .17 .25 .36 .39 .35 .42
560 20002 20002 20000 20002 .72 .72 .72 .72 .79 .79 .79 .79
570 20002 20002 20000 20002 .72 .72 .72 .72 .79 .79 .79 .79
580 20002 20002 20000 20002 .72 .72 .72 .72 .79 .79 .79 .79
590 20002 20002 20000 20002 .72 .72 .72 .72 .79 .79 .79 .79
600 20002 20002 20000 20002 .72 .72 .72 .72 .79 .79 .79 .79
610 20000 20000 20000 20000 1.00 1.00 1.00 1.00 1.00 1.00 1.00 1.00
620 20000 20000 20000 20000 1.00 1.00 1.00 1.00 1.00 1.00 1.00 1.00
630 20000 20000 20000 20000 1.00 1.00 1.00 1.00 1.00 1.00 1.00 1.00
640 20000 20000 20000 20000 1.00 1.00 1.00 1.00 1.00 1.00 1.00 1.00
650 20000 20000 20000 20000 1.00 1.00 1.00 1.00 1.00 1.00 1.00 1.00
660 20000 20000 20000 20000 1.00 1.00 1.00 1.00 1.00 1.00 1.00 1.00
670 20000 20000 20000 20000 1.00 1.00 1.00 1.00 1.00 1.00 1.00 1.00
680 20000 20000 20000 20000 1.00 1.00 1.00 1.00 1.00 1.00 1.00 1.00
690 20000 20000 20000 20000 1.00 1.00 1.00 1.00 1.00 1.00 1.00 1.00
700 20000 20000 20000 20000 1.00 1.00 1.00 1.00 1.00 1.00 1.00 1.00
710 20000 20000 20000 20000 1.00 1.00 1.00 1.00 1.00 1.00 1.00 1.00
720 20000 20000 20000 20000 1.00 1.00 1.00 1.00 1.00 1.00 1.00 1.00
730 20000 20000 20000 20000 1.00 1.00 1.00 1.00 1.00 1.00 1.00 1.00
740 20000 20000 20000 20000 1.00 1.00 1.00 1.00 1.00 1.00 1.00 1.00
750 20000 20000 20000 20000 1.00 1.00 1.00 1.00 1.00 1.00 1.00 1.00
760 20000 20000 20000 20000 1.00 1.00 1.00 1.00 1.00 1.00 1.00 1.00
770 20000 20000 20000 20000 1.00 1.00 1.00 1.00 1.00 1.00 1.00 1.00
780 20000 20000 20000 20000 1.00 1.00 1.00 1.00 1.00 1.00 1.00 1.00
790 20020 20200 20000 20000 .44 .44 .44 .44 .55 .55 .55 .55
800 20200 20200 02200 20200 .48 .48 .48 .48 .60 .60 .60 .60
810 00200 00200 00200 00200 1.00 1.00 1.00 1.00 1.00 1.00 1.00 1.00
820 00200 00200 00200 00200 1.00 1.00 1.00 1.00 1.00 1.00 1.00 1.00
830 00200 00200 00200 00200 1.00 1.00 1.00 1.00 1.00 1.00 1.00 1.00
840 00200 00200 00200 00200 1.00 1.00 1.00 1.00 1.00 1.00 1.00 1.00
850 00200 00200 00200 00200 1.00 1.00 1.00 1.00 1.00 1.00 1.00 1.00
860 00200 00200 00201 00200 .70 .80 .90 .68 .76 .84 .93 .75
870 00200 00201 00201 00201 .75 .83 .90 .72 .82 .87 .93 .79
880 00200 00201 00201 00201 .75 .83 .90 .72 .82 .87 .93 .79
890 00200 00201 00201 00201 .75 .83 .90 .72 .82 .87 .93 .79
900 00200 00201 00201 00201 .75 .83 .90 .72 .82 .87 .93 .79
910 00200 00201 00201 00201 .75 .83 .90 .72 .82 .87 .93 .79
920 00201 00201 00201 00201 1.00 1.00 1.00 1.00 1.00 1.00 1.00 1.00
930 00201 00201 00201 00201 1.00 1.00 1.00 1.00 1.00 1.00 1.00 1.00
940 00201 00201 00202 00201 .77 .96 .92 .97 .83 .97 .93 .98
950 00201 00201 00202 00201 .77 .96 .92 .97 .83 .97 .93 .98
960 00201 00201 00202 00201 .77 .96 .92 .97 .83 .97 .93 .98
970 00202 00202 00202 00202 1.00 1.00 1.00 1.00 1.00 1.00 1.00 1.00
980 00202 00202 00202 00202 1.00 1.00 1.00 1.00 1.00 1.00 1.00 1.00
990 00202 00202 00202 00202 1.00 1.00 1.00 1.00 1.00 1.00 1.00 1.00
1000 00202 00202 00202 00202 1.00 1.00 1.00 1.00 1.00 1.00 1.00 1.00
1010 00202 00202 00202 00202 1.00 1.00 1.00 1.00 1.00 1.00 1.00 1.00
1020 00202 00202 00202 00202 1.00 1.00 1.00 1.00 1.00 1.00 1.00 1.00
1030 00202 00202 00202 00202 1.00 1.00 1.00 1.00 1.00 1.00 1.00 1.00
1040 00202 00202 00202 00202 1.00 1.00 1.00 1.00 1.00 1.00 1.00 1.00
1050 00202 00202 00200 00202 .72 .72 .72 .72 .79 .79 .79 .79
1060 00202 00202 00200 00202 .72 .72 .72 .72 .79 .79 .79 .79
1070 00202 00202 00200 00202 .72 .72 .72 .72 .79 .79 .79 .79
1080 00202 00242 00200 00202 .53 .34 .19 .49 .63 .48 .32 .61
1090 00202 00242 00200 00202 .53 .34 .19 .49 .63 .48 .32 .61
1100 00202 00242 02200 00202 .32 .12 .02 .26 .47 .30 .19 .43
1110 00202 00242 02200 00202 .32 .12 .02 .26 .47 .30 .19 .43
1120 20202 00242 02200 00202 .11 -0.12 -0.17 .01 .30 .13 .04 .25
1130 20022 20042 02200 20022 -0.22 -0.20 -0.17 -0.25 .01 .06 .07 .04
1140 20022 20002 20200 20002 .25 .25 .25 .25 .42 .42 .42 .42
1150 20002 20002 20000 20002 .72 .72 .72 .72 .79 .79 .79 .79
1160 20002 20002 20000 20002 .72 .72 .72 .72 .79 .79 .79 .79
1170 20002 20002 20000 20002 .72 .72 .72 .72 .79 .79 .79 .79
1180 20000 20000 20000 20000 1.00 1.00 1.00 1.00 1.00 1.00 1.00 1.00
1190 20000 20000 20000 20000 1.00 1.00 1.00 1.00 1.00 1.00 1.00 1.00
1200 20000 20000 20000 20000 1.00 1.00 1.00 1.00 1.00 1.00 1.00 1.00
1210 20000 20000 20000 20000 1.00 1.00 1.00 1.00 1.00 1.00 1.00 1.00
1220 20000 20000 20000 20000 1.00 1.00 1.00 1.00 1.00 1.00 1.00 1.00
1230 20000 20000 20000 20000 1.00 1.00 1.00 1.00 1.00 1.00 1.00 1.00
1240 20000 20000 20000 20000 1.00 1.00 1.00 1.00 1.00 1.00 1.00 1.00
1250 20000 20000 20000 20000 1.00 1.00 1.00 1.00 1.00 1.00 1.00 1.00
1260 20000 20000 20000 20000 1.00 1.00 1.00 1.00 1.00 1.00 1.00 1.00
1270 20000 20000 20000 20000 1.00 1.00 1.00 1.00 1.00 1.00 1.00 1.00
1280 20000 20000 20000 20000 1.00 1.00 1.00 1.00 1.00 1.00 1.00 1.00
1290 20000 20000 20000 20000 1.00 1.00 1.00 1.00 1.00 1.00 1.00 1.00
1300 20000 20000 20000 20000 1.00 1.00 1.00 1.00 1.00 1.00 1.00 1.00
1310 20000 20000 20000 20000 1.00 1.00 1.00 1.00 1.00 1.00 1.00 1.00
1320 20000 20000 20000 20000 1.00 1.00 1.00 1.00 1.00 1.00 1.00 1.00
1330 20000 20000 20000 20000 1.00 1.00 1.00 1.00 1.00 1.00 1.00 1.00
1340 20000 20000 20000 20000 1.00 1.00 1.00 1.00 1.00 1.00 1.00 1.00
1350 20000 20000 20000 20000 1.00 1.00 1.00 1.00 1.00 1.00 1.00 1.00
1360 20020 20000 20000 20000 .68 .68 .68 .68 .75 .75 .75 .75
1370 20200 20000 20020 20000 .44 .44 .44 .44 .55 .55 .55 .55
1380 20200 20000 20020 20000 .44 .44 .44 .44 .55 .55 .55 .55
1390 20200 20000 20020 20000 .44 .44 .44 .44 .55 .55 .55 .55
1400 20200 20000 20020 20000 .44 .44 .44 .44 .55 .55 .55 .55
1410 20200 20200 20020 20200 .48 .48 .48 .48 .60 .60 .60 .60
1420 20200 20200 20200 20200 1.00 1.00 1.00 1.00 1.00 1.00 1.00 1.00
1430 20200 20200 20200 20200 1.00 1.00 1.00 1.00 1.00 1.00 1.00 1.00
1440 00200 00200 00200 00200 1.00 1.00 1.00 1.00 1.00 1.00 1.00 1.00
1450 00200 00200 00200 00200 1.00 1.00 1.00 1.00 1.00 1.00 1.00 1.00
1460 00200 00200 00200 00200 1.00 1.00 1.00 1.00 1.00 1.00 1.00 1.00
1470 00200 00200 00200 00200 1.00 1.00 1.00 1.00 1.00 1.00 1.00 1.00
1480 00200 00200 00200 00200 1.00 1.00 1.00 1.00 1.00 1.00 1.00 1.00
1490 00200 00200 00200 00200 1.00 1.00 1.00 1.00 1.00 1.00 1.00 1.00
1500 00201 00200 00201 00201 .75 .83 .90 .72 .82 .87 .93 .79
1510 00201 00201 00201 00201 1.00 1.00 1.00 1.00 1.00 1.00 1.00 1.00
1520 00202 00201 00201 00201 .77 .96 .92 .97 .83 .97 .93 .98
1530 00202 00202 00202 00202 1.00 1.00 1.00 1.00 1.00 1.00 1.00 1.00
1540 00202 00202 00202 00202 1.00 1.00 1.00 1.00 1.00 1.00 1.00 1.00
1550 00202 00202 00202 00202 1.00 1.00 1.00 1.00 1.00 1.00 1.00 1.00
1560 00202 00202 00202 00202 1.00 1.00 1.00 1.00 1.00 1.00 1.00 1.00
1570 00202 00202 00202 00202 1.00 1.00 1.00 1.00 1.00 1.00 1.00 1.00
1580 00202 00202 00202 00202 1.00 1.00 1.00 1.00 1.00 1.00 1.00 1.00
1590 00202 00202 00200 00202 .72 .72 .72 .72 .79 .79 .79 .79
1600 00202 00242 00200 00202 .53 .34 .19 .49 .63 .48 .32 .61
1610 00202 00242 00200 00202 .53 .34 .19 .49 .63 .48 .32 .61
1620 00202 00242 00200 00202 .53 .34 .19 .49 .63 .48 .32 .61
1630 00202 00242 00200 00202 .53 .34 .19 .49 .63 .48 .32 .61
1640 00202 00242 00200 00202 .53 .34 .19 .49 .63 .48 .32 .61
1650 00202 00242 00200 00202 .53 .34 .19 .49 .63 .48 .32 .61
1660 02202 00242 00200 00202 .32 .12 .02 .26 .47 .30 .19 .43
1670 20202 20242 20200 20202 .55 .23 .12 .49 .64 .39 .27 .61
1680 20202 20242 20200 20202 .55 .23 .12 .49 .64 .39 .27 .61
1690 20002 20002 20200 20002 .48 .48 .48 .48 .60 .60 .60 .60
1700 20002 20002 20000 20002 .72 .72 .72 .72 .79 .79 .79 .79
1710 20002 20002 20000 20002 .72 .72 .72 .72 .79 .79 .79 .79
1720 20002 20002 20000 20002 .72 .72 .72 .72 .79 .79 .79 .79
1730 20002 20002 20000 20002 .72 .72 .72 .72 .79 .79 .79 .79
1740 20002 20002 20000 20002 .72 .72 .72 .72 .79 .79 .79 .79
1750 20000 20000 20000 20000 1.00 1.00 1.00 1.00 1.00 1.00 1.00 1.00
1760 20000 20000 20000 20000 1.00 1.00 1.00 1.00 1.00 1.00 1.00 1.00
1770 20000 20000 20000 20000 1.00 1.00 1.00 1.00 1.00 1.00 1.00 1.00
1780 20000 20000 20000 20000 1.00 1.00 1.00 1.00 1.00 1.00 1.00 1.00
1790 20000 20000 20000 20000 1.00 1.00 1.00 1.00 1.00 1.00 1.00 1.00
1800 20000 20000 20000 20000 1.00 1.00 1.00 1.00 1.00 1.00 1.00 1.00
1810 20000 20000 20000 20000 1.00 1.00 1.00 1.00 1.00 1.00 1.00 1.00
1820 20040 20000 20000 20000 .70 .55 .30 .68 .76 .64 .39 .75
1830 20040 20000 20000 20000 .70 .55 .30 .68 .76 .64 .39 .75
1840 20040 20000 20000 20000 .70 .55 .30 .68 .76 .64 .39 .75
1850 20040 20000 20000 20000 .70 .55 .30 .68 .76 .64 .39 .75
1860 20040 20000 20000 20000 .70 .55 .30 .68 .76 .64 .39 .75
1870 20030 20030 20000 20030 .75 .61 .59 .72 .82 .71 .70 .79
1880 20030 20030 20030 20030 1.00 1.00 1.00 1.00 1.00 1.00 1.00 1.00
1890 20030 20030 20030 20030 1.00 1.00 1.00 1.00 1.00 1.00 1.00 1.00
1900 20030 20030 20030 20030 1.00 1.00 1.00 1.00 1.00 1.00 1.00 1.00
1910 20000 20000 20000 20000 1.00 1.00 1.00 1.00 1.00 1.00 1.00 1.00
1920 20000 20000 20000 20000 1.00 1.00 1.00 1.00 1.00 1.00 1.00 1.00
1930 20000 20000 20000 20000 1.00 1.00 1.00 1.00 1.00 1.00 1.00 1.00
1940 20000 20000 20000 20000 1.00 1.00 1.00 1.00 1.00 1.00 1.00 1.00
1950 20000 20000 20000 20000 1.00 1.00 1.00 1.00 1.00 1.00 1.00 1.00
1960 20000 20000 20000 20000 1.00 1.00 1.00 1.00 1.00 1.00 1.00 1.00
1970 20000 20000 20000 20000 1.00 1.00 1.00 1.00 1.00 1.00 1.00 1.00
1980 20000 20000 20000 20000 1.00 1.00 1.00 1.00 1.00 1.00 1.00 1.00
1990 20000 20000 20000 20000 1.00 1.00 1.00 1.00 1.00 1.00 1.00 1.00
2000 20000 20000 20000 20000 1.00 1.00 1.00 1.00 1.00 1.00 1.00 1.00
2010 20000 20000 20000 20000 1.00 1.00 1.00 1.00 1.00 1.00 1.00 1.00
2020 20000 20000 20000 20000 1.00 1.00 1.00 1.00 1.00 1.00 1.00 1.00
2030 20000 20000 20000 20000 1.00 1.00 1.00 1.00 1.00 1.00 1.00 1.00
2040 20000 20000 20000 20000 1.00 1.00 1.00 1.00 1.00 1.00 1.00 1.00
2050 20000 20000 20000 20000 1.00 1.00 1.00 1.00 1.00 1.00 1.00 1.00
2060 20000 20000 20000 20000 1.00 1.00 1.00 1.00 1.00 1.00 1.00 1.00
2070 20000 20000 20000 20000 1.00 1.00 1.00 1.00 1.00 1.00 1.00 1.00
2080 20000 20000 20000 20000 1.00 1.00 1.00 1.00 1.00 1.00 1.00 1.00
2090 20000 20000 20000 20000 1.00 1.00 1.00 1.00 1.00 1.00 1.00 1.00
2100 20000 20000 20000 20000 1.00 1.00 1.00 1.00 1.00 1.00 1.00 1.00
2110 20020 20000 20000 20000 .68 .68 .68 .68 .75 .75 .75 .75
2120 20020 20000 20000 20000 .68 .68 .68 .68 .75 .75 .75 .75
2130 20200 20200 20200 20200 1.00 1.00 1.00 1.00 1.00 1.00 1.00 1.00
2140 20200 20200 20200 20200 1.00 1.00 1.00 1.00 1.00 1.00 1.00 1.00
2150 02200 00200 00200 00200 .68 .68 .68 .68 .75 .75 .75 .75
2160 00200 00200 00200 00200 1.00 1.00 1.00 1.00 1.00 1.00 1.00 1.00
2170 00200 00200 00200 00200 1.00 1.00 1.00 1.00 1.00 1.00 1.00 1.00
2180 00200 00200 00200 00200 1.00 1.00 1.00 1.00 1.00 1.00 1.00 1.00
2190 00200 00201 00200 00200 .70 .80 .90 .68 .76 .84 .93 .75
2200 00201 00201 00200 00201 .75 .83 .90 .72 .82 .87 .93 .79
2210 00201 00201 00201 00201 1.00 1.00 1.00 1.00 1.00 1.00 1.00 1.00
2220 00201 00201 00201 00201 1.00 1.00 1.00 1.00 1.00 1.00 1.00 1.00
2230 00201 00201 00201 00201 1.00 1.00 1.00 1.00 1.00 1.00 1.00 1.00
2240 00201 00201 00201 00201 1.00 1.00 1.00 1.00 1.00 1.00 1.00 1.00
2250 00202 00202 00201 00202 .76 .96 .93 .97 .82 .97 .95 .98
2260 00202 00202 00202 00202 1.00 1.00 1.00 1.00 1.00 1.00 1.00 1.00
2270 00202 00202 00202 00202 1.00 1.00 1.00 1.00 1.00 1.00 1.00 1.00
2280 00202 00202 00202 00202 1.00 1.00 1.00 1.00 1.00 1.00 1.00 1.00
2290 00202 00202 00202 00202 1.00 1.00 1.00 1.00 1.00 1.00 1.00 1.00
2300 00202 00202 00202 00202 1.00 1.00 1.00 1.00 1.00 1.00 1.00 1.00
2310 00202 00202 00202 00202 1.00 1.00 1.00 1.00 1.00 1.00 1.00 1.00
2320 00202 00202 00202 00202 1.00 1.00 1.00 1.00 1.00 1.00 1.00 1.00
2330 00202 00202 00202 00202 1.00 1.00 1.00 1.00 1.00 1.00 1.00 1.00
2340 00202 00202 00200 00202 .72 .72 .72 .72 .79 .79 .79 .79
2350 00202 00242 00200 00202 .53 .34 .19 .49 .63 .48 .32 .61
2360 00202 00242 00200 00202 .53 .34 .19 .49 .63 .48 .32 .61
2370 00202 00242 00200 00202 .53 .34 .19 .49 .63 .48 .32 .61
2380 00202 00242 00200 00202 .53 .34 .19 .49 .63 .48 .32 .61
2390 02202 00242 00200 00202 .32 .12 .02 .26 .47 .30 .19 .43
2400 20202 20242 00200 20202 .33 .09 1.0 .26 .48 .26 .16 .43
2410 20002 20002 00200 20002 .16 .16 .16 .16 .37 .37 .37 .37
2420 20002 20002 20000 20002 .72 .72 .72 .72 .79 .79 .79 .79
2430 20002 20002 20000 20002 .72 .72 .72 .72 .79 .79 .79 .79
2440 20002 20002 20000 20002 .72 .72 .72 .72 .79 .79 .79 .79
2450 20002 20002 20000 20002 .72 .72 .72 .72 .79 .79 .79 .79
2460 20000 20000 20000 20000 1.00 1.00 1.00 1.00 1.00 1.00 1.00 1.00
2470 20000 20000 20000 20000 1.00 1.00 1.00 1.00 1.00 1.00 1.00 1.00
2480 20000 20000 20000 20000 1.00 1.00 1.00 1.00 1.00 1.00 1.00 1.00
2490 20000 20000 20000 20000 1.00 1.00 1.00 1.00 1.00 1.00 1.00 1.00
2500 20000 20000 20000 20000 1.00 1.00 1.00 1.00 1.00 1.00 1.00 1.00
2510 20000 20000 20000 20000 1.00 1.00 1.00 1.00 1.00 1.00 1.00 1.00
2520 20000 20000 20000 20000 1.00 1.00 1.00 1.00 1.00 1.00 1.00 1.00
2530 20000 20000 20000 20000 1.00 1.00 1.00 1.00 1.00 1.00 1.00 1.00
2540 20000 20000 20000 20000 1.00 1.00 1.00 1.00 1.00 1.00 1.00 1.00
2550 20000 20000 20000 20000 1.00 1.00 1.00 1.00 1.00 1.00 1.00 1.00
2560 20000 20000 20000 20000 1.00 1.00 1.00 1.00 1.00 1.00 1.00 1.00
2570 20000 20000 20000 20000 1.00 1.00 1.00 1.00 1.00 1.00 1.00 1.00
2580 20000 20000 20000 20000 1.00 1.00 1.00 1.00 1.00 1.00 1.00 1.00
2590 20020 20000 20200 20000 .44 .44 .44 .44 .55 .55 .55 .55
2600 20020 20000 20200 20000 .44 .44 .44 .44 .55 .55 .55 .55
2610 20020 20000 20200 20000 .44 .44 .44 .44 .55 .55 .55 .55
2620 20200 20000 20200 20200 .72 .72 .72 .72 .79 .79 .79 .79
2630 20200 20200 20200 20200 1.00 1.00 1.00 1.00 1.00 1.00 1.00 1.00
2640 02200 00200 20200 00200 .44 .44 .44 .44 .55 .55 .55 .55
2650 00200 00200 00200 00200 1.00 1.00 1.00 1.00 1.00 1.00 1.00 1.00
2660 00200 00200 00200 00200 1.00 1.00 1.00 1.00 1.00 1.00 1.00 1.00
2670 00200 00200 00200 00200 1.00 1.00 1.00 1.00 1.00 1.00 1.00 1.00
2680 00200 00200 00200 00200 1.00 1.00 1.00 1.00 1.00 1.00 1.00 1.00
2690 00200 00200 00200 00200 1.00 1.00 1.00 1.00 1.00 1.00 1.00 1.00
2700 00200 00200 00200 00200 1.00 1.00 1.00 1.00 1.00 1.00 1.00 1.00
2710 00200 00200 00200 00200 1.00 1.00 1.00 1.00 1.00 1.00 1.00 1.00
2720 00200 00200 00200 00200 1.00 1.00 1.00 1.00 1.00 1.00 1.00 1.00
2730 02200 00200 00200 00200 .68 .68 .68 .68 .75 .75 .75 .75
2740 02200 00200 20200 00200 .44 .44 .44 .44 .55 .55 .55 .55
2750 02200 00200 20200 00200 .44 .44 .44 .44 .55 .55 .55 .55
2760 20200 20200 20200 20200 1.00 1.00 1.00 1.00 1.00 1.00 1.00 1.00
2770 20000 20000 20000 20000 1.00 1.00 1.00 1.00 1.00 1.00 1.00 1.00
2780 20000 20000 20000 20000 1.00 1.00 1.00 1.00 1.00 1.00 1.00 1.00
2790 20000 20000 20000 20000 1.00 1.00 1.00 1.00 1.00 1.00 1.00 1.00
2800 20000 20000 20000 20000 1.00 1.00 1.00 1.00 1.00 1.00 1.00 1.00
2810 20000 20000 20000 20000 1.00 1.00 1.00 1.00 1.00 1.00 1.00 1.00
2820 20000 20000 20000 20000 1.00 1.00 1.00 1.00 1.00 1.00 1.00 1.00
2830 20000 20000 20000 20000 1.00 1.00 1.00 1.00 1.00 1.00 1.00 1.00
2840 20000 20000 20001 20000 .70 .80 .90 .68 .76 .84 .93 .75
2850 20000 20000 20001 20000 .70 .80 .90 .68 .76 .84 .93 .75
2860 20001 20000 20001 20001 .75 .83 .90 .72 .82 .87 .93 .79
2870 20001 20000 20001 20001 .75 .83 .90 .72 .82 .87 .93 .79
2880 20001 20001 20001 20001 1.00 1.00 1.00 1.00 1.00 1.00 1.00 1.00
2890 20001 20001 20001 20001 1.00 1.00 1.00 1.00 1.00 1.00 1.00 1.00
2900 20002 20002 20001 20002 .76 .96 .93 .97 .82 .97 .95 .98
2910 20002 20002 20002 20002 1.00 1.00 1.00 1.00 1.00 1.00 1.00 1.00
2920 20002 20002 20002 20002 1.00 1.00 1.00 1.00 1.00 1.00 1.00 1.00
