0 04042 04002 00001 04002 .35 .30 .18 .47 .50 .46 .38 .60
10 04042 04002 00001 04002 .35 .30 .18 .47 .50 .46 .38 .60
20 04042 04002 00001 04002 .35 .30 .18 .47 .50 .46 .38 .60
30 04042 04002 00001 04002 .35 .30 .18 .47 .50 .46 .38 .60
40 04042 04002 00001 04002 .35 .30 .18 .47 .50 .46 .38 .60
50 04002 00002 00001 00002 .43 .54 .19 .65 .54 .63 .30 .72
60 00002 00002 00001 00002 .63 .98 .87 .96 .72 .99 .91 .97
70 00002 00002 00001 00002 .63 .98 .87 .96 .72 .99 .91 .97
80 00022 00032 00021 00022 .56 .95 .89 .96 .65 .95 .91 .97
90 00022 00032 00021 00022 .56 .95 .89 .96 .65 .95 .91 .97
100 00202 00302 00201 00202 .56 .95 .89 .96 .65 .95 .91 .97
110 00202 00302 00201 00202 .56 .95 .89 .96 .65 .95 .91 .97
120 00202 00302 00201 00202 .56 .95 .89 .96 .65 .95 .91 .97
130 00200 00300 00200 00200 .63 .98 .93 .98 .72 .99 .94 .99
140 00200 00300 00200 00200 .63 .98 .93 .98 .72 .99 .94 .99
150 00200 00300 00200 00200 .63 .98 .93 .98 .72 .99 .94 .99
160 00200 00300 00200 00200 .63 .98 .93 .98 .72 .99 .94 .99
170 00200 00300 00200 00200 .63 .98 .93 .98 .72 .99 .94 .99
180 02200 00300 00200 00200 .40 .71 .70 .67 .52 .76 .75 .74
190 20200 20300 20200 20200 .76 .96 .95 .99 .82 .97 .96 .99
200 20200 20300 20200 20200 .76 .96 .95 .99 .82 .97 .96 .99
210 20020 20020 20020 20020 1.00 1.00 1.00 1.00 1.00 1.00 1.00 1.00
220 20200 20020 20020 20020 .48 .48 .48 .48 .60 .60 .60 .60
230 20200 20020 20020 20020 .48 .48 .48 .48 .60 .60 .60 .60
240 20020 20030 20020 20020 .76 .96 .95 .99 .82 .97 .96 .99
250 20020 20030 20020 20020 .76 .96 .95 .99 .82 .97 .96 .99
260 20200 20020 20020 20020 .48 .48 .48 .48 .60 .60 .60 .60
270 20200 20020 20200 20200 .48 .48 .48 .48 .60 .60 .60 .60
280 00200 00200 00200 00200 1.00 1.00 1.00 1.00 1.00 1.00 1.00 1.00
290 00200 00200 00200 00200 1.00 1.00 1.00 1.00 1.00 1.00 1.00 1.00
300 00200 00200 00200 00200 1.00 1.00 1.00 1.00 1.00 1.00 1.00 1.00
310 00200 00200 00200 00200 1.00 1.00 1.00 1.00 1.00 1.00 1.00 1.00
320 00200 00200 00201 00200 .70 .80 .90 .68 .76 .84 .93 .75
330 00201 00201 00201 00201 1.00 1.00 1.00 1.00 1.00 1.00 1.00 1.00
340 00201 00201 00201 00201 1.00 1.00 1.00 1.00 1.00 1.00 1.00 1.00
350 00202 00202 00201 00202 .76 .96 .93 .97 .82 .97 .95 .98
360 00202 00202 00201 00202 .76 .96 .93 .97 .82 .97 .95 .98
370 00202 00202 00201 00202 .76 .96 .93 .97 .82 .97 .95 .98
380 00202 00202 00202 00202 1.00 1.00 1.00 1.00 1.00 1.00 1.00 1.00
390 00202 00202 00202 00202 1.00 1.00 1.00 1.00 1.00 1.00 1.00 1.00
400 00202 00202 00202 00202 1.00 1.00 1.00 1.00 1.00 1.00 1.00 1.00
410 00202 00202 00202 00202 1.00 1.00 1.00 1.00 1.00 1.00 1.00 1.00
420 00202 00202 00202 00202 1.00 1.00 1.00 1.00 1.00 1.00 1.00 1.00
430 00202 00202 00202 00202 1.00 1.00 1.00 1.00 1.00 1.00 1.00 1.00
440 00202 00202 00200 00202 .72 .72 .72 .72 .79 .79 .79 .79
450 00202 00242 00200 00202 .53 .34 .19 .49 .63 .48 .32 .61
460 02202 00242 02200 02202 .33 .09 1.0 .26 .48 .26 .16 .43
470 02202 00242 02200 02202 .33 .09 1.0 .26 .48 .26 .16 .43
480 20202 20242 02200 20202 .10 -0.18 -0.23 -0.02 .29 .05 -0.02 .22
490 20022 20042 20200 20022 .22 .20 .17 .25 .36 .39 .35 .42
500 20002 20002 20000 20002 .72 .72 .72 .72 .79 .79 .79 .79
510 20002 20002 20000 20002 .72 .72 .72 .72 .79 .79 .79 .79
520 20000 20000 20000 20000 1.00 1.00 1.00 1.00 1.00 1.00 1.00 1.00
530 20000 20000 20000 20000 1.00 1.00 1.00 1.00 1.00 1.00 1.00 1.00
540 20000 20000 20030 20000 .70 .55 .46 .68 .76 .64 .55 .75
550 20030 20030 20030 20030 1.00 1.00 1.00 1.00 1.00 1.00 1.00 1.00
560 20030 20030 20030 20030 1.00 1.00 1.00 1.00 1.00 1.00 1.00 1.00
570 20030 20030 20030 20030 1.00 1.00 1.00 1.00 1.00 1.00 1.00 1.00
580 20030 20030 20030 20030 1.00 1.00 1.00 1.00 1.00 1.00 1.00 1.00
590 20030 20030 20030 20030 1.00 1.00 1.00 1.00 1.00 1.00 1.00 1.00
600 20030 20030 20030 20030 1.00 1.00 1.00 1.00 1.00 1.00 1.00 1.00
610 20030 20030 20030 20030 1.00 1.00 1.00 1.00 1.00 1.00 1.00 1.00
620 20030 20030 20030 20030 1.00 1.00 1.00 1.00 1.00 1.00 1.00 1.00
630 20030 20030 20030 20030 1.00 1.00 1.00 1.00 1.00 1.00 1.00 1.00
640 20030 20030 20030 20030 1.00 1.00 1.00 1.00 1.00 1.00 1.00 1.00
650 20030 20030 20030 20030 1.00 1.00 1.00 1.00 1.00 1.00 1.00 1.00
660 20000 20000 20030 20000 .70 .55 .46 .68 .76 .64 .55 .75
670 20000 20000 20000 20000 1.00 1.00 1.00 1.00 1.00 1.00 1.00 1.00
680 20000 20000 20000 20000 1.00 1.00 1.00 1.00 1.00 1.00 1.00 1.00
690 20000 20000 20000 20000 1.00 1.00 1.00 1.00 1.00 1.00 1.00 1.00
700 20000 20000 20000 20000 1.00 1.00 1.00 1.00 1.00 1.00 1.00 1.00
710 20000 20000 20020 20000 .68 .68 .68 .68 .75 .75 .75 .75
720 20000 20000 20020 20000 .68 .68 .68 .68 .75 .75 .75 .75
730 20020 20200 20200 20200 .48 .48 .48 .48 .60 .60 .60 .60
740 00200 00200 00200 00200 1.00 1.00 1.00 1.00 1.00 1.00 1.00 1.00
750 00200 00200 00200 00200 1.00 1.00 1.00 1.00 1.00 1.00 1.00 1.00
760 00200 00200 00200 00200 1.00 1.00 1.00 1.00 1.00 1.00 1.00 1.00
770 00200 00200 00200 00200 1.00 1.00 1.00 1.00 1.00 1.00 1.00 1.00
780 00201 00200 00200 00200 .70 .80 .90 .68 .76 .84 .93 .75
790 00201 00201 00201 00201 1.00 1.00 1.00 1.00 1.00 1.00 1.00 1.00
800 00201 00201 00202 00201 .77 .96 .92 .97 .83 .97 .93 .98
810 00202 00202 00202 00202 1.00 1.00 1.00 1.00 1.00 1.00 1.00 1.00
820 00202 00202 00202 00202 1.00 1.00 1.00 1.00 1.00 1.00 1.00 1.00
830 00202 00202 00202 00202 1.00 1.00 1.00 1.00 1.00 1.00 1.00 1.00
840 00202 00202 00202 00202 1.00 1.00 1.00 1.00 1.00 1.00 1.00 1.00
850 00202 00202 00202 00202 1.00 1.00 1.00 1.00 1.00 1.00 1.00 1.00
860 00202 00202 00202 00202 1.00 1.00 1.00 1.00 1.00 1.00 1.00 1.00
870 00202 00202 00200 00202 .72 .72 .72 .72 .79 .79 .79 .79
880 00202 00242 00200 00202 .53 .34 .19 .49 .63 .48 .32 .61
890 00202 00242 00200 00202 .53 .34 .19 .49 .63 .48 .32 .61
900 00202 00242 02200 00202 .32 .12 .02 .26 .47 .30 .19 .43
910 20202 20242 02200 20202 .10 -0.18 -0.23 -0.02 .29 .05 -0.02 .22
920 20022 20042 20200 20022 .22 .20 .17 .25 .36 .39 .35 .42
930 20002 20002 20000 20002 .72 .72 .72 .72 .79 .79 .79 .79
940 20002 20002 20000 20002 .72 .72 .72 .72 .79 .79 .79 .79
950 20000 20000 20000 20000 1.00 1.00 1.00 1.00 1.00 1.00 1.00 1.00
960 20000 20000 20000 20000 1.00 1.00 1.00 1.00 1.00 1.00 1.00 1.00
970 20000 20000 20000 20000 1.00 1.00 1.00 1.00 1.00 1.00 1.00 1.00
980 20000 20000 20000 20000 1.00 1.00 1.00 1.00 1.00 1.00 1.00 1.00
990 20000 20000 20000 20000 1.00 1.00 1.00 1.00 1.00 1.00 1.00 1.00
1000 20000 20000 20000 20000 1.00 1.00 1.00 1.00 1.00 1.00 1.00 1.00
1010 20000 20000 20020 20000 .68 .68 .68 .68 .75 .75 .75 .75
1020 20200 20200 20020 20200 .48 .48 .48 .48 .60 .60 .60 .60
1030 20200 20200 20020 20200 .48 .48 .48 .48 .60 .60 .60 .60
1040 00200 00200 00200 00200 1.00 1.00 1.00 1.00 1.00 1.00 1.00 1.00
1050 00200 00200 00200 00200 1.00 1.00 1.00 1.00 1.00 1.00 1.00 1.00
1060 00200 00200 00200 00200 1.00 1.00 1.00 1.00 1.00 1.00 1.00 1.00
1070 00200 00200 00200 00200 1.00 1.00 1.00 1.00 1.00 1.00 1.00 1.00
1080 00200 00200 00200 00200 1.00 1.00 1.00 1.00 1.00 1.00 1.00 1.00
1090 00200 00200 04200 00200 .70 .55 .30 .68 .76 .64 .39 .75
1100 00200 30200 30200 30200 .75 .61 .59 .72 .82 .71 .70 .79
1110 00200 30200 30200 30200 .75 .61 .59 .72 .82 .71 .70 .79
1120 00200 00200 00200 00200 1.00 1.00 1.00 1.00 1.00 1.00 1.00 1.00
1130 00200 00200 00200 00200 1.00 1.00 1.00 1.00 1.00 1.00 1.00 1.00
1140 00200 00200 00200 00200 1.00 1.00 1.00 1.00 1.00 1.00 1.00 1.00
1150 03200 00200 00200 00200 .70 .55 .46 .68 .76 .64 .55 .75
1160 30200 30200 30200 30200 1.00 1.00 1.00 1.00 1.00 1.00 1.00 1.00
1170 30200 30200 30200 30200 1.00 1.00 1.00 1.00 1.00 1.00 1.00 1.00
1180 30200 30200 30200 30200 1.00 1.00 1.00 1.00 1.00 1.00 1.00 1.00
1190 30200 30200 30200 30200 1.00 1.00 1.00 1.00 1.00 1.00 1.00 1.00
1200 03200 30200 00200 00200 .50 .22 .18 .44 .59 .37 .29 .55
1210 00200 00200 00200 00200 1.00 1.00 1.00 1.00 1.00 1.00 1.00 1.00
1220 00200 00200 00200 00200 1.00 1.00 1.00 1.00 1.00 1.00 1.00 1.00
1230 00200 00200 00200 00200 1.00 1.00 1.00 1.00 1.00 1.00 1.00 1.00
1240 00200 00200 00200 00200 1.00 1.00 1.00 1.00 1.00 1.00 1.00 1.00
1250 00200 00200 00200 00200 1.00 1.00 1.00 1.00 1.00 1.00 1.00 1.00
1260 00200 00200 00200 00200 1.00 1.00 1.00 1.00 1.00 1.00 1.00 1.00
1270 00200 00200 00200 00200 1.00 1.00 1.00 1.00 1.00 1.00 1.00 1.00
1280 00200 00200 00200 00200 1.00 1.00 1.00 1.00 1.00 1.00 1.00 1.00
1290 03200 03200 03200 03200 1.00 1.00 1.00 1.00 1.00 1.00 1.00 1.00
1300 03200 03200 03200 03200 1.00 1.00 1.00 1.00 1.00 1.00 1.00 1.00
1310 03200 03200 03200 03200 1.00 1.00 1.00 1.00 1.00 1.00 1.00 1.00
1320 03200 00200 03200 03200 .75 .61 .59 .72 .82 .71 .70 .79
1330 00200 00200 00200 00200 1.00 1.00 1.00 1.00 1.00 1.00 1.00 1.00
1340 00200 00200 00200 00200 1.00 1.00 1.00 1.00 1.00 1.00 1.00 1.00
1350 00200 00200 00200 00200 1.00 1.00 1.00 1.00 1.00 1.00 1.00 1.00
1360 00200 00200 00200 00200 1.00 1.00 1.00 1.00 1.00 1.00 1.00 1.00
1370 00200 00200 00200 00200 1.00 1.00 1.00 1.00 1.00 1.00 1.00 1.00
1380 00200 00200 00200 00200 1.00 1.00 1.00 1.00 1.00 1.00 1.00 1.00
1390 00200 00200 00200 00200 1.00 1.00 1.00 1.00 1.00 1.00 1.00 1.00
1400 00200 00200 30200 00200 .70 .55 .46 .68 .76 .64 .55 .75
1410 00200 00200 30200 00200 .70 .55 .46 .68 .76 .64 .55 .75
1420 00201 00201 04200 00201 .57 .44 .22 .50 .67 .56 .32 .62
1430 00201 00201 04200 00201 .57 .44 .22 .50 .67 .56 .32 .62
1440 00202 00202 30200 00202 .53 .34 .32 .48 .63 .48 .45 .61
1450 00202 00202 30202 00202 .77 .53 .53 .75 .82 .64 .63 .81
1460 00202 00202 30202 00202 .77 .53 .53 .75 .82 .64 .63 .81
1470 00202 00202 30202 00202 .77 .53 .53 .75 .82 .64 .63 .81
1480 00202 00202 30202 00202 .77 .53 .53 .75 .82 .64 .63 .81
1490 00202 00202 30200 00202 .53 .34 .32 .48 .63 .48 .45 .61
1500 00202 00242 30200 00202 .37 .01 -0.05 .26 .50 .20 .11 .43
1510 00202 00242 00200 00202 .53 .34 .19 .49 .63 .48 .32 .61
1520 00202 00242 00200 00202 .53 .34 .19 .49 .63 .48 .32 .61
1530 00202 00242 00200 00202 .53 .34 .19 .49 .63 .48 .32 .61
1540 00202 03242 00200 00202 .37 .01 -0.05 .26 .50 .20 .11 .43
1550 00202 03242 00200 00202 .37 .01 -0.05 .26 .50 .20 .11 .43
1560 00202 03242 20200 00202 .19 -0.22 -0.24 .02 .35 .03 -0.03 .25
1570 00202 03242 00200 00202 .37 .01 -0.05 .26 .50 .20 .11 .43
1580 00202 03242 00200 00202 .37 .01 -0.05 .26 .50 .20 .11 .43
1590 02202 03242 00200 02202 .29 .04 -0.01 .26 .41 .23 .16 .43
1600 20202 23242 20200 20202 .37 -0.26 -0.25 .18 .50 -0.01 -0.02 .38
1610 20002 20002 20000 20002 .72 .72 .72 .72 .79 .79 .79 .79
1620 20002 20002 20000 20002 .72 .72 .72 .72 .79 .79 .79 .79
1630 20000 20000 20000 20000 1.00 1.00 1.00 1.00 1.00 1.00 1.00 1.00
1640 20000 20000 20000 20000 1.00 1.00 1.00 1.00 1.00 1.00 1.00 1.00
1650 20000 20000 20000 20000 1.00 1.00 1.00 1.00 1.00 1.00 1.00 1.00
1660 20000 20000 20000 20000 1.00 1.00 1.00 1.00 1.00 1.00 1.00 1.00
1670 20000 20000 20000 20000 1.00 1.00 1.00 1.00 1.00 1.00 1.00 1.00
1680 20000 20030 20000 20000 .70 .55 .46 .68 .76 .64 .55 .75
1690 20030 20030 20000 20030 .75 .61 .59 .72 .82 .71 .70 .79
1700 20030 20030 20000 20030 .75 .61 .59 .72 .82 .71 .70 .79
1710 20030 20030 20000 20030 .75 .61 .59 .72 .82 .71 .70 .79
1720 20030 20030 20000 20030 .75 .61 .59 .72 .82 .71 .70 .79
1730 20330 20300 20300 20300 .79 .67 .68 .75 .84 .75 .75 .81
1740 20330 20300 20300 20300 .79 .67 .68 .75 .84 .75 .75 .81
1750 20330 20300 20300 20300 .79 .67 .68 .75 .84 .75 .75 .81
1760 20330 20300 20300 20300 .79 .67 .68 .75 .84 .75 .75 .81
1770 20330 20300 20300 20300 .79 .67 .68 .75 .84 .75 .75 .81
1780 20330 20300 20300 20300 .79 .67 .68 .75 .84 .75 .75 .81
1790 20330 20300 20300 20300 .79 .67 .68 .75 .84 .75 .75 .81
1800 20330 20300 20300 20300 .79 .67 .68 .75 .84 .75 .75 .81
1810 20330 20300 20300 20300 .79 .67 .68 .75 .84 .75 .75 .81
1820 20330 20300 20300 20300 .79 .67 .68 .75 .84 .75 .75 .81
1830 20330 20300 20300 20300 .79 .67 .68 .75 .84 .75 .75 .81
1840 20030 20300 20300 20300 .56 .30 .30 .48 .66 .47 .47 .61
1850 20030 20000 20300 20000 .50 .22 .18 .44 .59 .37 .29 .55
1860 20030 20000 20300 20000 .50 .22 .18 .44 .59 .37 .29 .55
1870 20030 20030 20300 20030 .56 .30 .30 .48 .66 .47 .47 .61
1880 20030 20030 20000 20030 .75 .61 .59 .72 .82 .71 .70 .79
1890 20030 20000 20000 20000 .70 .55 .46 .68 .76 .64 .55 .75
1900 20000 20000 20000 20000 1.00 1.00 1.00 1.00 1.00 1.00 1.00 1.00
1910 20000 20000 20000 20000 1.00 1.00 1.00 1.00 1.00 1.00 1.00 1.00
1920 20030 20030 20030 20030 1.00 1.00 1.00 1.00 1.00 1.00 1.00 1.00
1930 20000 20000 20000 20000 1.00 1.00 1.00 1.00 1.00 1.00 1.00 1.00
1940 20000 20000 20000 20000 1.00 1.00 1.00 1.00 1.00 1.00 1.00 1.00
1950 20000 20000 20000 20000 1.00 1.00 1.00 1.00 1.00 1.00 1.00 1.00
1960 20000 20000 20000 20000 1.00 1.00 1.00 1.00 1.00 1.00 1.00 1.00
1970 20000 20000 20000 20000 1.00 1.00 1.00 1.00 1.00 1.00 1.00 1.00
1980 20000 20000 20000 20000 1.00 1.00 1.00 1.00 1.00 1.00 1.00 1.00
1990 20030 20030 20030 20030 1.00 1.00 1.00 1.00 1.00 1.00 1.00 1.00
2000 20030 20030 20030 20030 1.00 1.00 1.00 1.00 1.00 1.00 1.00 1.00
2010 20030 20030 20030 20030 1.00 1.00 1.00 1.00 1.00 1.00 1.00 1.00
2020 20030 20030 20030 20030 1.00 1.00 1.00 1.00 1.00 1.00 1.00 1.00
2030 20030 20030 20030 20030 1.00 1.00 1.00 1.00 1.00 1.00 1.00 1.00
2040 20030 20030 20030 20030 1.00 1.00 1.00 1.00 1.00 1.00 1.00 1.00
2050 20030 20000 20030 20030 .75 .61 .59 .72 .82 .71 .70 .79
2060 20030 20000 20000 20000 .70 .55 .46 .68 .76 .64 .55 .75
2070 20030 20000 20000 20000 .70 .55 .46 .68 .76 .64 .55 .75
2080 20000 20000 20000 20000 1.00 1.00 1.00 1.00 1.00 1.00 1.00 1.00
2090 20000 20000 20000 20000 1.00 1.00 1.00 1.00 1.00 1.00 1.00 1.00
2100 20000 20000 20000 20000 1.00 1.00 1.00 1.00 1.00 1.00 1.00 1.00
2110 20000 20000 20000 20000 1.00 1.00 1.00 1.00 1.00 1.00 1.00 1.00
2120 20000 20000 20000 20000 1.00 1.00 1.00 1.00 1.00 1.00 1.00 1.00
2130 20000 20000 20000 20000 1.00 1.00 1.00 1.00 1.00 1.00 1.00 1.00
2140 20000 20000 20200 20000 .68 .68 .68 .68 .75 .75 .75 .75
2150 20200 20200 20200 20200 1.00 1.00 1.00 1.00 1.00 1.00 1.00 1.00
2160 00200 00200 00200 00200 1.00 1.00 1.00 1.00 1.00 1.00 1.00 1.00
2170 00200 00200 00200 00200 1.00 1.00 1.00 1.00 1.00 1.00 1.00 1.00
2180 00200 00200 00200 00200 1.00 1.00 1.00 1.00 1.00 1.00 1.00 1.00
2190 00200 00200 00200 00200 1.00 1.00 1.00 1.00 1.00 1.00 1.00 1.00
2200 00200 00200 00200 00200 1.00 1.00 1.00 1.00 1.00 1.00 1.00 1.00
2210 30200 30200 30200 30200 1.00 1.00 1.00 1.00 1.00 1.00 1.00 1.00
2220 30200 30200 30200 30200 1.00 1.00 1.00 1.00 1.00 1.00 1.00 1.00
2230 30200 30200 30200 30200 1.00 1.00 1.00 1.00 1.00 1.00 1.00 1.00
2240 30200 30200 30200 30200 1.00 1.00 1.00 1.00 1.00 1.00 1.00 1.00
2250 30200 30200 30201 30200 .80 .92 .96 .76 .85 .94 .97 .81
2260 30200 30200 30201 30200 .80 .92 .96 .76 .85 .94 .97 .81
2270 30201 30201 30201 30201 1.00 1.00 1.00 1.00 1.00 1.00 1.00 1.00
2280 30201 30201 30201 30201 1.00 1.00 1.00 1.00 1.00 1.00 1.00 1.00
2290 30202 30201 30202 30202 .82 .97 .96 .97 .86 .97 .97 .98
2300 30202 30202 30202 30202 1.00 1.00 1.00 1.00 1.00 1.00 1.00 1.00
2310 30202 30202 30202 30202 1.00 1.00 1.00 1.00 1.00 1.00 1.00 1.00
2320 30202 30202 30202 30202 1.00 1.00 1.00 1.00 1.00 1.00 1.00 1.00
2330 30202 30202 30202 30202 1.00 1.00 1.00 1.00 1.00 1.00 1.00 1.00
2340 30202 30202 30202 30202 1.00 1.00 1.00 1.00 1.00 1.00 1.00 1.00
2350 30202 30202 30202 30202 1.00 1.00 1.00 1.00 1.00 1.00 1.00 1.00
2360 30202 30202 30202 30202 1.00 1.00 1.00 1.00 1.00 1.00 1.00 1.00
2370 30202 30202 30202 30202 1.00 1.00 1.00 1.00 1.00 1.00 1.00 1.00
2380 30202 30202 30202 30202 1.00 1.00 1.00 1.00 1.00 1.00 1.00 1.00
2390 30202 30202 30200 30202 .80 .86 .84 .75 .85 .89 .87 .81
2400 30202 30242 30200 30202 .64 .39 .33 .49 .72 .52 .46 .61
2410 00202 00242 00200 00202 .53 .34 .19 .49 .63 .48 .32 .61
2420 00202 00242 00200 00202 .53 .34 .19 .49 .63 .48 .32 .61
2430 00202 00242 00200 00202 .53 .34 .19 .49 .63 .48 .32 .61
2440 00202 00242 00200 00202 .53 .34 .19 .49 .63 .48 .32 .61
2450 00202 20242 20200 20202 .33 .09 1.0 .26 .48 .26 .16 .43
2460 20202 20242 20200 20202 .55 .23 .12 .49 .64 .39 .27 .61
2470 20002 20042 20000 20002 .53 .34 .19 .49 .63 .48 .32 .61
2480 20000 20000 20000 20000 1.00 1.00 1.00 1.00 1.00 1.00 1.00 1.00
2490 20000 20000 20000 20000 1.00 1.00 1.00 1.00 1.00 1.00 1.00 1.00
2500 20000 20000 20000 20000 1.00 1.00 1.00 1.00 1.00 1.00 1.00 1.00
2510 20030 20030 20000 20030 .75 .61 .59 .72 .82 .71 .70 .79
2520 20030 20030 20030 20030 1.00 1.00 1.00 1.00 1.00 1.00 1.00 1.00
2530 20030 20030 20030 20030 1.00 1.00 1.00 1.00 1.00 1.00 1.00 1.00
2540 20030 20030 20030 20030 1.00 1.00 1.00 1.00 1.00 1.00 1.00 1.00
2550 20030 20030 20030 20030 1.00 1.00 1.00 1.00 1.00 1.00 1.00 1.00
2560 20030 20030 20030 20030 1.00 1.00 1.00 1.00 1.00 1.00 1.00 1.00
2570 20031 20030 20000 20030 .57 .51 .53 .49 .67 .63 .66 .61
2580 00031 00030 00030 00030 .70 .80 .96 .69 .76 .84 .97 .75
2590 00030 00030 00030 00030 1.00 1.00 1.00 1.00 1.00 1.00 1.00 1.00
2600 00030 00030 00030 00030 1.00 1.00 1.00 1.00 1.00 1.00 1.00 1.00
2610 00031 00030 00030 00030 .70 .80 .96 .69 .76 .84 .97 .75
2620 00031 00030 00030 00030 .70 .80 .96 .69 .76 .84 .97 .75
2630 04041 04040 00030 04040 .33 .55 .65 .49 .48 .67 .74 .61
2640 04041 04040 00030 04040 .33 .55 .65 .49 .48 .67 .74 .61
2650 04041 04040 00030 04040 .33 .55 .65 .49 .48 .67 .74 .61
2660 04041 04040 00030 04040 .33 .55 .65 .49 .48 .67 .74 .61
2670 04041 04040 00030 04040 .33 .55 .65 .49 .48 .67 .74 .61
2680 04041 04040 04040 04040 .77 .91 .98 .76 .82 .93 .99 .81
2690 04041 04040 04040 04040 .77 .91 .98 .76 .82 .93 .99 .81
2700 04041 04040 04040 04040 .77 .91 .98 .76 .82 .93 .99 .81
2710 04041 04040 04040 04040 .77 .91 .98 .76 .82 .93 .99 .81
2720 04041 04040 04040 04040 .77 .91 .98 .76 .82 .93 .99 .81
2730 04041 04040 04040 04040 .77 .91 .98 .76 .82 .93 .99 .81
2740 04041 04040 04040 04040 .77 .91 .98 .76 .82 .93 .99 .81
