0 00200 00200 00020 00200 .22 .22 .22 .22 .41 .41 .41 .41
10 00200 00200 00020 00200 .22 .22 .22 .22 .41 .41 .41 .41
20 00200 00200 00020 00200 .22 .22 .22 .22 .41 .41 .41 .41
30 00200 00200 00020 00200 .22 .22 .22 .22 .41 .41 .41 .41
40 00200 00200 00020 00200 .22 .22 .22 .22 .41 .41 .41 .41
50 00200 00200 00020 00200 .22 .22 .22 .22 .41 .41 .41 .41
60 00200 00200 00020 00200 .22 .22 .22 .22 .41 .41 .41 .41
70 00200 00200 00020 00200 .22 .22 .22 .22 .41 .41 .41 .41
80 00200 00200 00020 00200 .22 .22 .22 .22 .41 .41 .41 .41
90 00200 00200 00021 00200 .11 .09 .14 .05 .28 .29 .34 .24
100 00200 00200 00021 00200 .11 .09 .14 .05 .28 .29 .34 .24
110 20200 20200 00021 20200 .05 .04 .06 -0.03 .26 .28 .30 .21
120 20000 20000 00021 20000 .11 .09 .14 .05 .28 .29 .34 .24
130 20000 20000 02021 20000 -0.04 -0.08 -0.05 -0.11 .15 .14 .17 .10
140 20000 20000 02021 20000 -0.04 -0.08 -0.05 -0.11 .15 .14 .17 .10
150 20000 20000 02021 20000 -0.04 -0.08 -0.05 -0.11 .15 .14 .17 .10
160 20200 20200 02021 20200 -0.13 -0.17 -0.16 -0.24 .11 .12 .13 .05
170 02200 20200 02021 02200 -0.13 -0.17 -0.16 -0.24 .11 .12 .13 .05
180 00200 00200 02021 00200 -0.04 -0.08 -0.05 -0.11 .15 .14 .17 .10
190 00200 00200 02021 00200 -0.04 -0.08 -0.05 -0.11 .15 .14 .17 .10
200 00200 00200 02021 00200 -0.04 -0.08 -0.05 -0.11 .15 .14 .17 .10
210 00200 00200 02021 00200 -0.04 -0.08 -0.05 -0.11 .15 .14 .17 .10
220 00200 00200 02021 00200 -0.04 -0.08 -0.05 -0.11 .15 .14 .17 .10
230 00201 00200 02021 00201 .10 -0.07 -0.07 -0.02 .32 .16 .15 .22
240 00201 00201 02021 00201 .38 .02 -0.02 .27 .52 .24 .20 .44
250 00201 00201 02021 00201 .38 .02 -0.02 .27 .52 .24 .20 .44
260 00202 00201 02021 00201 .15 .06 .02 .24 .35 .26 .22 .41
270 00202 00202 02021 00202 .10 .14 .12 .23 .29 .35 .33 .41
280 00202 00202 02021 00202 .10 .14 .12 .23 .29 .35 .33 .41
290 00202 00202 00021 00202 .29 .39 .35 .46 .45 .55 .52 .59
300 00202 00202 00021 00202 .29 .39 .35 .46 .45 .55 .52 .59
310 00202 00202 00021 00202 .29 .39 .35 .46 .45 .55 .52 .59
320 00202 00202 00021 00202 .29 .39 .35 .46 .45 .55 .52 .59
330 00202 00202 00021 00202 .29 .39 .35 .46 .45 .55 .52 .59
340 00202 00202 00021 00202 .29 .39 .35 .46 .45 .55 .52 .59
350 00202 00202 00021 00202 .29 .39 .35 .46 .45 .55 .52 .59
360 00202 00202 00021 00202 .29 .39 .35 .46 .45 .55 .52 .59
370 00202 00202 02022 00202 .25 .25 .25 .25 .42 .42 .42 .42
380 02202 00202 02022 02202 .25 .25 .25 .25 .42 .42 .42 .42
390 02202 00202 02022 02202 .25 .25 .25 .25 .42 .42 .42 .42
400 20202 20202 02022 20202 -0.04 -0.04 -0.04 -0.04 .21 .21 .21 .21
410 20202 20202 02022 20202 -0.04 -0.04 -0.04 -0.04 .21 .21 .21 .21
420 20002 20002 02022 20002 .25 .25 .25 .25 .42 .42 .42 .42
430 20002 20002 02022 20002 .25 .25 .25 .25 .42 .42 .42 .42
440 20000 20000 02022 20000 -0.12 -0.12 -0.12 -0.12 .10 .10 .10 .10
450 20000 20000 02002 20000 .05 .05 .05 .05 .24 .24 .24 .24
460 20000 20000 02002 20000 .05 .05 .05 .05 .24 .24 .24 .24
470 20000 20000 02002 20000 .05 .05 .05 .05 .24 .24 .24 .24
480 20000 20000 02002 20000 .05 .05 .05 .05 .24 .24 .24 .24
490 20000 20000 02002 20000 .05 .05 .05 .05 .24 .24 .24 .24
500 20000 20000 02002 20000 .05 .05 .05 .05 .24 .24 .24 .24
510 20000 20000 02002 20000 .05 .05 .05 .05 .24 .24 .24 .24
520 20000 20000 02002 20000 .05 .05 .05 .05 .24 .24 .24 .24
530 20000 20000 02002 20000 .05 .05 .05 .05 .24 .24 .24 .24
540 20000 20000 02002 20000 .05 .05 .05 .05 .24 .24 .24 .24
550 20020 20000 02002 20000 -0.12 -0.12 -0.12 -0.12 .10 .10 .10 .10
560 20020 20000 02022 20020 -0.04 -0.04 -0.04 -0.04 .21 .21 .21 .21
570 20020 20000 02022 20020 -0.04 -0.04 -0.04 -0.04 .21 .21 .21 .21
580 20200 20200 02022 20200 -0.25 -0.25 -0.25 -0.25 .04 .04 .04 .04
590 02200 20200 02022 02200 -0.25 -0.25 -0.25 -0.25 .04 .04 .04 .04
600 00200 00200 02022 00200 -0.12 -0.12 -0.12 -0.12 .10 .10 .10 .10
610 00200 00200 02022 00200 -0.12 -0.12 -0.12 -0.12 .10 .10 .10 .10
620 00200 00200 02022 00200 -0.12 -0.12 -0.12 -0.12 .10 .10 .10 .10
630 00200 00200 00022 00200 .05 .05 .05 .05 .24 .24 .24 .24
640 00200 00200 00022 00200 .05 .05 .05 .05 .24 .24 .24 .24
650 00200 00200 00022 00200 .05 .05 .05 .05 .24 .24 .24 .24
660 00201 00201 00022 00201 .32 .33 .26 .46 .49 .48 .41 .59
670 00201 00201 00022 00201 .32 .33 .26 .46 .49 .48 .41 .59
680 00201 00201 00022 00201 .32 .33 .26 .46 .49 .48 .41 .59
690 00201 00201 00022 00201 .32 .33 .26 .46 .49 .48 .41 .59
700 00201 00201 00022 00201 .32 .33 .26 .46 .49 .48 .41 .59
710 00202 00201 00022 00202 .29 .39 .35 .46 .45 .55 .52 .59
720 00202 00202 00022 00202 .48 .48 .48 .48 .60 .60 .60 .60
730 00202 00202 00022 00202 .48 .48 .48 .48 .60 .60 .60 .60
740 00202 00202 00022 00202 .48 .48 .48 .48 .60 .60 .60 .60
750 00202 00202 00022 00202 .48 .48 .48 .48 .60 .60 .60 .60
760 00202 00202 00022 00202 .48 .48 .48 .48 .60 .60 .60 .60
770 00202 00202 00022 00202 .48 .48 .48 .48 .60 .60 .60 .60
780 00202 00202 00022 00202 .48 .48 .48 .48 .60 .60 .60 .60
790 00202 00202 00022 00202 .48 .48 .48 .48 .60 .60 .60 .60
800 00202 00202 00022 00202 .48 .48 .48 .48 .60 .60 .60 .60
810 00202 00202 00022 00202 .48 .48 .48 .48 .60 .60 .60 .60
820 00202 00202 00022 00202 .48 .48 .48 .48 .60 .60 .60 .60
830 00202 00202 00022 00202 .48 .48 .48 .48 .60 .60 .60 .60
840 00202 00202 00022 00202 .48 .48 .48 .48 .60 .60 .60 .60
850 00202 00202 00022 00202 .48 .48 .48 .48 .60 .60 .60 .60
860 00202 00202 00022 00202 .48 .48 .48 .48 .60 .60 .60 .60
870 02202 00242 02022 02202 .21 .16 .12 .22 .35 .24 .18 .34
880 20202 00242 02022 00202 -0.02 -0.05 -0.05 -0.03 .19 .11 .07 .17
890 20022 20242 02022 20022 .05 .24 .24 .15 .26 .40 .39 .36
900 20002 20002 02022 20002 .25 .25 .25 .25 .42 .42 .42 .42
910 20000 20000 02022 20000 -0.12 -0.12 -0.12 -0.12 .10 .10 .10 .10
920 20000 20000 02022 20000 -0.12 -0.12 -0.12 -0.12 .10 .10 .10 .10
930 20000 20000 02022 20000 -0.12 -0.12 -0.12 -0.12 .10 .10 .10 .10
940 20000 20000 02002 20000 .05 .05 .05 .05 .24 .24 .24 .24
950 20000 20000 02002 20000 .05 .05 .05 .05 .24 .24 .24 .24
960 20000 20000 02002 20000 .05 .05 .05 .05 .24 .24 .24 .24
970 20000 20000 02002 20000 .05 .05 .05 .05 .24 .24 .24 .24
980 20000 20000 02002 20000 .05 .05 .05 .05 .24 .24 .24 .24
990 20000 20000 02002 20000 .05 .05 .05 .05 .24 .24 .24 .24
1000 20000 20000 02002 20000 .05 .05 .05 .05 .24 .24 .24 .24
1010 20000 20000 02002 20000 .05 .05 .05 .05 .24 .24 .24 .24
1020 20000 20000 02002 20000 .05 .05 .05 .05 .24 .24 .24 .24
1030 20000 20000 02002 20000 .05 .05 .05 .05 .24 .24 .24 .24
1040 20000 20000 02002 20000 .05 .05 .05 .05 .24 .24 .24 .24
1050 20000 20000 02002 20000 .05 .05 .05 .05 .24 .24 .24 .24
1060 20000 20000 02002 20000 .05 .05 .05 .05 .24 .24 .24 .24
1070 20000 20000 02002 20000 .05 .05 .05 .05 .24 .24 .24 .24
1080 20000 20000 02002 20000 .05 .05 .05 .05 .24 .24 .24 .24
1090 20020 20000 02002 20000 -0.12 -0.12 -0.12 -0.12 .10 .10 .10 .10
1100 20200 20200 02002 20200 -0.04 -0.04 -0.04 -0.04 .21 .21 .21 .21
1110 20200 20200 02002 20200 -0.04 -0.04 -0.04 -0.04 .21 .21 .21 .21
1120 02200 00200 02002 02200 .16 .16 .16 .16 .37 .37 .37 .37
1130 00200 00200 02002 00200 .05 .05 .05 .05 .24 .24 .24 .24
1140 00200 00200 02002 00200 .05 .05 .05 .05 .24 .24 .24 .24
1150 00200 00200 02002 00200 .05 .05 .05 .05 .24 .24 .24 .24
1160 00200 00200 02002 00200 .05 .05 .05 .05 .24 .24 .24 .24
1170 00200 00200 00002 00200 .22 .22 .22 .22 .41 .41 .41 .41
1180 00200 00200 00002 00200 .22 .22 .22 .22 .41 .41 .41 .41
1190 00200 00200 00002 00200 .22 .22 .22 .22 .41 .41 .41 .41
1200 00200 00200 00002 00200 .22 .22 .22 .22 .41 .41 .41 .41
1210 00201 00200 00002 00201 .26 .36 .33 .35 .45 .54 .51 .54
1220 00201 00200 00002 00201 .26 .36 .33 .35 .45 .54 .51 .54
1230 00201 00201 00002 00201 .50 .62 .52 .69 .63 .71 .63 .77
1240 00201 00201 00002 00201 .50 .62 .52 .69 .63 .71 .63 .77
1250 00202 00201 00002 00202 .48 .66 .60 .69 .61 .75 .71 .77
1260 00202 00201 00002 00202 .48 .66 .60 .69 .61 .75 .71 .77
1270 00202 00202 00002 00202 .72 .72 .72 .72 .79 .79 .79 .79
1280 00202 00202 00002 00202 .72 .72 .72 .72 .79 .79 .79 .79
1290 00202 00202 00002 00202 .72 .72 .72 .72 .79 .79 .79 .79
1300 00202 00202 00002 00202 .72 .72 .72 .72 .79 .79 .79 .79
1310 00202 00202 00002 00202 .72 .72 .72 .72 .79 .79 .79 .79
1320 00202 00202 00002 00202 .72 .72 .72 .72 .79 .79 .79 .79
1330 00202 00202 00002 00202 .72 .72 .72 .72 .79 .79 .79 .79
1340 00202 00202 00002 00202 .72 .72 .72 .72 .79 .79 .79 .79
1350 00202 00202 00002 00202 .72 .72 .72 .72 .79 .79 .79 .79
1360 00202 00202 00002 00202 .72 .72 .72 .72 .79 .79 .79 .79
1370 00202 00202 00002 00202 .72 .72 .72 .72 .79 .79 .79 .79
1380 00202 00202 00002 00202 .72 .72 .72 .72 .79 .79 .79 .79
1390 02202 00202 00002 00202 .48 .48 .48 .48 .60 .60 .60 .60
1400 20202 00202 02022 00202 1.0 1.0 1.0 1.0 .24 .24 .24 .24
1410 20202 20202 02022 20202 -0.04 -0.04 -0.04 -0.04 .21 .21 .21 .21
1420 20022 20002 02022 20022 .25 .25 .25 .25 .42 .42 .42 .42
1430 20002 20002 02022 20002 .25 .25 .25 .25 .42 .42 .42 .42
1440 20002 20002 02022 20002 .25 .25 .25 .25 .42 .42 .42 .42
1450 20000 20000 02022 20000 -0.12 -0.12 -0.12 -0.12 .10 .10 .10 .10
1460 20000 20000 02022 20000 -0.12 -0.12 -0.12 -0.12 .10 .10 .10 .10
1470 20000 20000 02022 20000 -0.12 -0.12 -0.12 -0.12 .10 .10 .10 .10
1480 20000 20000 02022 20000 -0.12 -0.12 -0.12 -0.12 .10 .10 .10 .10
1490 20000 20000 02002 20000 .05 .05 .05 .05 .24 .24 .24 .24
1500 20000 20000 02002 20000 .05 .05 .05 .05 .24 .24 .24 .24
1510 20000 20000 02002 20000 .05 .05 .05 .05 .24 .24 .24 .24
1520 20020 20000 02002 20000 -0.12 -0.12 -0.12 -0.12 .10 .10 .10 .10
1530 20000 20000 02002 20000 .05 .05 .05 .05 .24 .24 .24 .24
1540 20020 20000 02002 20000 -0.12 -0.12 -0.12 -0.12 .10 .10 .10 .10
1550 20020 20000 02002 20000 -0.12 -0.12 -0.12 -0.12 .10 .10 .10 .10
1560 20200 20200 02002 20200 -0.04 -0.04 -0.04 -0.04 .21 .21 .21 .21
1570 02200 00200 00022 00200 -0.12 -0.12 -0.12 -0.12 .10 .10 .10 .10
1580 00200 00200 00022 00200 .05 .05 .05 .05 .24 .24 .24 .24
1590 00200 00200 00022 00200 .05 .05 .05 .05 .24 .24 .24 .24
1600 00200 00200 00022 00200 .05 .05 .05 .05 .24 .24 .24 .24
1610 00200 00200 00022 00200 .05 .05 .05 .05 .24 .24 .24 .24
1620 00200 00200 00022 00200 .05 .05 .05 .05 .24 .24 .24 .24
1630 00200 00200 00022 00200 .05 .05 .05 .05 .24 .24 .24 .24
1640 00200 00200 00022 00200 .05 .05 .05 .05 .24 .24 .24 .24
1650 00200 00200 00022 00200 .05 .05 .05 .05 .24 .24 .24 .24
1660 00200 00200 00022 00200 .05 .05 .05 .05 .24 .24 .24 .24
1670 00201 00200 00022 00201 .09 .14 .11 .15 .31 .34 .32 .37
1680 00201 00201 00022 00201 .32 .33 .26 .46 .49 .48 .41 .59
1690 00201 00201 00022 00201 .32 .33 .26 .46 .49 .48 .41 .59
1700 00201 00201 00022 00201 .32 .33 .26 .46 .49 .48 .41 .59
1710 00202 00201 00022 00202 .29 .39 .35 .46 .45 .55 .52 .59
1720 00202 00201 00022 00202 .29 .39 .35 .46 .45 .55 .52 .59
1730 00202 00202 00022 00202 .48 .48 .48 .48 .60 .60 .60 .60
1740 00202 00202 00022 00202 .48 .48 .48 .48 .60 .60 .60 .60
1750 00202 00202 00022 00202 .48 .48 .48 .48 .60 .60 .60 .60
1760 00202 00202 00022 00202 .48 .48 .48 .48 .60 .60 .60 .60
1770 00202 00202 00022 00202 .48 .48 .48 .48 .60 .60 .60 .60
1780 00202 00202 00022 00202 .48 .48 .48 .48 .60 .60 .60 .60
1790 00202 00202 00022 00202 .48 .48 .48 .48 .60 .60 .60 .60
1800 00202 00202 00022 00202 .48 .48 .48 .48 .60 .60 .60 .60
1810 00202 00202 02022 00202 .25 .25 .25 .25 .42 .42 .42 .42
1820 02202 00202 02022 02202 .25 .25 .25 .25 .42 .42 .42 .42
1830 02202 00202 02022 02202 .25 .25 .25 .25 .42 .42 .42 .42
1840 20202 00202 02022 00202 1.0 1.0 1.0 1.0 .24 .24 .24 .24
1850 20202 20202 02022 20202 -0.04 -0.04 -0.04 -0.04 .21 .21 .21 .21
1860 20022 20002 02022 20022 .25 .25 .25 .25 .42 .42 .42 .42
1870 20002 20002 02022 20002 .25 .25 .25 .25 .42 .42 .42 .42
1880 20000 20000 02022 20000 -0.12 -0.12 -0.12 -0.12 .10 .10 .10 .10
1890 20000 20000 02022 20000 -0.12 -0.12 -0.12 -0.12 .10 .10 .10 .10
1900 20000 20000 02022 20000 -0.12 -0.12 -0.12 -0.12 .10 .10 .10 .10
1910 20000 20000 02022 20000 -0.12 -0.12 -0.12 -0.12 .10 .10 .10 .10
1920 20000 20000 02022 20000 -0.12 -0.12 -0.12 -0.12 .10 .10 .10 .10
1930 20000 20000 02022 20000 -0.12 -0.12 -0.12 -0.12 .10 .10 .10 .10
1940 20000 20000 02022 20000 -0.12 -0.12 -0.12 -0.12 .10 .10 .10 .10
1950 20000 20000 02022 20000 -0.12 -0.12 -0.12 -0.12 .10 .10 .10 .10
1960 20020 20000 02022 20020 -0.04 -0.04 -0.04 -0.04 .21 .21 .21 .21
1970 20200 20200 02022 20200 -0.25 -0.25 -0.25 -0.25 .04 .04 .04 .04
1980 00200 00200 02022 00200 -0.12 -0.12 -0.12 -0.12 .10 .10 .10 .10
1990 00200 00200 02022 00200 -0.12 -0.12 -0.12 -0.12 .10 .10 .10 .10
2000 00200 00200 02022 00200 -0.12 -0.12 -0.12 -0.12 .10 .10 .10 .10
2010 00200 00200 02022 00200 -0.12 -0.12 -0.12 -0.12 .10 .10 .10 .10
2020 00200 00200 00022 00200 .05 .05 .05 .05 .24 .24 .24 .24
2030 00200 00200 00022 00200 .05 .05 .05 .05 .24 .24 .24 .24
2040 00200 00200 00022 00200 .05 .05 .05 .05 .24 .24 .24 .24
2050 00201 00201 00022 00201 .32 .33 .26 .46 .49 .48 .41 .59
2060 00201 00201 00022 00201 .32 .33 .26 .46 .49 .48 .41 .59
2070 00202 00202 00022 00202 .48 .48 .48 .48 .60 .60 .60 .60
2080 00022 00202 00022 00022 .48 .48 .48 .48 .60 .60 .60 .60
2090 00002 00002 00022 00002 .68 .68 .68 .68 .75 .75 .75 .75
2100 00002 00002 00022 00002 .68 .68 .68 .68 .75 .75 .75 .75
2110 00002 00002 00022 00002 .68 .68 .68 .68 .75 .75 .75 .75
2120 00002 00002 00022 00002 .68 .68 .68 .68 .75 .75 .75 .75
2130 00002 00002 00022 00002 .68 .68 .68 .68 .75 .75 .75 .75
2140 00002 00002 00022 00002 .68 .68 .68 .68 .75 .75 .75 .75
2150 00002 00002 00022 00002 .68 .68 .68 .68 .75 .75 .75 .75
2160 00002 00002 00022 00002 .68 .68 .68 .68 .75 .75 .75 .75
2170 00002 00002 00022 00002 .68 .68 .68 .68 .75 .75 .75 .75
2180 00002 00002 00022 00002 .68 .68 .68 .68 .75 .75 .75 .75
2190 00002 00002 00022 00002 .68 .68 .68 .68 .75 .75 .75 .75
2200 00002 00002 00022 00002 .68 .68 .68 .68 .75 .75 .75 .75
2210 00002 00002 00022 00002 .68 .68 .68 .68 .75 .75 .75 .75
2220 00002 00002 00022 00002 .68 .68 .68 .68 .75 .75 .75 .75
2230 00002 00002 00022 00002 .68 .68 .68 .68 .75 .75 .75 .75
2240 00002 00002 00002 00002 1.00 1.00 1.00 1.00 1.00 1.00 1.00 1.00
2250 00002 00002 00002 00002 1.00 1.00 1.00 1.00 1.00 1.00 1.00 1.00
2260 00002 00002 00002 00002 1.00 1.00 1.00 1.00 1.00 1.00 1.00 1.00
2270 00002 00002 00002 00002 1.00 1.00 1.00 1.00 1.00 1.00 1.00 1.00
