0 00022 00002 00022 00022 .72 .72 .72 .72 .79 .79 .79 .79
10 00022 00002 00022 00022 .72 .72 .72 .72 .79 .79 .79 .79
20 00002 00002 00002 00002 1.00 1.00 1.00 1.00 1.00 1.00 1.00 1.00
30 00002 00002 00002 00002 1.00 1.00 1.00 1.00 1.00 1.00 1.00 1.00
40 00002 00002 00002 00002 1.00 1.00 1.00 1.00 1.00 1.00 1.00 1.00
50 00002 00002 00002 00002 1.00 1.00 1.00 1.00 1.00 1.00 1.00 1.00
60 00022 00022 00022 00022 1.00 1.00 1.00 1.00 1.00 1.00 1.00 1.00
70 00202 00022 00202 00202 .48 .48 .48 .48 .60 .60 .60 .60
80 00202 00202 00202 00202 1.00 1.00 1.00 1.00 1.00 1.00 1.00 1.00
90 00202 00200 00200 00200 .68 .68 .68 .68 .75 .75 .75 .75
100 00200 00200 00200 00200 1.00 1.00 1.00 1.00 1.00 1.00 1.00 1.00
110 00200 00200 00200 00200 1.00 1.00 1.00 1.00 1.00 1.00 1.00 1.00
120 00200 00200 00200 00200 1.00 1.00 1.00 1.00 1.00 1.00 1.00 1.00
130 00200 00200 00200 00200 1.00 1.00 1.00 1.00 1.00 1.00 1.00 1.00
140 00200 00200 00200 00200 1.00 1.00 1.00 1.00 1.00 1.00 1.00 1.00
150 00200 00200 00200 00200 1.00 1.00 1.00 1.00 1.00 1.00 1.00 1.00
160 00200 00200 00200 00200 1.00 1.00 1.00 1.00 1.00 1.00 1.00 1.00
170 00200 00200 00200 00200 1.00 1.00 1.00 1.00 1.00 1.00 1.00 1.00
180 00200 00200 02200 00200 .68 .68 .68 .68 .75 .75 .75 .75
190 20200 20200 20200 20200 1.00 1.00 1.00 1.00 1.00 1.00 1.00 1.00
200 20200 20200 20200 20200 1.00 1.00 1.00 1.00 1.00 1.00 1.00 1.00
210 20200 20200 20020 20200 .48 .48 .48 .48 .60 .60 .60 .60
220 20000 20000 20000 20000 1.00 1.00 1.00 1.00 1.00 1.00 1.00 1.00
230 20000 20000 20000 20000 1.00 1.00 1.00 1.00 1.00 1.00 1.00 1.00
240 20000 20000 20000 20000 1.00 1.00 1.00 1.00 1.00 1.00 1.00 1.00
250 20000 20000 20000 20000 1.00 1.00 1.00 1.00 1.00 1.00 1.00 1.00
260 20000 20000 20000 20000 1.00 1.00 1.00 1.00 1.00 1.00 1.00 1.00
270 20000 20000 20000 20000 1.00 1.00 1.00 1.00 1.00 1.00 1.00 1.00
280 20020 20000 20000 20000 .68 .68 .68 .68 .75 .75 .75 .75
290 20200 20000 20000 20000 .68 .68 .68 .68 .75 .75 .75 .75
300 20200 20200 20200 20200 1.00 1.00 1.00 1.00 1.00 1.00 1.00 1.00
310 00200 00200 00200 00200 1.00 1.00 1.00 1.00 1.00 1.00 1.00 1.00
320 00200 00200 00200 00200 1.00 1.00 1.00 1.00 1.00 1.00 1.00 1.00
330 00200 00200 00200 00200 1.00 1.00 1.00 1.00 1.00 1.00 1.00 1.00
340 00200 00200 00200 00200 1.00 1.00 1.00 1.00 1.00 1.00 1.00 1.00
350 00200 00200 00200 00200 1.00 1.00 1.00 1.00 1.00 1.00 1.00 1.00
360 00200 00200 00200 00200 1.00 1.00 1.00 1.00 1.00 1.00 1.00 1.00
370 00200 00200 00200 00200 1.00 1.00 1.00 1.00 1.00 1.00 1.00 1.00
380 00200 00200 00200 00200 1.00 1.00 1.00 1.00 1.00 1.00 1.00 1.00
390 00201 00200 00200 00200 .70 .80 .90 .68 .76 .84 .93 .75
400 00201 00200 00200 00200 .70 .80 .90 .68 .76 .84 .93 .75
410 00201 00200 00200 00200 .70 .80 .90 .68 .76 .84 .93 .75
420 00201 00200 00200 00200 .70 .80 .90 .68 .76 .84 .93 .75
430 00201 00200 00200 00200 .70 .80 .90 .68 .76 .84 .93 .75
440 00201 00200 00200 00200 .70 .80 .90 .68 .76 .84 .93 .75
450 00201 00200 00200 00200 .70 .80 .90 .68 .76 .84 .93 .75
460 00201 00201 00200 00201 .75 .83 .90 .72 .82 .87 .93 .79
470 00202 00201 00201 00201 .77 .96 .92 .97 .83 .97 .93 .98
480 00202 00202 00201 00202 .76 .96 .93 .97 .82 .97 .95 .98
490 00202 00202 00201 00202 .76 .96 .93 .97 .82 .97 .95 .98
500 00202 00202 00202 00202 1.00 1.00 1.00 1.00 1.00 1.00 1.00 1.00
510 00202 00202 00202 00202 1.00 1.00 1.00 1.00 1.00 1.00 1.00 1.00
520 00202 00202 00202 00202 1.00 1.00 1.00 1.00 1.00 1.00 1.00 1.00
530 00202 00202 00202 00202 1.00 1.00 1.00 1.00 1.00 1.00 1.00 1.00
540 00202 00202 00202 00202 1.00 1.00 1.00 1.00 1.00 1.00 1.00 1.00
550 00202 00202 00202 00202 1.00 1.00 1.00 1.00 1.00 1.00 1.00 1.00
560 00202 00202 00202 00202 1.00 1.00 1.00 1.00 1.00 1.00 1.00 1.00
570 00202 00202 00202 00202 1.00 1.00 1.00 1.00 1.00 1.00 1.00 1.00
580 00202 00202 00202 00202 1.00 1.00 1.00 1.00 1.00 1.00 1.00 1.00
590 00202 00202 00202 00202 1.00 1.00 1.00 1.00 1.00 1.00 1.00 1.00
600 00202 00202 00202 00202 1.00 1.00 1.00 1.00 1.00 1.00 1.00 1.00
610 00202 00202 00202 00202 1.00 1.00 1.00 1.00 1.00 1.00 1.00 1.00
620 00202 00202 00202 00202 1.00 1.00 1.00 1.00 1.00 1.00 1.00 1.00
630 00202 00202 00202 00202 1.00 1.00 1.00 1.00 1.00 1.00 1.00 1.00
640 00202 00202 00202 00202 1.00 1.00 1.00 1.00 1.00 1.00 1.00 1.00
650 00202 00202 00202 00202 1.00 1.00 1.00 1.00 1.00 1.00 1.00 1.00
660 00202 00202 00202 00202 1.00 1.00 1.00 1.00 1.00 1.00 1.00 1.00
670 00202 00202 00202 00202 1.00 1.00 1.00 1.00 1.00 1.00 1.00 1.00
680 00202 00202 00202 00202 1.00 1.00 1.00 1.00 1.00 1.00 1.00 1.00
690 00202 00202 00202 00202 1.00 1.00 1.00 1.00 1.00 1.00 1.00 1.00
700 00202 00202 00202 00202 1.00 1.00 1.00 1.00 1.00 1.00 1.00 1.00
710 00202 00202 00202 00202 1.00 1.00 1.00 1.00 1.00 1.00 1.00 1.00
720 00202 00202 00202 00202 1.00 1.00 1.00 1.00 1.00 1.00 1.00 1.00
730 00202 00202 00202 00202 1.00 1.00 1.00 1.00 1.00 1.00 1.00 1.00
740 00202 00202 00202 00202 1.00 1.00 1.00 1.00 1.00 1.00 1.00 1.00
750 00202 00202 00202 00202 1.00 1.00 1.00 1.00 1.00 1.00 1.00 1.00
760 00202 00202 00202 00202 1.00 1.00 1.00 1.00 1.00 1.00 1.00 1.00
770 02202 00202 02202 02202 .75 .75 .75 .75 .81 .81 .81 .81
780 20202 20202 20202 20202 1.00 1.00 1.00 1.00 1.00 1.00 1.00 1.00
790 20022 20022 20022 20022 1.00 1.00 1.00 1.00 1.00 1.00 1.00 1.00
800 20022 20032 20032 20032 .79 .92 .95 .99 .85 .94 .96 .99
810 20000 20000 20000 20000 1.00 1.00 1.00 1.00 1.00 1.00 1.00 1.00
820 20000 20000 20000 20000 1.00 1.00 1.00 1.00 1.00 1.00 1.00 1.00
830 20000 20000 20000 20000 1.00 1.00 1.00 1.00 1.00 1.00 1.00 1.00
840 20000 20000 20000 20000 1.00 1.00 1.00 1.00 1.00 1.00 1.00 1.00
850 20000 20000 20000 20000 1.00 1.00 1.00 1.00 1.00 1.00 1.00 1.00
860 20000 20000 20000 20000 1.00 1.00 1.00 1.00 1.00 1.00 1.00 1.00
870 20000 20000 20000 20000 1.00 1.00 1.00 1.00 1.00 1.00 1.00 1.00
880 20000 20000 20000 20000 1.00 1.00 1.00 1.00 1.00 1.00 1.00 1.00
890 20000 20000 20000 20000 1.00 1.00 1.00 1.00 1.00 1.00 1.00 1.00
900 20000 20000 20000 20000 1.00 1.00 1.00 1.00 1.00 1.00 1.00 1.00
910 20000 20000 20000 20000 1.00 1.00 1.00 1.00 1.00 1.00 1.00 1.00
920 20000 20000 20000 20000 1.00 1.00 1.00 1.00 1.00 1.00 1.00 1.00
930 20000 20000 20000 20000 1.00 1.00 1.00 1.00 1.00 1.00 1.00 1.00
940 20000 20000 20000 20000 1.00 1.00 1.00 1.00 1.00 1.00 1.00 1.00
950 20000 20000 20000 20000 1.00 1.00 1.00 1.00 1.00 1.00 1.00 1.00
960 20000 20000 20000 20000 1.00 1.00 1.00 1.00 1.00 1.00 1.00 1.00
970 20000 20000 20000 20000 1.00 1.00 1.00 1.00 1.00 1.00 1.00 1.00
980 20000 20000 20000 20000 1.00 1.00 1.00 1.00 1.00 1.00 1.00 1.00
990 20000 20000 20000 20000 1.00 1.00 1.00 1.00 1.00 1.00 1.00 1.00
1000 20000 20000 20000 20000 1.00 1.00 1.00 1.00 1.00 1.00 1.00 1.00
1010 20000 20000 20000 20000 1.00 1.00 1.00 1.00 1.00 1.00 1.00 1.00
1020 20020 20000 20000 20000 .68 .68 .68 .68 .75 .75 .75 .75
1030 20200 20000 20020 20000 .44 .44 .44 .44 .55 .55 .55 .55
1040 02200 20200 20200 20200 .48 .48 .48 .48 .60 .60 .60 .60
1050 00200 00200 00200 00200 1.00 1.00 1.00 1.00 1.00 1.00 1.00 1.00
1060 00200 00200 00200 00200 1.00 1.00 1.00 1.00 1.00 1.00 1.00 1.00
1070 00200 00200 00200 00200 1.00 1.00 1.00 1.00 1.00 1.00 1.00 1.00
1080 00200 00200 00200 00200 1.00 1.00 1.00 1.00 1.00 1.00 1.00 1.00
1090 00200 00200 00200 00200 1.00 1.00 1.00 1.00 1.00 1.00 1.00 1.00
1100 20200 20200 02200 20200 .48 .48 .48 .48 .60 .60 .60 .60
1110 20200 20200 20020 20200 .48 .48 .48 .48 .60 .60 .60 .60
1120 20000 20000 20000 20000 1.00 1.00 1.00 1.00 1.00 1.00 1.00 1.00
1130 20000 20000 20000 20000 1.00 1.00 1.00 1.00 1.00 1.00 1.00 1.00
1140 20000 20000 20000 20000 1.00 1.00 1.00 1.00 1.00 1.00 1.00 1.00
1150 20000 20000 20000 20000 1.00 1.00 1.00 1.00 1.00 1.00 1.00 1.00
1160 20000 20000 20020 20000 .68 .68 .68 .68 .75 .75 .75 .75
1170 20020 20000 20020 20020 .72 .72 .72 .72 .79 .79 .79 .79
1180 20200 20200 20200 20200 1.00 1.00 1.00 1.00 1.00 1.00 1.00 1.00
1190 02200 20200 20200 20200 .48 .48 .48 .48 .60 .60 .60 .60
1200 00200 00200 00200 00200 1.00 1.00 1.00 1.00 1.00 1.00 1.00 1.00
1210 00200 00200 00200 00200 1.00 1.00 1.00 1.00 1.00 1.00 1.00 1.00
1220 00200 00200 00200 00200 1.00 1.00 1.00 1.00 1.00 1.00 1.00 1.00
1230 00200 03200 03200 03200 .75 .61 .59 .72 .82 .71 .70 .79
1240 00200 03200 03200 03200 .75 .61 .59 .72 .82 .71 .70 .79
1250 00200 03200 03200 03200 .75 .61 .59 .72 .82 .71 .70 .79
1260 00200 03200 03200 03200 .75 .61 .59 .72 .82 .71 .70 .79
1270 00200 03200 03200 03200 .75 .61 .59 .72 .82 .71 .70 .79
1280 00201 03200 03200 03200 .57 .51 .53 .49 .67 .63 .66 .61
1290 00201 03200 03200 03200 .57 .51 .53 .49 .67 .63 .66 .61
1300 00201 03200 03200 03200 .57 .51 .53 .49 .67 .63 .66 .61
1310 00201 03200 03200 03200 .57 .51 .53 .49 .67 .63 .66 .61
1320 00201 03201 03200 03201 .61 .50 .51 .52 .71 .63 .63 .63
1330 00201 03201 03200 03201 .61 .50 .51 .52 .71 .63 .63 .63
1340 00201 03201 03200 03201 .61 .50 .51 .52 .71 .63 .63 .63
1350 00201 03201 03200 03201 .61 .50 .51 .52 .71 .63 .63 .63
1360 00201 03201 03201 03201 .82 .58 .53 .76 .86 .69 .66 .82
1370 00202 03201 03201 03201 .63 .55 .51 .73 .72 .66 .63 .80
1380 00202 03202 03202 03202 .79 .56 .59 .75 .85 .67 .69 .81
1390 00202 03202 03202 03202 .79 .56 .59 .75 .85 .67 .69 .81
1400 00202 03202 03202 03202 .79 .56 .59 .75 .85 .67 .69 .81
1410 00202 03202 03202 03202 .79 .56 .59 .75 .85 .67 .69 .81
1420 00202 03202 03202 03202 .79 .56 .59 .75 .85 .67 .69 .81
1430 00202 03202 03202 03202 .79 .56 .59 .75 .85 .67 .69 .81
1440 00202 03202 03202 03202 .79 .56 .59 .75 .85 .67 .69 .81
1450 00202 03202 03202 03202 .79 .56 .59 .75 .85 .67 .69 .81
1460 00202 03202 03202 03202 .79 .56 .59 .75 .85 .67 .69 .81
1470 00202 03202 03202 03202 .79 .56 .59 .75 .85 .67 .69 .81
1480 00202 03202 03202 03202 .79 .56 .59 .75 .85 .67 .69 .81
1490 00202 03202 03202 03202 .79 .56 .59 .75 .85 .67 .69 .81
1500 00202 00202 00202 00202 1.00 1.00 1.00 1.00 1.00 1.00 1.00 1.00
1510 00202 00202 00202 00202 1.00 1.00 1.00 1.00 1.00 1.00 1.00 1.00
1520 00202 00202 00202 00202 1.00 1.00 1.00 1.00 1.00 1.00 1.00 1.00
1530 00202 00202 00202 00202 1.00 1.00 1.00 1.00 1.00 1.00 1.00 1.00
1540 00202 00202 00202 00202 1.00 1.00 1.00 1.00 1.00 1.00 1.00 1.00
1550 00202 00202 00202 00202 1.00 1.00 1.00 1.00 1.00 1.00 1.00 1.00
1560 00202 00202 00202 00202 1.00 1.00 1.00 1.00 1.00 1.00 1.00 1.00
1570 02202 00202 02202 02202 .75 .75 .75 .75 .81 .81 .81 .81
1580 20202 20202 20202 20202 1.00 1.00 1.00 1.00 1.00 1.00 1.00 1.00
1590 20022 20202 20022 20022 .48 .48 .48 .48 .60 .60 .60 .60
1600 20002 20002 20032 20002 .77 .53 .53 .75 .82 .64 .63 .81
1610 20002 20032 20032 20032 .79 .56 .59 .75 .85 .67 .69 .81
1620 20002 20032 20032 20032 .79 .56 .59 .75 .85 .67 .69 .81
1630 20002 20002 20002 20002 1.00 1.00 1.00 1.00 1.00 1.00 1.00 1.00
1640 20002 20002 20002 20002 1.00 1.00 1.00 1.00 1.00 1.00 1.00 1.00
1650 20002 20002 20002 20002 1.00 1.00 1.00 1.00 1.00 1.00 1.00 1.00
1660 20002 20002 20002 20002 1.00 1.00 1.00 1.00 1.00 1.00 1.00 1.00
1670 20002 20002 20002 20002 1.00 1.00 1.00 1.00 1.00 1.00 1.00 1.00
1680 20002 20002 20002 20002 1.00 1.00 1.00 1.00 1.00 1.00 1.00 1.00
1690 20002 20002 20002 20002 1.00 1.00 1.00 1.00 1.00 1.00 1.00 1.00
1700 20002 20002 20002 20002 1.00 1.00 1.00 1.00 1.00 1.00 1.00 1.00
1710 20002 20002 20002 20002 1.00 1.00 1.00 1.00 1.00 1.00 1.00 1.00
1720 20000 20000 20000 20000 1.00 1.00 1.00 1.00 1.00 1.00 1.00 1.00
1730 20000 20000 20000 20000 1.00 1.00 1.00 1.00 1.00 1.00 1.00 1.00
1740 20000 20000 20000 20000 1.00 1.00 1.00 1.00 1.00 1.00 1.00 1.00
1750 20000 20000 20000 20000 1.00 1.00 1.00 1.00 1.00 1.00 1.00 1.00
1760 20000 20000 20000 20000 1.00 1.00 1.00 1.00 1.00 1.00 1.00 1.00
1770 20000 20000 20000 20000 1.00 1.00 1.00 1.00 1.00 1.00 1.00 1.00
1780 20000 20000 20000 20000 1.00 1.00 1.00 1.00 1.00 1.00 1.00 1.00
1790 20000 20000 20000 20000 1.00 1.00 1.00 1.00 1.00 1.00 1.00 1.00
1800 20000 20000 20000 20000 1.00 1.00 1.00 1.00 1.00 1.00 1.00 1.00
1810 20000 20000 20000 20000 1.00 1.00 1.00 1.00 1.00 1.00 1.00 1.00
1820 20000 20000 20000 20000 1.00 1.00 1.00 1.00 1.00 1.00 1.00 1.00
1830 20000 20000 20000 20000 1.00 1.00 1.00 1.00 1.00 1.00 1.00 1.00
1840 20000 20000 20000 20000 1.00 1.00 1.00 1.00 1.00 1.00 1.00 1.00
1850 20000 20000 20000 20000 1.00 1.00 1.00 1.00 1.00 1.00 1.00 1.00
1860 20000 20000 20000 20000 1.00 1.00 1.00 1.00 1.00 1.00 1.00 1.00
1870 20000 20000 20000 20000 1.00 1.00 1.00 1.00 1.00 1.00 1.00 1.00
1880 20000 20000 20000 20000 1.00 1.00 1.00 1.00 1.00 1.00 1.00 1.00
1890 20000 20000 20000 20000 1.00 1.00 1.00 1.00 1.00 1.00 1.00 1.00
1900 20000 20000 20000 20000 1.00 1.00 1.00 1.00 1.00 1.00 1.00 1.00
1910 20200 20200 20020 20200 .48 .48 .48 .48 .60 .60 .60 .60
1920 00200 00200 00200 00200 1.00 1.00 1.00 1.00 1.00 1.00 1.00 1.00
1930 00200 00200 00200 00200 1.00 1.00 1.00 1.00 1.00 1.00 1.00 1.00
1940 00200 00200 00200 00200 1.00 1.00 1.00 1.00 1.00 1.00 1.00 1.00
1950 00200 00200 00200 00200 1.00 1.00 1.00 1.00 1.00 1.00 1.00 1.00
1960 00200 00200 00200 00200 1.00 1.00 1.00 1.00 1.00 1.00 1.00 1.00
1970 00200 00200 00200 00200 1.00 1.00 1.00 1.00 1.00 1.00 1.00 1.00
1980 00200 00200 00200 00200 1.00 1.00 1.00 1.00 1.00 1.00 1.00 1.00
1990 00200 00200 00200 00200 1.00 1.00 1.00 1.00 1.00 1.00 1.00 1.00
2000 00200 00200 00200 00200 1.00 1.00 1.00 1.00 1.00 1.00 1.00 1.00
2010 00200 00200 00200 00200 1.00 1.00 1.00 1.00 1.00 1.00 1.00 1.00
2020 00200 00200 03200 00200 .70 .55 .46 .68 .76 .64 .55 .75
2030 00201 03201 03200 03201 .61 .50 .51 .52 .71 .63 .63 .63
2040 00201 03201 03200 03201 .61 .50 .51 .52 .71 .63 .63 .63
2050 00201 03201 03200 03201 .61 .50 .51 .52 .71 .63 .63 .63
2060 00201 03201 03201 03201 .82 .58 .53 .76 .86 .69 .66 .82
2070 00201 03201 03201 03201 .82 .58 .53 .76 .86 .69 .66 .82
2080 00202 03201 03201 03201 .63 .55 .51 .73 .72 .66 .63 .80
2090 00202 03202 03201 03202 .62 .54 .53 .73 .71 .65 .65 .79
2100 00202 03202 03201 03202 .62 .54 .53 .73 .71 .65 .65 .79
2110 00202 03202 03202 03202 .79 .56 .59 .75 .85 .67 .69 .81
2120 00202 03202 03202 03202 .79 .56 .59 .75 .85 .67 .69 .81
2130 00202 00202 00202 00202 1.00 1.00 1.00 1.00 1.00 1.00 1.00 1.00
2140 00202 00202 00202 00202 1.00 1.00 1.00 1.00 1.00 1.00 1.00 1.00
2150 00202 00202 00202 00202 1.00 1.00 1.00 1.00 1.00 1.00 1.00 1.00
2160 00202 00202 00202 00202 1.00 1.00 1.00 1.00 1.00 1.00 1.00 1.00
2170 00202 00202 00202 00202 1.00 1.00 1.00 1.00 1.00 1.00 1.00 1.00
2180 00202 00202 00202 00202 1.00 1.00 1.00 1.00 1.00 1.00 1.00 1.00
2190 00202 00202 00202 00202 1.00 1.00 1.00 1.00 1.00 1.00 1.00 1.00
2200 00202 00202 00242 00202 .77 .53 .35 .75 .82 .64 .46 .81
2210 00202 00202 00242 00202 .77 .53 .35 .75 .82 .64 .46 .81
2220 00202 00202 00242 00202 .77 .53 .35 .75 .82 .64 .46 .81
2230 02202 00202 00242 00202 .56 .29 .17 .51 .65 .45 .32 .62
2240 02202 00202 02242 02202 .55 .23 .12 .49 .64 .39 .27 .61
2250 20202 20202 20242 20202 .76 .36 .24 .73 .82 .51 .39 .79
2260 20002 20002 20002 20002 1.00 1.00 1.00 1.00 1.00 1.00 1.00 1.00
2270 20002 20002 20002 20002 1.00 1.00 1.00 1.00 1.00 1.00 1.00 1.00
2280 20002 20002 20002 20002 1.00 1.00 1.00 1.00 1.00 1.00 1.00 1.00
2290 20000 20000 20000 20000 1.00 1.00 1.00 1.00 1.00 1.00 1.00 1.00
2300 20000 20000 20000 20000 1.00 1.00 1.00 1.00 1.00 1.00 1.00 1.00
2310 20030 20030 20000 20030 .75 .61 .59 .72 .82 .71 .70 .79
2320 20030 20030 20000 20030 .75 .61 .59 .72 .82 .71 .70 .79
2330 20000 20030 20000 20000 .70 .55 .46 .68 .76 .64 .55 .75
2340 20000 20030 20030 20030 .75 .61 .59 .72 .82 .71 .70 .79
2350 20000 20030 20000 20000 .70 .55 .46 .68 .76 .64 .55 .75
2360 20000 20030 20000 20000 .70 .55 .46 .68 .76 .64 .55 .75
2370 20000 20030 20000 20000 .70 .55 .46 .68 .76 .64 .55 .75
2380 20000 20030 20000 20000 .70 .55 .46 .68 .76 .64 .55 .75
2390 20000 20030 20000 20000 .70 .55 .46 .68 .76 .64 .55 .75
2400 20000 20030 20000 20000 .70 .55 .46 .68 .76 .64 .55 .75
2410 20000 20030 20000 20000 .70 .55 .46 .68 .76 .64 .55 .75
2420 20000 20030 20000 20000 .70 .55 .46 .68 .76 .64 .55 .75
2430 20000 20030 20000 20000 .70 .55 .46 .68 .76 .64 .55 .75
2440 20000 20030 20000 20000 .70 .55 .46 .68 .76 .64 .55 .75
2450 20000 20030 20000 20000 .70 .55 .46 .68 .76 .64 .55 .75
2460 20000 20030 20000 20000 .70 .55 .46 .68 .76 .64 .55 .75
2470 20000 20030 20000 20000 .70 .55 .46 .68 .76 .64 .55 .75
2480 20000 20030 20000 20000 .70 .55 .46 .68 .76 .64 .55 .75
2490 20000 20030 20000 20000 .70 .55 .46 .68 .76 .64 .55 .75
2500 20000 20000 20000 20000 1.00 1.00 1.00 1.00 1.00 1.00 1.00 1.00
2510 20000 20000 20000 20000 1.00 1.00 1.00 1.00 1.00 1.00 1.00 1.00
2520 20020 20000 20020 20020 .72 .72 .72 .72 .79 .79 .79 .79
2530 02200 20200 20200 20200 .48 .48 .48 .48 .60 .60 .60 .60
2540 00200 00200 00200 00200 1.00 1.00 1.00 1.00 1.00 1.00 1.00 1.00
2550 00200 00200 00200 00200 1.00 1.00 1.00 1.00 1.00 1.00 1.00 1.00
2560 00200 00200 00200 00200 1.00 1.00 1.00 1.00 1.00 1.00 1.00 1.00
2570 00200 00200 00200 00200 1.00 1.00 1.00 1.00 1.00 1.00 1.00 1.00
2580 00200 00200 00200 00200 1.00 1.00 1.00 1.00 1.00 1.00 1.00 1.00
2590 00200 00200 00200 00200 1.00 1.00 1.00 1.00 1.00 1.00 1.00 1.00
2600 00200 00200 00200 00200 1.00 1.00 1.00 1.00 1.00 1.00 1.00 1.00
2610 00200 00200 00200 00200 1.00 1.00 1.00 1.00 1.00 1.00 1.00 1.00
2620 00201 00200 00201 00201 .75 .83 .90 .72 .82 .87 .93 .79
2630 00201 00201 00201 00201 1.00 1.00 1.00 1.00 1.00 1.00 1.00 1.00
2640 00201 00201 00201 00201 1.00 1.00 1.00 1.00 1.00 1.00 1.00 1.00
2650 00202 00201 00201 00201 .77 .96 .92 .97 .83 .97 .93 .98
2660 00202 00201 00201 00201 .77 .96 .92 .97 .83 .97 .93 .98
2670 00202 00202 00201 00202 .76 .96 .93 .97 .82 .97 .95 .98
2680 00202 00202 00202 00202 1.00 1.00 1.00 1.00 1.00 1.00 1.00 1.00
2690 00202 00202 00202 00202 1.00 1.00 1.00 1.00 1.00 1.00 1.00 1.00
2700 00202 00202 00202 00202 1.00 1.00 1.00 1.00 1.00 1.00 1.00 1.00
2710 00202 00202 00202 00202 1.00 1.00 1.00 1.00 1.00 1.00 1.00 1.00
2720 00202 00202 00202 00202 1.00 1.00 1.00 1.00 1.00 1.00 1.00 1.00
2730 00202 00202 00202 00202 1.00 1.00 1.00 1.00 1.00 1.00 1.00 1.00
2740 00202 00202 00202 00202 1.00 1.00 1.00 1.00 1.00 1.00 1.00 1.00
2750 00202 00202 00202 00202 1.00 1.00 1.00 1.00 1.00 1.00 1.00 1.00
2760 00202 00202 00202 00202 1.00 1.00 1.00 1.00 1.00 1.00 1.00 1.00
2770 02202 00202 00202 00202 .75 .75 .75 .75 .81 .81 .81 .81
2780 02202 00202 02202 02202 .75 .75 .75 .75 .81 .81 .81 .81
2790 20202 20202 20202 20202 1.00 1.00 1.00 1.00 1.00 1.00 1.00 1.00
2800 20022 20202 20022 20022 .48 .48 .48 .48 .60 .60 .60 .60
2810 20002 20002 20002 20002 1.00 1.00 1.00 1.00 1.00 1.00 1.00 1.00
2820 20000 20000 20000 20000 1.00 1.00 1.00 1.00 1.00 1.00 1.00 1.00
2830 20000 20000 20000 20000 1.00 1.00 1.00 1.00 1.00 1.00 1.00 1.00
2840 20000 20000 20000 20000 1.00 1.00 1.00 1.00 1.00 1.00 1.00 1.00
2850 20000 20000 20000 20000 1.00 1.00 1.00 1.00 1.00 1.00 1.00 1.00
2860 20000 20000 20000 20000 1.00 1.00 1.00 1.00 1.00 1.00 1.00 1.00
2870 20000 20000 20000 20000 1.00 1.00 1.00 1.00 1.00 1.00 1.00 1.00
2880 20000 20000 20000 20000 1.00 1.00 1.00 1.00 1.00 1.00 1.00 1.00
2890 20000 20000 20000 20000 1.00 1.00 1.00 1.00 1.00 1.00 1.00 1.00
2900 20000 20000 20000 20000 1.00 1.00 1.00 1.00 1.00 1.00 1.00 1.00
2910 20000 20000 20000 20000 1.00 1.00 1.00 1.00 1.00 1.00 1.00 1.00
2920 20000 20000 20000 20000 1.00 1.00 1.00 1.00 1.00 1.00 1.00 1.00
2930 20000 20000 20000 20000 1.00 1.00 1.00 1.00 1.00 1.00 1.00 1.00
2940 20000 20000 20000 20000 1.00 1.00 1.00 1.00 1.00 1.00 1.00 1.00
2950 20000 20000 20000 20000 1.00 1.00 1.00 1.00 1.00 1.00 1.00 1.00
2960 20000 20000 20000 20000 1.00 1.00 1.00 1.00 1.00 1.00 1.00 1.00
2970 20000 20020 20000 20000 .68 .68 .68 .68 .75 .75 .75 .75
2980 20200 20200 20020 20200 .48 .48 .48 .48 .60 .60 .60 .60
2990 02200 20200 20200 20200 .48 .48 .48 .48 .60 .60 .60 .60
3000 00200 00200 00200 00200 1.00 1.00 1.00 1.00 1.00 1.00 1.00 1.00
3010 00200 00200 00200 00200 1.00 1.00 1.00 1.00 1.00 1.00 1.00 1.00
3020 00200 00200 00200 00200 1.00 1.00 1.00 1.00 1.00 1.00 1.00 1.00
3030 00200 00200 00200 00200 1.00 1.00 1.00 1.00 1.00 1.00 1.00 1.00
3040 00200 00200 00200 00200 1.00 1.00 1.00 1.00 1.00 1.00 1.00 1.00
3050 00200 00200 00200 00200 1.00 1.00 1.00 1.00 1.00 1.00 1.00 1.00
3060 00201 00201 00201 00201 1.00 1.00 1.00 1.00 1.00 1.00 1.00 1.00
3070 00201 00201 00201 00201 1.00 1.00 1.00 1.00 1.00 1.00 1.00 1.00
3080 00201 00201 00201 00201 1.00 1.00 1.00 1.00 1.00 1.00 1.00 1.00
3090 00202 00202 00202 00202 1.00 1.00 1.00 1.00 1.00 1.00 1.00 1.00
3100 00202 00202 00202 00202 1.00 1.00 1.00 1.00 1.00 1.00 1.00 1.00
3110 00002 00002 00022 00002 .68 .68 .68 .68 .75 .75 .75 .75
3120 00002 00002 00002 00002 1.00 1.00 1.00 1.00 1.00 1.00 1.00 1.00
3130 00002 00002 00002 00002 1.00 1.00 1.00 1.00 1.00 1.00 1.00 1.00
3140 00002 00002 00002 00002 1.00 1.00 1.00 1.00 1.00 1.00 1.00 1.00
3150 04002 00002 00002 00002 .70 .55 .30 .68 .76 .64 .39 .75
3160 04002 00042 02002 04002 .44 .30 .16 .48 .54 .45 .33 .60
3170 04002 00042 02002 04002 .44 .30 .16 .48 .54 .45 .33 .60
3180 04042 04042 02002 04042 .61 .59 .55 .73 .71 .69 .67 .79
