0 00002 00002 00000 00002 .46 .46 .46 .46 .63 .63 .63 .63
10 00002 00002 00021 00002 .40 .62 .52 .65 .52 .71 .63 .72
20 00002 00002 00001 00002 .63 .98 .87 .96 .72 .99 .91 .97
30 00002 00002 00000 00002 .46 .46 .46 .46 .63 .63 .63 .63
40 00002 00002 00000 00002 .46 .46 .46 .46 .63 .63 .63 .63
50 00002 00002 00000 00002 .46 .46 .46 .46 .63 .63 .63 .63
60 00002 00002 00021 00002 .40 .62 .52 .65 .52 .71 .63 .72
70 00002 00002 00021 00002 .40 .62 .52 .65 .52 .71 .63 .72
80 00022 00022 02021 00022 .55 .68 .66 .73 .64 .76 .74 .79
90 00202 00202 02022 00202 .25 .25 .25 .25 .42 .42 .42 .42
100 00200 00200 02022 00200 -0.12 -0.12 -0.12 -0.12 .10 .10 .10 .10
110 00200 00200 02022 00200 -0.12 -0.12 -0.12 -0.12 .10 .10 .10 .10
120 00200 03200 02022 00200 -0.07 -0.00 1.0 -0.04 .09 .09 .08 .09
130 00200 03200 02022 00200 -0.07 -0.00 1.0 -0.04 .09 .09 .08 .09
140 00200 03200 02022 00200 -0.07 -0.00 1.0 -0.04 .09 .09 .08 .09
150 00200 03200 02022 00200 -0.07 -0.00 1.0 -0.04 .09 .09 .08 .09
160 20200 23200 02022 20200 -0.22 -0.20 -0.21 -0.25 .01 -0.04 -0.03 -0.01
170 20000 23000 02002 20000 .09 .17 .17 .16 .22 .23 .21 .24
180 20000 23000 02002 20000 .09 .17 .17 .16 .22 .23 .21 .24
190 20000 23000 02002 20000 .09 .17 .17 .16 .22 .23 .21 .24
200 20020 23000 02021 20020 .06 .10 .12 .01 .22 .21 .22 .18
210 20200 23200 02021 20200 -0.12 -0.11 -0.10 -0.23 .08 .04 .05 -0.00
220 00200 03200 02021 00200 1.0 .05 .09 -0.03 .13 .13 .15 .10
230 00200 03200 00021 00200 .02 -0.11 -0.10 -0.10 .18 .09 .09 .10
240 00200 03200 00022 00200 -0.04 -0.15 -0.16 -0.12 .15 .05 .03 .10
250 00200 03200 00022 00200 -0.04 -0.15 -0.16 -0.12 .15 .05 .03 .10
260 00200 03200 00022 00200 -0.04 -0.15 -0.16 -0.12 .15 .05 .03 .10
270 00200 03200 00022 00200 -0.04 -0.15 -0.16 -0.12 .15 .05 .03 .10
280 00200 03200 00022 00200 -0.04 -0.15 -0.16 -0.12 .15 .05 .03 .10
290 00200 03200 00022 00200 -0.04 -0.15 -0.16 -0.12 .15 .05 .03 .10
300 00201 03201 00022 00201 .20 .01 -0.07 .24 .38 .21 .11 .42
310 00201 03201 02022 00201 .14 .08 .07 .24 .30 .18 .14 .36
320 00202 03202 02022 00202 .22 .20 .21 .25 .36 .29 .30 .37
330 00202 03202 02022 00202 .22 .20 .21 .25 .36 .29 .30 .37
340 00202 03202 02022 00202 .22 .20 .21 .25 .36 .29 .30 .37
350 00202 03202 02022 00202 .22 .20 .21 .25 .36 .29 .30 .37
360 00202 03202 02022 00202 .22 .20 .21 .25 .36 .29 .30 .37
370 00202 03202 02022 00202 .22 .20 .21 .25 .36 .29 .30 .37
380 00202 03202 02022 00202 .22 .20 .21 .25 .36 .29 .30 .37
390 00202 03202 02022 00202 .22 .20 .21 .25 .36 .29 .30 .37
400 00202 03202 02022 00202 .22 .20 .21 .25 .36 .29 .30 .37
410 00202 03202 02022 00202 .22 .20 .21 .25 .36 .29 .30 .37
420 00202 03202 02022 00202 .22 .20 .21 .25 .36 .29 .30 .37
430 00202 03202 02022 00202 .22 .20 .21 .25 .36 .29 .30 .37
440 00202 03202 02022 00202 .22 .20 .21 .25 .36 .29 .30 .37
450 00202 03202 02022 00202 .22 .20 .21 .25 .36 .29 .30 .37
460 00202 03202 02022 00202 .22 .20 .21 .25 .36 .29 .30 .37
470 00202 00202 00022 00202 .48 .48 .48 .48 .60 .60 .60 .60
480 00202 00202 00022 00202 .48 .48 .48 .48 .60 .60 .60 .60
490 00202 00202 00022 00202 .48 .48 .48 .48 .60 .60 .60 .60
500 00202 00202 02022 00202 .25 .25 .25 .25 .42 .42 .42 .42
510 00202 00202 02022 00202 .25 .25 .25 .25 .42 .42 .42 .42
520 00202 00202 02022 00202 .25 .25 .25 .25 .42 .42 .42 .42
530 20202 20202 02022 20202 -0.04 -0.04 -0.04 -0.04 .21 .21 .21 .21
540 20202 20202 02022 20202 -0.04 -0.04 -0.04 -0.04 .21 .21 .21 .21
550 20202 20002 02022 20002 1.0 1.0 1.0 1.0 .24 .24 .24 .24
560 20002 20002 02002 20002 .48 .48 .48 .48 .60 .60 .60 .60
570 20002 20002 02002 20002 .48 .48 .48 .48 .60 .60 .60 .60
580 20000 20000 02002 20000 .05 .05 .05 .05 .24 .24 .24 .24
590 20000 20000 02001 20000 .11 .09 .14 .05 .28 .29 .34 .24
600 20020 20030 02001 20020 1.0 .05 .09 -0.03 .19 .29 .31 .21
610 20200 20030 02001 20000 -0.11 -0.28 -0.25 -0.28 .07 -0.04 -0.03 -0.03
620 20020 20030 02001 20020 1.0 .05 .09 -0.03 .19 .29 .31 .21
630 20020 20030 02021 20020 .16 .42 .45 .25 .33 .55 .56 .42
640 20020 20030 02021 20020 .16 .42 .45 .25 .33 .55 .56 .42
650 20020 20030 02021 20020 .16 .42 .45 .25 .33 .55 .56 .42
660 20200 20030 02021 20000 -0.15 -0.13 -0.10 -0.23 .01 -0.01 .01 -0.05
670 20000 20030 02001 20000 .02 -0.11 -0.10 -0.10 .18 .09 .09 .10
680 20000 20000 02001 20000 .11 .09 .14 .05 .28 .29 .34 .24
690 20000 20000 02001 20000 .11 .09 .14 .05 .28 .29 .34 .24
700 20000 20000 02001 20000 .11 .09 .14 .05 .28 .29 .34 .24
710 20000 20000 02002 20000 .05 .05 .05 .05 .24 .24 .24 .24
720 20000 20000 02002 20000 .05 .05 .05 .05 .24 .24 .24 .24
730 20000 20000 02002 20000 .05 .05 .05 .05 .24 .24 .24 .24
740 20000 20000 02002 20000 .05 .05 .05 .05 .24 .24 .24 .24
750 20000 20000 02002 20000 .05 .05 .05 .05 .24 .24 .24 .24
760 20000 20000 02002 20000 .05 .05 .05 .05 .24 .24 .24 .24
770 20000 20000 02002 20000 .05 .05 .05 .05 .24 .24 .24 .24
780 20000 20000 02002 20000 .05 .05 .05 .05 .24 .24 .24 .24
790 20000 20000 02002 20000 .05 .05 .05 .05 .24 .24 .24 .24
800 20000 20000 02002 20000 .05 .05 .05 .05 .24 .24 .24 .24
810 20000 20000 02022 20000 -0.12 -0.12 -0.12 -0.12 .10 .10 .10 .10
820 20000 20000 02022 20000 -0.12 -0.12 -0.12 -0.12 .10 .10 .10 .10
830 20000 20000 02002 20000 .05 .05 .05 .05 .24 .24 .24 .24
840 20020 20000 02002 20000 -0.12 -0.12 -0.12 -0.12 .10 .10 .10 .10
850 20200 20200 02002 20200 -0.04 -0.04 -0.04 -0.04 .21 .21 .21 .21
860 00200 00200 00022 00200 .05 .05 .05 .05 .24 .24 .24 .24
870 00200 00200 00022 00200 .05 .05 .05 .05 .24 .24 .24 .24
880 00200 00200 00022 00200 .05 .05 .05 .05 .24 .24 .24 .24
890 00200 00200 02022 00200 -0.12 -0.12 -0.12 -0.12 .10 .10 .10 .10
900 00200 00200 02022 00200 -0.12 -0.12 -0.12 -0.12 .10 .10 .10 .10
910 00200 00200 02022 00200 -0.12 -0.12 -0.12 -0.12 .10 .10 .10 .10
920 00200 00200 02022 00200 -0.12 -0.12 -0.12 -0.12 .10 .10 .10 .10
930 00200 00200 02022 00200 -0.12 -0.12 -0.12 -0.12 .10 .10 .10 .10
940 00201 00200 02022 00201 -0.07 -0.07 -0.08 -0.04 .18 .16 .14 .20
950 00201 00201 02022 00201 .15 .06 .02 .24 .35 .26 .22 .41
960 00201 00201 02022 00201 .15 .06 .02 .24 .35 .26 .22 .41
970 00201 00201 02022 00201 .15 .06 .02 .24 .35 .26 .22 .41
980 00202 00202 02022 00202 .25 .25 .25 .25 .42 .42 .42 .42
990 00202 00202 02022 00202 .25 .25 .25 .25 .42 .42 .42 .42
1000 00202 00202 02022 00202 .25 .25 .25 .25 .42 .42 .42 .42
1010 00202 00202 02022 00202 .25 .25 .25 .25 .42 .42 .42 .42
1020 00202 00202 02022 00202 .25 .25 .25 .25 .42 .42 .42 .42
1030 00202 00202 00022 00202 .48 .48 .48 .48 .60 .60 .60 .60
1040 00202 00202 00022 00202 .48 .48 .48 .48 .60 .60 .60 .60
1050 00202 00202 00022 00202 .48 .48 .48 .48 .60 .60 .60 .60
1060 00202 00202 00022 00202 .48 .48 .48 .48 .60 .60 .60 .60
1070 00202 00202 00022 00202 .48 .48 .48 .48 .60 .60 .60 .60
1080 00202 00202 00022 00202 .48 .48 .48 .48 .60 .60 .60 .60
1090 00202 00202 00022 00202 .48 .48 .48 .48 .60 .60 .60 .60
1100 00202 00202 00022 00202 .48 .48 .48 .48 .60 .60 .60 .60
1110 00202 00202 00022 00202 .48 .48 .48 .48 .60 .60 .60 .60
1120 00202 00202 00022 00202 .48 .48 .48 .48 .60 .60 .60 .60
1130 00202 00202 00022 00202 .48 .48 .48 .48 .60 .60 .60 .60
1140 00202 00202 00022 00202 .48 .48 .48 .48 .60 .60 .60 .60
1150 00202 00202 00022 00202 .48 .48 .48 .48 .60 .60 .60 .60
1160 00202 00202 02022 00202 .25 .25 .25 .25 .42 .42 .42 .42
1170 20202 20202 02022 20202 -0.04 -0.04 -0.04 -0.04 .21 .21 .21 .21
1180 20022 20202 02022 20022 -0.04 -0.04 -0.04 -0.04 .21 .21 .21 .21
1190 20002 20002 02022 20002 .25 .25 .25 .25 .42 .42 .42 .42
1200 20000 20000 02022 20000 -0.12 -0.12 -0.12 -0.12 .10 .10 .10 .10
1210 20000 20000 02022 20000 -0.12 -0.12 -0.12 -0.12 .10 .10 .10 .10
1220 20000 20000 02022 20000 -0.12 -0.12 -0.12 -0.12 .10 .10 .10 .10
1230 20000 20000 02022 20000 -0.12 -0.12 -0.12 -0.12 .10 .10 .10 .10
1240 20000 20000 02022 20000 -0.12 -0.12 -0.12 -0.12 .10 .10 .10 .10
1250 20000 20000 02022 20000 -0.12 -0.12 -0.12 -0.12 .10 .10 .10 .10
1260 20000 20000 02022 20000 -0.12 -0.12 -0.12 -0.12 .10 .10 .10 .10
1270 20000 20000 02002 20000 .05 .05 .05 .05 .24 .24 .24 .24
1280 20000 20000 02002 20000 .05 .05 .05 .05 .24 .24 .24 .24
1290 20000 20000 02002 20000 .05 .05 .05 .05 .24 .24 .24 .24
1300 20000 20000 02002 20000 .05 .05 .05 .05 .24 .24 .24 .24
1310 20000 20000 02002 20000 .05 .05 .05 .05 .24 .24 .24 .24
1320 20020 20000 02022 20020 -0.04 -0.04 -0.04 -0.04 .21 .21 .21 .21
1330 20020 20000 02022 20020 -0.04 -0.04 -0.04 -0.04 .21 .21 .21 .21
1340 20020 20000 02022 20020 -0.04 -0.04 -0.04 -0.04 .21 .21 .21 .21
1350 20020 20000 02022 20020 -0.04 -0.04 -0.04 -0.04 .21 .21 .21 .21
1360 20200 20000 02022 20000 -0.30 -0.30 -0.30 -0.30 -0.04 -0.04 -0.04 -0.04
1370 20200 20200 02022 20200 -0.25 -0.25 -0.25 -0.25 .04 .04 .04 .04
1380 00200 00200 02022 00200 -0.12 -0.12 -0.12 -0.12 .10 .10 .10 .10
1390 00200 00200 02022 00200 -0.12 -0.12 -0.12 -0.12 .10 .10 .10 .10
1400 00200 00200 00022 00200 .05 .05 .05 .05 .24 .24 .24 .24
1410 00200 00200 00022 00200 .05 .05 .05 .05 .24 .24 .24 .24
1420 00200 00200 00022 00200 .05 .05 .05 .05 .24 .24 .24 .24
1430 00200 00200 00022 00200 .05 .05 .05 .05 .24 .24 .24 .24
1440 00200 00200 00022 00200 .05 .05 .05 .05 .24 .24 .24 .24
1450 00200 00200 00022 00200 .05 .05 .05 .05 .24 .24 .24 .24
1460 00200 00200 00022 00200 .05 .05 .05 .05 .24 .24 .24 .24
1470 00200 00200 00022 00200 .05 .05 .05 .05 .24 .24 .24 .24
1480 00200 00200 00022 00200 .05 .05 .05 .05 .24 .24 .24 .24
1490 00200 00200 00022 00200 .05 .05 .05 .05 .24 .24 .24 .24
1500 00201 00201 00022 00201 .32 .33 .26 .46 .49 .48 .41 .59
1510 00201 00201 00022 00201 .32 .33 .26 .46 .49 .48 .41 .59
1520 00202 03201 00022 00202 .16 .05 .01 .24 .33 .26 .22 .41
1530 00202 03201 00022 00202 .16 .05 .01 .24 .33 .26 .22 .41
1540 00202 03201 00022 00202 .16 .05 .01 .24 .33 .26 .22 .41
1550 00202 03201 00022 00202 .16 .05 .01 .24 .33 .26 .22 .41
1560 00202 03202 00022 00202 .32 .12 .12 .25 .47 .30 .30 .43
1570 00202 03202 00022 00202 .32 .12 .12 .25 .47 .30 .30 .43
1580 00202 03202 00022 00202 .32 .12 .12 .25 .47 .30 .30 .43
1590 00202 03202 00022 00202 .32 .12 .12 .25 .47 .30 .30 .43
1600 00202 03202 00022 00202 .32 .12 .12 .25 .47 .30 .30 .43
1610 00202 03202 00022 00202 .32 .12 .12 .25 .47 .30 .30 .43
1620 00202 03202 00022 00202 .32 .12 .12 .25 .47 .30 .30 .43
1630 00202 03202 00022 00202 .32 .12 .12 .25 .47 .30 .30 .43
1640 00202 00202 00022 00202 .48 .48 .48 .48 .60 .60 .60 .60
1650 00202 00202 00022 00202 .48 .48 .48 .48 .60 .60 .60 .60
1660 00202 00202 00022 00202 .48 .48 .48 .48 .60 .60 .60 .60
1670 00202 00202 02022 00202 .25 .25 .25 .25 .42 .42 .42 .42
1680 00202 00202 02022 00202 .25 .25 .25 .25 .42 .42 .42 .42
1690 02202 00202 02022 02202 .25 .25 .25 .25 .42 .42 .42 .42
1700 02202 00202 02022 02202 .25 .25 .25 .25 .42 .42 .42 .42
1710 20202 00202 02022 00202 1.0 1.0 1.0 1.0 .24 .24 .24 .24
1720 20202 20002 02022 20002 1.0 1.0 1.0 1.0 .24 .24 .24 .24
1730 20002 20002 02022 20002 .25 .25 .25 .25 .42 .42 .42 .42
1740 20002 20002 02022 20002 .25 .25 .25 .25 .42 .42 .42 .42
1750 20002 20002 02022 20002 .25 .25 .25 .25 .42 .42 .42 .42
1760 20000 20000 02022 20000 -0.12 -0.12 -0.12 -0.12 .10 .10 .10 .10
1770 20000 20000 02002 20000 .05 .05 .05 .05 .24 .24 .24 .24
1780 20000 20000 02002 20000 .05 .05 .05 .05 .24 .24 .24 .24
1790 20000 20000 02002 20000 .05 .05 .05 .05 .24 .24 .24 .24
1800 20000 20000 02002 20000 .05 .05 .05 .05 .24 .24 .24 .24
1810 20000 20000 02002 20000 .05 .05 .05 .05 .24 .24 .24 .24
1820 20000 20000 02002 20000 .05 .05 .05 .05 .24 .24 .24 .24
1830 20000 20000 02002 20000 .05 .05 .05 .05 .24 .24 .24 .24
1840 20000 20000 02002 20000 .05 .05 .05 .05 .24 .24 .24 .24
1850 20000 20000 02002 20000 .05 .05 .05 .05 .24 .24 .24 .24
1860 20000 20000 02002 20000 .05 .05 .05 .05 .24 .24 .24 .24
1870 20000 20000 02002 20000 .05 .05 .05 .05 .24 .24 .24 .24
1880 20000 20000 02002 20000 .05 .05 .05 .05 .24 .24 .24 .24
1890 20000 20000 02022 20000 -0.12 -0.12 -0.12 -0.12 .10 .10 .10 .10
1900 20000 20000 02022 20000 -0.12 -0.12 -0.12 -0.12 .10 .10 .10 .10
1910 20000 20000 02022 20000 -0.12 -0.12 -0.12 -0.12 .10 .10 .10 .10
1920 20000 20000 02022 20000 -0.12 -0.12 -0.12 -0.12 .10 .10 .10 .10
1930 20000 20000 02022 20000 -0.12 -0.12 -0.12 -0.12 .10 .10 .10 .10
1940 20000 20000 02022 20000 -0.12 -0.12 -0.12 -0.12 .10 .10 .10 .10
1950 20000 20000 02022 20000 -0.12 -0.12 -0.12 -0.12 .10 .10 .10 .10
1960 20000 20000 02022 20000 -0.12 -0.12 -0.12 -0.12 .10 .10 .10 .10
1970 20000 20000 02022 20000 -0.12 -0.12 -0.12 -0.12 .10 .10 .10 .10
1980 20020 20000 02022 20020 -0.04 -0.04 -0.04 -0.04 .21 .21 .21 .21
1990 20200 20200 02022 20200 -0.25 -0.25 -0.25 -0.25 .04 .04 .04 .04
2000 20200 00200 02022 00200 -0.30 -0.30 -0.30 -0.30 -0.04 -0.04 -0.04 -0.04
2010 00200 00200 00022 00200 .05 .05 .05 .05 .24 .24 .24 .24
2020 00200 00200 00022 00200 .05 .05 .05 .05 .24 .24 .24 .24
2030 03200 03200 00022 03200 .10 .06 .06 -0.03 .32 .31 .31 .21
2040 03200 03200 00022 03200 .10 .06 .06 -0.03 .32 .31 .31 .21
2050 03200 03200 00022 03200 .10 .06 .06 -0.03 .32 .31 .31 .21
2060 03200 03200 00022 03200 .10 .06 .06 -0.03 .32 .31 .31 .21
2070 03200 03200 00022 03200 .10 .06 .06 -0.03 .32 .31 .31 .21
2080 03200 03200 00022 03200 .10 .06 .06 -0.03 .32 .31 .31 .21
2090 03200 03200 00022 03200 .10 .06 .06 -0.03 .32 .31 .31 .21
2100 03200 03200 00022 03200 .10 .06 .06 -0.03 .32 .31 .31 .21
2110 03200 03200 00022 03200 .10 .06 .06 -0.03 .32 .31 .31 .21
2120 03200 03200 00022 03200 .10 .06 .06 -0.03 .32 .31 .31 .21
2130 03200 03200 00022 03200 .10 .06 .06 -0.03 .32 .31 .31 .21
2140 03200 03200 00022 03200 .10 .06 .06 -0.03 .32 .31 .31 .21
2150 03200 03200 00022 03200 .10 .06 .06 -0.03 .32 .31 .31 .21
2160 03200 03200 00022 03200 .10 .06 .06 -0.03 .32 .31 .31 .21
2170 03200 03200 00022 03200 .10 .06 .06 -0.03 .32 .31 .31 .21
2180 03200 03200 00022 03200 .10 .06 .06 -0.03 .32 .31 .31 .21
2190 03200 03200 00022 03200 .10 .06 .06 -0.03 .32 .31 .31 .21
2200 03200 03200 00022 03200 .10 .06 .06 -0.03 .32 .31 .31 .21
2210 03201 03201 00022 03201 .26 .12 .11 .25 .45 .34 .34 .43
2220 03201 03201 00022 03201 .26 .12 .11 .25 .45 .34 .34 .43
2230 03201 03201 02022 03201 .28 .49 .49 .47 .46 .62 .62 .60
2240 03202 03201 02022 03202 .24 .52 .51 .46 .42 .65 .64 .59
2250 00202 00202 02022 00202 .25 .25 .25 .25 .42 .42 .42 .42
2260 00202 00202 02022 00202 .25 .25 .25 .25 .42 .42 .42 .42
2270 00202 00202 02022 00202 .25 .25 .25 .25 .42 .42 .42 .42
2280 00202 00202 02022 00202 .25 .25 .25 .25 .42 .42 .42 .42
2290 00202 00202 02022 00202 .25 .25 .25 .25 .42 .42 .42 .42
2300 00202 00202 02022 00202 .25 .25 .25 .25 .42 .42 .42 .42
2310 00202 00202 02022 00202 .25 .25 .25 .25 .42 .42 .42 .42
2320 00202 00202 02022 00202 .25 .25 .25 .25 .42 .42 .42 .42
2330 00202 00202 02022 00202 .25 .25 .25 .25 .42 .42 .42 .42
2340 00202 00202 00022 00202 .48 .48 .48 .48 .60 .60 .60 .60
2350 00202 00202 00022 00202 .48 .48 .48 .48 .60 .60 .60 .60
2360 00202 00202 00022 00202 .48 .48 .48 .48 .60 .60 .60 .60
2370 00202 00202 00022 00202 .48 .48 .48 .48 .60 .60 .60 .60
2380 00202 00202 02022 00202 .25 .25 .25 .25 .42 .42 .42 .42
2390 02202 00202 02022 02202 .25 .25 .25 .25 .42 .42 .42 .42
2400 20202 00202 02022 00202 1.0 1.0 1.0 1.0 .24 .24 .24 .24
2410 20022 20202 02022 20022 -0.04 -0.04 -0.04 -0.04 .21 .21 .21 .21
2420 20002 20002 02022 20002 .25 .25 .25 .25 .42 .42 .42 .42
2430 20002 20002 02022 20002 .25 .25 .25 .25 .42 .42 .42 .42
2440 20002 20002 02022 20002 .25 .25 .25 .25 .42 .42 .42 .42
2450 20000 20000 02022 20000 -0.12 -0.12 -0.12 -0.12 .10 .10 .10 .10
2460 20000 20000 02022 20000 -0.12 -0.12 -0.12 -0.12 .10 .10 .10 .10
2470 20000 20000 02002 20000 .05 .05 .05 .05 .24 .24 .24 .24
2480 20000 20000 02002 20000 .05 .05 .05 .05 .24 .24 .24 .24
2490 20000 20000 02002 20000 .05 .05 .05 .05 .24 .24 .24 .24
2500 20000 20000 02002 20000 .05 .05 .05 .05 .24 .24 .24 .24
2510 20000 20000 02002 20000 .05 .05 .05 .05 .24 .24 .24 .24
2520 20000 20000 02002 20000 .05 .05 .05 .05 .24 .24 .24 .24
2530 20000 20000 02002 20000 .05 .05 .05 .05 .24 .24 .24 .24
2540 20020 20000 02002 20000 -0.12 -0.12 -0.12 -0.12 .10 .10 .10 .10
2550 20020 20000 02002 20000 -0.12 -0.12 -0.12 -0.12 .10 .10 .10 .10
2560 20020 20000 02002 20000 -0.12 -0.12 -0.12 -0.12 .10 .10 .10 .10
2570 20200 20200 02002 20200 -0.04 -0.04 -0.04 -0.04 .21 .21 .21 .21
2580 02200 00200 02002 02200 .16 .16 .16 .16 .37 .37 .37 .37
2590 00200 00200 02002 00200 .05 .05 .05 .05 .24 .24 .24 .24
2600 00200 00200 02002 00200 .05 .05 .05 .05 .24 .24 .24 .24
2610 00200 00200 02002 00200 .05 .05 .05 .05 .24 .24 .24 .24
2620 00200 00200 02002 00200 .05 .05 .05 .05 .24 .24 .24 .24
2630 00200 00200 00002 00200 .22 .22 .22 .22 .41 .41 .41 .41
2640 00200 00200 00002 00200 .22 .22 .22 .22 .41 .41 .41 .41
2650 00200 00200 00002 00200 .22 .22 .22 .22 .41 .41 .41 .41
2660 00201 00200 00002 00201 .26 .36 .33 .35 .45 .54 .51 .54
2670 00201 00201 00002 00201 .50 .62 .52 .69 .63 .71 .63 .77
2680 00201 00201 00002 00201 .50 .62 .52 .69 .63 .71 .63 .77
2690 00202 00202 00002 00202 .72 .72 .72 .72 .79 .79 .79 .79
2700 00202 00202 00002 00202 .72 .72 .72 .72 .79 .79 .79 .79
2710 00002 00002 00002 00002 1.00 1.00 1.00 1.00 1.00 1.00 1.00 1.00
2720 00002 00002 00002 00002 1.00 1.00 1.00 1.00 1.00 1.00 1.00 1.00
2730 00002 00002 00002 00002 1.00 1.00 1.00 1.00 1.00 1.00 1.00 1.00
2740 00002 00002 00002 00002 1.00 1.00 1.00 1.00 1.00 1.00 1.00 1.00
2750 00002 00002 00002 00002 1.00 1.00 1.00 1.00 1.00 1.00 1.00 1.00
2760 00002 00002 00002 00002 1.00 1.00 1.00 1.00 1.00 1.00 1.00 1.00
2770 00002 00002 00002 00002 1.00 1.00 1.00 1.00 1.00 1.00 1.00 1.00
2780 00002 00002 00002 00002 1.00 1.00 1.00 1.00 1.00 1.00 1.00 1.00
2790 00002 00002 00002 00002 1.00 1.00 1.00 1.00 1.00 1.00 1.00 1.00
2800 00002 00002 00002 00002 1.00 1.00 1.00 1.00 1.00 1.00 1.00 1.00
2810 04042 00042 00002 00042 .56 .30 .22 .49 .66 .47 .41 .61
2820 04042 00042 00002 00042 .56 .30 .22 .49 .66 .47 .41 .61
2830 04042 00042 00022 00042 .59 .59 .50 .73 .68 .69 .62 .79
2840 04042 00042 00022 00042 .59 .59 .50 .73 .68 .69 .62 .79
