0 04022 04042 40241 04042 .11 .06 .07 .17 .31 .31 .32 .38
10 04022 04042 40241 04042 .11 .06 .07 .17 .31 .31 .32 .38
20 04022 04042 40241 04042 .11 .06 .07 .17 .31 .31 .32 .38
30 04022 04042 40241 04042 .11 .06 .07 .17 .31 .31 .32 .38
40 04022 04042 40241 04042 .11 .06 .07 .17 .31 .31 .32 .38
50 04022 04042 40241 04042 .11 .06 .07 .17 .31 .31 .32 .38
60 04022 04042 40241 04042 .11 .06 .07 .17 .31 .31 .32 .38
70 04022 04042 00241 04042 .28 .42 .41 .46 .45 .58 .57 .59
80 04022 04042 40241 04042 .11 .06 .07 .17 .31 .31 .32 .38
90 00002 04002 00001 00002 .43 .54 .19 .65 .54 .63 .30 .72
100 00002 00002 00001 00002 .63 .98 .87 .96 .72 .99 .91 .97
110 00002 00002 00001 00002 .63 .98 .87 .96 .72 .99 .91 .97
120 00002 00002 00001 00002 .63 .98 .87 .96 .72 .99 .91 .97
130 00002 00002 00001 00002 .63 .98 .87 .96 .72 .99 .91 .97
140 00002 00002 00001 00002 .63 .98 .87 .96 .72 .99 .91 .97
150 00002 00002 00001 00002 .63 .98 .87 .96 .72 .99 .91 .97
160 00022 00002 00001 00002 .40 .62 .52 .65 .52 .71 .63 .72
170 00202 00202 00201 00202 .76 .96 .93 .97 .82 .97 .95 .98
180 00202 00202 00201 00202 .76 .96 .93 .97 .82 .97 .95 .98
190 00200 00200 00200 00200 1.00 1.00 1.00 1.00 1.00 1.00 1.00 1.00
200 00200 00200 00200 00200 1.00 1.00 1.00 1.00 1.00 1.00 1.00 1.00
210 00200 00200 00200 00200 1.00 1.00 1.00 1.00 1.00 1.00 1.00 1.00
220 00200 00200 00200 00200 1.00 1.00 1.00 1.00 1.00 1.00 1.00 1.00
230 00200 00200 00200 00200 1.00 1.00 1.00 1.00 1.00 1.00 1.00 1.00
240 00200 00200 00200 00200 1.00 1.00 1.00 1.00 1.00 1.00 1.00 1.00
250 00200 00200 00200 00200 1.00 1.00 1.00 1.00 1.00 1.00 1.00 1.00
260 00200 00200 00200 00200 1.00 1.00 1.00 1.00 1.00 1.00 1.00 1.00
270 00200 00200 00200 00200 1.00 1.00 1.00 1.00 1.00 1.00 1.00 1.00
280 00200 00200 00200 00200 1.00 1.00 1.00 1.00 1.00 1.00 1.00 1.00
290 00200 00200 00200 00200 1.00 1.00 1.00 1.00 1.00 1.00 1.00 1.00
300 00200 00200 00200 00200 1.00 1.00 1.00 1.00 1.00 1.00 1.00 1.00
310 00200 00200 00200 00200 1.00 1.00 1.00 1.00 1.00 1.00 1.00 1.00
320 02200 00200 00200 00200 .68 .68 .68 .68 .75 .75 .75 .75
330 02200 20200 20200 20200 .48 .48 .48 .48 .60 .60 .60 .60
340 20020 20020 20000 20020 .72 .72 .72 .72 .79 .79 .79 .79
350 20000 20000 20000 20000 1.00 1.00 1.00 1.00 1.00 1.00 1.00 1.00
360 20000 20000 20000 20000 1.00 1.00 1.00 1.00 1.00 1.00 1.00 1.00
370 20000 20000 20000 20000 1.00 1.00 1.00 1.00 1.00 1.00 1.00 1.00
380 20000 20000 20000 20000 1.00 1.00 1.00 1.00 1.00 1.00 1.00 1.00
390 20000 20000 20000 20000 1.00 1.00 1.00 1.00 1.00 1.00 1.00 1.00
400 20000 20000 20000 20000 1.00 1.00 1.00 1.00 1.00 1.00 1.00 1.00
410 20000 20000 20000 20000 1.00 1.00 1.00 1.00 1.00 1.00 1.00 1.00
420 20000 20000 20000 20000 1.00 1.00 1.00 1.00 1.00 1.00 1.00 1.00
430 20000 20000 20000 20000 1.00 1.00 1.00 1.00 1.00 1.00 1.00 1.00
440 20000 20000 20000 20000 1.00 1.00 1.00 1.00 1.00 1.00 1.00 1.00
450 20000 20000 20000 20000 1.00 1.00 1.00 1.00 1.00 1.00 1.00 1.00
460 20000 20000 20000 20000 1.00 1.00 1.00 1.00 1.00 1.00 1.00 1.00
470 20000 20000 20000 20000 1.00 1.00 1.00 1.00 1.00 1.00 1.00 1.00
480 20000 20000 20000 20000 1.00 1.00 1.00 1.00 1.00 1.00 1.00 1.00
490 20000 20000 20000 20000 1.00 1.00 1.00 1.00 1.00 1.00 1.00 1.00
500 20000 20000 20000 20000 1.00 1.00 1.00 1.00 1.00 1.00 1.00 1.00
510 20000 20000 20000 20000 1.00 1.00 1.00 1.00 1.00 1.00 1.00 1.00
520 20000 20000 20000 20000 1.00 1.00 1.00 1.00 1.00 1.00 1.00 1.00
530 20000 20000 20000 20000 1.00 1.00 1.00 1.00 1.00 1.00 1.00 1.00
540 20200 20200 20200 20200 1.00 1.00 1.00 1.00 1.00 1.00 1.00 1.00
550 20200 20200 20200 20200 1.00 1.00 1.00 1.00 1.00 1.00 1.00 1.00
560 00200 00200 00200 00200 1.00 1.00 1.00 1.00 1.00 1.00 1.00 1.00
570 00200 00200 00200 00200 1.00 1.00 1.00 1.00 1.00 1.00 1.00 1.00
580 00200 00200 00200 00200 1.00 1.00 1.00 1.00 1.00 1.00 1.00 1.00
590 00200 00200 00200 00200 1.00 1.00 1.00 1.00 1.00 1.00 1.00 1.00
600 00200 00200 00200 00200 1.00 1.00 1.00 1.00 1.00 1.00 1.00 1.00
610 00200 00200 00200 00200 1.00 1.00 1.00 1.00 1.00 1.00 1.00 1.00
620 00200 00200 00200 00200 1.00 1.00 1.00 1.00 1.00 1.00 1.00 1.00
630 00200 00200 00200 00200 1.00 1.00 1.00 1.00 1.00 1.00 1.00 1.00
640 00200 00200 00200 00200 1.00 1.00 1.00 1.00 1.00 1.00 1.00 1.00
650 00200 00200 00200 00200 1.00 1.00 1.00 1.00 1.00 1.00 1.00 1.00
660 00200 00200 00201 00200 .70 .80 .90 .68 .76 .84 .93 .75
670 00200 00200 00201 00200 .70 .80 .90 .68 .76 .84 .93 .75
680 00200 00200 00200 00200 1.00 1.00 1.00 1.00 1.00 1.00 1.00 1.00
690 00200 00200 00201 00200 .70 .80 .90 .68 .76 .84 .93 .75
700 00200 00200 00201 00200 .70 .80 .90 .68 .76 .84 .93 .75
710 00201 00200 00201 00201 .75 .83 .90 .72 .82 .87 .93 .79
720 00201 00200 00201 00201 .75 .83 .90 .72 .82 .87 .93 .79
730 00202 00202 00202 00202 1.00 1.00 1.00 1.00 1.00 1.00 1.00 1.00
740 00202 00202 00202 00202 1.00 1.00 1.00 1.00 1.00 1.00 1.00 1.00
750 00202 00242 00202 00202 .77 .53 .35 .75 .82 .64 .46 .81
760 00202 00242 00202 00202 .77 .53 .35 .75 .82 .64 .46 .81
770 00202 00242 00202 00202 .77 .53 .35 .75 .82 .64 .46 .81
780 00202 00242 00202 00202 .77 .53 .35 .75 .82 .64 .46 .81
790 00202 00242 00202 00202 .77 .53 .35 .75 .82 .64 .46 .81
800 00002 00002 00002 00002 1.00 1.00 1.00 1.00 1.00 1.00 1.00 1.00
810 00002 00002 00002 00002 1.00 1.00 1.00 1.00 1.00 1.00 1.00 1.00
820 00002 00002 00002 00002 1.00 1.00 1.00 1.00 1.00 1.00 1.00 1.00
830 00002 00002 00002 00002 1.00 1.00 1.00 1.00 1.00 1.00 1.00 1.00
840 00002 00002 00002 00002 1.00 1.00 1.00 1.00 1.00 1.00 1.00 1.00
850 00002 00002 00002 00002 1.00 1.00 1.00 1.00 1.00 1.00 1.00 1.00
860 00002 00002 00002 00002 1.00 1.00 1.00 1.00 1.00 1.00 1.00 1.00
870 00002 00002 00002 00002 1.00 1.00 1.00 1.00 1.00 1.00 1.00 1.00
880 00022 00002 00002 00002 .68 .68 .68 .68 .75 .75 .75 .75
890 00022 00002 00002 00002 .68 .68 .68 .68 .75 .75 .75 .75
900 00022 00022 00002 00022 .72 .72 .72 .72 .79 .79 .79 .79
910 00022 00022 00002 00022 .72 .72 .72 .72 .79 .79 .79 .79
920 00202 00202 00202 00202 1.00 1.00 1.00 1.00 1.00 1.00 1.00 1.00
930 00202 00202 00202 00202 1.00 1.00 1.00 1.00 1.00 1.00 1.00 1.00
940 00202 00202 00202 00202 1.00 1.00 1.00 1.00 1.00 1.00 1.00 1.00
950 00202 00202 00202 00202 1.00 1.00 1.00 1.00 1.00 1.00 1.00 1.00
960 00202 00202 00202 00202 1.00 1.00 1.00 1.00 1.00 1.00 1.00 1.00
970 00202 00202 00202 00202 1.00 1.00 1.00 1.00 1.00 1.00 1.00 1.00
980 00202 00202 00202 00202 1.00 1.00 1.00 1.00 1.00 1.00 1.00 1.00
990 00202 00202 00202 00202 1.00 1.00 1.00 1.00 1.00 1.00 1.00 1.00
1000 00202 00202 00202 00202 1.00 1.00 1.00 1.00 1.00 1.00 1.00 1.00
1010 00202 00202 00202 00202 1.00 1.00 1.00 1.00 1.00 1.00 1.00 1.00
1020 00202 00202 00202 00202 1.00 1.00 1.00 1.00 1.00 1.00 1.00 1.00
1030 00202 00202 00202 00202 1.00 1.00 1.00 1.00 1.00 1.00 1.00 1.00
1040 00202 00202 00202 00202 1.00 1.00 1.00 1.00 1.00 1.00 1.00 1.00
1050 00202 00202 00202 00202 1.00 1.00 1.00 1.00 1.00 1.00 1.00 1.00
1060 00202 00202 00202 00202 1.00 1.00 1.00 1.00 1.00 1.00 1.00 1.00
1070 00202 00202 00202 00202 1.00 1.00 1.00 1.00 1.00 1.00 1.00 1.00
1080 00202 00202 00202 00202 1.00 1.00 1.00 1.00 1.00 1.00 1.00 1.00
1090 02202 20202 20202 20202 .48 .48 .48 .48 .60 .60 .60 .60
1100 02202 20202 20202 20202 .48 .48 .48 .48 .60 .60 .60 .60
1110 20202 20202 20202 20202 1.00 1.00 1.00 1.00 1.00 1.00 1.00 1.00
1120 20202 20202 20202 20202 1.00 1.00 1.00 1.00 1.00 1.00 1.00 1.00
1130 20002 20002 20002 20002 1.00 1.00 1.00 1.00 1.00 1.00 1.00 1.00
1140 20002 20002 20002 20002 1.00 1.00 1.00 1.00 1.00 1.00 1.00 1.00
1150 20002 20002 20002 20002 1.00 1.00 1.00 1.00 1.00 1.00 1.00 1.00
1160 20002 20002 20002 20002 1.00 1.00 1.00 1.00 1.00 1.00 1.00 1.00
1170 20002 20002 20002 20002 1.00 1.00 1.00 1.00 1.00 1.00 1.00 1.00
1180 20002 20002 20002 20002 1.00 1.00 1.00 1.00 1.00 1.00 1.00 1.00
1190 20202 20002 20002 20002 .75 .75 .75 .75 .81 .81 .81 .81
1200 20202 20202 20202 20202 1.00 1.00 1.00 1.00 1.00 1.00 1.00 1.00
1210 20202 20202 00202 20202 .75 .75 .75 .75 .81 .81 .81 .81
1220 02202 00202 00202 00202 .75 .75 .75 .75 .81 .81 .81 .81
1230 00202 00202 00202 00202 1.00 1.00 1.00 1.00 1.00 1.00 1.00 1.00
1240 00202 00202 00202 00202 1.00 1.00 1.00 1.00 1.00 1.00 1.00 1.00
1250 00202 00202 00202 00202 1.00 1.00 1.00 1.00 1.00 1.00 1.00 1.00
1260 00202 00202 00202 00202 1.00 1.00 1.00 1.00 1.00 1.00 1.00 1.00
1270 00202 00202 00202 00202 1.00 1.00 1.00 1.00 1.00 1.00 1.00 1.00
1280 00202 00202 00202 00202 1.00 1.00 1.00 1.00 1.00 1.00 1.00 1.00
1290 00202 00202 00202 00202 1.00 1.00 1.00 1.00 1.00 1.00 1.00 1.00
1300 00202 00202 00202 00202 1.00 1.00 1.00 1.00 1.00 1.00 1.00 1.00
1310 00202 00202 00202 00202 1.00 1.00 1.00 1.00 1.00 1.00 1.00 1.00
1320 00202 00202 00202 00202 1.00 1.00 1.00 1.00 1.00 1.00 1.00 1.00
1330 00202 00202 00202 00202 1.00 1.00 1.00 1.00 1.00 1.00 1.00 1.00
1340 00202 00202 00202 00202 1.00 1.00 1.00 1.00 1.00 1.00 1.00 1.00
1350 00202 00202 00202 00202 1.00 1.00 1.00 1.00 1.00 1.00 1.00 1.00
1360 00202 00202 00202 00202 1.00 1.00 1.00 1.00 1.00 1.00 1.00 1.00
1370 00202 00202 00202 00202 1.00 1.00 1.00 1.00 1.00 1.00 1.00 1.00
1380 00202 00202 00202 00202 1.00 1.00 1.00 1.00 1.00 1.00 1.00 1.00
1390 00202 00202 00202 00202 1.00 1.00 1.00 1.00 1.00 1.00 1.00 1.00
1400 00202 00202 00202 00202 1.00 1.00 1.00 1.00 1.00 1.00 1.00 1.00
1410 00202 00242 00202 00202 .77 .53 .35 .75 .82 .64 .46 .81
1420 00202 00242 00202 00202 .77 .53 .35 .75 .82 .64 .46 .81
1430 00202 00242 00202 00202 .77 .53 .35 .75 .82 .64 .46 .81
1440 00202 00242 00202 00202 .77 .53 .35 .75 .82 .64 .46 .81
1450 00202 00242 00202 00202 .77 .53 .35 .75 .82 .64 .46 .81
1460 00202 00242 00202 00202 .77 .53 .35 .75 .82 .64 .46 .81
1470 20202 20242 20202 20202 .76 .36 .24 .73 .82 .51 .39 .79
1480 20202 20242 20202 20202 .76 .36 .24 .73 .82 .51 .39 .79
1490 20002 20002 20002 20002 1.00 1.00 1.00 1.00 1.00 1.00 1.00 1.00
1500 20002 20002 20002 20002 1.00 1.00 1.00 1.00 1.00 1.00 1.00 1.00
1510 20002 20002 20002 20002 1.00 1.00 1.00 1.00 1.00 1.00 1.00 1.00
1520 20002 20002 20002 20002 1.00 1.00 1.00 1.00 1.00 1.00 1.00 1.00
1530 20000 20000 20000 20000 1.00 1.00 1.00 1.00 1.00 1.00 1.00 1.00
1540 20000 20000 20000 20000 1.00 1.00 1.00 1.00 1.00 1.00 1.00 1.00
1550 20000 20000 20000 20000 1.00 1.00 1.00 1.00 1.00 1.00 1.00 1.00
1560 20000 20000 20000 20000 1.00 1.00 1.00 1.00 1.00 1.00 1.00 1.00
1570 20000 20000 20000 20000 1.00 1.00 1.00 1.00 1.00 1.00 1.00 1.00
1580 20000 20000 20000 20000 1.00 1.00 1.00 1.00 1.00 1.00 1.00 1.00
1590 20000 20000 20000 20000 1.00 1.00 1.00 1.00 1.00 1.00 1.00 1.00
1600 20000 20000 20000 20000 1.00 1.00 1.00 1.00 1.00 1.00 1.00 1.00
1610 20000 20000 20000 20000 1.00 1.00 1.00 1.00 1.00 1.00 1.00 1.00
1620 20000 20000 20000 20000 1.00 1.00 1.00 1.00 1.00 1.00 1.00 1.00
1630 20000 20000 20000 20000 1.00 1.00 1.00 1.00 1.00 1.00 1.00 1.00
1640 20000 20000 20000 20000 1.00 1.00 1.00 1.00 1.00 1.00 1.00 1.00
1650 20000 20000 20000 20000 1.00 1.00 1.00 1.00 1.00 1.00 1.00 1.00
1660 20000 20000 20000 20000 1.00 1.00 1.00 1.00 1.00 1.00 1.00 1.00
1670 20000 20000 20000 20000 1.00 1.00 1.00 1.00 1.00 1.00 1.00 1.00
1680 20000 20000 20000 20000 1.00 1.00 1.00 1.00 1.00 1.00 1.00 1.00
1690 20000 20000 20000 20000 1.00 1.00 1.00 1.00 1.00 1.00 1.00 1.00
1700 20000 20000 20000 20000 1.00 1.00 1.00 1.00 1.00 1.00 1.00 1.00
1710 20000 20000 20000 20000 1.00 1.00 1.00 1.00 1.00 1.00 1.00 1.00
1720 20000 20000 20000 20000 1.00 1.00 1.00 1.00 1.00 1.00 1.00 1.00
1730 20000 20000 20000 20000 1.00 1.00 1.00 1.00 1.00 1.00 1.00 1.00
1740 20000 20000 20000 20000 1.00 1.00 1.00 1.00 1.00 1.00 1.00 1.00
1750 20000 20000 20000 20000 1.00 1.00 1.00 1.00 1.00 1.00 1.00 1.00
1760 20000 20000 20000 20000 1.00 1.00 1.00 1.00 1.00 1.00 1.00 1.00
1770 20000 20000 20000 20000 1.00 1.00 1.00 1.00 1.00 1.00 1.00 1.00
1780 20000 20000 20000 20000 1.00 1.00 1.00 1.00 1.00 1.00 1.00 1.00
1790 20000 20020 20000 20000 .68 .68 .68 .68 .75 .75 .75 .75
1800 20000 20020 20000 20000 .68 .68 .68 .68 .75 .75 .75 .75
1810 20200 20200 20200 20200 1.00 1.00 1.00 1.00 1.00 1.00 1.00 1.00
1820 00200 00200 00200 00200 1.00 1.00 1.00 1.00 1.00 1.00 1.00 1.00
1830 00200 00200 00200 00200 1.00 1.00 1.00 1.00 1.00 1.00 1.00 1.00
1840 00200 00200 00200 00200 1.00 1.00 1.00 1.00 1.00 1.00 1.00 1.00
1850 00200 00200 00200 00200 1.00 1.00 1.00 1.00 1.00 1.00 1.00 1.00
1860 00200 00200 00200 00200 1.00 1.00 1.00 1.00 1.00 1.00 1.00 1.00
1870 00200 00200 00200 00200 1.00 1.00 1.00 1.00 1.00 1.00 1.00 1.00
1880 00200 00200 00200 00200 1.00 1.00 1.00 1.00 1.00 1.00 1.00 1.00
1890 00200 00200 00200 00200 1.00 1.00 1.00 1.00 1.00 1.00 1.00 1.00
1900 00200 00200 00200 00200 1.00 1.00 1.00 1.00 1.00 1.00 1.00 1.00
1910 00200 00200 00200 00200 1.00 1.00 1.00 1.00 1.00 1.00 1.00 1.00
1920 00200 00230 00200 00200 .70 .55 .46 .68 .76 .64 .55 .75
1930 00200 00230 00200 00200 .70 .55 .46 .68 .76 .64 .55 .75
1940 00200 00230 00200 00200 .70 .55 .46 .68 .76 .64 .55 .75
1950 00201 00231 00200 00201 .57 .44 .38 .49 .67 .56 .48 .61
1960 00201 00231 00200 00201 .57 .44 .38 .49 .67 .56 .48 .61
1970 00201 00231 00200 00201 .57 .44 .38 .49 .67 .56 .48 .61
1980 00201 00231 00201 00201 .80 .56 .42 .76 .85 .66 .52 .81
1990 00200 00230 00200 00200 .70 .55 .46 .68 .76 .64 .55 .75
2000 00200 00230 00200 00200 .70 .55 .46 .68 .76 .64 .55 .75
2010 00200 00230 00200 00200 .70 .55 .46 .68 .76 .64 .55 .75
2020 00201 00230 00201 00201 .57 .44 .38 .49 .67 .56 .48 .61
2030 00201 00231 00201 00201 .80 .56 .42 .76 .85 .66 .52 .81
2040 00202 00231 00201 00201 .60 .52 .41 .73 .69 .63 .51 .79
2050 00202 00231 00202 00202 .58 .51 .45 .73 .67 .62 .56 .79
2060 00202 00232 00202 00202 .77 .53 .53 .75 .82 .64 .63 .81
2070 00202 00232 00202 00202 .77 .53 .53 .75 .82 .64 .63 .81
2080 00202 00232 00202 00202 .77 .53 .53 .75 .82 .64 .63 .81
2090 00202 00232 00202 00202 .77 .53 .53 .75 .82 .64 .63 .81
2100 00202 00232 00202 00202 .77 .53 .53 .75 .82 .64 .63 .81
2110 00202 00232 00202 00202 .77 .53 .53 .75 .82 .64 .63 .81
2120 00202 00242 00202 00202 .77 .53 .35 .75 .82 .64 .46 .81
2130 00202 00242 00202 00202 .77 .53 .35 .75 .82 .64 .46 .81
2140 00202 00242 00202 00202 .77 .53 .35 .75 .82 .64 .46 .81
2150 00202 00242 00202 00202 .77 .53 .35 .75 .82 .64 .46 .81
2160 00202 00242 00202 00202 .77 .53 .35 .75 .82 .64 .46 .81
2170 00202 00242 00202 00202 .77 .53 .35 .75 .82 .64 .46 .81
2180 00202 00242 00202 00202 .77 .53 .35 .75 .82 .64 .46 .81
2190 00202 00242 00202 00202 .77 .53 .35 .75 .82 .64 .46 .81
2200 00202 00242 00202 00202 .77 .53 .35 .75 .82 .64 .46 .81
2210 00202 00242 00202 00202 .77 .53 .35 .75 .82 .64 .46 .81
2220 00202 00242 00202 00202 .77 .53 .35 .75 .82 .64 .46 .81
2230 02202 00242 00202 00202 .56 .29 .17 .51 .65 .45 .32 .62
2240 02202 00242 00202 00202 .56 .29 .17 .51 .65 .45 .32 .62
2250 02202 00242 00202 00202 .56 .29 .17 .51 .65 .45 .32 .62
2260 20202 20242 20002 20202 .55 .23 .12 .49 .64 .39 .27 .61
2270 20202 20242 20002 20202 .55 .23 .12 .49 .64 .39 .27 .61
2280 20202 20242 20002 20202 .55 .23 .12 .49 .64 .39 .27 .61
2290 20022 20042 20002 20022 .67 .61 .50 .74 .71 .72 .63 .80
2300 20002 20002 20002 20002 1.00 1.00 1.00 1.00 1.00 1.00 1.00 1.00
2310 20002 20002 20002 20002 1.00 1.00 1.00 1.00 1.00 1.00 1.00 1.00
2320 20002 20002 20002 20002 1.00 1.00 1.00 1.00 1.00 1.00 1.00 1.00
2330 20002 20002 20002 20002 1.00 1.00 1.00 1.00 1.00 1.00 1.00 1.00
2340 20002 20002 20002 20002 1.00 1.00 1.00 1.00 1.00 1.00 1.00 1.00
2350 20002 20002 20002 20002 1.00 1.00 1.00 1.00 1.00 1.00 1.00 1.00
2360 20002 20002 20002 20002 1.00 1.00 1.00 1.00 1.00 1.00 1.00 1.00
2370 20002 20002 20002 20002 1.00 1.00 1.00 1.00 1.00 1.00 1.00 1.00
2380 20002 20002 20002 20002 1.00 1.00 1.00 1.00 1.00 1.00 1.00 1.00
2390 20002 20002 20002 20002 1.00 1.00 1.00 1.00 1.00 1.00 1.00 1.00
2400 20002 20002 20002 20002 1.00 1.00 1.00 1.00 1.00 1.00 1.00 1.00
2410 20002 20002 20002 20002 1.00 1.00 1.00 1.00 1.00 1.00 1.00 1.00
2420 20002 20002 20002 20002 1.00 1.00 1.00 1.00 1.00 1.00 1.00 1.00
2430 20002 20002 20002 20002 1.00 1.00 1.00 1.00 1.00 1.00 1.00 1.00
2440 20002 20002 20002 20002 1.00 1.00 1.00 1.00 1.00 1.00 1.00 1.00
2450 20000 20000 20000 20000 1.00 1.00 1.00 1.00 1.00 1.00 1.00 1.00
2460 20000 20000 20000 20000 1.00 1.00 1.00 1.00 1.00 1.00 1.00 1.00
2470 20000 20000 20000 20000 1.00 1.00 1.00 1.00 1.00 1.00 1.00 1.00
2480 20000 20000 20000 20000 1.00 1.00 1.00 1.00 1.00 1.00 1.00 1.00
2490 20000 20000 20000 20000 1.00 1.00 1.00 1.00 1.00 1.00 1.00 1.00
2500 20000 20000 20000 20000 1.00 1.00 1.00 1.00 1.00 1.00 1.00 1.00
2510 20000 20000 20000 20000 1.00 1.00 1.00 1.00 1.00 1.00 1.00 1.00
2520 20000 20000 20000 20000 1.00 1.00 1.00 1.00 1.00 1.00 1.00 1.00
2530 20000 20000 20000 20000 1.00 1.00 1.00 1.00 1.00 1.00 1.00 1.00
2540 20000 20000 20000 20000 1.00 1.00 1.00 1.00 1.00 1.00 1.00 1.00
2550 20000 20000 20000 20000 1.00 1.00 1.00 1.00 1.00 1.00 1.00 1.00
2560 20000 20000 20000 20000 1.00 1.00 1.00 1.00 1.00 1.00 1.00 1.00
2570 20000 20000 20000 20000 1.00 1.00 1.00 1.00 1.00 1.00 1.00 1.00
2580 20000 20000 20000 20000 1.00 1.00 1.00 1.00 1.00 1.00 1.00 1.00
2590 20000 20000 20000 20000 1.00 1.00 1.00 1.00 1.00 1.00 1.00 1.00
2600 20000 20000 20000 20000 1.00 1.00 1.00 1.00 1.00 1.00 1.00 1.00
2610 20000 20000 20000 20000 1.00 1.00 1.00 1.00 1.00 1.00 1.00 1.00
2620 20000 20000 20000 20000 1.00 1.00 1.00 1.00 1.00 1.00 1.00 1.00
2630 20000 20000 20000 20000 1.00 1.00 1.00 1.00 1.00 1.00 1.00 1.00
2640 20000 20000 20000 20000 1.00 1.00 1.00 1.00 1.00 1.00 1.00 1.00
2650 20000 20000 20000 20000 1.00 1.00 1.00 1.00 1.00 1.00 1.00 1.00
2660 20000 20000 20000 20000 1.00 1.00 1.00 1.00 1.00 1.00 1.00 1.00
2670 20030 20030 20030 20030 1.00 1.00 1.00 1.00 1.00 1.00 1.00 1.00
2680 20030 20030 20030 20030 1.00 1.00 1.00 1.00 1.00 1.00 1.00 1.00
2690 20030 20030 20030 20030 1.00 1.00 1.00 1.00 1.00 1.00 1.00 1.00
2700 20300 20300 20300 20300 1.00 1.00 1.00 1.00 1.00 1.00 1.00 1.00
2710 20300 20300 20300 20300 1.00 1.00 1.00 1.00 1.00 1.00 1.00 1.00
2720 20300 20300 20300 20300 1.00 1.00 1.00 1.00 1.00 1.00 1.00 1.00
2730 20300 20300 20300 20300 1.00 1.00 1.00 1.00 1.00 1.00 1.00 1.00
2740 20300 20300 20300 20300 1.00 1.00 1.00 1.00 1.00 1.00 1.00 1.00
2750 20300 20300 20000 20300 .75 .61 .59 .72 .82 .71 .70 .79
2760 20030 20000 20000 20000 .70 .55 .46 .68 .76 .64 .55 .75
2770 20030 20000 20000 20000 .70 .55 .46 .68 .76 .64 .55 .75
2780 20030 20000 20000 20000 .70 .55 .46 .68 .76 .64 .55 .75
2790 20000 20000 20000 20000 1.00 1.00 1.00 1.00 1.00 1.00 1.00 1.00
2800 20000 20000 20000 20000 1.00 1.00 1.00 1.00 1.00 1.00 1.00 1.00
2810 20000 20000 20000 20000 1.00 1.00 1.00 1.00 1.00 1.00 1.00 1.00
2820 20000 20000 20000 20000 1.00 1.00 1.00 1.00 1.00 1.00 1.00 1.00
2830 20000 20000 20000 20000 1.00 1.00 1.00 1.00 1.00 1.00 1.00 1.00
2840 20000 20000 20000 20000 1.00 1.00 1.00 1.00 1.00 1.00 1.00 1.00
2850 20000 20000 20000 20000 1.00 1.00 1.00 1.00 1.00 1.00 1.00 1.00
2860 20000 20000 20000 20000 1.00 1.00 1.00 1.00 1.00 1.00 1.00 1.00
2870 20000 20000 20000 20000 1.00 1.00 1.00 1.00 1.00 1.00 1.00 1.00
2880 20030 20030 20000 20030 .75 .61 .59 .72 .82 .71 .70 .79
2890 20030 20030 20000 20030 .75 .61 .59 .72 .82 .71 .70 .79
2900 20300 20300 20300 20300 1.00 1.00 1.00 1.00 1.00 1.00 1.00 1.00
2910 20300 20300 20300 20300 1.00 1.00 1.00 1.00 1.00 1.00 1.00 1.00
2920 20300 20300 20300 20300 1.00 1.00 1.00 1.00 1.00 1.00 1.00 1.00
2930 20300 20300 20300 20300 1.00 1.00 1.00 1.00 1.00 1.00 1.00 1.00
2940 20300 20300 20000 20300 .75 .61 .59 .72 .82 .71 .70 .79
2950 20000 20000 20000 20000 1.00 1.00 1.00 1.00 1.00 1.00 1.00 1.00
2960 20000 20000 20000 20000 1.00 1.00 1.00 1.00 1.00 1.00 1.00 1.00
2970 20000 20000 20000 20000 1.00 1.00 1.00 1.00 1.00 1.00 1.00 1.00
2980 20000 20000 20000 20000 1.00 1.00 1.00 1.00 1.00 1.00 1.00 1.00
2990 20000 20000 20000 20000 1.00 1.00 1.00 1.00 1.00 1.00 1.00 1.00
3000 20000 20000 20000 20000 1.00 1.00 1.00 1.00 1.00 1.00 1.00 1.00
3010 20000 20000 20000 20000 1.00 1.00 1.00 1.00 1.00 1.00 1.00 1.00
3020 20000 20000 20000 20000 1.00 1.00 1.00 1.00 1.00 1.00 1.00 1.00
3030 20000 20000 20000 20000 1.00 1.00 1.00 1.00 1.00 1.00 1.00 1.00
3040 20000 20000 20000 20000 1.00 1.00 1.00 1.00 1.00 1.00 1.00 1.00
3050 20000 20000 20000 20000 1.00 1.00 1.00 1.00 1.00 1.00 1.00 1.00
3060 20000 20000 20000 20000 1.00 1.00 1.00 1.00 1.00 1.00 1.00 1.00
3070 20000 20000 20000 20000 1.00 1.00 1.00 1.00 1.00 1.00 1.00 1.00
3080 20000 20000 20000 20000 1.00 1.00 1.00 1.00 1.00 1.00 1.00 1.00
3090 20000 20000 20000 20000 1.00 1.00 1.00 1.00 1.00 1.00 1.00 1.00
3100 20000 20000 20000 20000 1.00 1.00 1.00 1.00 1.00 1.00 1.00 1.00
3110 20000 20000 20000 20000 1.00 1.00 1.00 1.00 1.00 1.00 1.00 1.00
3120 20000 20000 20000 20000 1.00 1.00 1.00 1.00 1.00 1.00 1.00 1.00
3130 20000 20000 20000 20000 1.00 1.00 1.00 1.00 1.00 1.00 1.00 1.00
3140 20000 20000 20000 20000 1.00 1.00 1.00 1.00 1.00 1.00 1.00 1.00
3150 20000 20000 20000 20000 1.00 1.00 1.00 1.00 1.00 1.00 1.00 1.00
3160 20000 20000 20000 20000 1.00 1.00 1.00 1.00 1.00 1.00 1.00 1.00
3170 20000 20000 20000 20000 1.00 1.00 1.00 1.00 1.00 1.00 1.00 1.00
3180 20000 20000 20000 20000 1.00 1.00 1.00 1.00 1.00 1.00 1.00 1.00
3190 20000 20000 20000 20000 1.00 1.00 1.00 1.00 1.00 1.00 1.00 1.00
3200 20000 20000 20000 20000 1.00 1.00 1.00 1.00 1.00 1.00 1.00 1.00
3210 20000 20000 20000 20000 1.00 1.00 1.00 1.00 1.00 1.00 1.00 1.00
3220 20000 20000 20000 20000 1.00 1.00 1.00 1.00 1.00 1.00 1.00 1.00
3230 20000 20000 20000 20000 1.00 1.00 1.00 1.00 1.00 1.00 1.00 1.00
3240 20000 20000 20000 20000 1.00 1.00 1.00 1.00 1.00 1.00 1.00 1.00
3250 20000 20000 20000 20000 1.00 1.00 1.00 1.00 1.00 1.00 1.00 1.00
3260 20000 20000 20000 20000 1.00 1.00 1.00 1.00 1.00 1.00 1.00 1.00
3270 20000 20000 20000 20000 1.00 1.00 1.00 1.00 1.00 1.00 1.00 1.00
3280 20020 20000 20000 20000 .68 .68 .68 .68 .75 .75 .75 .75
3290 20000 20000 20000 20000 1.00 1.00 1.00 1.00 1.00 1.00 1.00 1.00
3300 20000 20000 20000 20000 1.00 1.00 1.00 1.00 1.00 1.00 1.00 1.00
3310 20000 20000 20000 20000 1.00 1.00 1.00 1.00 1.00 1.00 1.00 1.00
3320 20000 20000 20000 20000 1.00 1.00 1.00 1.00 1.00 1.00 1.00 1.00
3330 20000 20000 20000 20000 1.00 1.00 1.00 1.00 1.00 1.00 1.00 1.00
3340 20000 20000 20000 20000 1.00 1.00 1.00 1.00 1.00 1.00 1.00 1.00
3350 20000 20000 20000 20000 1.00 1.00 1.00 1.00 1.00 1.00 1.00 1.00
3360 20020 20000 20000 20000 .68 .68 .68 .68 .75 .75 .75 .75
3370 20020 20000 20000 20000 .68 .68 .68 .68 .75 .75 .75 .75
3380 20200 20000 20200 20200 .72 .72 .72 .72 .79 .79 .79 .79
3390 20200 20000 20200 20200 .72 .72 .72 .72 .79 .79 .79 .79
3400 20200 20200 00200 20200 .72 .72 .72 .72 .79 .79 .79 .79
3410 00200 00200 00200 00200 1.00 1.00 1.00 1.00 1.00 1.00 1.00 1.00
3420 00200 00200 00200 00200 1.00 1.00 1.00 1.00 1.00 1.00 1.00 1.00
3430 00200 00200 00200 00200 1.00 1.00 1.00 1.00 1.00 1.00 1.00 1.00
3440 00200 00200 03200 00200 .70 .55 .46 .68 .76 .64 .55 .75
3450 00200 00200 00200 00200 1.00 1.00 1.00 1.00 1.00 1.00 1.00 1.00
3460 00200 00200 00200 00200 1.00 1.00 1.00 1.00 1.00 1.00 1.00 1.00
3470 00200 00200 03200 00200 .70 .55 .46 .68 .76 .64 .55 .75
3480 03200 03200 03200 03200 1.00 1.00 1.00 1.00 1.00 1.00 1.00 1.00
3490 03200 03200 03200 03200 1.00 1.00 1.00 1.00 1.00 1.00 1.00 1.00
3500 03200 03200 03200 03200 1.00 1.00 1.00 1.00 1.00 1.00 1.00 1.00
3510 03200 03200 03200 03200 1.00 1.00 1.00 1.00 1.00 1.00 1.00 1.00
3520 03200 03200 03200 03200 1.00 1.00 1.00 1.00 1.00 1.00 1.00 1.00
3530 03200 03200 03200 03200 1.00 1.00 1.00 1.00 1.00 1.00 1.00 1.00
3540 03200 03200 03200 03200 1.00 1.00 1.00 1.00 1.00 1.00 1.00 1.00
3550 03200 03200 03200 03200 1.00 1.00 1.00 1.00 1.00 1.00 1.00 1.00
3560 03200 03200 03200 03200 1.00 1.00 1.00 1.00 1.00 1.00 1.00 1.00
3570 03200 03200 03200 03200 1.00 1.00 1.00 1.00 1.00 1.00 1.00 1.00
3580 03200 03200 03200 03200 1.00 1.00 1.00 1.00 1.00 1.00 1.00 1.00
3590 03200 03200 03200 03200 1.00 1.00 1.00 1.00 1.00 1.00 1.00 1.00
3600 03200 03200 03200 03200 1.00 1.00 1.00 1.00 1.00 1.00 1.00 1.00
3610 03200 03202 03200 03200 .79 .85 .84 .75 .84 .89 .88 .81
3620 03200 03202 03201 03200 .72 .88 .88 .74 .75 .88 .89 .75
3630 03201 03202 03201 03201 .82 .97 .96 .97 .87 .97 .97 .98
3640 03201 03202 03202 03202 .82 .97 .96 .97 .86 .97 .97 .98
3650 03201 03202 03202 03202 .82 .97 .96 .97 .86 .97 .97 .98
3660 03202 03202 03202 03202 1.00 1.00 1.00 1.00 1.00 1.00 1.00 1.00
3670 03202 03202 03202 03202 1.00 1.00 1.00 1.00 1.00 1.00 1.00 1.00
3680 03202 03202 03202 03202 1.00 1.00 1.00 1.00 1.00 1.00 1.00 1.00
3690 03202 03202 03202 03202 1.00 1.00 1.00 1.00 1.00 1.00 1.00 1.00
3700 03202 03202 03202 03202 1.00 1.00 1.00 1.00 1.00 1.00 1.00 1.00
3710 03202 03202 03202 03202 1.00 1.00 1.00 1.00 1.00 1.00 1.00 1.00
3720 03202 03202 03202 03202 1.00 1.00 1.00 1.00 1.00 1.00 1.00 1.00
3730 03202 03202 03202 03202 1.00 1.00 1.00 1.00 1.00 1.00 1.00 1.00
3740 03202 03202 03202 03202 1.00 1.00 1.00 1.00 1.00 1.00 1.00 1.00
3750 03202 03202 03202 03202 1.00 1.00 1.00 1.00 1.00 1.00 1.00 1.00
3760 03202 03202 03202 03202 1.00 1.00 1.00 1.00 1.00 1.00 1.00 1.00
3770 03202 03202 03202 03202 1.00 1.00 1.00 1.00 1.00 1.00 1.00 1.00
3780 03202 03242 03202 03202 .82 .46 .41 .73 .86 .59 .54 .80
3790 03202 03242 03202 03202 .82 .46 .41 .73 .86 .59 .54 .80
3800 03202 03242 03202 03202 .82 .46 .41 .73 .86 .59 .54 .80
3810 03202 03242 03202 03202 .82 .46 .41 .73 .86 .59 .54 .80
3820 03202 00242 03202 03202 .62 .11 .09 .49 .71 .31 .28 .61
3830 00202 00242 00202 00202 .77 .53 .35 .75 .82 .64 .46 .81
3840 00202 00242 00202 00202 .77 .53 .35 .75 .82 .64 .46 .81
3850 00202 00242 00202 00202 .77 .53 .35 .75 .82 .64 .46 .81
3860 00202 00242 00202 00202 .77 .53 .35 .75 .82 .64 .46 .81
3870 00202 00242 00202 00202 .77 .53 .35 .75 .82 .64 .46 .81
3880 00202 00242 00202 00202 .77 .53 .35 .75 .82 .64 .46 .81
3890 00202 00242 00202 00202 .77 .53 .35 .75 .82 .64 .46 .81
3900 00202 00242 00202 00202 .77 .53 .35 .75 .82 .64 .46 .81
3910 00202 00242 00202 00202 .77 .53 .35 .75 .82 .64 .46 .81
3920 00202 00242 00202 00202 .77 .53 .35 .75 .82 .64 .46 .81
3930 00202 00242 00202 00202 .77 .53 .35 .75 .82 .64 .46 .81
3940 00202 00242 00202 00202 .77 .53 .35 .75 .82 .64 .46 .81
3950 00202 00242 00202 00202 .77 .53 .35 .75 .82 .64 .46 .81
3960 00202 20242 20202 20202 .55 .23 .12 .49 .64 .39 .27 .61
3970 20202 20242 20202 20202 .76 .36 .24 .73 .82 .51 .39 .79
3980 20202 20242 20202 20202 .76 .36 .24 .73 .82 .51 .39 .79
3990 20202 20242 20002 20202 .55 .23 .12 .49 .64 .39 .27 .61
4000 20022 20002 20002 20002 .75 .75 .75 .75 .81 .81 .81 .81
4010 20002 20002 20032 20002 .77 .53 .53 .75 .82 .64 .63 .81
4020 20002 20002 03202 20002 .32 .12 .12 .25 .47 .30 .30 .43
4030 20002 20002 03202 20002 .32 .12 .12 .25 .47 .30 .30 .43
4040 20002 20002 03202 20002 .32 .12 .12 .25 .47 .30 .30 .43
4050 20002 20002 20032 20002 .77 .53 .53 .75 .82 .64 .63 .81
4060 20002 20002 20002 20002 1.00 1.00 1.00 1.00 1.00 1.00 1.00 1.00
4070 20000 20000 20000 20000 1.00 1.00 1.00 1.00 1.00 1.00 1.00 1.00
4080 20000 20000 20000 20000 1.00 1.00 1.00 1.00 1.00 1.00 1.00 1.00
4090 20000 20000 20000 20000 1.00 1.00 1.00 1.00 1.00 1.00 1.00 1.00
4100 20000 20000 20000 20000 1.00 1.00 1.00 1.00 1.00 1.00 1.00 1.00
4110 20000 20000 20000 20000 1.00 1.00 1.00 1.00 1.00 1.00 1.00 1.00
4120 20000 20000 20000 20000 1.00 1.00 1.00 1.00 1.00 1.00 1.00 1.00
4130 20000 20000 20000 20000 1.00 1.00 1.00 1.00 1.00 1.00 1.00 1.00
4140 20000 20000 20000 20000 1.00 1.00 1.00 1.00 1.00 1.00 1.00 1.00
4150 20000 20000 20000 20000 1.00 1.00 1.00 1.00 1.00 1.00 1.00 1.00
4160 20000 20000 20000 20000 1.00 1.00 1.00 1.00 1.00 1.00 1.00 1.00
4170 20000 20000 20000 20000 1.00 1.00 1.00 1.00 1.00 1.00 1.00 1.00
4180 20000 20000 20000 20000 1.00 1.00 1.00 1.00 1.00 1.00 1.00 1.00
4190 20000 20000 20000 20000 1.00 1.00 1.00 1.00 1.00 1.00 1.00 1.00
4200 20000 20000 20000 20000 1.00 1.00 1.00 1.00 1.00 1.00 1.00 1.00
4210 20000 20000 20000 20000 1.00 1.00 1.00 1.00 1.00 1.00 1.00 1.00
4220 20000 20000 20000 20000 1.00 1.00 1.00 1.00 1.00 1.00 1.00 1.00
4230 20000 20000 20000 20000 1.00 1.00 1.00 1.00 1.00 1.00 1.00 1.00
4240 20000 20000 20000 20000 1.00 1.00 1.00 1.00 1.00 1.00 1.00 1.00
4250 20000 20000 20000 20000 1.00 1.00 1.00 1.00 1.00 1.00 1.00 1.00
4260 20000 20000 20000 20000 1.00 1.00 1.00 1.00 1.00 1.00 1.00 1.00
4270 20000 20000 20000 20000 1.00 1.00 1.00 1.00 1.00 1.00 1.00 1.00
4280 20000 20000 20000 20000 1.00 1.00 1.00 1.00 1.00 1.00 1.00 1.00
4290 20000 20000 20000 20000 1.00 1.00 1.00 1.00 1.00 1.00 1.00 1.00
4300 20000 20000 20000 20000 1.00 1.00 1.00 1.00 1.00 1.00 1.00 1.00
4310 20000 20000 20000 20000 1.00 1.00 1.00 1.00 1.00 1.00 1.00 1.00
4320 20000 20000 20000 20000 1.00 1.00 1.00 1.00 1.00 1.00 1.00 1.00
4330 20000 20000 20020 20000 .68 .68 .68 .68 .75 .75 .75 .75
4340 20020 20000 20020 20020 .72 .72 .72 .72 .79 .79 .79 .79
4350 20200 20000 20200 20200 .72 .72 .72 .72 .79 .79 .79 .79
4360 20200 20200 20200 20200 1.00 1.00 1.00 1.00 1.00 1.00 1.00 1.00
4370 20200 00200 00200 00200 .68 .68 .68 .68 .75 .75 .75 .75
4380 00200 00200 00200 00200 1.00 1.00 1.00 1.00 1.00 1.00 1.00 1.00
4390 00200 00200 00200 00200 1.00 1.00 1.00 1.00 1.00 1.00 1.00 1.00
4400 00200 00200 00200 00200 1.00 1.00 1.00 1.00 1.00 1.00 1.00 1.00
4410 00200 00200 00200 00200 1.00 1.00 1.00 1.00 1.00 1.00 1.00 1.00
4420 03200 03200 03200 03200 1.00 1.00 1.00 1.00 1.00 1.00 1.00 1.00
4430 03200 03200 03200 03200 1.00 1.00 1.00 1.00 1.00 1.00 1.00 1.00
4440 03200 03200 03200 03200 1.00 1.00 1.00 1.00 1.00 1.00 1.00 1.00
4450 03200 03200 03200 03200 1.00 1.00 1.00 1.00 1.00 1.00 1.00 1.00
4460 03200 03200 03200 03200 1.00 1.00 1.00 1.00 1.00 1.00 1.00 1.00
4470 03200 03200 03200 03200 1.00 1.00 1.00 1.00 1.00 1.00 1.00 1.00
4480 03200 03200 03200 03200 1.00 1.00 1.00 1.00 1.00 1.00 1.00 1.00
4490 03200 03200 03200 03200 1.00 1.00 1.00 1.00 1.00 1.00 1.00 1.00
4500 03200 03200 03200 03200 1.00 1.00 1.00 1.00 1.00 1.00 1.00 1.00
4510 03200 03200 03200 03200 1.00 1.00 1.00 1.00 1.00 1.00 1.00 1.00
4520 03200 03200 03201 03200 .80 .92 .96 .76 .85 .94 .97 .81
4530 03200 03200 03201 03200 .80 .92 .96 .76 .85 .94 .97 .81
4540 03200 03200 03200 03200 1.00 1.00 1.00 1.00 1.00 1.00 1.00 1.00
4550 03200 03200 03201 03200 .80 .92 .96 .76 .85 .94 .97 .81
4560 03200 03200 03201 03200 .80 .92 .96 .76 .85 .94 .97 .81
4570 03201 03200 03202 03201 .72 .88 .88 .74 .77 .91 .91 .80
4580 03201 03201 03202 03201 .82 .97 .96 .97 .87 .97 .97 .98
4590 03202 03201 03202 03202 .82 .97 .96 .97 .86 .97 .97 .98
4600 03202 03202 03202 03202 1.00 1.00 1.00 1.00 1.00 1.00 1.00 1.00
4610 03202 03202 03202 03202 1.00 1.00 1.00 1.00 1.00 1.00 1.00 1.00
4620 03202 03202 03202 03202 1.00 1.00 1.00 1.00 1.00 1.00 1.00 1.00
4630 03202 03202 03202 03202 1.00 1.00 1.00 1.00 1.00 1.00 1.00 1.00
4640 03202 03202 03202 03202 1.00 1.00 1.00 1.00 1.00 1.00 1.00 1.00
4650 03202 03202 03202 03202 1.00 1.00 1.00 1.00 1.00 1.00 1.00 1.00
4660 03202 03202 03202 03202 1.00 1.00 1.00 1.00 1.00 1.00 1.00 1.00
4670 03202 03202 03202 03202 1.00 1.00 1.00 1.00 1.00 1.00 1.00 1.00
4680 03202 03202 03202 03202 1.00 1.00 1.00 1.00 1.00 1.00 1.00 1.00
4690 03202 03202 03202 03202 1.00 1.00 1.00 1.00 1.00 1.00 1.00 1.00
4700 00202 00202 03202 00202 .77 .53 .53 .75 .82 .64 .63 .81
4710 00202 00202 00202 00202 1.00 1.00 1.00 1.00 1.00 1.00 1.00 1.00
4720 00202 00202 00202 00202 1.00 1.00 1.00 1.00 1.00 1.00 1.00 1.00
4730 00202 00202 00202 00202 1.00 1.00 1.00 1.00 1.00 1.00 1.00 1.00
4740 00202 00202 00202 00202 1.00 1.00 1.00 1.00 1.00 1.00 1.00 1.00
4750 00202 00202 00202 00202 1.00 1.00 1.00 1.00 1.00 1.00 1.00 1.00
4760 00202 00202 00202 00202 1.00 1.00 1.00 1.00 1.00 1.00 1.00 1.00
4770 00202 00202 00202 00202 1.00 1.00 1.00 1.00 1.00 1.00 1.00 1.00
4780 00202 00242 00202 00202 .77 .53 .35 .75 .82 .64 .46 .81
4790 00202 00242 00202 00202 .77 .53 .35 .75 .82 .64 .46 .81
4800 00202 00242 00202 00202 .77 .53 .35 .75 .82 .64 .46 .81
4810 00202 00242 00202 00202 .77 .53 .35 .75 .82 .64 .46 .81
4820 00202 00242 00202 00202 .77 .53 .35 .75 .82 .64 .46 .81
4830 00202 00242 00202 00202 .77 .53 .35 .75 .82 .64 .46 .81
4840 00202 00242 00202 00202 .77 .53 .35 .75 .82 .64 .46 .81
4850 00202 00242 00202 00202 .77 .53 .35 .75 .82 .64 .46 .81
4860 00202 00242 00242 00242 .79 .56 .49 .76 .85 .67 .63 .81
4870 00202 00242 00242 00242 .79 .56 .49 .76 .85 .67 .63 .81
4880 00202 00242 00242 00242 .79 .56 .49 .76 .85 .67 .63 .81
4890 00202 00242 00242 00242 .79 .56 .49 .76 .85 .67 .63 .81
4900 00202 00242 00242 00242 .79 .56 .49 .76 .85 .67 .63 .81
4910 00202 00242 00242 00242 .79 .56 .49 .76 .85 .67 .63 .81
4920 00202 00242 00242 00242 .79 .56 .49 .76 .85 .67 .63 .81
4930 00202 00242 00242 00242 .79 .56 .49 .76 .85 .67 .63 .81
4940 02202 00242 02242 02242 .58 .28 .27 .46 .68 .45 .44 .57
4950 02202 00242 02242 02242 .58 .28 .27 .46 .68 .45 .44 .57
4960 02202 00242 02242 02242 .58 .28 .27 .46 .68 .45 .44 .57
4970 02202 00242 02242 02242 .58 .28 .27 .46 .68 .45 .44 .57
4980 20202 20242 20242 20242 .77 .37 .35 .70 .83 .52 .51 .76
4990 20022 20042 20002 20022 .67 .61 .50 .74 .71 .72 .63 .80
5000 20002 20002 20002 20002 1.00 1.00 1.00 1.00 1.00 1.00 1.00 1.00
5010 20002 20002 20002 20002 1.00 1.00 1.00 1.00 1.00 1.00 1.00 1.00
5020 20002 20002 20002 20002 1.00 1.00 1.00 1.00 1.00 1.00 1.00 1.00
5030 20002 20002 20002 20002 1.00 1.00 1.00 1.00 1.00 1.00 1.00 1.00
5040 20002 20002 20002 20002 1.00 1.00 1.00 1.00 1.00 1.00 1.00 1.00
5050 20002 20002 20002 20002 1.00 1.00 1.00 1.00 1.00 1.00 1.00 1.00
5060 20002 20002 20002 20002 1.00 1.00 1.00 1.00 1.00 1.00 1.00 1.00
5070 20000 20000 20000 20000 1.00 1.00 1.00 1.00 1.00 1.00 1.00 1.00
5080 20000 20000 20000 20000 1.00 1.00 1.00 1.00 1.00 1.00 1.00 1.00
5090 20000 20000 20000 20000 1.00 1.00 1.00 1.00 1.00 1.00 1.00 1.00
5100 20000 20000 20000 20000 1.00 1.00 1.00 1.00 1.00 1.00 1.00 1.00
5110 20000 20000 20000 20000 1.00 1.00 1.00 1.00 1.00 1.00 1.00 1.00
5120 20000 20000 20000 20000 1.00 1.00 1.00 1.00 1.00 1.00 1.00 1.00
5130 20000 20000 20000 20000 1.00 1.00 1.00 1.00 1.00 1.00 1.00 1.00
5140 20000 20000 20000 20000 1.00 1.00 1.00 1.00 1.00 1.00 1.00 1.00
5150 20000 20000 20000 20000 1.00 1.00 1.00 1.00 1.00 1.00 1.00 1.00
5160 20000 20000 20000 20000 1.00 1.00 1.00 1.00 1.00 1.00 1.00 1.00
5170 20000 20000 20000 20000 1.00 1.00 1.00 1.00 1.00 1.00 1.00 1.00
5180 20000 20000 20000 20000 1.00 1.00 1.00 1.00 1.00 1.00 1.00 1.00
5190 20000 20000 20000 20000 1.00 1.00 1.00 1.00 1.00 1.00 1.00 1.00
5200 20000 20000 00000 20000 .46 .46 .46 .46 .63 .63 .63 .63
5210 20000 00000 00000 00000 1.0 1.0 1.0 1.0 1.0 1.0 1.0 1.0
5220 00001 00001 00000 00001 .46 .46 .46 .46 .63 .63 .63 .63
5230 00001 00001 00000 00001 .46 .46 .46 .46 .63 .63 .63 .63
5240 00001 00001 00000 00001 .46 .46 .46 .46 .63 .63 .63 .63
5250 00001 00001 00000 00001 .46 .46 .46 .46 .63 .63 .63 .63
5260 00001 00001 00000 00001 .46 .46 .46 .46 .63 .63 .63 .63
5270 00001 00001 00000 00001 .46 .46 .46 .46 .63 .63 .63 .63
5280 00001 00001 00040 00001 .26 .17 -0.02 .24 .43 .35 .02 .42
5290 00041 00041 00040 00041 .75 .83 .97 .73 .82 .87 .98 .80
5300 00041 00041 04040 00041 .55 .55 .64 .51 .66 .65 .71 .63
5310 00041 00041 04040 00041 .55 .55 .64 .51 .66 .65 .71 .63
5320 00041 00041 04040 00041 .55 .55 .64 .51 .66 .65 .71 .63
5330 00041 00041 04040 00041 .55 .55 .64 .51 .66 .65 .71 .63
5340 04041 04041 04040 04041 .79 .92 .98 .77 .85 .94 .99 .82
5350 04041 04041 04040 04041 .79 .92 .98 .77 .85 .94 .99 .82
5360 04041 04041 04040 04041 .79 .92 .98 .77 .85 .94 .99 .82
5370 04041 04041 04040 04041 .79 .92 .98 .77 .85 .94 .99 .82
5380 04041 04041 04040 04041 .79 .92 .98 .77 .85 .94 .99 .82
5390 04041 04041 04040 04041 .79 .92 .98 .77 .85 .94 .99 .82
5400 04041 04041 04040 04041 .79 .92 .98 .77 .85 .94 .99 .82
5410 04041 04041 04040 04041 .79 .92 .98 .77 .85 .94 .99 .82
5420 04041 04041 04040 04041 .79 .92 .98 .77 .85 .94 .99 .82
5430 04041 04041 04040 04041 .79 .92 .98 .77 .85 .94 .99 .82
5440 04041 04041 04040 04041 .79 .92 .98 .77 .85 .94 .99 .82
5450 04041 04041 04040 04041 .79 .92 .98 .77 .85 .94 .99 .82
5460 04041 04041 04040 04041 .79 .92 .98 .77 .85 .94 .99 .82
5470 04041 04041 04040 04041 .79 .92 .98 .77 .85 .94 .99 .82
5480 04041 04041 04040 04041 .79 .92 .98 .77 .85 .94 .99 .82
5490 04041 04041 04040 04041 .79 .92 .98 .77 .85 .94 .99 .82
5500 04041 04041 04040 04041 .79 .92 .98 .77 .85 .94 .99 .82
5510 04041 04041 04040 04041 .79 .92 .98 .77 .85 .94 .99 .82
5520 04041 04041 04040 04041 .79 .92 .98 .77 .85 .94 .99 .82
5530 04041 04041 04040 04041 .79 .92 .98 .77 .85 .94 .99 .82
5540 04041 04041 04040 04041 .79 .92 .98 .77 .85 .94 .99 .82
5550 04041 04041 04040 04041 .79 .92 .98 .77 .85 .94 .99 .82
5560 04041 04041 04040 04041 .79 .92 .98 .77 .85 .94 .99 .82
5570 04041 04041 04040 04041 .79 .92 .98 .77 .85 .94 .99 .82
5580 04041 04041 04040 04041 .79 .92 .98 .77 .85 .94 .99 .82
5590 04041 04041 04040 04041 .79 .92 .98 .77 .85 .94 .99 .82
5600 04041 04041 04040 04041 .79 .92 .98 .77 .85 .94 .99 .82
5610 04041 04041 04040 04041 .79 .92 .98 .77 .85 .94 .99 .82
5620 04041 04041 04040 04041 .79 .92 .98 .77 .85 .94 .99 .82
5630 04041 04041 04040 04041 .79 .92 .98 .77 .85 .94 .99 .82
5640 04041 04041 04040 04041 .79 .92 .98 .77 .85 .94 .99 .82
5650 04041 04041 04040 04041 .79 .92 .98 .77 .85 .94 .99 .82
