0 00002 04042 04041 04042 .40 .34 .29 .50 .55 .51 .49 .62
10 00002 04042 04041 04042 .40 .34 .29 .50 .55 .51 .49 .62
20 00002 04002 04041 04002 .35 .30 .18 .47 .50 .46 .38 .60
30 00002 00002 00001 00002 .63 .98 .87 .96 .72 .99 .91 .97
40 00002 00002 00001 00002 .63 .98 .87 .96 .72 .99 .91 .97
50 00002 00002 00001 00002 .63 .98 .87 .96 .72 .99 .91 .97
60 00002 00002 00001 00002 .63 .98 .87 .96 .72 .99 .91 .97
70 00002 00002 00001 00002 .63 .98 .87 .96 .72 .99 .91 .97
80 00002 00002 00001 00002 .63 .98 .87 .96 .72 .99 .91 .97
90 00022 00022 00001 00022 .48 .66 .60 .69 .61 .75 .71 .77
100 00022 00022 00201 00022 .29 .39 .35 .46 .45 .55 .52 .59
110 00022 00202 00201 00202 .29 .39 .35 .46 .45 .55 .52 .59
120 00202 00202 00201 00202 .76 .96 .93 .97 .82 .97 .95 .98
130 00202 00202 00201 00202 .76 .96 .93 .97 .82 .97 .95 .98
140 00202 00200 00201 00202 .61 .76 .76 .71 .67 .80 .79 .78
150 00200 00200 00200 00200 1.00 1.00 1.00 1.00 1.00 1.00 1.00 1.00
160 00200 00200 00200 00200 1.00 1.00 1.00 1.00 1.00 1.00 1.00 1.00
170 00200 00200 00200 00200 1.00 1.00 1.00 1.00 1.00 1.00 1.00 1.00
180 00200 00200 00200 00200 1.00 1.00 1.00 1.00 1.00 1.00 1.00 1.00
190 00200 00200 00200 00200 1.00 1.00 1.00 1.00 1.00 1.00 1.00 1.00
200 00200 00200 00200 00200 1.00 1.00 1.00 1.00 1.00 1.00 1.00 1.00
210 00200 00200 00200 00200 1.00 1.00 1.00 1.00 1.00 1.00 1.00 1.00
220 00200 00200 00200 00200 1.00 1.00 1.00 1.00 1.00 1.00 1.00 1.00
230 00200 00200 00200 00200 1.00 1.00 1.00 1.00 1.00 1.00 1.00 1.00
240 00200 00200 00200 00200 1.00 1.00 1.00 1.00 1.00 1.00 1.00 1.00
250 00200 00200 00200 00200 1.00 1.00 1.00 1.00 1.00 1.00 1.00 1.00
260 00200 00200 00200 00200 1.00 1.00 1.00 1.00 1.00 1.00 1.00 1.00
270 00200 00200 00200 00200 1.00 1.00 1.00 1.00 1.00 1.00 1.00 1.00
280 00200 00200 00200 00200 1.00 1.00 1.00 1.00 1.00 1.00 1.00 1.00
290 00200 00200 00201 00200 .70 .80 .90 .68 .76 .84 .93 .75
300 00200 00200 00200 00200 1.00 1.00 1.00 1.00 1.00 1.00 1.00 1.00
310 00200 00200 00201 00200 .70 .80 .90 .68 .76 .84 .93 .75
320 00201 00200 00201 00201 .75 .83 .90 .72 .82 .87 .93 .79
330 00201 00200 00201 00201 .75 .83 .90 .72 .82 .87 .93 .79
340 00201 00200 00201 00201 .75 .83 .90 .72 .82 .87 .93 .79
350 00201 00201 00201 00201 1.00 1.00 1.00 1.00 1.00 1.00 1.00 1.00
360 00201 00201 00201 00201 1.00 1.00 1.00 1.00 1.00 1.00 1.00 1.00
370 00202 00202 00202 00202 1.00 1.00 1.00 1.00 1.00 1.00 1.00 1.00
380 00202 00202 00202 00202 1.00 1.00 1.00 1.00 1.00 1.00 1.00 1.00
390 00202 00202 00202 00202 1.00 1.00 1.00 1.00 1.00 1.00 1.00 1.00
400 00202 00202 00202 00202 1.00 1.00 1.00 1.00 1.00 1.00 1.00 1.00
410 00202 00202 00202 00202 1.00 1.00 1.00 1.00 1.00 1.00 1.00 1.00
420 00202 00202 00202 00202 1.00 1.00 1.00 1.00 1.00 1.00 1.00 1.00
430 00202 00202 00202 00202 1.00 1.00 1.00 1.00 1.00 1.00 1.00 1.00
440 00202 00202 00202 00202 1.00 1.00 1.00 1.00 1.00 1.00 1.00 1.00
450 00202 00202 00202 00202 1.00 1.00 1.00 1.00 1.00 1.00 1.00 1.00
460 00202 00202 00202 00202 1.00 1.00 1.00 1.00 1.00 1.00 1.00 1.00
470 00202 00202 00202 00202 1.00 1.00 1.00 1.00 1.00 1.00 1.00 1.00
480 00202 00202 00202 00202 1.00 1.00 1.00 1.00 1.00 1.00 1.00 1.00
490 00202 00202 00202 00202 1.00 1.00 1.00 1.00 1.00 1.00 1.00 1.00
500 00202 00202 00202 00202 1.00 1.00 1.00 1.00 1.00 1.00 1.00 1.00
510 00202 00202 00202 00202 1.00 1.00 1.00 1.00 1.00 1.00 1.00 1.00
520 00202 00202 00202 00202 1.00 1.00 1.00 1.00 1.00 1.00 1.00 1.00
530 00202 00202 00202 00202 1.00 1.00 1.00 1.00 1.00 1.00 1.00 1.00
540 00202 00202 00202 00202 1.00 1.00 1.00 1.00 1.00 1.00 1.00 1.00
550 00202 00202 00202 00202 1.00 1.00 1.00 1.00 1.00 1.00 1.00 1.00
560 00202 00202 00202 00202 1.00 1.00 1.00 1.00 1.00 1.00 1.00 1.00
570 00202 00202 00202 00202 1.00 1.00 1.00 1.00 1.00 1.00 1.00 1.00
580 00202 00202 00202 00202 1.00 1.00 1.00 1.00 1.00 1.00 1.00 1.00
590 00202 00202 00202 00202 1.00 1.00 1.00 1.00 1.00 1.00 1.00 1.00
600 00202 00202 00202 00202 1.00 1.00 1.00 1.00 1.00 1.00 1.00 1.00
610 00202 00202 00202 00202 1.00 1.00 1.00 1.00 1.00 1.00 1.00 1.00
620 00202 00202 00202 00202 1.00 1.00 1.00 1.00 1.00 1.00 1.00 1.00
630 00202 00202 00202 00202 1.00 1.00 1.00 1.00 1.00 1.00 1.00 1.00
640 00202 00202 00202 00202 1.00 1.00 1.00 1.00 1.00 1.00 1.00 1.00
650 00202 00242 00200 00202 .53 .34 .19 .49 .63 .48 .32 .61
660 00202 00242 00200 00202 .53 .34 .19 .49 .63 .48 .32 .61
670 00202 00242 00200 00202 .53 .34 .19 .49 .63 .48 .32 .61
680 00202 00242 00200 00202 .53 .34 .19 .49 .63 .48 .32 .61
690 00202 00242 00200 00202 .53 .34 .19 .49 .63 .48 .32 .61
700 00202 00202 00200 00202 .72 .72 .72 .72 .79 .79 .79 .79
710 00202 00202 00200 00202 .72 .72 .72 .72 .79 .79 .79 .79
720 00202 00202 02200 00202 .48 .48 .48 .48 .60 .60 .60 .60
730 00202 00202 02200 00202 .48 .48 .48 .48 .60 .60 .60 .60
740 02202 02202 02200 02202 .75 .75 .75 .75 .81 .81 .81 .81
750 20202 20202 20200 20202 .75 .75 .75 .75 .81 .81 .81 .81
760 20022 20022 20200 20022 .25 .25 .25 .25 .42 .42 .42 .42
770 20002 20002 20000 20002 .72 .72 .72 .72 .79 .79 .79 .79
780 20002 20002 20000 20002 .72 .72 .72 .72 .79 .79 .79 .79
790 20002 20002 20000 20002 .72 .72 .72 .72 .79 .79 .79 .79
800 20002 20002 20000 20002 .72 .72 .72 .72 .79 .79 .79 .79
810 20000 20000 20000 20000 1.00 1.00 1.00 1.00 1.00 1.00 1.00 1.00
820 20000 20000 20000 20000 1.00 1.00 1.00 1.00 1.00 1.00 1.00 1.00
830 20000 20000 20000 20000 1.00 1.00 1.00 1.00 1.00 1.00 1.00 1.00
840 20000 20000 20000 20000 1.00 1.00 1.00 1.00 1.00 1.00 1.00 1.00
850 20000 20000 20000 20000 1.00 1.00 1.00 1.00 1.00 1.00 1.00 1.00
860 20000 20000 20000 20000 1.00 1.00 1.00 1.00 1.00 1.00 1.00 1.00
870 20000 20000 20000 20000 1.00 1.00 1.00 1.00 1.00 1.00 1.00 1.00
880 20000 20000 20000 20000 1.00 1.00 1.00 1.00 1.00 1.00 1.00 1.00
890 20000 20000 20000 20000 1.00 1.00 1.00 1.00 1.00 1.00 1.00 1.00
900 20000 20000 20000 20000 1.00 1.00 1.00 1.00 1.00 1.00 1.00 1.00
910 20000 20000 20000 20000 1.00 1.00 1.00 1.00 1.00 1.00 1.00 1.00
920 20000 20000 20000 20000 1.00 1.00 1.00 1.00 1.00 1.00 1.00 1.00
930 20000 20000 20000 20000 1.00 1.00 1.00 1.00 1.00 1.00 1.00 1.00
940 20000 20000 20000 20000 1.00 1.00 1.00 1.00 1.00 1.00 1.00 1.00
950 20000 20000 20000 20000 1.00 1.00 1.00 1.00 1.00 1.00 1.00 1.00
960 20000 20000 20000 20000 1.00 1.00 1.00 1.00 1.00 1.00 1.00 1.00
970 20000 20000 20000 20000 1.00 1.00 1.00 1.00 1.00 1.00 1.00 1.00
980 20000 20000 20000 20000 1.00 1.00 1.00 1.00 1.00 1.00 1.00 1.00
990 20000 20000 20000 20000 1.00 1.00 1.00 1.00 1.00 1.00 1.00 1.00
1000 20000 20000 20000 20000 1.00 1.00 1.00 1.00 1.00 1.00 1.00 1.00
1010 20000 20000 20000 20000 1.00 1.00 1.00 1.00 1.00 1.00 1.00 1.00
1020 20000 20000 20000 20000 1.00 1.00 1.00 1.00 1.00 1.00 1.00 1.00
1030 20000 20000 20000 20000 1.00 1.00 1.00 1.00 1.00 1.00 1.00 1.00
1040 20000 20000 20000 20000 1.00 1.00 1.00 1.00 1.00 1.00 1.00 1.00
1050 20000 20000 20000 20000 1.00 1.00 1.00 1.00 1.00 1.00 1.00 1.00
1060 20000 20020 20000 20000 .68 .68 .68 .68 .75 .75 .75 .75
1070 20200 20020 20000 20000 .44 .44 .44 .44 .55 .55 .55 .55
1080 00200 20200 00200 00200 .68 .68 .68 .68 .75 .75 .75 .75
1090 00200 00200 00200 00200 1.00 1.00 1.00 1.00 1.00 1.00 1.00 1.00
1100 00200 00200 00200 00200 1.00 1.00 1.00 1.00 1.00 1.00 1.00 1.00
1110 00200 00200 00200 00200 1.00 1.00 1.00 1.00 1.00 1.00 1.00 1.00
1120 00200 00200 00200 00200 1.00 1.00 1.00 1.00 1.00 1.00 1.00 1.00
1130 00201 00200 00201 00201 .75 .83 .90 .72 .82 .87 .93 .79
1140 00201 00200 00201 00201 .75 .83 .90 .72 .82 .87 .93 .79
1150 00201 00201 00201 00201 1.00 1.00 1.00 1.00 1.00 1.00 1.00 1.00
1160 00201 00201 00201 00201 1.00 1.00 1.00 1.00 1.00 1.00 1.00 1.00
1170 00202 00202 00202 00202 1.00 1.00 1.00 1.00 1.00 1.00 1.00 1.00
1180 00202 00202 00202 00202 1.00 1.00 1.00 1.00 1.00 1.00 1.00 1.00
1190 00202 00202 00202 00202 1.00 1.00 1.00 1.00 1.00 1.00 1.00 1.00
1200 00202 00202 00202 00202 1.00 1.00 1.00 1.00 1.00 1.00 1.00 1.00
1210 00202 00202 00202 00202 1.00 1.00 1.00 1.00 1.00 1.00 1.00 1.00
1220 00202 00202 00202 00202 1.00 1.00 1.00 1.00 1.00 1.00 1.00 1.00
1230 00202 00202 00202 00202 1.00 1.00 1.00 1.00 1.00 1.00 1.00 1.00
1240 00202 00202 00202 00202 1.00 1.00 1.00 1.00 1.00 1.00 1.00 1.00
1250 00202 00202 00202 00202 1.00 1.00 1.00 1.00 1.00 1.00 1.00 1.00
1260 00202 00202 00202 00202 1.00 1.00 1.00 1.00 1.00 1.00 1.00 1.00
1270 00202 00202 00202 00202 1.00 1.00 1.00 1.00 1.00 1.00 1.00 1.00
1280 00202 00202 00202 00202 1.00 1.00 1.00 1.00 1.00 1.00 1.00 1.00
1290 00202 00202 00202 00202 1.00 1.00 1.00 1.00 1.00 1.00 1.00 1.00
1300 00202 00202 00202 00202 1.00 1.00 1.00 1.00 1.00 1.00 1.00 1.00
1310 00202 00202 00202 00202 1.00 1.00 1.00 1.00 1.00 1.00 1.00 1.00
1320 00202 00202 00202 00202 1.00 1.00 1.00 1.00 1.00 1.00 1.00 1.00
1330 00202 00202 00202 00202 1.00 1.00 1.00 1.00 1.00 1.00 1.00 1.00
1340 00202 00202 00202 00202 1.00 1.00 1.00 1.00 1.00 1.00 1.00 1.00
1350 00202 00202 00202 00202 1.00 1.00 1.00 1.00 1.00 1.00 1.00 1.00
1360 00202 00202 00200 00202 .72 .72 .72 .72 .79 .79 .79 .79
1370 00202 00202 00200 00202 .72 .72 .72 .72 .79 .79 .79 .79
1380 00202 00202 00200 00202 .72 .72 .72 .72 .79 .79 .79 .79
1390 00202 00242 02200 00202 .32 .12 .02 .26 .47 .30 .19 .43
1400 00202 00242 02200 00202 .32 .12 .02 .26 .47 .30 .19 .43
1410 00202 00242 02200 00202 .32 .12 .02 .26 .47 .30 .19 .43
1420 00202 00242 02200 00202 .32 .12 .02 .26 .47 .30 .19 .43
1430 00202 00242 02200 00202 .32 .12 .02 .26 .47 .30 .19 .43
1440 00202 00242 02200 00202 .32 .12 .02 .26 .47 .30 .19 .43
1450 20202 20242 02200 20202 .10 -0.18 -0.23 -0.02 .29 .05 -0.02 .22
1460 20202 20242 20200 20202 .55 .23 .12 .49 .64 .39 .27 .61
1470 20022 20042 20200 20022 .22 .20 .17 .25 .36 .39 .35 .42
1480 20022 20042 20200 20022 .22 .20 .17 .25 .36 .39 .35 .42
1490 20002 20002 20000 20002 .72 .72 .72 .72 .79 .79 .79 .79
1500 20002 20002 20000 20002 .72 .72 .72 .72 .79 .79 .79 .79
1510 20002 20002 20000 20002 .72 .72 .72 .72 .79 .79 .79 .79
1520 20000 20000 20000 20000 1.00 1.00 1.00 1.00 1.00 1.00 1.00 1.00
1530 20000 20000 20000 20000 1.00 1.00 1.00 1.00 1.00 1.00 1.00 1.00
1540 20000 20000 20000 20000 1.00 1.00 1.00 1.00 1.00 1.00 1.00 1.00
1550 20000 20000 20000 20000 1.00 1.00 1.00 1.00 1.00 1.00 1.00 1.00
1560 20000 20000 20000 20000 1.00 1.00 1.00 1.00 1.00 1.00 1.00 1.00
1570 20000 20000 20000 20000 1.00 1.00 1.00 1.00 1.00 1.00 1.00 1.00
1580 20000 20000 20000 20000 1.00 1.00 1.00 1.00 1.00 1.00 1.00 1.00
1590 20000 20000 20000 20000 1.00 1.00 1.00 1.00 1.00 1.00 1.00 1.00
1600 20000 20000 20000 20000 1.00 1.00 1.00 1.00 1.00 1.00 1.00 1.00
1610 20000 20000 20000 20000 1.00 1.00 1.00 1.00 1.00 1.00 1.00 1.00
1620 20000 20000 20000 20000 1.00 1.00 1.00 1.00 1.00 1.00 1.00 1.00
1630 20000 20000 20000 20000 1.00 1.00 1.00 1.00 1.00 1.00 1.00 1.00
1640 20000 20000 20000 20000 1.00 1.00 1.00 1.00 1.00 1.00 1.00 1.00
1650 20000 20000 20000 20000 1.00 1.00 1.00 1.00 1.00 1.00 1.00 1.00
1660 20000 20000 20000 20000 1.00 1.00 1.00 1.00 1.00 1.00 1.00 1.00
1670 20000 20000 20000 20000 1.00 1.00 1.00 1.00 1.00 1.00 1.00 1.00
1680 20000 20000 20000 20000 1.00 1.00 1.00 1.00 1.00 1.00 1.00 1.00
1690 20000 20000 20000 20000 1.00 1.00 1.00 1.00 1.00 1.00 1.00 1.00
1700 20000 20000 20000 20000 1.00 1.00 1.00 1.00 1.00 1.00 1.00 1.00
1710 20000 20000 20000 20000 1.00 1.00 1.00 1.00 1.00 1.00 1.00 1.00
1720 20000 20000 20000 20000 1.00 1.00 1.00 1.00 1.00 1.00 1.00 1.00
1730 20000 20000 20000 20000 1.00 1.00 1.00 1.00 1.00 1.00 1.00 1.00
1740 20000 20000 20000 20000 1.00 1.00 1.00 1.00 1.00 1.00 1.00 1.00
1750 20000 20200 20000 20000 .68 .68 .68 .68 .75 .75 .75 .75
1760 20200 20200 20200 20200 1.00 1.00 1.00 1.00 1.00 1.00 1.00 1.00
1770 20200 20200 20200 20200 1.00 1.00 1.00 1.00 1.00 1.00 1.00 1.00
1780 00200 00200 20200 00200 .68 .68 .68 .68 .75 .75 .75 .75
1790 00200 00200 00200 00200 1.00 1.00 1.00 1.00 1.00 1.00 1.00 1.00
1800 00200 00200 00200 00200 1.00 1.00 1.00 1.00 1.00 1.00 1.00 1.00
1810 00200 00200 00200 00200 1.00 1.00 1.00 1.00 1.00 1.00 1.00 1.00
1820 00200 00200 00200 00200 1.00 1.00 1.00 1.00 1.00 1.00 1.00 1.00
1830 00200 00201 00201 00201 .75 .83 .90 .72 .82 .87 .93 .79
1840 00201 00201 00201 00201 1.00 1.00 1.00 1.00 1.00 1.00 1.00 1.00
1850 00201 00201 00201 00201 1.00 1.00 1.00 1.00 1.00 1.00 1.00 1.00
1860 00201 00201 00201 00201 1.00 1.00 1.00 1.00 1.00 1.00 1.00 1.00
1870 00202 00202 00201 00202 .76 .96 .93 .97 .82 .97 .95 .98
1880 00202 00202 00202 00202 1.00 1.00 1.00 1.00 1.00 1.00 1.00 1.00
1890 00202 00202 00202 00202 1.00 1.00 1.00 1.00 1.00 1.00 1.00 1.00
1900 00202 00202 00202 00202 1.00 1.00 1.00 1.00 1.00 1.00 1.00 1.00
1910 00202 00202 00202 00202 1.00 1.00 1.00 1.00 1.00 1.00 1.00 1.00
1920 00202 00202 00202 00202 1.00 1.00 1.00 1.00 1.00 1.00 1.00 1.00
1930 00202 00202 00202 00202 1.00 1.00 1.00 1.00 1.00 1.00 1.00 1.00
1940 00202 00202 00200 00202 .72 .72 .72 .72 .79 .79 .79 .79
1950 00202 00202 00200 00202 .72 .72 .72 .72 .79 .79 .79 .79
1960 00202 00242 00200 00202 .53 .34 .19 .49 .63 .48 .32 .61
1970 00202 00242 00200 00202 .53 .34 .19 .49 .63 .48 .32 .61
1980 00202 00242 00200 00202 .53 .34 .19 .49 .63 .48 .32 .61
1990 00202 00242 00200 00202 .53 .34 .19 .49 .63 .48 .32 .61
2000 00202 00242 00200 00202 .53 .34 .19 .49 .63 .48 .32 .61
2010 00202 00242 00200 00202 .53 .34 .19 .49 .63 .48 .32 .61
2020 00202 03242 00200 00202 .37 .01 -0.05 .26 .50 .20 .11 .43
2030 00202 03242 00200 00202 .37 .01 -0.05 .26 .50 .20 .11 .43
2040 02202 02202 20200 02202 .25 .25 .25 .25 .42 .42 .42 .42
2050 02202 02202 20200 02202 .25 .25 .25 .25 .42 .42 .42 .42
2060 02202 02202 20200 02202 .25 .25 .25 .25 .42 .42 .42 .42
2070 02202 02202 20200 02202 .25 .25 .25 .25 .42 .42 .42 .42
2080 02202 02202 20200 02202 .25 .25 .25 .25 .42 .42 .42 .42
2090 02202 02202 20200 02202 .25 .25 .25 .25 .42 .42 .42 .42
2100 02202 02202 00200 02202 .50 .50 .50 .50 .62 .62 .62 .62
2110 02202 02202 00200 02202 .50 .50 .50 .50 .62 .62 .62 .62
2120 02202 02202 00200 02202 .50 .50 .50 .50 .62 .62 .62 .62
2130 02202 02202 00200 02202 .50 .50 .50 .50 .62 .62 .62 .62
2140 02202 02202 00200 02202 .50 .50 .50 .50 .62 .62 .62 .62
2150 02202 02202 00200 02202 .50 .50 .50 .50 .62 .62 .62 .62
2160 02202 02202 00200 02202 .50 .50 .50 .50 .62 .62 .62 .62
2170 02202 02202 00200 02202 .50 .50 .50 .50 .62 .62 .62 .62
2180 02202 00242 00200 00202 .32 .12 .02 .26 .47 .30 .19 .43
2190 20202 00242 00200 00202 .32 .12 .02 .26 .47 .30 .19 .43
2200 20202 20242 00200 20202 .33 .09 1.0 .26 .48 .26 .16 .43
2210 20202 20242 20200 20202 .55 .23 .12 .49 .64 .39 .27 .61
2220 20022 20042 20000 20022 .44 .43 .35 .49 .54 .57 .50 .61
2230 20002 20002 20000 20002 .72 .72 .72 .72 .79 .79 .79 .79
2240 20002 20002 20000 20002 .72 .72 .72 .72 .79 .79 .79 .79
2250 20000 20000 20000 20000 1.00 1.00 1.00 1.00 1.00 1.00 1.00 1.00
2260 20000 20000 20000 20000 1.00 1.00 1.00 1.00 1.00 1.00 1.00 1.00
2270 20000 20000 20000 20000 1.00 1.00 1.00 1.00 1.00 1.00 1.00 1.00
2280 20000 20000 20000 20000 1.00 1.00 1.00 1.00 1.00 1.00 1.00 1.00
2290 20000 20000 20000 20000 1.00 1.00 1.00 1.00 1.00 1.00 1.00 1.00
2300 20000 20000 20000 20000 1.00 1.00 1.00 1.00 1.00 1.00 1.00 1.00
2310 20000 20000 20000 20000 1.00 1.00 1.00 1.00 1.00 1.00 1.00 1.00
2320 20000 20000 20000 20000 1.00 1.00 1.00 1.00 1.00 1.00 1.00 1.00
2330 20000 20000 20000 20000 1.00 1.00 1.00 1.00 1.00 1.00 1.00 1.00
2340 20000 20000 20000 20000 1.00 1.00 1.00 1.00 1.00 1.00 1.00 1.00
2350 20000 20000 20000 20000 1.00 1.00 1.00 1.00 1.00 1.00 1.00 1.00
2360 20000 20000 20000 20000 1.00 1.00 1.00 1.00 1.00 1.00 1.00 1.00
2370 20000 20000 20000 20000 1.00 1.00 1.00 1.00 1.00 1.00 1.00 1.00
2380 20000 20000 20000 20000 1.00 1.00 1.00 1.00 1.00 1.00 1.00 1.00
2390 20000 20000 20000 20000 1.00 1.00 1.00 1.00 1.00 1.00 1.00 1.00
2400 20000 20000 20000 20000 1.00 1.00 1.00 1.00 1.00 1.00 1.00 1.00
2410 20000 20000 20000 20000 1.00 1.00 1.00 1.00 1.00 1.00 1.00 1.00
2420 20000 20000 20000 20000 1.00 1.00 1.00 1.00 1.00 1.00 1.00 1.00
2430 20000 20000 20000 20000 1.00 1.00 1.00 1.00 1.00 1.00 1.00 1.00
2440 20000 20000 20000 20000 1.00 1.00 1.00 1.00 1.00 1.00 1.00 1.00
2450 20000 20000 20000 20000 1.00 1.00 1.00 1.00 1.00 1.00 1.00 1.00
2460 20000 20000 20200 20000 .68 .68 .68 .68 .75 .75 .75 .75
2470 20000 20000 20200 20000 .68 .68 .68 .68 .75 .75 .75 .75
2480 20000 20000 20000 20000 1.00 1.00 1.00 1.00 1.00 1.00 1.00 1.00
2490 20000 20000 20000 20000 1.00 1.00 1.00 1.00 1.00 1.00 1.00 1.00
2500 20000 20000 20000 20000 1.00 1.00 1.00 1.00 1.00 1.00 1.00 1.00
2510 20000 20000 20000 20000 1.00 1.00 1.00 1.00 1.00 1.00 1.00 1.00
2520 20000 20000 20000 20000 1.00 1.00 1.00 1.00 1.00 1.00 1.00 1.00
2530 20000 20000 20000 20000 1.00 1.00 1.00 1.00 1.00 1.00 1.00 1.00
2540 20000 20000 20000 20000 1.00 1.00 1.00 1.00 1.00 1.00 1.00 1.00
2550 20000 20000 20000 20000 1.00 1.00 1.00 1.00 1.00 1.00 1.00 1.00
2560 20020 20200 20000 20000 .44 .44 .44 .44 .55 .55 .55 .55
2570 20200 20200 20000 20200 .72 .72 .72 .72 .79 .79 .79 .79
2580 02200 00200 00200 00200 .68 .68 .68 .68 .75 .75 .75 .75
2590 00200 00200 00200 00200 1.00 1.00 1.00 1.00 1.00 1.00 1.00 1.00
2600 00200 00200 00200 00200 1.00 1.00 1.00 1.00 1.00 1.00 1.00 1.00
2610 00200 00200 00200 00200 1.00 1.00 1.00 1.00 1.00 1.00 1.00 1.00
2620 00200 00200 00200 00200 1.00 1.00 1.00 1.00 1.00 1.00 1.00 1.00
2630 00200 00200 00201 00200 .70 .80 .90 .68 .76 .84 .93 .75
2640 00200 00200 00201 00200 .70 .80 .90 .68 .76 .84 .93 .75
2650 00201 00200 00201 00201 .75 .83 .90 .72 .82 .87 .93 .79
2660 00201 00201 00201 00201 1.00 1.00 1.00 1.00 1.00 1.00 1.00 1.00
2670 00201 00201 00201 00201 1.00 1.00 1.00 1.00 1.00 1.00 1.00 1.00
2680 00202 00202 00201 00202 .76 .96 .93 .97 .82 .97 .95 .98
2690 00202 00202 00202 00202 1.00 1.00 1.00 1.00 1.00 1.00 1.00 1.00
2700 00202 00202 00202 00202 1.00 1.00 1.00 1.00 1.00 1.00 1.00 1.00
2710 00202 00202 00202 00202 1.00 1.00 1.00 1.00 1.00 1.00 1.00 1.00
2720 00202 00202 00202 00202 1.00 1.00 1.00 1.00 1.00 1.00 1.00 1.00
2730 00202 00202 00202 00202 1.00 1.00 1.00 1.00 1.00 1.00 1.00 1.00
2740 00202 00202 00202 00202 1.00 1.00 1.00 1.00 1.00 1.00 1.00 1.00
2750 00202 00202 00202 00202 1.00 1.00 1.00 1.00 1.00 1.00 1.00 1.00
2760 00202 00202 00202 00202 1.00 1.00 1.00 1.00 1.00 1.00 1.00 1.00
2770 00202 00202 00202 00202 1.00 1.00 1.00 1.00 1.00 1.00 1.00 1.00
2780 00202 00202 00200 00202 .72 .72 .72 .72 .79 .79 .79 .79
2790 00202 00202 00200 00202 .72 .72 .72 .72 .79 .79 .79 .79
2800 00202 00202 00200 00202 .72 .72 .72 .72 .79 .79 .79 .79
2810 00202 00202 00200 00202 .72 .72 .72 .72 .79 .79 .79 .79
2820 00202 00242 00200 00202 .53 .34 .19 .49 .63 .48 .32 .61
2830 00202 00242 00200 00202 .53 .34 .19 .49 .63 .48 .32 .61
2840 00202 00242 00200 00202 .53 .34 .19 .49 .63 .48 .32 .61
2850 00202 00242 00200 00202 .53 .34 .19 .49 .63 .48 .32 .61
2860 00202 03242 00200 00202 .37 .01 -0.05 .26 .50 .20 .11 .43
2870 02202 03242 00200 02202 .29 .04 -0.01 .26 .41 .23 .16 .43
2880 02202 03242 00200 02202 .29 .04 -0.01 .26 .41 .23 .16 .43
2890 02202 03242 02200 02202 .39 .24 .17 .48 .51 .38 .30 .60
2900 02202 03242 02200 02202 .39 .24 .17 .48 .51 .38 .30 .60
2910 20202 03242 02200 00202 .09 -0.20 -0.23 -0.02 .25 -0.01 -0.05 .18
2920 20202 23242 02200 20202 .06 -0.31 -0.33 -0.10 .22 -0.14 -0.16 .11
2930 20022 23042 20200 20022 .09 -0.17 -0.15 -0.03 .24 .06 .08 .21
2940 20022 23002 20200 20002 .11 -0.12 -0.11 .00 .30 .13 .13 .24
2950 20002 20002 20000 20002 .72 .72 .72 .72 .79 .79 .79 .79
2960 20002 20002 20000 20002 .72 .72 .72 .72 .79 .79 .79 .79
2970 20000 20000 20000 20000 1.00 1.00 1.00 1.00 1.00 1.00 1.00 1.00
2980 20000 20000 20000 20000 1.00 1.00 1.00 1.00 1.00 1.00 1.00 1.00
2990 20000 20000 20000 20000 1.00 1.00 1.00 1.00 1.00 1.00 1.00 1.00
3000 20000 20000 20000 20000 1.00 1.00 1.00 1.00 1.00 1.00 1.00 1.00
3010 20000 20000 20000 20000 1.00 1.00 1.00 1.00 1.00 1.00 1.00 1.00
3020 20000 20000 20000 20000 1.00 1.00 1.00 1.00 1.00 1.00 1.00 1.00
3030 20000 20000 20000 20000 1.00 1.00 1.00 1.00 1.00 1.00 1.00 1.00
3040 20000 20000 20000 20000 1.00 1.00 1.00 1.00 1.00 1.00 1.00 1.00
3050 20000 20000 20000 20000 1.00 1.00 1.00 1.00 1.00 1.00 1.00 1.00
3060 20000 20000 20000 20000 1.00 1.00 1.00 1.00 1.00 1.00 1.00 1.00
3070 20000 20000 20000 20000 1.00 1.00 1.00 1.00 1.00 1.00 1.00 1.00
3080 20000 20000 20000 20000 1.00 1.00 1.00 1.00 1.00 1.00 1.00 1.00
3090 20000 20000 20000 20000 1.00 1.00 1.00 1.00 1.00 1.00 1.00 1.00
3100 20000 20000 20000 20000 1.00 1.00 1.00 1.00 1.00 1.00 1.00 1.00
3110 20000 20000 20000 20000 1.00 1.00 1.00 1.00 1.00 1.00 1.00 1.00
3120 20000 20000 20000 20000 1.00 1.00 1.00 1.00 1.00 1.00 1.00 1.00
3130 20000 20000 20030 20000 .70 .55 .46 .68 .76 .64 .55 .75
3140 20020 20000 20030 20020 .61 .65 .61 .72 .67 .75 .72 .79
3150 20020 20200 20030 20020 .41 .43 .42 .48 .51 .57 .56 .60
3160 02200 00200 20030 00200 -0.04 -0.15 -0.16 -0.12 .15 .05 .03 .10
3170 02200 00200 20020 00200 -0.12 -0.12 -0.12 -0.12 .10 .10 .10 .10
3180 02200 00200 00020 00200 .05 .05 .05 .05 .24 .24 .24 .24
3190 00200 00200 00020 00200 .22 .22 .22 .22 .41 .41 .41 .41
3200 00200 00200 00020 00200 .22 .22 .22 .22 .41 .41 .41 .41
3210 00200 00200 00020 00200 .22 .22 .22 .22 .41 .41 .41 .41
3220 00200 00200 00020 00200 .22 .22 .22 .22 .41 .41 .41 .41
3230 00200 00200 00020 00200 .22 .22 .22 .22 .41 .41 .41 .41
3240 00200 00200 00020 00200 .22 .22 .22 .22 .41 .41 .41 .41
3250 00200 00200 00020 00200 .22 .22 .22 .22 .41 .41 .41 .41
3260 00200 00200 00020 00200 .22 .22 .22 .22 .41 .41 .41 .41
3270 00200 00200 00020 00200 .22 .22 .22 .22 .41 .41 .41 .41
3280 02200 00200 00020 00200 .05 .05 .05 .05 .24 .24 .24 .24
3290 20200 20200 20020 20200 .48 .48 .48 .48 .60 .60 .60 .60
3300 20000 20000 20020 20000 .68 .68 .68 .68 .75 .75 .75 .75
3310 20000 20000 20000 20000 1.00 1.00 1.00 1.00 1.00 1.00 1.00 1.00
3320 20000 20000 20000 20000 1.00 1.00 1.00 1.00 1.00 1.00 1.00 1.00
3330 20000 20000 20000 20000 1.00 1.00 1.00 1.00 1.00 1.00 1.00 1.00
3340 20000 20000 20000 20000 1.00 1.00 1.00 1.00 1.00 1.00 1.00 1.00
3350 20000 20000 20000 20000 1.00 1.00 1.00 1.00 1.00 1.00 1.00 1.00
3360 20000 20000 20000 20000 1.00 1.00 1.00 1.00 1.00 1.00 1.00 1.00
3370 20000 20000 20000 20000 1.00 1.00 1.00 1.00 1.00 1.00 1.00 1.00
3380 20000 20000 20000 20000 1.00 1.00 1.00 1.00 1.00 1.00 1.00 1.00
3390 20001 20000 20000 20000 .70 .80 .90 .68 .76 .84 .93 .75
3400 20001 20001 20000 20001 .75 .83 .90 .72 .82 .87 .93 .79
3410 20002 20001 20000 20002 .61 .76 .76 .71 .67 .80 .79 .78
3420 20002 20001 20000 20002 .61 .76 .76 .71 .67 .80 .79 .78
3430 20002 20002 20000 20002 .72 .72 .72 .72 .79 .79 .79 .79
3440 20002 20002 20000 20002 .72 .72 .72 .72 .79 .79 .79 .79
3450 00002 00002 20000 00002 .22 .22 .22 .22 .41 .41 .41 .41
3460 02002 00002 20000 00002 .05 .05 .05 .05 .24 .24 .24 .24
3470 02002 00002 00000 00002 .22 .22 .22 .22 .41 .41 .41 .41
3480 00002 00002 00000 00002 .46 .46 .46 .46 .63 .63 .63 .63
3490 00002 00002 00000 00002 .46 .46 .46 .46 .63 .63 .63 .63
3500 00002 00002 00000 00002 .46 .46 .46 .46 .63 .63 .63 .63
3510 00002 00002 00000 00002 .46 .46 .46 .46 .63 .63 .63 .63
3520 00002 00002 00000 00002 .46 .46 .46 .46 .63 .63 .63 .63
3530 00002 00002 00000 00002 .46 .46 .46 .46 .63 .63 .63 .63
3540 00042 00042 00000 00042 .42 .37 .39 .37 .59 .55 .57 .55
3550 00042 00042 00000 00042 .42 .37 .39 .37 .59 .55 .57 .55
3560 00042 00042 00000 00042 .42 .37 .39 .37 .59 .55 .57 .55
3570 02042 04042 00000 02042 .22 .22 .22 .22 .41 .42 .42 .42
3580 02042 04042 04040 04042 .61 .84 .84 .73 .70 .88 .88 .79
3590 02042 04042 04040 04042 .61 .84 .84 .73 .70 .88 .88 .79
3600 02042 04042 04040 04042 .61 .84 .84 .73 .70 .88 .88 .79
