0 00200 00200 00020 00200 .22 .22 .22 .22 .41 .41 .41 .41
10 00200 00200 00020 00200 .22 .22 .22 .22 .41 .41 .41 .41
20 00200 00200 00020 00200 .22 .22 .22 .22 .41 .41 .41 .41
30 00200 00200 00020 00200 .22 .22 .22 .22 .41 .41 .41 .41
40 00200 00200 00020 00200 .22 .22 .22 .22 .41 .41 .41 .41
50 00200 00200 00020 00200 .22 .22 .22 .22 .41 .41 .41 .41
60 20200 20200 00020 20200 .16 .16 .16 .16 .37 .37 .37 .37
70 20000 20000 00020 20000 .22 .22 .22 .22 .41 .41 .41 .41
80 20000 20000 02000 20000 .22 .22 .22 .22 .41 .41 .41 .41
90 20000 20000 02000 20000 .22 .22 .22 .22 .41 .41 .41 .41
100 20000 20000 02000 20000 .22 .22 .22 .22 .41 .41 .41 .41
110 20000 20000 02000 20000 .22 .22 .22 .22 .41 .41 .41 .41
120 20000 20000 02000 20000 .22 .22 .22 .22 .41 .41 .41 .41
130 20200 20200 02000 20200 .16 .16 .16 .16 .37 .37 .37 .37
140 20200 00200 02020 00200 -0.12 -0.12 -0.12 -0.12 .10 .10 .10 .10
150 00200 00200 02020 00200 .05 .05 .05 .05 .24 .24 .24 .24
160 00200 00200 02020 00200 .05 .05 .05 .05 .24 .24 .24 .24
170 00200 00200 02020 00200 .05 .05 .05 .05 .24 .24 .24 .24
180 00200 00200 02020 00200 .05 .05 .05 .05 .24 .24 .24 .24
190 00200 00200 02020 00200 .05 .05 .05 .05 .24 .24 .24 .24
200 00200 00200 02020 00200 .05 .05 .05 .05 .24 .24 .24 .24
210 00200 00200 02020 00200 .05 .05 .05 .05 .24 .24 .24 .24
220 00200 00200 02020 00200 .05 .05 .05 .05 .24 .24 .24 .24
230 00201 00200 02020 00200 -0.04 -0.08 -0.05 -0.11 .15 .14 .17 .10
240 00201 00201 02020 00201 .10 -0.07 -0.07 -0.02 .32 .16 .15 .22
250 00201 00201 02020 00201 .10 -0.07 -0.07 -0.02 .32 .16 .15 .22
260 00201 00201 02020 00201 .10 -0.07 -0.07 -0.02 .32 .16 .15 .22
270 00201 00201 02020 00201 .10 -0.07 -0.07 -0.02 .32 .16 .15 .22
280 00202 00201 02020 00202 -0.07 -0.07 -0.08 -0.04 .14 .18 .16 .20
290 00202 00201 02020 00202 -0.07 -0.07 -0.08 -0.04 .14 .18 .16 .20
300 00202 00202 00022 00202 .48 .48 .48 .48 .60 .60 .60 .60
310 00202 00202 00022 00202 .48 .48 .48 .48 .60 .60 .60 .60
320 00202 00202 00022 00202 .48 .48 .48 .48 .60 .60 .60 .60
330 00202 00202 00022 00202 .48 .48 .48 .48 .60 .60 .60 .60
340 00202 00202 00022 00202 .48 .48 .48 .48 .60 .60 .60 .60
350 00202 00202 00022 00202 .48 .48 .48 .48 .60 .60 .60 .60
360 00202 00202 00022 00202 .48 .48 .48 .48 .60 .60 .60 .60
370 00202 00202 00022 00202 .48 .48 .48 .48 .60 .60 .60 .60
380 00202 00202 00022 00202 .48 .48 .48 .48 .60 .60 .60 .60
390 00202 00202 00022 00202 .48 .48 .48 .48 .60 .60 .60 .60
400 02202 00202 00022 00202 .25 .25 .25 .25 .42 .42 .42 .42
410 20202 00202 00022 00202 .25 .25 .25 .25 .42 .42 .42 .42
420 20022 20202 00022 20022 .25 .25 .25 .25 .42 .42 .42 .42
430 20002 20002 00022 20002 .48 .48 .48 .48 .60 .60 .60 .60
440 20002 20002 00022 20002 .48 .48 .48 .48 .60 .60 .60 .60
450 20000 20000 02002 20000 .05 .05 .05 .05 .24 .24 .24 .24
460 20000 20000 02002 20000 .05 .05 .05 .05 .24 .24 .24 .24
470 20000 20000 02002 20000 .05 .05 .05 .05 .24 .24 .24 .24
480 20000 20000 02002 20000 .05 .05 .05 .05 .24 .24 .24 .24
490 20000 20000 02002 20000 .05 .05 .05 .05 .24 .24 .24 .24
500 20000 20000 02002 20000 .05 .05 .05 .05 .24 .24 .24 .24
510 20000 20000 02002 20000 .05 .05 .05 .05 .24 .24 .24 .24
520 20000 20000 02002 20000 .05 .05 .05 .05 .24 .24 .24 .24
530 20000 20000 02002 20000 .05 .05 .05 .05 .24 .24 .24 .24
540 20000 20000 02002 20000 .05 .05 .05 .05 .24 .24 .24 .24
550 20000 20000 02002 20000 .05 .05 .05 .05 .24 .24 .24 .24
560 20000 20000 02002 20000 .05 .05 .05 .05 .24 .24 .24 .24
570 20000 20000 02002 20000 .05 .05 .05 .05 .24 .24 .24 .24
580 20020 20000 02002 20000 -0.12 -0.12 -0.12 -0.12 .10 .10 .10 .10
590 20200 20200 02022 20200 -0.25 -0.25 -0.25 -0.25 .04 .04 .04 .04
600 00200 00200 02022 00200 -0.12 -0.12 -0.12 -0.12 .10 .10 .10 .10
610 00200 00200 02022 00200 -0.12 -0.12 -0.12 -0.12 .10 .10 .10 .10
620 00200 00200 02022 00200 -0.12 -0.12 -0.12 -0.12 .10 .10 .10 .10
630 00200 00200 02022 00200 -0.12 -0.12 -0.12 -0.12 .10 .10 .10 .10
640 00200 00200 02022 00200 -0.12 -0.12 -0.12 -0.12 .10 .10 .10 .10
650 00200 00200 02022 00200 -0.12 -0.12 -0.12 -0.12 .10 .10 .10 .10
660 00200 00200 02022 00200 -0.12 -0.12 -0.12 -0.12 .10 .10 .10 .10
670 00200 00200 02022 00200 -0.12 -0.12 -0.12 -0.12 .10 .10 .10 .10
680 00201 00200 02022 00201 -0.07 -0.07 -0.08 -0.04 .18 .16 .14 .20
690 00201 00201 02022 00201 .15 .06 .02 .24 .35 .26 .22 .41
700 00201 00201 02022 00201 .15 .06 .02 .24 .35 .26 .22 .41
710 00202 00201 02022 00202 .10 .14 .12 .23 .29 .35 .33 .41
720 00202 00202 02022 00202 .25 .25 .25 .25 .42 .42 .42 .42
730 00202 00202 02022 00202 .25 .25 .25 .25 .42 .42 .42 .42
740 00202 00202 02022 00202 .25 .25 .25 .25 .42 .42 .42 .42
750 00202 00202 02022 00202 .25 .25 .25 .25 .42 .42 .42 .42
760 00202 00202 02022 00202 .25 .25 .25 .25 .42 .42 .42 .42
770 00202 00202 02022 00202 .25 .25 .25 .25 .42 .42 .42 .42
780 00202 00202 02022 00202 .25 .25 .25 .25 .42 .42 .42 .42
790 00202 00202 02022 00202 .25 .25 .25 .25 .42 .42 .42 .42
800 00202 00202 00022 00202 .48 .48 .48 .48 .60 .60 .60 .60
810 00202 00202 00022 00202 .48 .48 .48 .48 .60 .60 .60 .60
820 00202 00202 00022 00202 .48 .48 .48 .48 .60 .60 .60 .60
830 00202 00202 00022 00202 .48 .48 .48 .48 .60 .60 .60 .60
840 00202 00202 00022 00202 .48 .48 .48 .48 .60 .60 .60 .60
850 02202 20202 00022 00202 1.0 1.0 1.0 1.0 .24 .24 .24 .24
860 20202 20202 00022 20202 .25 .25 .25 .25 .42 .42 .42 .42
870 20002 20002 00022 20002 .48 .48 .48 .48 .60 .60 .60 .60
880 20002 20002 00022 20002 .48 .48 .48 .48 .60 .60 .60 .60
890 20000 20000 00022 20000 .05 .05 .05 .05 .24 .24 .24 .24
900 20000 20000 02002 20000 .05 .05 .05 .05 .24 .24 .24 .24
910 20000 20000 02002 20000 .05 .05 .05 .05 .24 .24 .24 .24
920 20000 20000 02002 20000 .05 .05 .05 .05 .24 .24 .24 .24
930 20000 20000 02002 20000 .05 .05 .05 .05 .24 .24 .24 .24
940 20000 20000 02002 20000 .05 .05 .05 .05 .24 .24 .24 .24
950 20000 20000 02002 20000 .05 .05 .05 .05 .24 .24 .24 .24
960 20000 20000 02002 20000 .05 .05 .05 .05 .24 .24 .24 .24
970 20000 20000 02002 20000 .05 .05 .05 .05 .24 .24 .24 .24
980 20000 20000 02002 20000 .05 .05 .05 .05 .24 .24 .24 .24
990 20000 20000 02002 20000 .05 .05 .05 .05 .24 .24 .24 .24
1000 20000 20000 02002 20000 .05 .05 .05 .05 .24 .24 .24 .24
1010 20000 20000 02002 20000 .05 .05 .05 .05 .24 .24 .24 .24
1020 20020 20000 02002 20000 -0.12 -0.12 -0.12 -0.12 .10 .10 .10 .10
1030 02200 20200 02002 02200 -0.04 -0.04 -0.04 -0.04 .21 .21 .21 .21
1040 00200 00200 02002 00200 .05 .05 .05 .05 .24 .24 .24 .24
1050 00200 00200 02002 00200 .05 .05 .05 .05 .24 .24 .24 .24
1060 00200 00200 02002 00200 .05 .05 .05 .05 .24 .24 .24 .24
1070 00200 00200 02002 00200 .05 .05 .05 .05 .24 .24 .24 .24
1080 00200 00200 02002 00200 .05 .05 .05 .05 .24 .24 .24 .24
1090 00200 00200 02002 00200 .05 .05 .05 .05 .24 .24 .24 .24
1100 20200 20200 02002 20200 -0.04 -0.04 -0.04 -0.04 .21 .21 .21 .21
1110 20200 20200 02002 20200 -0.04 -0.04 -0.04 -0.04 .21 .21 .21 .21
1120 20000 20000 02002 20000 .05 .05 .05 .05 .24 .24 .24 .24
1130 20000 20000 02002 20000 .05 .05 .05 .05 .24 .24 .24 .24
1140 20020 20000 02002 20000 -0.12 -0.12 -0.12 -0.12 .10 .10 .10 .10
1150 20020 20000 02002 20000 -0.12 -0.12 -0.12 -0.12 .10 .10 .10 .10
1160 20200 20200 02002 20200 -0.04 -0.04 -0.04 -0.04 .21 .21 .21 .21
1170 20200 20200 02002 20200 -0.04 -0.04 -0.04 -0.04 .21 .21 .21 .21
1180 02200 00200 02002 02200 .16 .16 .16 .16 .37 .37 .37 .37
1190 00200 00200 02002 00200 .05 .05 .05 .05 .24 .24 .24 .24
1200 00200 00200 02002 00200 .05 .05 .05 .05 .24 .24 .24 .24
1210 00200 00200 02002 00200 .05 .05 .05 .05 .24 .24 .24 .24
1220 00200 00200 02002 00200 .05 .05 .05 .05 .24 .24 .24 .24
1230 00200 00200 02002 00200 .05 .05 .05 .05 .24 .24 .24 .24
1240 00200 00200 02002 00200 .05 .05 .05 .05 .24 .24 .24 .24
1250 00200 00200 02002 00200 .05 .05 .05 .05 .24 .24 .24 .24
1260 00200 00200 02002 00200 .05 .05 .05 .05 .24 .24 .24 .24
1270 00201 00200 02022 00201 -0.07 -0.07 -0.08 -0.04 .18 .16 .14 .20
1280 00201 00200 02022 00201 -0.07 -0.07 -0.08 -0.04 .18 .16 .14 .20
1290 00201 00200 02022 00201 -0.07 -0.07 -0.08 -0.04 .18 .16 .14 .20
1300 00201 00201 02022 00201 .15 .06 .02 .24 .35 .26 .22 .41
1310 00201 00201 02022 00201 .15 .06 .02 .24 .35 .26 .22 .41
1320 00201 00201 02022 00201 .15 .06 .02 .24 .35 .26 .22 .41
1330 00201 00201 02022 00201 .15 .06 .02 .24 .35 .26 .22 .41
1340 00201 00201 02022 00201 .15 .06 .02 .24 .35 .26 .22 .41
1350 00201 00201 02022 00201 .15 .06 .02 .24 .35 .26 .22 .41
1360 00201 00201 02022 00201 .15 .06 .02 .24 .35 .26 .22 .41
1370 00201 00201 02022 00201 .15 .06 .02 .24 .35 .26 .22 .41
1380 00201 00201 02022 00201 .15 .06 .02 .24 .35 .26 .22 .41
1390 00201 00201 02022 00201 .15 .06 .02 .24 .35 .26 .22 .41
1400 00201 00201 02022 00201 .15 .06 .02 .24 .35 .26 .22 .41
1410 00202 00201 02022 00202 .10 .14 .12 .23 .29 .35 .33 .41
1420 00202 00202 02022 00202 .25 .25 .25 .25 .42 .42 .42 .42
1430 00202 00202 02022 00202 .25 .25 .25 .25 .42 .42 .42 .42
1440 00202 00202 02022 00202 .25 .25 .25 .25 .42 .42 .42 .42
1450 00202 00202 02022 00202 .25 .25 .25 .25 .42 .42 .42 .42
1460 00202 00202 02022 00202 .25 .25 .25 .25 .42 .42 .42 .42
1470 00202 00202 02022 00202 .25 .25 .25 .25 .42 .42 .42 .42
1480 00202 00202 02022 00202 .25 .25 .25 .25 .42 .42 .42 .42
1490 00202 00202 02022 00202 .25 .25 .25 .25 .42 .42 .42 .42
1500 00202 00202 02022 00202 .25 .25 .25 .25 .42 .42 .42 .42
1510 00202 00202 02022 00202 .25 .25 .25 .25 .42 .42 .42 .42
1520 00202 00202 02022 00202 .25 .25 .25 .25 .42 .42 .42 .42
1530 00202 00202 02022 00202 .25 .25 .25 .25 .42 .42 .42 .42
1540 00202 00242 02022 00202 .22 .20 .17 .25 .36 .29 .23 .37
1550 00202 00242 02022 00202 .22 .20 .17 .25 .36 .29 .23 .37
1560 00202 00242 02022 00202 .22 .20 .17 .25 .36 .29 .23 .37
1570 00202 00242 02022 00202 .22 .20 .17 .25 .36 .29 .23 .37
1580 02202 00242 02022 02202 .21 .16 .12 .22 .35 .24 .18 .34
1590 02202 00242 02022 02202 .21 .16 .12 .22 .35 .24 .18 .34
1600 20202 00242 02022 00202 -0.02 -0.05 -0.05 -0.03 .19 .11 .07 .17
1610 20022 20242 02022 20022 .05 .24 .24 .15 .26 .40 .39 .36
1620 20002 20002 02022 20002 .25 .25 .25 .25 .42 .42 .42 .42
1630 20000 20002 02022 20002 -0.04 -0.04 -0.04 -0.04 .21 .21 .21 .21
1640 20000 20000 02022 20000 -0.12 -0.12 -0.12 -0.12 .10 .10 .10 .10
1650 20000 20000 02022 20000 -0.12 -0.12 -0.12 -0.12 .10 .10 .10 .10
1660 20000 20000 02022 20000 -0.12 -0.12 -0.12 -0.12 .10 .10 .10 .10
1670 20000 20000 02022 20000 -0.12 -0.12 -0.12 -0.12 .10 .10 .10 .10
1680 20000 20000 02022 20000 -0.12 -0.12 -0.12 -0.12 .10 .10 .10 .10
1690 20000 20000 02022 20000 -0.12 -0.12 -0.12 -0.12 .10 .10 .10 .10
1700 20000 20000 02022 20000 -0.12 -0.12 -0.12 -0.12 .10 .10 .10 .10
1710 20000 20000 02022 20000 -0.12 -0.12 -0.12 -0.12 .10 .10 .10 .10
1720 20000 20000 02022 20000 -0.12 -0.12 -0.12 -0.12 .10 .10 .10 .10
1730 20000 20000 02022 20000 -0.12 -0.12 -0.12 -0.12 .10 .10 .10 .10
1740 20020 20000 02022 20020 -0.04 -0.04 -0.04 -0.04 .21 .21 .21 .21
1750 20020 20000 02022 20020 -0.04 -0.04 -0.04 -0.04 .21 .21 .21 .21
1760 20200 20200 02022 20200 -0.25 -0.25 -0.25 -0.25 .04 .04 .04 .04
1770 00200 00200 02022 00200 -0.12 -0.12 -0.12 -0.12 .10 .10 .10 .10
1780 00200 00200 02022 00200 -0.12 -0.12 -0.12 -0.12 .10 .10 .10 .10
1790 00200 00200 02022 00200 -0.12 -0.12 -0.12 -0.12 .10 .10 .10 .10
1800 00200 00200 02022 00200 -0.12 -0.12 -0.12 -0.12 .10 .10 .10 .10
1810 00200 00200 02022 00200 -0.12 -0.12 -0.12 -0.12 .10 .10 .10 .10
1820 00200 00200 02022 00200 -0.12 -0.12 -0.12 -0.12 .10 .10 .10 .10
1830 00200 00200 02022 00200 -0.12 -0.12 -0.12 -0.12 .10 .10 .10 .10
1840 00200 03200 02022 00200 -0.07 -0.00 1.0 -0.04 .09 .09 .08 .09
1850 00200 03200 02022 00200 -0.07 -0.00 1.0 -0.04 .09 .09 .08 .09
1860 00200 03200 02022 00200 -0.07 -0.00 1.0 -0.04 .09 .09 .08 .09
1870 00200 03200 02022 00200 -0.07 -0.00 1.0 -0.04 .09 .09 .08 .09
1880 00201 03201 02022 00201 .14 .08 .07 .24 .30 .18 .14 .36
1890 00201 03201 02022 00201 .14 .08 .07 .24 .30 .18 .14 .36
1900 00201 03201 02022 00201 .14 .08 .07 .24 .30 .18 .14 .36
1910 00201 03201 02022 00201 .14 .08 .07 .24 .30 .18 .14 .36
1920 00202 03202 02022 00202 .22 .20 .21 .25 .36 .29 .30 .37
1930 00202 03202 02022 00202 .22 .20 .21 .25 .36 .29 .30 .37
1940 00202 03202 02022 00202 .22 .20 .21 .25 .36 .29 .30 .37
1950 00202 00202 02022 00202 .25 .25 .25 .25 .42 .42 .42 .42
1960 00202 00202 02022 00202 .25 .25 .25 .25 .42 .42 .42 .42
1970 00202 00202 00022 00202 .48 .48 .48 .48 .60 .60 .60 .60
1980 00202 00202 00022 00202 .48 .48 .48 .48 .60 .60 .60 .60
1990 00202 00202 00022 00202 .48 .48 .48 .48 .60 .60 .60 .60
2000 00202 00202 00022 00202 .48 .48 .48 .48 .60 .60 .60 .60
2010 00202 00202 00022 00202 .48 .48 .48 .48 .60 .60 .60 .60
2020 00202 00202 00022 00202 .48 .48 .48 .48 .60 .60 .60 .60
2030 00202 00202 00022 00202 .48 .48 .48 .48 .60 .60 .60 .60
2040 00202 00202 00022 00202 .48 .48 .48 .48 .60 .60 .60 .60
2050 00202 00202 00022 00202 .48 .48 .48 .48 .60 .60 .60 .60
2060 00202 00202 00022 00202 .48 .48 .48 .48 .60 .60 .60 .60
2070 20202 00202 00022 00202 .25 .25 .25 .25 .42 .42 .42 .42
2080 20022 20002 00022 20022 .50 .50 .50 .50 .62 .62 .62 .62
2090 20002 20002 00022 20002 .48 .48 .48 .48 .60 .60 .60 .60
2100 20000 20000 00022 20000 .05 .05 .05 .05 .24 .24 .24 .24
2110 20000 20000 00022 20000 .05 .05 .05 .05 .24 .24 .24 .24
2120 20000 20000 00022 20000 .05 .05 .05 .05 .24 .24 .24 .24
2130 20000 20000 00022 20000 .05 .05 .05 .05 .24 .24 .24 .24
2140 20000 20000 00022 20000 .05 .05 .05 .05 .24 .24 .24 .24
2150 20000 20000 00022 20000 .05 .05 .05 .05 .24 .24 .24 .24
2160 20000 20000 00022 20000 .05 .05 .05 .05 .24 .24 .24 .24
2170 20000 20000 00022 20000 .05 .05 .05 .05 .24 .24 .24 .24
2180 20000 20000 00022 20000 .05 .05 .05 .05 .24 .24 .24 .24
2190 20000 20000 00022 20000 .05 .05 .05 .05 .24 .24 .24 .24
2200 20000 20000 00022 20000 .05 .05 .05 .05 .24 .24 .24 .24
2210 20000 20000 00022 20000 .05 .05 .05 .05 .24 .24 .24 .24
2220 20200 20200 00022 20200 -0.04 -0.04 -0.04 -0.04 .21 .21 .21 .21
2230 00200 00200 00022 00200 .05 .05 .05 .05 .24 .24 .24 .24
2240 00200 00200 00022 00200 .05 .05 .05 .05 .24 .24 .24 .24
2250 00200 00200 00022 00200 .05 .05 .05 .05 .24 .24 .24 .24
2260 00200 00200 00022 00200 .05 .05 .05 .05 .24 .24 .24 .24
2270 00200 00200 00022 00200 .05 .05 .05 .05 .24 .24 .24 .24
2280 00201 00201 00022 00201 .32 .33 .26 .46 .49 .48 .41 .59
2290 00201 00201 00022 00201 .32 .33 .26 .46 .49 .48 .41 .59
2300 00202 00201 00022 00202 .29 .39 .35 .46 .45 .55 .52 .59
2310 00202 00202 00022 00202 .48 .48 .48 .48 .60 .60 .60 .60
2320 00002 00002 00022 00002 .68 .68 .68 .68 .75 .75 .75 .75
2330 00002 00002 00022 00002 .68 .68 .68 .68 .75 .75 .75 .75
2340 00002 00002 00002 00002 1.00 1.00 1.00 1.00 1.00 1.00 1.00 1.00
2350 00042 04002 00002 00002 .50 .22 .03 .45 .59 .37 .14 .55
2360 04042 04042 00002 04042 .59 .35 .32 .51 .69 .51 .50 .63
2370 04042 04042 00002 04042 .59 .35 .32 .51 .69 .51 .50 .63
