0 00002 00002 00041 00002 .43 .54 .19 .65 .54 .63 .30 .72
10 00002 00002 00001 00002 .63 .98 .87 .96 .72 .99 .91 .97
20 00002 00002 00001 00002 .63 .98 .87 .96 .72 .99 .91 .97
30 00022 00002 00001 00002 .40 .62 .52 .65 .52 .71 .63 .72
40 00022 00002 00001 00002 .40 .62 .52 .65 .52 .71 .63 .72
50 00002 00002 00001 00002 .63 .98 .87 .96 .72 .99 .91 .97
60 00002 00002 00001 00002 .63 .98 .87 .96 .72 .99 .91 .97
70 00002 00002 00001 00002 .63 .98 .87 .96 .72 .99 .91 .97
80 00002 00002 00001 00002 .63 .98 .87 .96 .72 .99 .91 .97
90 00022 00002 00001 00002 .40 .62 .52 .65 .52 .71 .63 .72
100 00022 00022 00201 00022 .29 .39 .35 .46 .45 .55 .52 .59
110 00022 00022 00201 00022 .29 .39 .35 .46 .45 .55 .52 .59
120 00202 00202 00201 00202 .76 .96 .93 .97 .82 .97 .95 .98
130 00200 00200 00200 00200 1.00 1.00 1.00 1.00 1.00 1.00 1.00 1.00
140 00200 00200 00200 00200 1.00 1.00 1.00 1.00 1.00 1.00 1.00 1.00
150 00200 00200 00200 00200 1.00 1.00 1.00 1.00 1.00 1.00 1.00 1.00
160 00200 00200 00200 00200 1.00 1.00 1.00 1.00 1.00 1.00 1.00 1.00
170 00200 00200 00200 00200 1.00 1.00 1.00 1.00 1.00 1.00 1.00 1.00
180 00200 00200 00200 00200 1.00 1.00 1.00 1.00 1.00 1.00 1.00 1.00
190 00200 00200 00200 00200 1.00 1.00 1.00 1.00 1.00 1.00 1.00 1.00
200 00200 00200 00200 00200 1.00 1.00 1.00 1.00 1.00 1.00 1.00 1.00
210 00200 00200 00200 00200 1.00 1.00 1.00 1.00 1.00 1.00 1.00 1.00
220 00200 00200 00200 00200 1.00 1.00 1.00 1.00 1.00 1.00 1.00 1.00
230 00200 00200 00200 00200 1.00 1.00 1.00 1.00 1.00 1.00 1.00 1.00
240 20200 00200 00200 00200 .68 .68 .68 .68 .75 .75 .75 .75
250 20200 20200 00200 20200 .72 .72 .72 .72 .79 .79 .79 .79
260 20020 20000 20000 20000 .68 .68 .68 .68 .75 .75 .75 .75
270 20000 20000 20000 20000 1.00 1.00 1.00 1.00 1.00 1.00 1.00 1.00
280 20000 20000 20000 20000 1.00 1.00 1.00 1.00 1.00 1.00 1.00 1.00
290 20000 20000 20000 20000 1.00 1.00 1.00 1.00 1.00 1.00 1.00 1.00
300 20000 20000 20000 20000 1.00 1.00 1.00 1.00 1.00 1.00 1.00 1.00
310 20000 20000 20000 20000 1.00 1.00 1.00 1.00 1.00 1.00 1.00 1.00
320 20000 20000 20000 20000 1.00 1.00 1.00 1.00 1.00 1.00 1.00 1.00
330 20000 20000 20000 20000 1.00 1.00 1.00 1.00 1.00 1.00 1.00 1.00
340 20000 20000 20000 20000 1.00 1.00 1.00 1.00 1.00 1.00 1.00 1.00
350 20000 20000 20000 20000 1.00 1.00 1.00 1.00 1.00 1.00 1.00 1.00
360 20000 20000 20000 20000 1.00 1.00 1.00 1.00 1.00 1.00 1.00 1.00
370 20000 20000 20000 20000 1.00 1.00 1.00 1.00 1.00 1.00 1.00 1.00
380 20020 20000 20000 20000 .68 .68 .68 .68 .75 .75 .75 .75
390 20020 20000 20000 20000 .68 .68 .68 .68 .75 .75 .75 .75
400 20020 20000 20000 20000 .68 .68 .68 .68 .75 .75 .75 .75
410 20020 20000 20000 20000 .68 .68 .68 .68 .75 .75 .75 .75
420 20020 20000 20000 20000 .68 .68 .68 .68 .75 .75 .75 .75
430 20200 20200 20200 20200 1.00 1.00 1.00 1.00 1.00 1.00 1.00 1.00
440 02200 20200 20200 20200 .48 .48 .48 .48 .60 .60 .60 .60
450 00200 00200 00200 00200 1.00 1.00 1.00 1.00 1.00 1.00 1.00 1.00
460 00200 00200 00200 00200 1.00 1.00 1.00 1.00 1.00 1.00 1.00 1.00
470 00200 00200 00200 00200 1.00 1.00 1.00 1.00 1.00 1.00 1.00 1.00
480 00200 00200 00200 00200 1.00 1.00 1.00 1.00 1.00 1.00 1.00 1.00
490 00200 00200 00200 00200 1.00 1.00 1.00 1.00 1.00 1.00 1.00 1.00
500 00200 00200 00200 00200 1.00 1.00 1.00 1.00 1.00 1.00 1.00 1.00
510 00200 00200 00200 00200 1.00 1.00 1.00 1.00 1.00 1.00 1.00 1.00
520 00200 00200 00200 00200 1.00 1.00 1.00 1.00 1.00 1.00 1.00 1.00
530 00200 00201 00200 00200 .70 .80 .90 .68 .76 .84 .93 .75
540 00201 00201 00201 00201 1.00 1.00 1.00 1.00 1.00 1.00 1.00 1.00
550 00201 00201 00201 00201 1.00 1.00 1.00 1.00 1.00 1.00 1.00 1.00
560 00201 00201 00201 00201 1.00 1.00 1.00 1.00 1.00 1.00 1.00 1.00
570 00202 00202 00202 00202 1.00 1.00 1.00 1.00 1.00 1.00 1.00 1.00
580 00202 00202 00202 00202 1.00 1.00 1.00 1.00 1.00 1.00 1.00 1.00
590 00202 00202 00202 00202 1.00 1.00 1.00 1.00 1.00 1.00 1.00 1.00
600 00202 00202 00202 00202 1.00 1.00 1.00 1.00 1.00 1.00 1.00 1.00
610 00202 00202 00202 00202 1.00 1.00 1.00 1.00 1.00 1.00 1.00 1.00
620 00202 00202 00202 00202 1.00 1.00 1.00 1.00 1.00 1.00 1.00 1.00
630 00202 00202 00202 00202 1.00 1.00 1.00 1.00 1.00 1.00 1.00 1.00
640 00202 00202 00202 00202 1.00 1.00 1.00 1.00 1.00 1.00 1.00 1.00
650 00202 00202 00202 00202 1.00 1.00 1.00 1.00 1.00 1.00 1.00 1.00
660 00202 00202 00202 00202 1.00 1.00 1.00 1.00 1.00 1.00 1.00 1.00
670 00202 00202 00202 00202 1.00 1.00 1.00 1.00 1.00 1.00 1.00 1.00
680 00202 00202 00202 00202 1.00 1.00 1.00 1.00 1.00 1.00 1.00 1.00
690 00202 00202 00202 00202 1.00 1.00 1.00 1.00 1.00 1.00 1.00 1.00
700 00202 00202 00202 00202 1.00 1.00 1.00 1.00 1.00 1.00 1.00 1.00
710 00202 00202 00202 00202 1.00 1.00 1.00 1.00 1.00 1.00 1.00 1.00
720 00202 00202 20202 00202 .75 .75 .75 .75 .81 .81 .81 .81
730 00202 00202 20202 00202 .75 .75 .75 .75 .81 .81 .81 .81
740 00202 00202 00202 00202 1.00 1.00 1.00 1.00 1.00 1.00 1.00 1.00
750 00202 00202 00202 00202 1.00 1.00 1.00 1.00 1.00 1.00 1.00 1.00
760 00202 00242 00202 00202 .77 .53 .35 .75 .82 .64 .46 .81
770 00202 00242 00242 00242 .79 .56 .49 .76 .85 .67 .63 .81
780 00202 00242 00242 00242 .79 .56 .49 .76 .85 .67 .63 .81
790 00202 00242 00242 00242 .79 .56 .49 .76 .85 .67 .63 .81
800 00202 00242 00242 00242 .79 .56 .49 .76 .85 .67 .63 .81
810 02202 00242 00242 00242 .59 .35 .33 .50 .69 .52 .51 .62
820 02202 00242 00242 00242 .59 .35 .33 .50 .69 .52 .51 .62
830 02202 00242 00242 00242 .59 .35 .33 .50 .69 .52 .51 .62
840 20202 00242 00242 00242 .59 .35 .33 .50 .69 .52 .51 .62
850 20202 00242 00242 00242 .59 .35 .33 .50 .69 .52 .51 .62
860 02202 00242 00242 00242 .59 .35 .33 .50 .69 .52 .51 .62
870 02202 00242 00242 00242 .59 .35 .33 .50 .69 .52 .51 .62
880 02202 00242 00242 00242 .59 .35 .33 .50 .69 .52 .51 .62
890 02202 00242 00242 00242 .59 .35 .33 .50 .69 .52 .51 .62
900 02202 00242 00242 00242 .59 .35 .33 .50 .69 .52 .51 .62
910 20202 20242 20242 20242 .77 .37 .35 .70 .83 .52 .51 .76
920 20022 20042 20042 20042 .79 .92 .87 .97 .85 .94 .90 .98
930 20002 20002 20002 20002 1.00 1.00 1.00 1.00 1.00 1.00 1.00 1.00
940 20002 20002 20002 20002 1.00 1.00 1.00 1.00 1.00 1.00 1.00 1.00
950 20002 20002 20002 20002 1.00 1.00 1.00 1.00 1.00 1.00 1.00 1.00
960 20002 20002 20002 20002 1.00 1.00 1.00 1.00 1.00 1.00 1.00 1.00
970 20002 20002 20002 20002 1.00 1.00 1.00 1.00 1.00 1.00 1.00 1.00
980 20002 20002 20002 20002 1.00 1.00 1.00 1.00 1.00 1.00 1.00 1.00
990 20000 20000 20000 20000 1.00 1.00 1.00 1.00 1.00 1.00 1.00 1.00
1000 20000 20000 20000 20000 1.00 1.00 1.00 1.00 1.00 1.00 1.00 1.00
1010 20000 20000 20000 20000 1.00 1.00 1.00 1.00 1.00 1.00 1.00 1.00
1020 20000 20000 20000 20000 1.00 1.00 1.00 1.00 1.00 1.00 1.00 1.00
1030 20000 20000 20000 20000 1.00 1.00 1.00 1.00 1.00 1.00 1.00 1.00
1040 20000 20000 20000 20000 1.00 1.00 1.00 1.00 1.00 1.00 1.00 1.00
1050 20000 20000 20000 20000 1.00 1.00 1.00 1.00 1.00 1.00 1.00 1.00
1060 20000 20000 20000 20000 1.00 1.00 1.00 1.00 1.00 1.00 1.00 1.00
1070 20000 20000 20000 20000 1.00 1.00 1.00 1.00 1.00 1.00 1.00 1.00
1080 20000 20000 20000 20000 1.00 1.00 1.00 1.00 1.00 1.00 1.00 1.00
1090 20000 20000 20000 20000 1.00 1.00 1.00 1.00 1.00 1.00 1.00 1.00
1100 20000 20000 20000 20000 1.00 1.00 1.00 1.00 1.00 1.00 1.00 1.00
1110 20000 20030 20030 20030 .75 .61 .59 .72 .82 .71 .70 .79
1120 20300 20300 20300 20300 1.00 1.00 1.00 1.00 1.00 1.00 1.00 1.00
1130 20300 20300 20300 20300 1.00 1.00 1.00 1.00 1.00 1.00 1.00 1.00
1140 20300 20300 20300 20300 1.00 1.00 1.00 1.00 1.00 1.00 1.00 1.00
1150 20300 20300 20300 20300 1.00 1.00 1.00 1.00 1.00 1.00 1.00 1.00
1160 20300 20300 20300 20300 1.00 1.00 1.00 1.00 1.00 1.00 1.00 1.00
1170 20020 20300 20000 20000 .48 .32 .28 .44 .57 .45 .40 .55
1180 20000 20000 20000 20000 1.00 1.00 1.00 1.00 1.00 1.00 1.00 1.00
1190 20000 20000 20000 20000 1.00 1.00 1.00 1.00 1.00 1.00 1.00 1.00
1200 20000 20000 20000 20000 1.00 1.00 1.00 1.00 1.00 1.00 1.00 1.00
1210 20000 20000 20000 20000 1.00 1.00 1.00 1.00 1.00 1.00 1.00 1.00
1220 20000 20000 20000 20000 1.00 1.00 1.00 1.00 1.00 1.00 1.00 1.00
1230 20000 20000 20000 20000 1.00 1.00 1.00 1.00 1.00 1.00 1.00 1.00
1240 20000 20000 20000 20000 1.00 1.00 1.00 1.00 1.00 1.00 1.00 1.00
1250 20000 20000 20000 20000 1.00 1.00 1.00 1.00 1.00 1.00 1.00 1.00
1260 20020 20000 20000 20000 .68 .68 .68 .68 .75 .75 .75 .75
1270 20020 20000 20000 20000 .68 .68 .68 .68 .75 .75 .75 .75
1280 20020 20000 20020 20020 .72 .72 .72 .72 .79 .79 .79 .79
1290 20020 20000 20020 20020 .72 .72 .72 .72 .79 .79 .79 .79
1300 20200 20000 20020 20000 .44 .44 .44 .44 .55 .55 .55 .55
1310 20200 20000 20020 20000 .44 .44 .44 .44 .55 .55 .55 .55
1320 20200 20000 20020 20000 .44 .44 .44 .44 .55 .55 .55 .55
1330 20200 20000 20020 20000 .44 .44 .44 .44 .55 .55 .55 .55
1340 20200 20200 20200 20200 1.00 1.00 1.00 1.00 1.00 1.00 1.00 1.00
1350 02200 20200 00200 00200 .44 .44 .44 .44 .55 .55 .55 .55
1360 00200 00200 00200 00200 1.00 1.00 1.00 1.00 1.00 1.00 1.00 1.00
1370 00200 00200 00200 00200 1.00 1.00 1.00 1.00 1.00 1.00 1.00 1.00
1380 00200 00200 00200 00200 1.00 1.00 1.00 1.00 1.00 1.00 1.00 1.00
1390 00200 00200 00200 00200 1.00 1.00 1.00 1.00 1.00 1.00 1.00 1.00
1400 00200 00200 00200 00200 1.00 1.00 1.00 1.00 1.00 1.00 1.00 1.00
1410 00200 00200 00200 00200 1.00 1.00 1.00 1.00 1.00 1.00 1.00 1.00
1420 00200 00200 00200 00200 1.00 1.00 1.00 1.00 1.00 1.00 1.00 1.00
1430 00200 00200 00200 00200 1.00 1.00 1.00 1.00 1.00 1.00 1.00 1.00
1440 00200 00200 00200 00200 1.00 1.00 1.00 1.00 1.00 1.00 1.00 1.00
1450 00200 00200 00200 00200 1.00 1.00 1.00 1.00 1.00 1.00 1.00 1.00
1460 00200 00200 00200 00200 1.00 1.00 1.00 1.00 1.00 1.00 1.00 1.00
1470 00200 00200 00200 00200 1.00 1.00 1.00 1.00 1.00 1.00 1.00 1.00
1480 00201 00201 00201 00201 1.00 1.00 1.00 1.00 1.00 1.00 1.00 1.00
1490 00201 00201 00201 00201 1.00 1.00 1.00 1.00 1.00 1.00 1.00 1.00
1500 00202 00201 00202 00202 .76 .96 .93 .97 .82 .97 .95 .98
1510 00202 00201 00202 00202 .76 .96 .93 .97 .82 .97 .95 .98
1520 00202 00202 00202 00202 1.00 1.00 1.00 1.00 1.00 1.00 1.00 1.00
1530 00202 00202 00202 00202 1.00 1.00 1.00 1.00 1.00 1.00 1.00 1.00
1540 00202 00202 00202 00202 1.00 1.00 1.00 1.00 1.00 1.00 1.00 1.00
1550 00202 00202 00202 00202 1.00 1.00 1.00 1.00 1.00 1.00 1.00 1.00
1560 00202 00202 00202 00202 1.00 1.00 1.00 1.00 1.00 1.00 1.00 1.00
1570 00202 00202 00202 00202 1.00 1.00 1.00 1.00 1.00 1.00 1.00 1.00
1580 00202 00202 00202 00202 1.00 1.00 1.00 1.00 1.00 1.00 1.00 1.00
1590 00202 00202 00202 00202 1.00 1.00 1.00 1.00 1.00 1.00 1.00 1.00
1600 00202 00242 00202 00202 .77 .53 .35 .75 .82 .64 .46 .81
1610 00202 00242 00202 00202 .77 .53 .35 .75 .82 .64 .46 .81
1620 00202 00242 00202 00202 .77 .53 .35 .75 .82 .64 .46 .81
1630 00202 00242 00202 00202 .77 .53 .35 .75 .82 .64 .46 .81
1640 00202 00242 00202 00202 .77 .53 .35 .75 .82 .64 .46 .81
1650 00202 00242 00202 00202 .77 .53 .35 .75 .82 .64 .46 .81
1660 00202 00242 00202 00202 .77 .53 .35 .75 .82 .64 .46 .81
1670 00202 00242 00202 00202 .77 .53 .35 .75 .82 .64 .46 .81
1680 00202 00242 00202 00202 .77 .53 .35 .75 .82 .64 .46 .81
1690 02202 00242 00202 00202 .56 .29 .17 .51 .65 .45 .32 .62
1700 20202 00242 20202 20202 .55 .23 .12 .49 .64 .39 .27 .61
1710 20202 20242 20202 20202 .76 .36 .24 .73 .82 .51 .39 .79
1720 20002 20002 20002 20002 1.00 1.00 1.00 1.00 1.00 1.00 1.00 1.00
1730 20002 20002 20002 20002 1.00 1.00 1.00 1.00 1.00 1.00 1.00 1.00
1740 20002 20002 20002 20002 1.00 1.00 1.00 1.00 1.00 1.00 1.00 1.00
1750 20002 20002 20002 20002 1.00 1.00 1.00 1.00 1.00 1.00 1.00 1.00
1760 20000 20002 20002 20002 .72 .72 .72 .72 .79 .79 .79 .79
1770 20000 20000 20000 20000 1.00 1.00 1.00 1.00 1.00 1.00 1.00 1.00
1780 20000 20000 20000 20000 1.00 1.00 1.00 1.00 1.00 1.00 1.00 1.00
1790 20000 20000 20000 20000 1.00 1.00 1.00 1.00 1.00 1.00 1.00 1.00
1800 20000 20000 20000 20000 1.00 1.00 1.00 1.00 1.00 1.00 1.00 1.00
1810 20000 20000 20000 20000 1.00 1.00 1.00 1.00 1.00 1.00 1.00 1.00
1820 20000 20000 20000 20000 1.00 1.00 1.00 1.00 1.00 1.00 1.00 1.00
1830 20000 20000 20000 20000 1.00 1.00 1.00 1.00 1.00 1.00 1.00 1.00
1840 20000 20000 20000 20000 1.00 1.00 1.00 1.00 1.00 1.00 1.00 1.00
1850 20000 20000 20000 20000 1.00 1.00 1.00 1.00 1.00 1.00 1.00 1.00
1860 20000 20000 20000 20000 1.00 1.00 1.00 1.00 1.00 1.00 1.00 1.00
1870 20000 20000 20000 20000 1.00 1.00 1.00 1.00 1.00 1.00 1.00 1.00
1880 20000 20000 20000 20000 1.00 1.00 1.00 1.00 1.00 1.00 1.00 1.00
1890 20000 20000 20000 20000 1.00 1.00 1.00 1.00 1.00 1.00 1.00 1.00
1900 20000 20000 20000 20000 1.00 1.00 1.00 1.00 1.00 1.00 1.00 1.00
1910 20000 20000 20000 20000 1.00 1.00 1.00 1.00 1.00 1.00 1.00 1.00
1920 20000 20000 20000 20000 1.00 1.00 1.00 1.00 1.00 1.00 1.00 1.00
1930 20000 20000 20000 20000 1.00 1.00 1.00 1.00 1.00 1.00 1.00 1.00
1940 20000 20000 20000 20000 1.00 1.00 1.00 1.00 1.00 1.00 1.00 1.00
1950 20000 20000 20000 20000 1.00 1.00 1.00 1.00 1.00 1.00 1.00 1.00
1960 20000 20000 20000 20000 1.00 1.00 1.00 1.00 1.00 1.00 1.00 1.00
1970 20000 20000 20000 20000 1.00 1.00 1.00 1.00 1.00 1.00 1.00 1.00
1980 20000 20000 20000 20000 1.00 1.00 1.00 1.00 1.00 1.00 1.00 1.00
1990 20200 20200 20200 20200 1.00 1.00 1.00 1.00 1.00 1.00 1.00 1.00
2000 00200 00200 00200 00200 1.00 1.00 1.00 1.00 1.00 1.00 1.00 1.00
2010 00200 00200 00200 00200 1.00 1.00 1.00 1.00 1.00 1.00 1.00 1.00
2020 00200 00200 00200 00200 1.00 1.00 1.00 1.00 1.00 1.00 1.00 1.00
2030 00200 00200 00200 00200 1.00 1.00 1.00 1.00 1.00 1.00 1.00 1.00
2040 00200 00200 00200 00200 1.00 1.00 1.00 1.00 1.00 1.00 1.00 1.00
2050 00200 00200 00200 00200 1.00 1.00 1.00 1.00 1.00 1.00 1.00 1.00
2060 00200 00200 00200 00200 1.00 1.00 1.00 1.00 1.00 1.00 1.00 1.00
2070 00200 00200 00200 00200 1.00 1.00 1.00 1.00 1.00 1.00 1.00 1.00
2080 00200 00200 00200 00200 1.00 1.00 1.00 1.00 1.00 1.00 1.00 1.00
2090 00201 00200 00201 00201 .75 .83 .90 .72 .82 .87 .93 .79
2100 00201 00201 00201 00201 1.00 1.00 1.00 1.00 1.00 1.00 1.00 1.00
2110 00201 00201 00201 00201 1.00 1.00 1.00 1.00 1.00 1.00 1.00 1.00
2120 00202 00201 00202 00202 .76 .96 .93 .97 .82 .97 .95 .98
2130 00202 00202 00202 00202 1.00 1.00 1.00 1.00 1.00 1.00 1.00 1.00
2140 00202 00202 00202 00202 1.00 1.00 1.00 1.00 1.00 1.00 1.00 1.00
2150 00202 00202 00202 00202 1.00 1.00 1.00 1.00 1.00 1.00 1.00 1.00
2160 00202 00202 00202 00202 1.00 1.00 1.00 1.00 1.00 1.00 1.00 1.00
2170 00202 00202 00202 00202 1.00 1.00 1.00 1.00 1.00 1.00 1.00 1.00
2180 00202 00202 00202 00202 1.00 1.00 1.00 1.00 1.00 1.00 1.00 1.00
2190 00202 00202 00202 00202 1.00 1.00 1.00 1.00 1.00 1.00 1.00 1.00
2200 00202 00202 00202 00202 1.00 1.00 1.00 1.00 1.00 1.00 1.00 1.00
2210 00202 00202 00202 00202 1.00 1.00 1.00 1.00 1.00 1.00 1.00 1.00
2220 00202 00202 00202 00202 1.00 1.00 1.00 1.00 1.00 1.00 1.00 1.00
2230 00202 00202 00202 00202 1.00 1.00 1.00 1.00 1.00 1.00 1.00 1.00
2240 00202 00202 00202 00202 1.00 1.00 1.00 1.00 1.00 1.00 1.00 1.00
2250 00202 00202 00202 00202 1.00 1.00 1.00 1.00 1.00 1.00 1.00 1.00
2260 00202 00202 00202 00202 1.00 1.00 1.00 1.00 1.00 1.00 1.00 1.00
2270 00202 00202 00202 00202 1.00 1.00 1.00 1.00 1.00 1.00 1.00 1.00
2280 00202 00202 00202 00202 1.00 1.00 1.00 1.00 1.00 1.00 1.00 1.00
2290 00202 00202 00202 00202 1.00 1.00 1.00 1.00 1.00 1.00 1.00 1.00
2300 00202 00242 00202 00202 .77 .53 .35 .75 .82 .64 .46 .81
2310 00202 00242 00242 00242 .79 .56 .49 .76 .85 .67 .63 .81
2320 00202 00242 00242 00242 .79 .56 .49 .76 .85 .67 .63 .81
2330 00202 00242 00242 00242 .79 .56 .49 .76 .85 .67 .63 .81
2340 00202 00242 00242 00242 .79 .56 .49 .76 .85 .67 .63 .81
2350 00202 03242 00242 00242 .62 .19 .22 .50 .71 .40 .42 .62
2360 00202 00242 00242 00242 .79 .56 .49 .76 .85 .67 .63 .81
2370 00202 00242 00242 00242 .79 .56 .49 .76 .85 .67 .63 .81
2380 00202 00242 00242 00242 .79 .56 .49 .76 .85 .67 .63 .81
2390 00202 00242 00242 00242 .79 .56 .49 .76 .85 .67 .63 .81
2400 00202 04242 03242 00242 .55 .17 .16 .46 .62 .28 .28 .53
2410 00202 04242 03242 00242 .55 .17 .16 .46 .62 .28 .28 .53
2420 20202 24242 03242 20242 .31 -0.19 -0.24 -0.08 .43 -0.06 -0.07 .09
2430 20202 24242 23242 20242 .46 -0.25 -0.33 .04 .56 -0.08 -0.10 .22
2440 20002 20042 20002 20002 .77 .53 .35 .75 .82 .64 .46 .81
2450 20002 20002 20002 20002 1.00 1.00 1.00 1.00 1.00 1.00 1.00 1.00
2460 20002 20002 20002 20002 1.00 1.00 1.00 1.00 1.00 1.00 1.00 1.00
2470 20002 20002 20002 20002 1.00 1.00 1.00 1.00 1.00 1.00 1.00 1.00
2480 20002 20002 20002 20002 1.00 1.00 1.00 1.00 1.00 1.00 1.00 1.00
2490 20000 20000 20000 20000 1.00 1.00 1.00 1.00 1.00 1.00 1.00 1.00
2500 20000 20000 20000 20000 1.00 1.00 1.00 1.00 1.00 1.00 1.00 1.00
2510 20000 20000 20000 20000 1.00 1.00 1.00 1.00 1.00 1.00 1.00 1.00
2520 20000 20000 20000 20000 1.00 1.00 1.00 1.00 1.00 1.00 1.00 1.00
2530 20000 20000 20000 20000 1.00 1.00 1.00 1.00 1.00 1.00 1.00 1.00
2540 20000 20000 20000 20000 1.00 1.00 1.00 1.00 1.00 1.00 1.00 1.00
2550 20000 20000 20000 20000 1.00 1.00 1.00 1.00 1.00 1.00 1.00 1.00
2560 20000 20000 20000 20000 1.00 1.00 1.00 1.00 1.00 1.00 1.00 1.00
2570 20000 20000 20000 20000 1.00 1.00 1.00 1.00 1.00 1.00 1.00 1.00
2580 20000 20000 20000 20000 1.00 1.00 1.00 1.00 1.00 1.00 1.00 1.00
2590 20000 20000 20000 20000 1.00 1.00 1.00 1.00 1.00 1.00 1.00 1.00
2600 20000 20000 20000 20000 1.00 1.00 1.00 1.00 1.00 1.00 1.00 1.00
2610 20000 20000 20000 20000 1.00 1.00 1.00 1.00 1.00 1.00 1.00 1.00
2620 20000 20000 20000 20000 1.00 1.00 1.00 1.00 1.00 1.00 1.00 1.00
2630 20000 20000 20000 20000 1.00 1.00 1.00 1.00 1.00 1.00 1.00 1.00
2640 20000 20000 20030 20000 .70 .55 .46 .68 .76 .64 .55 .75
2650 20000 20000 20030 20000 .70 .55 .46 .68 .76 .64 .55 .75
2660 20000 20000 20030 20000 .70 .55 .46 .68 .76 .64 .55 .75
2670 20000 20000 00230 20000 .11 .01 -0.02 .05 .28 .19 .15 .24
2680 20200 20200 00230 20200 .53 .34 .32 .48 .63 .48 .45 .61
2690 00200 00200 00230 00200 .70 .55 .46 .68 .76 .64 .55 .75
2700 00200 00200 00230 00200 .70 .55 .46 .68 .76 .64 .55 .75
2710 00200 00200 00230 00200 .70 .55 .46 .68 .76 .64 .55 .75
2720 00200 00200 00230 00200 .70 .55 .46 .68 .76 .64 .55 .75
2730 03200 03200 03230 03200 .79 .67 .68 .75 .84 .75 .75 .81
2740 03200 03200 03200 03200 1.00 1.00 1.00 1.00 1.00 1.00 1.00 1.00
2750 03200 03200 03200 03200 1.00 1.00 1.00 1.00 1.00 1.00 1.00 1.00
2760 03200 03200 03200 03200 1.00 1.00 1.00 1.00 1.00 1.00 1.00 1.00
2770 03200 03200 03200 03200 1.00 1.00 1.00 1.00 1.00 1.00 1.00 1.00
2780 03200 03200 03200 03200 1.00 1.00 1.00 1.00 1.00 1.00 1.00 1.00
2790 03200 03200 03201 03200 .80 .92 .96 .76 .85 .94 .97 .81
2800 03200 03200 03201 03200 .80 .92 .96 .76 .85 .94 .97 .81
2810 03201 03201 03201 03201 1.00 1.00 1.00 1.00 1.00 1.00 1.00 1.00
2820 03201 03201 03201 03201 1.00 1.00 1.00 1.00 1.00 1.00 1.00 1.00
2830 03202 03201 03202 03202 .82 .97 .96 .97 .86 .97 .97 .98
2840 03202 03201 03202 03202 .82 .97 .96 .97 .86 .97 .97 .98
2850 03202 03201 03202 03202 .82 .97 .96 .97 .86 .97 .97 .98
2860 03202 03201 03202 03202 .82 .97 .96 .97 .86 .97 .97 .98
2870 03202 03202 03202 03202 1.00 1.00 1.00 1.00 1.00 1.00 1.00 1.00
2880 03202 03202 03202 03202 1.00 1.00 1.00 1.00 1.00 1.00 1.00 1.00
2890 03202 03202 03202 03202 1.00 1.00 1.00 1.00 1.00 1.00 1.00 1.00
2900 03202 03202 03202 03202 1.00 1.00 1.00 1.00 1.00 1.00 1.00 1.00
2910 03202 03202 03202 03202 1.00 1.00 1.00 1.00 1.00 1.00 1.00 1.00
2920 03202 03202 00202 03202 .79 .56 .59 .75 .85 .67 .69 .81
2930 00202 03202 00202 00202 .77 .53 .53 .75 .82 .64 .63 .81
2940 00202 00242 00242 00242 .79 .56 .49 .76 .85 .67 .63 .81
2950 00202 00242 00242 00242 .79 .56 .49 .76 .85 .67 .63 .81
2960 00202 00242 00242 00242 .79 .56 .49 .76 .85 .67 .63 .81
2970 00202 00242 00242 00242 .79 .56 .49 .76 .85 .67 .63 .81
2980 00202 00242 00242 00242 .79 .56 .49 .76 .85 .67 .63 .81
2990 00202 00242 00242 00242 .79 .56 .49 .76 .85 .67 .63 .81
3000 00202 00242 00232 00202 .70 .56 .51 .75 .73 .54 .47 .75
3010 02202 00242 00232 00202 .49 .35 .33 .49 .57 .37 .33 .56
3020 20202 20242 20232 20202 .67 .37 .37 .69 .71 .36 .35 .70
3030 20022 20042 20002 20022 .67 .61 .50 .74 .71 .72 .63 .80
3040 20002 20002 20002 20002 1.00 1.00 1.00 1.00 1.00 1.00 1.00 1.00
3050 20002 20002 20002 20002 1.00 1.00 1.00 1.00 1.00 1.00 1.00 1.00
3060 20002 20002 20002 20002 1.00 1.00 1.00 1.00 1.00 1.00 1.00 1.00
3070 20002 20002 20002 20002 1.00 1.00 1.00 1.00 1.00 1.00 1.00 1.00
3080 20000 20000 20000 20000 1.00 1.00 1.00 1.00 1.00 1.00 1.00 1.00
3090 20000 20000 20000 20000 1.00 1.00 1.00 1.00 1.00 1.00 1.00 1.00
3100 20000 20000 20000 20000 1.00 1.00 1.00 1.00 1.00 1.00 1.00 1.00
3110 20000 20000 20000 20000 1.00 1.00 1.00 1.00 1.00 1.00 1.00 1.00
3120 20000 20000 20000 20000 1.00 1.00 1.00 1.00 1.00 1.00 1.00 1.00
3130 20000 20000 20000 20000 1.00 1.00 1.00 1.00 1.00 1.00 1.00 1.00
3140 20000 20000 20000 20000 1.00 1.00 1.00 1.00 1.00 1.00 1.00 1.00
3150 20000 20000 20000 20000 1.00 1.00 1.00 1.00 1.00 1.00 1.00 1.00
3160 00001 00001 00000 00001 .46 .46 .46 .46 .63 .63 .63 .63
3170 00001 00001 00000 00001 .46 .46 .46 .46 .63 .63 .63 .63
3180 00001 00001 00000 00001 .46 .46 .46 .46 .63 .63 .63 .63
3190 00001 00001 00000 00001 .46 .46 .46 .46 .63 .63 .63 .63
3200 00001 00001 03000 00001 .26 .17 -0.00 .23 .43 .35 .07 .41
3210 00001 00001 03000 00001 .26 .17 -0.00 .23 .43 .35 .07 .41
3220 00001 04001 03000 00001 .29 .37 .40 .38 .38 .36 .26 .42
3230 03001 04001 03000 03001 .52 .82 .93 .72 .64 .87 .94 .79
3240 03001 04001 04000 04001 .52 .82 .94 .73 .64 .87 .96 .80
3250 03001 04001 04000 04001 .52 .82 .94 .73 .64 .87 .96 .80
3260 03041 04001 04000 04001 .35 .51 .58 .50 .50 .62 .67 .62
3270 03041 04001 04040 04041 .40 .55 .63 .52 .55 .67 .73 .64
3280 03041 04041 04040 04041 .62 .89 .96 .76 .71 .91 .97 .82
3290 03041 04041 04040 04041 .62 .89 .96 .76 .71 .91 .97 .82
3300 03041 04041 04040 04041 .62 .89 .96 .76 .71 .91 .97 .82
3310 03041 04041 04040 04041 .62 .89 .96 .76 .71 .91 .97 .82
3320 03041 04041 04040 04041 .62 .89 .96 .76 .71 .91 .97 .82
3330 03041 04041 04040 04041 .62 .89 .96 .76 .71 .91 .97 .82
3340 03041 04041 04040 04041 .62 .89 .96 .76 .71 .91 .97 .82
3350 03041 04041 04040 04041 .62 .89 .96 .76 .71 .91 .97 .82
3360 03041 04041 04040 04041 .62 .89 .96 .76 .71 .91 .97 .82
3370 03041 04041 04040 04041 .62 .89 .96 .76 .71 .91 .97 .82
3380 03041 04041 04040 04041 .62 .89 .96 .76 .71 .91 .97 .82
3390 03041 04041 04040 04041 .62 .89 .96 .76 .71 .91 .97 .82
3400 03041 04041 04040 04041 .62 .89 .96 .76 .71 .91 .97 .82
