0 00200 00200 00020 00200 .22 .22 .22 .22 .41 .41 .41 .41
10 00200 00200 00020 00200 .22 .22 .22 .22 .41 .41 .41 .41
20 00200 00200 00020 00200 .22 .22 .22 .22 .41 .41 .41 .41
30 00200 00200 00020 00200 .22 .22 .22 .22 .41 .41 .41 .41
40 00200 00200 00020 00200 .22 .22 .22 .22 .41 .41 .41 .41
50 00200 00200 00020 00200 .22 .22 .22 .22 .41 .41 .41 .41
60 00200 00200 00020 00200 .22 .22 .22 .22 .41 .41 .41 .41
70 00200 00200 00020 00200 .22 .22 .22 .22 .41 .41 .41 .41
80 00200 00200 00020 00200 .22 .22 .22 .22 .41 .41 .41 .41
90 00200 00200 00020 00200 .22 .22 .22 .22 .41 .41 .41 .41
100 02200 20200 00020 00200 -0.12 -0.12 -0.12 -0.12 .10 .10 .10 .10
110 20200 20200 02020 20200 -0.04 -0.04 -0.04 -0.04 .21 .21 .21 .21
120 20020 20000 02020 20020 .16 .16 .16 .16 .37 .37 .37 .37
130 20000 20000 02020 20000 .05 .05 .05 .05 .24 .24 .24 .24
140 20000 20000 02020 20000 .05 .05 .05 .05 .24 .24 .24 .24
150 20000 20000 02020 20000 .05 .05 .05 .05 .24 .24 .24 .24
160 20020 20000 02020 20020 .16 .16 .16 .16 .37 .37 .37 .37
170 20200 20000 02020 20000 -0.12 -0.12 -0.12 -0.12 .10 .10 .10 .10
180 20200 20200 02020 20200 -0.04 -0.04 -0.04 -0.04 .21 .21 .21 .21
190 02200 00200 02020 02200 .16 .16 .16 .16 .37 .37 .37 .37
200 00200 00200 02020 00200 .05 .05 .05 .05 .24 .24 .24 .24
210 00200 00200 02020 00200 .05 .05 .05 .05 .24 .24 .24 .24
220 00200 00200 02020 00200 .05 .05 .05 .05 .24 .24 .24 .24
230 00200 00200 02020 00200 .05 .05 .05 .05 .24 .24 .24 .24
240 00200 00200 02020 00200 .05 .05 .05 .05 .24 .24 .24 .24
250 00201 00201 02020 00201 .10 -0.07 -0.07 -0.02 .32 .16 .15 .22
260 00201 00201 02020 00201 .10 -0.07 -0.07 -0.02 .32 .16 .15 .22
270 00201 00201 02020 00201 .10 -0.07 -0.07 -0.02 .32 .16 .15 .22
280 00201 00201 02020 00201 .10 -0.07 -0.07 -0.02 .32 .16 .15 .22
290 00201 00201 02020 00201 .10 -0.07 -0.07 -0.02 .32 .16 .15 .22
300 00201 00201 02020 00201 .10 -0.07 -0.07 -0.02 .32 .16 .15 .22
310 00201 00201 02020 00201 .10 -0.07 -0.07 -0.02 .32 .16 .15 .22
320 00201 00201 02020 00201 .10 -0.07 -0.07 -0.02 .32 .16 .15 .22
330 00202 00201 02020 00202 -0.07 -0.07 -0.08 -0.04 .14 .18 .16 .20
340 00202 00201 02020 00202 -0.07 -0.07 -0.08 -0.04 .14 .18 .16 .20
350 00202 00202 02020 00202 -0.04 -0.04 -0.04 -0.04 .21 .21 .21 .21
360 00202 00202 02020 00202 -0.04 -0.04 -0.04 -0.04 .21 .21 .21 .21
370 00202 00202 02020 00202 -0.04 -0.04 -0.04 -0.04 .21 .21 .21 .21
380 00202 00202 02020 00202 -0.04 -0.04 -0.04 -0.04 .21 .21 .21 .21
390 00202 00202 02020 00202 -0.04 -0.04 -0.04 -0.04 .21 .21 .21 .21
400 00202 00202 02020 00202 -0.04 -0.04 -0.04 -0.04 .21 .21 .21 .21
410 00202 00202 02020 00202 -0.04 -0.04 -0.04 -0.04 .21 .21 .21 .21
420 00202 00202 02020 00202 -0.04 -0.04 -0.04 -0.04 .21 .21 .21 .21
430 00202 00202 02020 00202 -0.04 -0.04 -0.04 -0.04 .21 .21 .21 .21
440 00202 00202 02020 00202 -0.04 -0.04 -0.04 -0.04 .21 .21 .21 .21
450 00202 00202 02020 00202 -0.04 -0.04 -0.04 -0.04 .21 .21 .21 .21
460 00202 00202 02020 00202 -0.04 -0.04 -0.04 -0.04 .21 .21 .21 .21
470 00202 00202 02020 00202 -0.04 -0.04 -0.04 -0.04 .21 .21 .21 .21
480 02202 20202 02020 02202 -0.25 -0.25 -0.25 -0.25 .04 .04 .04 .04
490 20202 20202 02020 20202 -0.25 -0.25 -0.25 -0.25 .04 .04 .04 .04
500 00202 00202 02020 00202 -0.04 -0.04 -0.04 -0.04 .21 .21 .21 .21
510 00202 00202 02020 00202 -0.04 -0.04 -0.04 -0.04 .21 .21 .21 .21
520 00202 00202 02020 00202 -0.04 -0.04 -0.04 -0.04 .21 .21 .21 .21
530 00202 00202 02020 00202 -0.04 -0.04 -0.04 -0.04 .21 .21 .21 .21
540 20202 00202 02020 00202 -0.25 -0.25 -0.25 -0.25 .04 .04 .04 .04
550 20202 20202 02020 20202 -0.25 -0.25 -0.25 -0.25 .04 .04 .04 .04
560 20022 20002 02020 20022 1.0 1.0 1.0 1.0 .24 .24 .24 .24
570 20002 20002 02020 20002 -0.04 -0.04 -0.04 -0.04 .21 .21 .21 .21
580 20002 20002 02022 20002 .25 .25 .25 .25 .42 .42 .42 .42
590 20002 20002 02022 20002 .25 .25 .25 .25 .42 .42 .42 .42
600 20002 20002 02022 20002 .25 .25 .25 .25 .42 .42 .42 .42
610 20002 20002 02022 20002 .25 .25 .25 .25 .42 .42 .42 .42
620 20002 20002 02022 20002 .25 .25 .25 .25 .42 .42 .42 .42
630 20000 20000 02022 20000 -0.12 -0.12 -0.12 -0.12 .10 .10 .10 .10
640 20000 20000 02022 20000 -0.12 -0.12 -0.12 -0.12 .10 .10 .10 .10
650 20000 20000 02022 20000 -0.12 -0.12 -0.12 -0.12 .10 .10 .10 .10
660 20000 20000 02022 20000 -0.12 -0.12 -0.12 -0.12 .10 .10 .10 .10
670 20000 20000 02022 20000 -0.12 -0.12 -0.12 -0.12 .10 .10 .10 .10
680 20000 20000 02022 20000 -0.12 -0.12 -0.12 -0.12 .10 .10 .10 .10
690 20000 20000 02022 20000 -0.12 -0.12 -0.12 -0.12 .10 .10 .10 .10
700 20000 20000 02022 20000 -0.12 -0.12 -0.12 -0.12 .10 .10 .10 .10
710 20000 20000 02022 20000 -0.12 -0.12 -0.12 -0.12 .10 .10 .10 .10
720 20000 20000 02002 20000 .05 .05 .05 .05 .24 .24 .24 .24
730 20000 20000 02002 20000 .05 .05 .05 .05 .24 .24 .24 .24
740 20000 20000 02002 20000 .05 .05 .05 .05 .24 .24 .24 .24
750 20000 20000 02002 20000 .05 .05 .05 .05 .24 .24 .24 .24
760 20000 20000 02002 20000 .05 .05 .05 .05 .24 .24 .24 .24
770 20000 20000 02002 20000 .05 .05 .05 .05 .24 .24 .24 .24
780 20000 20000 02002 20000 .05 .05 .05 .05 .24 .24 .24 .24
790 20000 20000 02002 20000 .05 .05 .05 .05 .24 .24 .24 .24
800 20200 20200 02002 20200 -0.04 -0.04 -0.04 -0.04 .21 .21 .21 .21
810 20200 20200 02002 20200 -0.04 -0.04 -0.04 -0.04 .21 .21 .21 .21
820 02200 00200 02002 02200 .16 .16 .16 .16 .37 .37 .37 .37
830 00200 00200 02002 00200 .05 .05 .05 .05 .24 .24 .24 .24
840 00200 00200 02002 00200 .05 .05 .05 .05 .24 .24 .24 .24
850 00200 00200 02002 00200 .05 .05 .05 .05 .24 .24 .24 .24
860 00200 00200 02002 00200 .05 .05 .05 .05 .24 .24 .24 .24
870 00200 00200 02002 00200 .05 .05 .05 .05 .24 .24 .24 .24
880 00200 00200 02002 00200 .05 .05 .05 .05 .24 .24 .24 .24
890 00200 00200 02002 00200 .05 .05 .05 .05 .24 .24 .24 .24
900 00200 00200 02002 00200 .05 .05 .05 .05 .24 .24 .24 .24
910 00201 00200 02002 00201 .09 .14 .11 .15 .31 .34 .32 .37
920 00201 00201 02002 00201 .32 .33 .26 .46 .49 .48 .41 .59
930 00202 00201 02002 00202 .29 .39 .35 .46 .45 .55 .52 .59
940 00202 00201 02002 00202 .29 .39 .35 .46 .45 .55 .52 .59
950 00202 00202 02002 00202 .48 .48 .48 .48 .60 .60 .60 .60
960 00202 00202 02002 00202 .48 .48 .48 .48 .60 .60 .60 .60
970 00202 00202 02002 00202 .48 .48 .48 .48 .60 .60 .60 .60
980 00202 00202 02002 00202 .48 .48 .48 .48 .60 .60 .60 .60
990 00202 00202 02002 00202 .48 .48 .48 .48 .60 .60 .60 .60
1000 00202 00202 02002 00202 .48 .48 .48 .48 .60 .60 .60 .60
1010 00202 00202 02002 00202 .48 .48 .48 .48 .60 .60 .60 .60
1020 00202 00202 02002 00202 .48 .48 .48 .48 .60 .60 .60 .60
1030 00202 00202 02002 00202 .48 .48 .48 .48 .60 .60 .60 .60
1040 00202 00202 02002 00202 .48 .48 .48 .48 .60 .60 .60 .60
1050 00202 00202 02002 00202 .48 .48 .48 .48 .60 .60 .60 .60
1060 00202 00202 02002 00202 .48 .48 .48 .48 .60 .60 .60 .60
1070 00202 00202 02002 00202 .48 .48 .48 .48 .60 .60 .60 .60
1080 00202 00202 00022 00202 .48 .48 .48 .48 .60 .60 .60 .60
1090 00202 00202 00022 00202 .48 .48 .48 .48 .60 .60 .60 .60
1100 00202 00202 00022 00202 .48 .48 .48 .48 .60 .60 .60 .60
1110 00202 00202 00022 00202 .48 .48 .48 .48 .60 .60 .60 .60
1120 00202 00202 00022 00202 .48 .48 .48 .48 .60 .60 .60 .60
1130 00202 00202 00022 00202 .48 .48 .48 .48 .60 .60 .60 .60
1140 00202 00202 00022 00202 .48 .48 .48 .48 .60 .60 .60 .60
1150 00202 00202 00022 00202 .48 .48 .48 .48 .60 .60 .60 .60
1160 00202 03202 00022 00202 .32 .12 .12 .25 .47 .30 .30 .43
1170 00202 03202 00022 00202 .32 .12 .12 .25 .47 .30 .30 .43
1180 00202 03202 00022 00202 .32 .12 .12 .25 .47 .30 .30 .43
1190 02202 03202 00022 02202 .22 .20 .21 .25 .36 .39 .40 .42
1200 02202 03202 00022 02202 .22 .20 .21 .25 .36 .39 .40 .42
1210 02202 03202 00022 02202 .22 .20 .21 .25 .36 .39 .40 .42
1220 00202 03242 00022 00202 .29 .07 .06 .25 .40 .18 .14 .37
1230 00202 03242 00022 00202 .29 .07 .06 .25 .40 .18 .14 .37
1240 00202 03242 00022 00202 .29 .07 .06 .25 .40 .18 .14 .37
1250 00202 03242 00022 00202 .29 .07 .06 .25 .40 .18 .14 .37
1260 00202 03242 00022 00202 .29 .07 .06 .25 .40 .18 .14 .37
1270 02202 03242 00022 02202 .19 .10 .09 .22 .30 .20 .17 .34
1280 02202 03242 00022 02202 .19 .10 .09 .22 .30 .20 .17 .34
1290 20202 23242 00022 20202 .06 -0.28 -0.25 -0.11 .22 -0.13 -0.12 .10
1300 20202 23242 00022 20202 .06 -0.28 -0.25 -0.11 .22 -0.13 -0.12 .10
1310 20022 23042 00022 20022 .39 .29 .33 .46 .51 .41 .43 .59
1320 20002 23042 00022 20002 .29 .07 .06 .25 .40 .18 .14 .37
1330 20002 23042 00022 20002 .29 .07 .06 .25 .40 .18 .14 .37
1340 20002 23042 00022 20002 .29 .07 .06 .25 .40 .18 .14 .37
1350 20002 20042 02002 20002 .32 .12 .02 .26 .47 .30 .19 .43
1360 20000 20040 02002 20000 -0.04 -0.15 -0.17 -0.11 .15 .05 -0.02 .10
1370 20000 20040 02002 20000 -0.04 -0.15 -0.17 -0.11 .15 .05 -0.02 .10
1380 20000 20040 02002 20000 -0.04 -0.15 -0.17 -0.11 .15 .05 -0.02 .10
1390 20000 20040 02002 20000 -0.04 -0.15 -0.17 -0.11 .15 .05 -0.02 .10
1400 20000 20040 02002 20000 -0.04 -0.15 -0.17 -0.11 .15 .05 -0.02 .10
1410 20000 20040 02002 20000 -0.04 -0.15 -0.17 -0.11 .15 .05 -0.02 .10
1420 20000 20040 02002 20000 -0.04 -0.15 -0.17 -0.11 .15 .05 -0.02 .10
1430 20000 20040 02002 20000 -0.04 -0.15 -0.17 -0.11 .15 .05 -0.02 .10
1440 20000 20040 02002 20000 -0.04 -0.15 -0.17 -0.11 .15 .05 -0.02 .10
1450 20000 20040 02002 20000 -0.04 -0.15 -0.17 -0.11 .15 .05 -0.02 .10
1460 20000 20040 02002 20000 -0.04 -0.15 -0.17 -0.11 .15 .05 -0.02 .10
1470 20000 20040 02002 20000 -0.04 -0.15 -0.17 -0.11 .15 .05 -0.02 .10
1480 20000 20040 02002 20000 -0.04 -0.15 -0.17 -0.11 .15 .05 -0.02 .10
1490 20000 20040 02002 20000 -0.04 -0.15 -0.17 -0.11 .15 .05 -0.02 .10
1500 20000 20000 02002 20000 .05 .05 .05 .05 .24 .24 .24 .24
1510 20000 20000 02002 20000 .05 .05 .05 .05 .24 .24 .24 .24
1520 20000 20000 02002 20000 .05 .05 .05 .05 .24 .24 .24 .24
1530 20000 20000 02002 20000 .05 .05 .05 .05 .24 .24 .24 .24
1540 20000 20000 02002 20000 .05 .05 .05 .05 .24 .24 .24 .24
1550 20000 20000 02002 20000 .05 .05 .05 .05 .24 .24 .24 .24
1560 20000 20000 02002 20000 .05 .05 .05 .05 .24 .24 .24 .24
1570 20020 20000 02002 20000 -0.12 -0.12 -0.12 -0.12 .10 .10 .10 .10
1580 20200 20200 02002 20200 -0.04 -0.04 -0.04 -0.04 .21 .21 .21 .21
1590 00200 00200 02002 00200 .05 .05 .05 .05 .24 .24 .24 .24
1600 00200 00200 02002 00200 .05 .05 .05 .05 .24 .24 .24 .24
1610 00200 00200 02002 00200 .05 .05 .05 .05 .24 .24 .24 .24
1620 00200 00200 02022 00200 -0.12 -0.12 -0.12 -0.12 .10 .10 .10 .10
1630 00200 00200 02022 00200 -0.12 -0.12 -0.12 -0.12 .10 .10 .10 .10
1640 00201 00201 02022 00201 .15 .06 .02 .24 .35 .26 .22 .41
1650 00201 00201 02022 00201 .15 .06 .02 .24 .35 .26 .22 .41
1660 00201 00201 02022 00201 .15 .06 .02 .24 .35 .26 .22 .41
1670 00201 00201 02022 00201 .15 .06 .02 .24 .35 .26 .22 .41
1680 00201 00201 02022 00201 .15 .06 .02 .24 .35 .26 .22 .41
1690 00201 00201 02022 00201 .15 .06 .02 .24 .35 .26 .22 .41
1700 00202 00202 02022 00202 .25 .25 .25 .25 .42 .42 .42 .42
1710 00202 00202 02022 00202 .25 .25 .25 .25 .42 .42 .42 .42
1720 00202 00202 02022 00202 .25 .25 .25 .25 .42 .42 .42 .42
1730 00202 00202 02022 00202 .25 .25 .25 .25 .42 .42 .42 .42
1740 00202 00202 02022 00202 .25 .25 .25 .25 .42 .42 .42 .42
1750 00202 00202 02022 00202 .25 .25 .25 .25 .42 .42 .42 .42
1760 00202 00202 00022 00202 .48 .48 .48 .48 .60 .60 .60 .60
1770 00202 00202 00022 00202 .48 .48 .48 .48 .60 .60 .60 .60
1780 00202 00202 00022 00202 .48 .48 .48 .48 .60 .60 .60 .60
1790 00202 00202 00022 00202 .48 .48 .48 .48 .60 .60 .60 .60
1800 00202 00202 00022 00202 .48 .48 .48 .48 .60 .60 .60 .60
1810 00202 00202 00022 00202 .48 .48 .48 .48 .60 .60 .60 .60
1820 00202 00202 00022 00202 .48 .48 .48 .48 .60 .60 .60 .60
1830 00202 00202 00022 00202 .48 .48 .48 .48 .60 .60 .60 .60
1840 00202 00202 00022 00202 .48 .48 .48 .48 .60 .60 .60 .60
1850 00202 00202 00022 00202 .48 .48 .48 .48 .60 .60 .60 .60
1860 02202 00202 00022 00202 .25 .25 .25 .25 .42 .42 .42 .42
1870 02202 00202 00022 00202 .25 .25 .25 .25 .42 .42 .42 .42
1880 02202 00202 00022 00202 .25 .25 .25 .25 .42 .42 .42 .42
1890 20202 00202 00022 00202 .25 .25 .25 .25 .42 .42 .42 .42
1900 20202 20202 00022 20202 .25 .25 .25 .25 .42 .42 .42 .42
1910 20022 20002 02022 20022 .25 .25 .25 .25 .42 .42 .42 .42
1920 20002 20002 02022 20002 .25 .25 .25 .25 .42 .42 .42 .42
1930 20002 20002 02022 20002 .25 .25 .25 .25 .42 .42 .42 .42
1940 20002 20002 02022 20002 .25 .25 .25 .25 .42 .42 .42 .42
1950 20000 20000 02022 20000 -0.12 -0.12 -0.12 -0.12 .10 .10 .10 .10
1960 20000 20000 02022 20000 -0.12 -0.12 -0.12 -0.12 .10 .10 .10 .10
1970 20000 20000 02022 20000 -0.12 -0.12 -0.12 -0.12 .10 .10 .10 .10
1980 20000 20000 02022 20000 -0.12 -0.12 -0.12 -0.12 .10 .10 .10 .10
1990 20000 20000 02022 20000 -0.12 -0.12 -0.12 -0.12 .10 .10 .10 .10
2000 20000 20000 02022 20000 -0.12 -0.12 -0.12 -0.12 .10 .10 .10 .10
2010 20000 20000 02022 20000 -0.12 -0.12 -0.12 -0.12 .10 .10 .10 .10
2020 20000 20000 02022 20000 -0.12 -0.12 -0.12 -0.12 .10 .10 .10 .10
2030 20000 20000 02022 20000 -0.12 -0.12 -0.12 -0.12 .10 .10 .10 .10
2040 20000 20000 02022 20000 -0.12 -0.12 -0.12 -0.12 .10 .10 .10 .10
2050 20000 20000 02022 20000 -0.12 -0.12 -0.12 -0.12 .10 .10 .10 .10
2060 20000 20000 02022 20000 -0.12 -0.12 -0.12 -0.12 .10 .10 .10 .10
2070 20000 20000 02002 20000 .05 .05 .05 .05 .24 .24 .24 .24
2080 20000 20000 02002 20000 .05 .05 .05 .05 .24 .24 .24 .24
2090 20000 20000 02002 20000 .05 .05 .05 .05 .24 .24 .24 .24
2100 20000 20000 02002 20000 .05 .05 .05 .05 .24 .24 .24 .24
2110 20000 20000 02002 20000 .05 .05 .05 .05 .24 .24 .24 .24
2120 20020 20000 02002 20000 -0.12 -0.12 -0.12 -0.12 .10 .10 .10 .10
2130 20200 20000 02002 20000 -0.12 -0.12 -0.12 -0.12 .10 .10 .10 .10
2140 20000 20000 02002 20000 .05 .05 .05 .05 .24 .24 .24 .24
2150 20000 20000 02002 20000 .05 .05 .05 .05 .24 .24 .24 .24
2160 20020 20000 02002 20000 -0.12 -0.12 -0.12 -0.12 .10 .10 .10 .10
2170 20200 20000 02002 20000 -0.12 -0.12 -0.12 -0.12 .10 .10 .10 .10
2180 20200 20200 02002 20200 -0.04 -0.04 -0.04 -0.04 .21 .21 .21 .21
2190 02200 20200 02002 02200 -0.04 -0.04 -0.04 -0.04 .21 .21 .21 .21
2200 00200 00200 02002 00200 .05 .05 .05 .05 .24 .24 .24 .24
2210 00200 00200 02002 00200 .05 .05 .05 .05 .24 .24 .24 .24
2220 00200 00200 02002 00200 .05 .05 .05 .05 .24 .24 .24 .24
2230 00200 00200 02002 00200 .05 .05 .05 .05 .24 .24 .24 .24
2240 00201 00201 02002 00201 .32 .33 .26 .46 .49 .48 .41 .59
2250 00201 00201 02002 00201 .32 .33 .26 .46 .49 .48 .41 .59
2260 00201 00201 02002 00201 .32 .33 .26 .46 .49 .48 .41 .59
2270 00201 00201 02002 00201 .32 .33 .26 .46 .49 .48 .41 .59
2280 00201 00201 02002 00201 .32 .33 .26 .46 .49 .48 .41 .59
2290 00201 00201 02002 00201 .32 .33 .26 .46 .49 .48 .41 .59
2300 00202 00202 02002 00202 .48 .48 .48 .48 .60 .60 .60 .60
2310 00202 00202 02002 00202 .48 .48 .48 .48 .60 .60 .60 .60
2320 00202 00202 00022 00202 .48 .48 .48 .48 .60 .60 .60 .60
2330 00202 00202 00022 00202 .48 .48 .48 .48 .60 .60 .60 .60
2340 00202 00202 00022 00202 .48 .48 .48 .48 .60 .60 .60 .60
2350 00202 00202 00022 00202 .48 .48 .48 .48 .60 .60 .60 .60
2360 00202 00202 00022 00202 .48 .48 .48 .48 .60 .60 .60 .60
2370 00202 00202 00022 00202 .48 .48 .48 .48 .60 .60 .60 .60
2380 00202 00202 00022 00202 .48 .48 .48 .48 .60 .60 .60 .60
2390 00202 00202 00022 00202 .48 .48 .48 .48 .60 .60 .60 .60
2400 00202 00202 00022 00202 .48 .48 .48 .48 .60 .60 .60 .60
2410 00202 00202 00022 00202 .48 .48 .48 .48 .60 .60 .60 .60
2420 00202 00202 00022 00202 .48 .48 .48 .48 .60 .60 .60 .60
2430 00202 00202 00022 00202 .48 .48 .48 .48 .60 .60 .60 .60
2440 00202 00202 00022 00202 .48 .48 .48 .48 .60 .60 .60 .60
2450 00202 00202 00022 00202 .48 .48 .48 .48 .60 .60 .60 .60
2460 00202 00202 00022 00202 .48 .48 .48 .48 .60 .60 .60 .60
2470 00202 00202 00022 00202 .48 .48 .48 .48 .60 .60 .60 .60
2480 00202 00202 00022 00202 .48 .48 .48 .48 .60 .60 .60 .60
2490 02202 00202 00022 00202 .25 .25 .25 .25 .42 .42 .42 .42
2500 02202 00202 00022 00202 .25 .25 .25 .25 .42 .42 .42 .42
2510 02202 00202 00022 00202 .25 .25 .25 .25 .42 .42 .42 .42
2520 02202 20202 00022 00202 1.0 1.0 1.0 1.0 .24 .24 .24 .24
2530 02202 20202 02022 02202 -0.04 -0.04 -0.04 -0.04 .21 .21 .21 .21
2540 20002 20002 02022 20002 .25 .25 .25 .25 .42 .42 .42 .42
2550 20002 20002 02002 20002 .48 .48 .48 .48 .60 .60 .60 .60
2560 20002 20002 02002 20002 .48 .48 .48 .48 .60 .60 .60 .60
2570 20002 20002 02002 20002 .48 .48 .48 .48 .60 .60 .60 .60
2580 20002 20002 02002 20002 .48 .48 .48 .48 .60 .60 .60 .60
2590 20002 20002 02002 20002 .48 .48 .48 .48 .60 .60 .60 .60
2600 20022 20002 02002 20002 .25 .25 .25 .25 .42 .42 .42 .42
2610 20002 20002 02002 20002 .48 .48 .48 .48 .60 .60 .60 .60
2620 20002 20002 02002 20002 .48 .48 .48 .48 .60 .60 .60 .60
2630 20002 20002 02002 20002 .48 .48 .48 .48 .60 .60 .60 .60
2640 20002 20002 02002 20002 .48 .48 .48 .48 .60 .60 .60 .60
2650 20202 20202 02022 20202 -0.04 -0.04 -0.04 -0.04 .21 .21 .21 .21
2660 20202 20202 02022 20202 -0.04 -0.04 -0.04 -0.04 .21 .21 .21 .21
2670 02202 20202 02022 02202 -0.04 -0.04 -0.04 -0.04 .21 .21 .21 .21
2680 00202 00202 02022 00202 .25 .25 .25 .25 .42 .42 .42 .42
2690 00202 00202 02022 00202 .25 .25 .25 .25 .42 .42 .42 .42
2700 00202 00202 02022 00202 .25 .25 .25 .25 .42 .42 .42 .42
2710 00202 00202 02022 00202 .25 .25 .25 .25 .42 .42 .42 .42
2720 00202 00202 00022 00202 .48 .48 .48 .48 .60 .60 .60 .60
2730 00202 00202 00022 00202 .48 .48 .48 .48 .60 .60 .60 .60
2740 00202 00202 00022 00202 .48 .48 .48 .48 .60 .60 .60 .60
2750 00202 00202 00022 00202 .48 .48 .48 .48 .60 .60 .60 .60
2760 00202 00202 00022 00202 .48 .48 .48 .48 .60 .60 .60 .60
2770 00202 00202 00022 00202 .48 .48 .48 .48 .60 .60 .60 .60
2780 00202 00202 00022 00202 .48 .48 .48 .48 .60 .60 .60 .60
2790 00202 00202 00022 00202 .48 .48 .48 .48 .60 .60 .60 .60
2800 00202 00202 00022 00202 .48 .48 .48 .48 .60 .60 .60 .60
2810 00202 00202 00022 00202 .48 .48 .48 .48 .60 .60 .60 .60
2820 00202 00202 00022 00202 .48 .48 .48 .48 .60 .60 .60 .60
2830 00202 00202 00022 00202 .48 .48 .48 .48 .60 .60 .60 .60
2840 00202 00202 00022 00202 .48 .48 .48 .48 .60 .60 .60 .60
2850 00202 00202 00022 00202 .48 .48 .48 .48 .60 .60 .60 .60
2860 00202 00202 00022 00202 .48 .48 .48 .48 .60 .60 .60 .60
2870 00202 00202 00022 00202 .48 .48 .48 .48 .60 .60 .60 .60
2880 00202 00202 00022 00202 .48 .48 .48 .48 .60 .60 .60 .60
2890 03202 03202 00022 03202 .38 .22 .22 .26 .54 .42 .42 .43
2900 03202 03202 00022 03202 .38 .22 .22 .26 .54 .42 .42 .43
2910 03202 03202 00022 03202 .38 .22 .22 .26 .54 .42 .42 .43
2920 00202 00202 00022 00202 .48 .48 .48 .48 .60 .60 .60 .60
2930 00202 00202 00022 00202 .48 .48 .48 .48 .60 .60 .60 .60
2940 00202 00202 00022 00202 .48 .48 .48 .48 .60 .60 .60 .60
2950 00202 03202 00022 00202 .32 .12 .12 .25 .47 .30 .30 .43
2960 00202 03202 00022 00202 .32 .12 .12 .25 .47 .30 .30 .43
2970 02202 03202 02022 02202 .32 .50 .50 .47 .47 .60 .61 .60
2980 02202 03202 02022 02202 .32 .50 .50 .47 .47 .60 .61 .60
2990 02202 03202 02022 02202 .32 .50 .50 .47 .47 .60 .61 .60
3000 20202 23202 02022 20202 -0.07 -0.14 -0.14 -0.12 .14 .01 .03 .10
3010 20202 23202 02022 20202 -0.07 -0.14 -0.14 -0.12 .14 .01 .03 .10
3020 20202 23202 02022 20202 -0.07 -0.14 -0.14 -0.12 .14 .01 .03 .10
3030 20022 23002 02022 20022 .21 .16 .17 .22 .35 .24 .26 .34
3040 20002 23002 02022 20002 .22 .20 .21 .25 .36 .29 .30 .37
3050 20002 23002 02022 20002 .22 .20 .21 .25 .36 .29 .30 .37
3060 20002 23002 02022 20002 .22 .20 .21 .25 .36 .29 .30 .37
3070 20002 23002 02022 20002 .22 .20 .21 .25 .36 .29 .30 .37
3080 20002 20002 02022 20002 .25 .25 .25 .25 .42 .42 .42 .42
3090 20002 20002 02022 20002 .25 .25 .25 .25 .42 .42 .42 .42
3100 20000 20000 02022 20000 -0.12 -0.12 -0.12 -0.12 .10 .10 .10 .10
3110 20000 20000 02022 20000 -0.12 -0.12 -0.12 -0.12 .10 .10 .10 .10
3120 20000 20000 02022 20000 -0.12 -0.12 -0.12 -0.12 .10 .10 .10 .10
3130 20000 20000 02022 20000 -0.12 -0.12 -0.12 -0.12 .10 .10 .10 .10
3140 20000 20000 02022 20000 -0.12 -0.12 -0.12 -0.12 .10 .10 .10 .10
3150 20000 20000 02022 20000 -0.12 -0.12 -0.12 -0.12 .10 .10 .10 .10
3160 20000 20000 02022 20000 -0.12 -0.12 -0.12 -0.12 .10 .10 .10 .10
3170 20000 20000 02022 20000 -0.12 -0.12 -0.12 -0.12 .10 .10 .10 .10
3180 20000 20000 02022 20000 -0.12 -0.12 -0.12 -0.12 .10 .10 .10 .10
3190 20000 20000 02002 20000 .05 .05 .05 .05 .24 .24 .24 .24
3200 20000 20000 02002 20000 .05 .05 .05 .05 .24 .24 .24 .24
3210 20000 20000 02002 20000 .05 .05 .05 .05 .24 .24 .24 .24
3220 00000 00000 02002 00000 -0.08 -0.08 -0.08 -0.08 -0.06 -0.06 -0.06 -0.06
3230 00000 00000 02002 00000 -0.08 -0.08 -0.08 -0.08 -0.06 -0.06 -0.06 -0.06
3240 00000 00000 02002 00000 -0.08 -0.08 -0.08 -0.08 -0.06 -0.06 -0.06 -0.06
3250 00000 00000 02002 00000 -0.08 -0.08 -0.08 -0.08 -0.06 -0.06 -0.06 -0.06
3260 00000 00000 02002 00000 -0.08 -0.08 -0.08 -0.08 -0.06 -0.06 -0.06 -0.06
3270 00040 00040 02002 00040 .13 .13 .26 .06 .30 .34 .47 .25
3280 00040 00040 02002 00040 .13 .13 .26 .06 .30 .34 .47 .25
3290 00040 00040 02002 00040 .13 .13 .26 .06 .30 .34 .47 .25
3300 00040 00040 02002 00040 .13 .13 .26 .06 .30 .34 .47 .25
3310 00040 00040 02002 00040 .13 .13 .26 .06 .30 .34 .47 .25
3320 00040 04040 02002 00040 .12 .21 .23 .16 .24 .32 .37 .25
3330 00040 04040 02002 00040 .12 .21 .23 .16 .24 .32 .37 .25
3340 00040 04040 02002 00040 .12 .21 .23 .16 .24 .32 .37 .25
3350 00040 04040 02002 00040 .12 .21 .23 .16 .24 .32 .37 .25
3360 00040 04040 02002 00040 .12 .21 .23 .16 .24 .32 .37 .25
3370 00040 04040 02002 00040 .12 .21 .23 .16 .24 .32 .37 .25
3380 00040 04040 02002 00040 .12 .21 .23 .16 .24 .32 .37 .25
