0 00002 04042 00002 00002 .50 .22 .03 .45 .59 .37 .14 .55
10 00002 04042 00002 00002 .50 .22 .03 .45 .59 .37 .14 .55
20 00002 04042 00002 00002 .50 .22 .03 .45 .59 .37 .14 .55
30 00002 04042 00002 00002 .50 .22 .03 .45 .59 .37 .14 .55
40 00002 04042 00002 00002 .50 .22 .03 .45 .59 .37 .14 .55
50 00002 04042 00002 00002 .50 .22 .03 .45 .59 .37 .14 .55
60 00002 04042 00002 00002 .50 .22 .03 .45 .59 .37 .14 .55
70 00002 04042 00002 00002 .50 .22 .03 .45 .59 .37 .14 .55
80 00002 04042 00002 00002 .50 .22 .03 .45 .59 .37 .14 .55
90 00002 04042 00002 00002 .50 .22 .03 .45 .59 .37 .14 .55
100 00002 04042 00002 00002 .50 .22 .03 .45 .59 .37 .14 .55
110 00022 04042 00022 00022 .58 .54 .39 .73 .66 .63 .47 .79
120 00002 00042 00002 00002 .70 .55 .30 .68 .76 .64 .39 .75
130 00002 00002 00002 00002 1.00 1.00 1.00 1.00 1.00 1.00 1.00 1.00
140 00022 00022 00022 00022 1.00 1.00 1.00 1.00 1.00 1.00 1.00 1.00
150 00202 00202 00202 00202 1.00 1.00 1.00 1.00 1.00 1.00 1.00 1.00
160 00202 00202 00202 00202 1.00 1.00 1.00 1.00 1.00 1.00 1.00 1.00
170 00200 00200 00200 00200 1.00 1.00 1.00 1.00 1.00 1.00 1.00 1.00
180 00200 00200 00200 00200 1.00 1.00 1.00 1.00 1.00 1.00 1.00 1.00
190 00200 00200 00200 00200 1.00 1.00 1.00 1.00 1.00 1.00 1.00 1.00
200 00200 00200 00200 00200 1.00 1.00 1.00 1.00 1.00 1.00 1.00 1.00
210 00200 00200 00200 00200 1.00 1.00 1.00 1.00 1.00 1.00 1.00 1.00
220 00200 00200 00200 00200 1.00 1.00 1.00 1.00 1.00 1.00 1.00 1.00
230 00200 00200 00200 00200 1.00 1.00 1.00 1.00 1.00 1.00 1.00 1.00
240 00200 00200 00200 00200 1.00 1.00 1.00 1.00 1.00 1.00 1.00 1.00
250 02200 00200 02200 02200 .72 .72 .72 .72 .79 .79 .79 .79
260 20200 20200 20200 20200 1.00 1.00 1.00 1.00 1.00 1.00 1.00 1.00
270 20000 20000 20000 20000 1.00 1.00 1.00 1.00 1.00 1.00 1.00 1.00
280 20000 20000 20000 20000 1.00 1.00 1.00 1.00 1.00 1.00 1.00 1.00
290 20000 20000 20000 20000 1.00 1.00 1.00 1.00 1.00 1.00 1.00 1.00
300 20000 20030 20000 20000 .70 .55 .46 .68 .76 .64 .55 .75
310 20000 20030 20000 20000 .70 .55 .46 .68 .76 .64 .55 .75
320 20000 20030 20000 20000 .70 .55 .46 .68 .76 .64 .55 .75
330 20020 20030 20020 20020 .76 .96 .95 .99 .82 .97 .96 .99
340 20020 20030 20020 20020 .76 .96 .95 .99 .82 .97 .96 .99
350 20200 20030 20200 20200 .53 .34 .32 .48 .63 .48 .45 .61
360 00200 20230 00200 00200 .48 .32 .28 .44 .57 .45 .40 .55
370 00200 00230 00200 00200 .70 .55 .46 .68 .76 .64 .55 .75
380 00200 00230 00200 00200 .70 .55 .46 .68 .76 .64 .55 .75
390 00200 00230 00200 00200 .70 .55 .46 .68 .76 .64 .55 .75
400 00200 00230 00200 00200 .70 .55 .46 .68 .76 .64 .55 .75
410 00201 00231 00201 00201 .80 .56 .42 .76 .85 .66 .52 .81
420 00201 00231 00201 00201 .80 .56 .42 .76 .85 .66 .52 .81
430 00201 00231 00201 00201 .80 .56 .42 .76 .85 .66 .52 .81
440 00202 00232 00202 00202 .77 .53 .53 .75 .82 .64 .63 .81
450 00202 00232 00202 00202 .77 .53 .53 .75 .82 .64 .63 .81
460 00202 00232 00202 00202 .77 .53 .53 .75 .82 .64 .63 .81
470 00202 00232 00202 00202 .77 .53 .53 .75 .82 .64 .63 .81
480 00202 00232 00202 00202 .77 .53 .53 .75 .82 .64 .63 .81
490 00202 00232 00202 00202 .77 .53 .53 .75 .82 .64 .63 .81
500 00202 00232 00202 00202 .77 .53 .53 .75 .82 .64 .63 .81
510 00202 00232 00202 00202 .77 .53 .53 .75 .82 .64 .63 .81
520 00202 00242 00202 00202 .77 .53 .35 .75 .82 .64 .46 .81
530 00202 00242 00202 00202 .77 .53 .35 .75 .82 .64 .46 .81
540 20202 20242 20202 20202 .76 .36 .24 .73 .82 .51 .39 .79
550 20202 20242 20202 20202 .76 .36 .24 .73 .82 .51 .39 .79
560 20002 20032 20002 20002 .77 .53 .53 .75 .82 .64 .63 .81
570 20002 20032 20002 20002 .77 .53 .53 .75 .82 .64 .63 .81
580 20002 20000 20002 20002 .72 .72 .72 .72 .79 .79 .79 .79
590 20000 20000 20000 20000 1.00 1.00 1.00 1.00 1.00 1.00 1.00 1.00
600 20000 20000 20000 20000 1.00 1.00 1.00 1.00 1.00 1.00 1.00 1.00
610 20000 20000 20000 20000 1.00 1.00 1.00 1.00 1.00 1.00 1.00 1.00
620 20000 20000 20000 20000 1.00 1.00 1.00 1.00 1.00 1.00 1.00 1.00
630 20000 20000 20000 20000 1.00 1.00 1.00 1.00 1.00 1.00 1.00 1.00
640 20000 20000 20000 20000 1.00 1.00 1.00 1.00 1.00 1.00 1.00 1.00
650 20030 20030 20030 20030 1.00 1.00 1.00 1.00 1.00 1.00 1.00 1.00
660 20030 20030 20030 20030 1.00 1.00 1.00 1.00 1.00 1.00 1.00 1.00
670 20030 20030 20030 20030 1.00 1.00 1.00 1.00 1.00 1.00 1.00 1.00
680 20000 20000 20000 20000 1.00 1.00 1.00 1.00 1.00 1.00 1.00 1.00
690 20000 20000 20000 20000 1.00 1.00 1.00 1.00 1.00 1.00 1.00 1.00
700 20000 20000 20000 20000 1.00 1.00 1.00 1.00 1.00 1.00 1.00 1.00
710 20030 20030 20030 20030 1.00 1.00 1.00 1.00 1.00 1.00 1.00 1.00
720 20030 20030 20030 20030 1.00 1.00 1.00 1.00 1.00 1.00 1.00 1.00
730 20030 20030 20030 20030 1.00 1.00 1.00 1.00 1.00 1.00 1.00 1.00
740 20000 20000 20000 20000 1.00 1.00 1.00 1.00 1.00 1.00 1.00 1.00
750 20000 20000 20000 20000 1.00 1.00 1.00 1.00 1.00 1.00 1.00 1.00
760 20000 20000 20000 20000 1.00 1.00 1.00 1.00 1.00 1.00 1.00 1.00
770 20000 20000 20000 20000 1.00 1.00 1.00 1.00 1.00 1.00 1.00 1.00
780 20000 20000 20000 20000 1.00 1.00 1.00 1.00 1.00 1.00 1.00 1.00
790 20030 20030 20030 20030 1.00 1.00 1.00 1.00 1.00 1.00 1.00 1.00
800 20030 20030 20030 20030 1.00 1.00 1.00 1.00 1.00 1.00 1.00 1.00
810 20030 20030 20030 20030 1.00 1.00 1.00 1.00 1.00 1.00 1.00 1.00
820 20030 20030 20030 20030 1.00 1.00 1.00 1.00 1.00 1.00 1.00 1.00
830 20030 20030 20030 20030 1.00 1.00 1.00 1.00 1.00 1.00 1.00 1.00
840 20030 20030 20030 20030 1.00 1.00 1.00 1.00 1.00 1.00 1.00 1.00
850 20000 20000 20000 20000 1.00 1.00 1.00 1.00 1.00 1.00 1.00 1.00
860 20000 20000 20000 20000 1.00 1.00 1.00 1.00 1.00 1.00 1.00 1.00
870 20000 20000 20000 20000 1.00 1.00 1.00 1.00 1.00 1.00 1.00 1.00
880 20000 20000 20000 20000 1.00 1.00 1.00 1.00 1.00 1.00 1.00 1.00
890 20000 20000 20000 20000 1.00 1.00 1.00 1.00 1.00 1.00 1.00 1.00
900 20000 20000 20000 20000 1.00 1.00 1.00 1.00 1.00 1.00 1.00 1.00
910 20000 20000 20000 20000 1.00 1.00 1.00 1.00 1.00 1.00 1.00 1.00
920 20000 20000 20000 20000 1.00 1.00 1.00 1.00 1.00 1.00 1.00 1.00
930 20000 20000 20000 20000 1.00 1.00 1.00 1.00 1.00 1.00 1.00 1.00
940 20000 20000 20000 20000 1.00 1.00 1.00 1.00 1.00 1.00 1.00 1.00
950 20000 20000 20000 20000 1.00 1.00 1.00 1.00 1.00 1.00 1.00 1.00
960 20020 20000 20020 20020 .72 .72 .72 .72 .79 .79 .79 .79
970 20020 20000 20020 20020 .72 .72 .72 .72 .79 .79 .79 .79
980 20020 20000 20020 20020 .72 .72 .72 .72 .79 .79 .79 .79
990 20020 20000 20020 20020 .72 .72 .72 .72 .79 .79 .79 .79
1000 20020 20000 20020 20020 .72 .72 .72 .72 .79 .79 .79 .79
1010 20020 20000 20020 20020 .72 .72 .72 .72 .79 .79 .79 .79
1020 20020 20000 20020 20020 .72 .72 .72 .72 .79 .79 .79 .79
1030 20020 20000 20020 20020 .72 .72 .72 .72 .79 .79 .79 .79
1040 20020 20000 20020 20020 .72 .72 .72 .72 .79 .79 .79 .79
1050 20200 20200 20200 20200 1.00 1.00 1.00 1.00 1.00 1.00 1.00 1.00
1060 00200 00200 00200 00200 1.00 1.00 1.00 1.00 1.00 1.00 1.00 1.00
1070 00200 00200 00200 00200 1.00 1.00 1.00 1.00 1.00 1.00 1.00 1.00
1080 00200 00200 00200 00200 1.00 1.00 1.00 1.00 1.00 1.00 1.00 1.00
1090 03200 00200 03200 03200 .75 .61 .59 .72 .82 .71 .70 .79
1100 03200 03200 03200 03200 1.00 1.00 1.00 1.00 1.00 1.00 1.00 1.00
1110 03200 03200 03200 03200 1.00 1.00 1.00 1.00 1.00 1.00 1.00 1.00
1120 03200 03200 03200 03200 1.00 1.00 1.00 1.00 1.00 1.00 1.00 1.00
1130 03200 03200 03200 03200 1.00 1.00 1.00 1.00 1.00 1.00 1.00 1.00
1140 03200 03200 03200 03200 1.00 1.00 1.00 1.00 1.00 1.00 1.00 1.00
1150 03201 03200 03201 03201 .82 .92 .96 .76 .86 .94 .97 .82
1160 03201 03201 03201 03201 1.00 1.00 1.00 1.00 1.00 1.00 1.00 1.00
1170 03201 03201 03201 03201 1.00 1.00 1.00 1.00 1.00 1.00 1.00 1.00
1180 03201 03201 03201 03201 1.00 1.00 1.00 1.00 1.00 1.00 1.00 1.00
1190 03201 03201 03201 03201 1.00 1.00 1.00 1.00 1.00 1.00 1.00 1.00
1200 03201 03201 03201 03201 1.00 1.00 1.00 1.00 1.00 1.00 1.00 1.00
1210 03202 03202 03202 03202 1.00 1.00 1.00 1.00 1.00 1.00 1.00 1.00
1220 03202 03202 03202 03202 1.00 1.00 1.00 1.00 1.00 1.00 1.00 1.00
1230 00202 00202 00202 00202 1.00 1.00 1.00 1.00 1.00 1.00 1.00 1.00
1240 00202 00202 00202 00202 1.00 1.00 1.00 1.00 1.00 1.00 1.00 1.00
1250 00202 00202 00202 00202 1.00 1.00 1.00 1.00 1.00 1.00 1.00 1.00
1260 00202 00202 00202 00202 1.00 1.00 1.00 1.00 1.00 1.00 1.00 1.00
1270 00202 00202 00202 00202 1.00 1.00 1.00 1.00 1.00 1.00 1.00 1.00
1280 00202 00202 00202 00202 1.00 1.00 1.00 1.00 1.00 1.00 1.00 1.00
1290 00202 00202 00202 00202 1.00 1.00 1.00 1.00 1.00 1.00 1.00 1.00
1300 00202 00202 00202 00202 1.00 1.00 1.00 1.00 1.00 1.00 1.00 1.00
1310 00202 00202 00202 00202 1.00 1.00 1.00 1.00 1.00 1.00 1.00 1.00
1320 00202 00202 00202 00202 1.00 1.00 1.00 1.00 1.00 1.00 1.00 1.00
1330 04202 40202 04202 04202 .61 .15 .11 .50 .70 .35 .32 .62
1340 04202 40202 04202 04202 .61 .15 .11 .50 .70 .35 .32 .62
1350 04202 40202 04202 04202 .61 .15 .11 .50 .70 .35 .32 .62
1360 04202 40202 04202 04202 .61 .15 .11 .50 .70 .35 .32 .62
1370 04202 40202 04202 04202 .61 .15 .11 .50 .70 .35 .32 .62
1380 04202 40202 04202 04202 .61 .15 .11 .50 .70 .35 .32 .62
1390 04202 40202 04202 04202 .61 .15 .11 .50 .70 .35 .32 .62
1400 04202 40202 04202 04202 .61 .15 .11 .50 .70 .35 .32 .62
1410 04202 40202 04202 04202 .61 .15 .11 .50 .70 .35 .32 .62
1420 04202 40202 04202 04202 .61 .15 .11 .50 .70 .35 .32 .62
1430 04202 40202 04202 04202 .61 .15 .11 .50 .70 .35 .32 .62
1440 04202 40202 04202 04202 .61 .15 .11 .50 .70 .35 .32 .62
1450 04202 40202 04202 04202 .61 .15 .11 .50 .70 .35 .32 .62
1460 04202 40202 04202 04202 .61 .15 .11 .50 .70 .35 .32 .62
1470 04202 40202 04202 04202 .61 .15 .11 .50 .70 .35 .32 .62
1480 04202 40202 04202 04202 .61 .15 .11 .50 .70 .35 .32 .62
1490 04202 40202 04202 04202 .61 .15 .11 .50 .70 .35 .32 .62
1500 04202 40202 04202 04202 .61 .15 .11 .50 .70 .35 .32 .62
1510 04202 40202 04202 04202 .61 .15 .11 .50 .70 .35 .32 .62
1520 00202 00202 00202 00202 1.00 1.00 1.00 1.00 1.00 1.00 1.00 1.00
1530 00202 00202 00202 00202 1.00 1.00 1.00 1.00 1.00 1.00 1.00 1.00
1540 00202 00202 00202 00202 1.00 1.00 1.00 1.00 1.00 1.00 1.00 1.00
1550 02202 20202 02202 02202 .48 .48 .48 .48 .60 .60 .60 .60
1560 20202 20202 20202 20202 1.00 1.00 1.00 1.00 1.00 1.00 1.00 1.00
1570 20202 20202 20202 20202 1.00 1.00 1.00 1.00 1.00 1.00 1.00 1.00
1580 20002 20002 20002 20002 1.00 1.00 1.00 1.00 1.00 1.00 1.00 1.00
1590 20002 20002 20002 20002 1.00 1.00 1.00 1.00 1.00 1.00 1.00 1.00
1600 20000 20000 20000 20000 1.00 1.00 1.00 1.00 1.00 1.00 1.00 1.00
1610 20000 20000 20000 20000 1.00 1.00 1.00 1.00 1.00 1.00 1.00 1.00
1620 20000 20000 20000 20000 1.00 1.00 1.00 1.00 1.00 1.00 1.00 1.00
1630 20000 20000 20000 20000 1.00 1.00 1.00 1.00 1.00 1.00 1.00 1.00
1640 20030 20030 20030 20030 1.00 1.00 1.00 1.00 1.00 1.00 1.00 1.00
1650 20030 20030 20030 20030 1.00 1.00 1.00 1.00 1.00 1.00 1.00 1.00
1660 20030 20030 20030 20030 1.00 1.00 1.00 1.00 1.00 1.00 1.00 1.00
1670 20030 20030 20030 20030 1.00 1.00 1.00 1.00 1.00 1.00 1.00 1.00
1680 20030 20030 20030 20030 1.00 1.00 1.00 1.00 1.00 1.00 1.00 1.00
1690 20030 20030 20030 20030 1.00 1.00 1.00 1.00 1.00 1.00 1.00 1.00
1700 20000 20000 20000 20000 1.00 1.00 1.00 1.00 1.00 1.00 1.00 1.00
1710 20000 20000 20000 20000 1.00 1.00 1.00 1.00 1.00 1.00 1.00 1.00
1720 20000 20000 20000 20000 1.00 1.00 1.00 1.00 1.00 1.00 1.00 1.00
1730 20000 20000 20000 20000 1.00 1.00 1.00 1.00 1.00 1.00 1.00 1.00
1740 20000 20000 20000 20000 1.00 1.00 1.00 1.00 1.00 1.00 1.00 1.00
1750 20000 20000 20000 20000 1.00 1.00 1.00 1.00 1.00 1.00 1.00 1.00
1760 20020 20000 20020 20020 .72 .72 .72 .72 .79 .79 .79 .79
1770 20200 20200 20200 20200 1.00 1.00 1.00 1.00 1.00 1.00 1.00 1.00
1780 02200 00200 02200 02200 .72 .72 .72 .72 .79 .79 .79 .79
1790 00200 00200 00200 00200 1.00 1.00 1.00 1.00 1.00 1.00 1.00 1.00
1800 00200 00200 00200 00200 1.00 1.00 1.00 1.00 1.00 1.00 1.00 1.00
1810 00200 00200 00200 00200 1.00 1.00 1.00 1.00 1.00 1.00 1.00 1.00
1820 00200 00200 00200 00200 1.00 1.00 1.00 1.00 1.00 1.00 1.00 1.00
1830 30200 30200 30200 30200 1.00 1.00 1.00 1.00 1.00 1.00 1.00 1.00
1840 30200 30200 30200 30200 1.00 1.00 1.00 1.00 1.00 1.00 1.00 1.00
1850 30200 30200 30200 30200 1.00 1.00 1.00 1.00 1.00 1.00 1.00 1.00
1860 30200 30201 30200 30200 .80 .92 .96 .76 .85 .94 .97 .81
1870 30200 30201 30200 30200 .80 .92 .96 .76 .85 .94 .97 .81
1880 30201 30201 30201 30201 1.00 1.00 1.00 1.00 1.00 1.00 1.00 1.00
1890 30201 30201 30201 30201 1.00 1.00 1.00 1.00 1.00 1.00 1.00 1.00
1900 30201 30201 30201 30201 1.00 1.00 1.00 1.00 1.00 1.00 1.00 1.00
1910 30201 30201 30201 30201 1.00 1.00 1.00 1.00 1.00 1.00 1.00 1.00
1920 30202 30202 30202 30202 1.00 1.00 1.00 1.00 1.00 1.00 1.00 1.00
1930 30202 30202 30202 30202 1.00 1.00 1.00 1.00 1.00 1.00 1.00 1.00
1940 30202 30202 30202 30202 1.00 1.00 1.00 1.00 1.00 1.00 1.00 1.00
1950 30202 30202 30202 30202 1.00 1.00 1.00 1.00 1.00 1.00 1.00 1.00
1960 03202 30202 03202 03202 .61 .15 .22 .49 .70 .35 .41 .61
1970 03202 03202 03202 03202 1.00 1.00 1.00 1.00 1.00 1.00 1.00 1.00
1980 03202 03202 03202 03202 1.00 1.00 1.00 1.00 1.00 1.00 1.00 1.00
1990 03202 03202 03202 03202 1.00 1.00 1.00 1.00 1.00 1.00 1.00 1.00
2000 03202 03202 03202 03202 1.00 1.00 1.00 1.00 1.00 1.00 1.00 1.00
2010 00202 00202 00202 00202 1.00 1.00 1.00 1.00 1.00 1.00 1.00 1.00
2020 00202 00202 00202 00202 1.00 1.00 1.00 1.00 1.00 1.00 1.00 1.00
2030 00202 00202 00202 00202 1.00 1.00 1.00 1.00 1.00 1.00 1.00 1.00
2040 00202 00202 00202 00202 1.00 1.00 1.00 1.00 1.00 1.00 1.00 1.00
2050 00202 00202 00202 00202 1.00 1.00 1.00 1.00 1.00 1.00 1.00 1.00
2060 00202 00202 00202 00202 1.00 1.00 1.00 1.00 1.00 1.00 1.00 1.00
2070 20202 20202 20202 20202 1.00 1.00 1.00 1.00 1.00 1.00 1.00 1.00
2080 20022 20002 20022 20022 .75 .75 .75 .75 .81 .81 .81 .81
2090 20002 20002 20002 20002 1.00 1.00 1.00 1.00 1.00 1.00 1.00 1.00
2100 20000 20000 20000 20000 1.00 1.00 1.00 1.00 1.00 1.00 1.00 1.00
2110 20000 20000 20000 20000 1.00 1.00 1.00 1.00 1.00 1.00 1.00 1.00
2120 20000 20000 20000 20000 1.00 1.00 1.00 1.00 1.00 1.00 1.00 1.00
2130 20000 20000 20000 20000 1.00 1.00 1.00 1.00 1.00 1.00 1.00 1.00
2140 20030 20030 20030 20030 1.00 1.00 1.00 1.00 1.00 1.00 1.00 1.00
2150 20030 20030 20030 20030 1.00 1.00 1.00 1.00 1.00 1.00 1.00 1.00
2160 20030 20030 20030 20030 1.00 1.00 1.00 1.00 1.00 1.00 1.00 1.00
2170 20000 20000 20000 20000 1.00 1.00 1.00 1.00 1.00 1.00 1.00 1.00
2180 20000 20000 20000 20000 1.00 1.00 1.00 1.00 1.00 1.00 1.00 1.00
2190 20000 20000 20000 20000 1.00 1.00 1.00 1.00 1.00 1.00 1.00 1.00
2200 20000 20000 20000 20000 1.00 1.00 1.00 1.00 1.00 1.00 1.00 1.00
2210 20000 20000 20000 20000 1.00 1.00 1.00 1.00 1.00 1.00 1.00 1.00
2220 20020 20000 20020 20020 .72 .72 .72 .72 .79 .79 .79 .79
2230 20200 20000 20200 20200 .72 .72 .72 .72 .79 .79 .79 .79
2240 20200 20200 20200 20200 1.00 1.00 1.00 1.00 1.00 1.00 1.00 1.00
2250 00200 00200 00200 00200 1.00 1.00 1.00 1.00 1.00 1.00 1.00 1.00
2260 00200 00200 00200 00200 1.00 1.00 1.00 1.00 1.00 1.00 1.00 1.00
2270 00200 00200 00200 00200 1.00 1.00 1.00 1.00 1.00 1.00 1.00 1.00
2280 00200 00200 00200 00200 1.00 1.00 1.00 1.00 1.00 1.00 1.00 1.00
2290 00200 00200 00200 00200 1.00 1.00 1.00 1.00 1.00 1.00 1.00 1.00
2300 00200 00200 00200 00200 1.00 1.00 1.00 1.00 1.00 1.00 1.00 1.00
2310 00200 00200 00200 00200 1.00 1.00 1.00 1.00 1.00 1.00 1.00 1.00
2320 00201 00200 00201 00201 .75 .83 .90 .72 .82 .87 .93 .79
2330 00201 00201 00201 00201 1.00 1.00 1.00 1.00 1.00 1.00 1.00 1.00
2340 00202 00201 00202 00202 .76 .96 .93 .97 .82 .97 .95 .98
2350 00202 00202 00202 00202 1.00 1.00 1.00 1.00 1.00 1.00 1.00 1.00
2360 00202 00202 00202 00202 1.00 1.00 1.00 1.00 1.00 1.00 1.00 1.00
2370 00202 00202 00202 00202 1.00 1.00 1.00 1.00 1.00 1.00 1.00 1.00
2380 03202 00202 03202 03202 .79 .56 .59 .75 .85 .67 .69 .81
2390 03202 00202 03202 03202 .79 .56 .59 .75 .85 .67 .69 .81
2400 03202 00202 03202 03202 .79 .56 .59 .75 .85 .67 .69 .81
2410 00202 00202 00202 00202 1.00 1.00 1.00 1.00 1.00 1.00 1.00 1.00
2420 00202 00202 00202 00202 1.00 1.00 1.00 1.00 1.00 1.00 1.00 1.00
2430 03202 03202 03202 03202 1.00 1.00 1.00 1.00 1.00 1.00 1.00 1.00
2440 03202 03202 03202 03202 1.00 1.00 1.00 1.00 1.00 1.00 1.00 1.00
2450 03202 03202 03202 03202 1.00 1.00 1.00 1.00 1.00 1.00 1.00 1.00
2460 00202 00202 00202 00202 1.00 1.00 1.00 1.00 1.00 1.00 1.00 1.00
2470 03202 03202 03202 03202 1.00 1.00 1.00 1.00 1.00 1.00 1.00 1.00
2480 03202 03202 03202 03202 1.00 1.00 1.00 1.00 1.00 1.00 1.00 1.00
2490 03202 03202 03202 03202 1.00 1.00 1.00 1.00 1.00 1.00 1.00 1.00
2500 03202 03202 03202 03202 1.00 1.00 1.00 1.00 1.00 1.00 1.00 1.00
2510 03202 03202 03202 03202 1.00 1.00 1.00 1.00 1.00 1.00 1.00 1.00
2520 03202 03202 03202 03202 1.00 1.00 1.00 1.00 1.00 1.00 1.00 1.00
2530 03202 03202 03202 03202 1.00 1.00 1.00 1.00 1.00 1.00 1.00 1.00
2540 03202 03202 03202 03202 1.00 1.00 1.00 1.00 1.00 1.00 1.00 1.00
2550 03202 03202 03202 03202 1.00 1.00 1.00 1.00 1.00 1.00 1.00 1.00
2560 03202 03202 03202 03202 1.00 1.00 1.00 1.00 1.00 1.00 1.00 1.00
2570 03202 03202 03202 03202 1.00 1.00 1.00 1.00 1.00 1.00 1.00 1.00
2580 00202 03202 00202 00202 .77 .53 .53 .75 .82 .64 .63 .81
2590 20202 23202 20202 20202 .76 .36 .46 .72 .82 .51 .58 .79
2600 20022 20002 20022 20022 .75 .75 .75 .75 .81 .81 .81 .81
2610 20002 20002 20002 20002 1.00 1.00 1.00 1.00 1.00 1.00 1.00 1.00
2620 20000 20000 20000 20000 1.00 1.00 1.00 1.00 1.00 1.00 1.00 1.00
2630 20000 20000 20000 20000 1.00 1.00 1.00 1.00 1.00 1.00 1.00 1.00
2640 20000 20000 20000 20000 1.00 1.00 1.00 1.00 1.00 1.00 1.00 1.00
2650 20000 20000 20000 20000 1.00 1.00 1.00 1.00 1.00 1.00 1.00 1.00
2660 20000 20000 20000 20000 1.00 1.00 1.00 1.00 1.00 1.00 1.00 1.00
2670 00001 00000 00001 00001 .46 .46 .46 .46 .63 .63 .63 .63
2680 00001 00000 00001 00001 .46 .46 .46 .46 .63 .63 .63 .63
2690 00001 00000 00001 00001 .46 .46 .46 .46 .63 .63 .63 .63
2700 00001 00000 00001 00001 .46 .46 .46 .46 .63 .63 .63 .63
2710 00041 04000 00041 00041 .25 .14 .17 .19 .45 .34 .36 .40
2720 04041 04000 04041 04041 .58 .60 .68 .53 .69 .70 .76 .65
2730 04041 04000 04041 04041 .58 .60 .68 .53 .69 .70 .76 .65
2740 04041 04040 04041 04041 .79 .92 .98 .77 .85 .94 .99 .82
2750 04041 04040 04041 04041 .79 .92 .98 .77 .85 .94 .99 .82
2760 04041 04040 04041 04041 .79 .92 .98 .77 .85 .94 .99 .82
2770 04041 04040 04041 04041 .79 .92 .98 .77 .85 .94 .99 .82
2780 04041 04040 04041 04041 .79 .92 .98 .77 .85 .94 .99 .82
2790 04041 04040 04041 04041 .79 .92 .98 .77 .85 .94 .99 .82
2800 04041 04040 04041 04041 .79 .92 .98 .77 .85 .94 .99 .82
2810 04041 04040 04041 04041 .79 .92 .98 .77 .85 .94 .99 .82
