0 00002 00002 00001 00002 .63 .98 .87 .96 .72 .99 .91 .97
10 00002 00002 00001 00002 .63 .98 .87 .96 .72 .99 .91 .97
20 00002 00002 00001 00002 .63 .98 .87 .96 .72 .99 .91 .97
30 00002 00002 00001 00002 .63 .98 .87 .96 .72 .99 .91 .97
40 00002 00002 00001 00002 .63 .98 .87 .96 .72 .99 .91 .97
50 00002 00002 00001 00002 .63 .98 .87 .96 .72 .99 .91 .97
60 00002 00002 00001 00002 .63 .98 .87 .96 .72 .99 .91 .97
70 00022 00022 00001 00022 .48 .66 .60 .69 .61 .75 .71 .77
80 00202 00202 00200 00202 .72 .72 .72 .72 .79 .79 .79 .79
90 00200 00200 00200 00200 1.00 1.00 1.00 1.00 1.00 1.00 1.00 1.00
100 00200 00200 00200 00200 1.00 1.00 1.00 1.00 1.00 1.00 1.00 1.00
110 00200 00200 00200 00200 1.00 1.00 1.00 1.00 1.00 1.00 1.00 1.00
120 00200 00200 00200 00200 1.00 1.00 1.00 1.00 1.00 1.00 1.00 1.00
130 00200 00200 00200 00200 1.00 1.00 1.00 1.00 1.00 1.00 1.00 1.00
140 00200 00200 00200 00200 1.00 1.00 1.00 1.00 1.00 1.00 1.00 1.00
150 00200 00200 00200 00200 1.00 1.00 1.00 1.00 1.00 1.00 1.00 1.00
160 00200 00200 00200 00200 1.00 1.00 1.00 1.00 1.00 1.00 1.00 1.00
170 00200 00200 00200 00200 1.00 1.00 1.00 1.00 1.00 1.00 1.00 1.00
180 00200 00200 00200 00200 1.00 1.00 1.00 1.00 1.00 1.00 1.00 1.00
190 02200 20200 00200 00200 .44 .44 .44 .44 .55 .55 .55 .55
200 20200 20200 20200 20200 1.00 1.00 1.00 1.00 1.00 1.00 1.00 1.00
210 20020 20000 20000 20000 .68 .68 .68 .68 .75 .75 .75 .75
220 20000 20000 20000 20000 1.00 1.00 1.00 1.00 1.00 1.00 1.00 1.00
230 20000 20000 20000 20000 1.00 1.00 1.00 1.00 1.00 1.00 1.00 1.00
240 20000 20000 20000 20000 1.00 1.00 1.00 1.00 1.00 1.00 1.00 1.00
250 20000 20000 20000 20000 1.00 1.00 1.00 1.00 1.00 1.00 1.00 1.00
260 20000 20000 20000 20000 1.00 1.00 1.00 1.00 1.00 1.00 1.00 1.00
270 20000 20000 20000 20000 1.00 1.00 1.00 1.00 1.00 1.00 1.00 1.00
280 20000 20000 20000 20000 1.00 1.00 1.00 1.00 1.00 1.00 1.00 1.00
290 20000 20000 20000 20000 1.00 1.00 1.00 1.00 1.00 1.00 1.00 1.00
300 20020 20000 20000 20000 .68 .68 .68 .68 .75 .75 .75 .75
310 20020 20000 20000 20000 .68 .68 .68 .68 .75 .75 .75 .75
320 20020 20000 20000 20000 .68 .68 .68 .68 .75 .75 .75 .75
330 20020 20000 20000 20000 .68 .68 .68 .68 .75 .75 .75 .75
340 20020 20000 20000 20000 .68 .68 .68 .68 .75 .75 .75 .75
350 20200 20000 20000 20000 .68 .68 .68 .68 .75 .75 .75 .75
360 20200 20000 20000 20000 .68 .68 .68 .68 .75 .75 .75 .75
370 20200 20200 20200 20200 1.00 1.00 1.00 1.00 1.00 1.00 1.00 1.00
380 20200 20200 20200 20200 1.00 1.00 1.00 1.00 1.00 1.00 1.00 1.00
390 00200 00200 00200 00200 1.00 1.00 1.00 1.00 1.00 1.00 1.00 1.00
400 00200 00200 00200 00200 1.00 1.00 1.00 1.00 1.00 1.00 1.00 1.00
410 00200 00200 00200 00200 1.00 1.00 1.00 1.00 1.00 1.00 1.00 1.00
420 00200 00200 00200 00200 1.00 1.00 1.00 1.00 1.00 1.00 1.00 1.00
430 00200 00200 00200 00200 1.00 1.00 1.00 1.00 1.00 1.00 1.00 1.00
440 00200 00200 00200 00200 1.00 1.00 1.00 1.00 1.00 1.00 1.00 1.00
450 00200 00200 00200 00200 1.00 1.00 1.00 1.00 1.00 1.00 1.00 1.00
460 00201 00201 00200 00201 .75 .83 .90 .72 .82 .87 .93 .79
470 00201 00201 00201 00201 1.00 1.00 1.00 1.00 1.00 1.00 1.00 1.00
480 00201 00201 00201 00201 1.00 1.00 1.00 1.00 1.00 1.00 1.00 1.00
490 00201 00202 00201 00201 .77 .96 .92 .97 .83 .97 .93 .98
500 00202 00202 00202 00202 1.00 1.00 1.00 1.00 1.00 1.00 1.00 1.00
510 00202 00202 00202 00202 1.00 1.00 1.00 1.00 1.00 1.00 1.00 1.00
520 00202 00202 00202 00202 1.00 1.00 1.00 1.00 1.00 1.00 1.00 1.00
530 00202 00202 00202 00202 1.00 1.00 1.00 1.00 1.00 1.00 1.00 1.00
540 00202 00202 00202 00202 1.00 1.00 1.00 1.00 1.00 1.00 1.00 1.00
550 00202 00202 00202 00202 1.00 1.00 1.00 1.00 1.00 1.00 1.00 1.00
560 00202 00202 00202 00202 1.00 1.00 1.00 1.00 1.00 1.00 1.00 1.00
570 00202 00202 00202 00202 1.00 1.00 1.00 1.00 1.00 1.00 1.00 1.00
580 00202 00202 00202 00202 1.00 1.00 1.00 1.00 1.00 1.00 1.00 1.00
590 00202 00202 00202 00202 1.00 1.00 1.00 1.00 1.00 1.00 1.00 1.00
600 00202 00202 00202 00202 1.00 1.00 1.00 1.00 1.00 1.00 1.00 1.00
610 00202 00202 00202 00202 1.00 1.00 1.00 1.00 1.00 1.00 1.00 1.00
620 00202 00202 00202 00202 1.00 1.00 1.00 1.00 1.00 1.00 1.00 1.00
630 00202 00202 00202 00202 1.00 1.00 1.00 1.00 1.00 1.00 1.00 1.00
640 00202 00202 00202 00202 1.00 1.00 1.00 1.00 1.00 1.00 1.00 1.00
650 00202 00202 00202 00202 1.00 1.00 1.00 1.00 1.00 1.00 1.00 1.00
660 02202 20202 20202 20202 .48 .48 .48 .48 .60 .60 .60 .60
670 20022 20002 20002 20002 .75 .75 .75 .75 .81 .81 .81 .81
680 20002 20002 20002 20002 1.00 1.00 1.00 1.00 1.00 1.00 1.00 1.00
690 20002 20002 20002 20002 1.00 1.00 1.00 1.00 1.00 1.00 1.00 1.00
700 20002 20002 20002 20002 1.00 1.00 1.00 1.00 1.00 1.00 1.00 1.00
710 20002 20002 20002 20002 1.00 1.00 1.00 1.00 1.00 1.00 1.00 1.00
720 20002 20002 20002 20002 1.00 1.00 1.00 1.00 1.00 1.00 1.00 1.00
730 20000 20000 20000 20000 1.00 1.00 1.00 1.00 1.00 1.00 1.00 1.00
740 20000 20000 20000 20000 1.00 1.00 1.00 1.00 1.00 1.00 1.00 1.00
750 20000 20000 20000 20000 1.00 1.00 1.00 1.00 1.00 1.00 1.00 1.00
760 20000 20000 20000 20000 1.00 1.00 1.00 1.00 1.00 1.00 1.00 1.00
770 20000 20000 20000 20000 1.00 1.00 1.00 1.00 1.00 1.00 1.00 1.00
780 20000 20000 20000 20000 1.00 1.00 1.00 1.00 1.00 1.00 1.00 1.00
790 20000 20000 20000 20000 1.00 1.00 1.00 1.00 1.00 1.00 1.00 1.00
800 20000 20000 20000 20000 1.00 1.00 1.00 1.00 1.00 1.00 1.00 1.00
810 20000 20000 20000 20000 1.00 1.00 1.00 1.00 1.00 1.00 1.00 1.00
820 20000 20000 20000 20000 1.00 1.00 1.00 1.00 1.00 1.00 1.00 1.00
830 20000 20000 20000 20000 1.00 1.00 1.00 1.00 1.00 1.00 1.00 1.00
840 20000 20000 20000 20000 1.00 1.00 1.00 1.00 1.00 1.00 1.00 1.00
850 20000 20000 20000 20000 1.00 1.00 1.00 1.00 1.00 1.00 1.00 1.00
860 20000 20000 20000 20000 1.00 1.00 1.00 1.00 1.00 1.00 1.00 1.00
870 20000 20000 20000 20000 1.00 1.00 1.00 1.00 1.00 1.00 1.00 1.00
880 20000 20000 20000 20000 1.00 1.00 1.00 1.00 1.00 1.00 1.00 1.00
890 20000 20000 20000 20000 1.00 1.00 1.00 1.00 1.00 1.00 1.00 1.00
900 20000 20000 20000 20000 1.00 1.00 1.00 1.00 1.00 1.00 1.00 1.00
910 20000 20000 20000 20000 1.00 1.00 1.00 1.00 1.00 1.00 1.00 1.00
920 20000 20000 20000 20000 1.00 1.00 1.00 1.00 1.00 1.00 1.00 1.00
930 20030 20030 20030 20030 1.00 1.00 1.00 1.00 1.00 1.00 1.00 1.00
940 20030 20030 20030 20030 1.00 1.00 1.00 1.00 1.00 1.00 1.00 1.00
950 20030 20030 20000 20030 .75 .61 .59 .72 .82 .71 .70 .79
960 20000 20000 20000 20000 1.00 1.00 1.00 1.00 1.00 1.00 1.00 1.00
970 20300 20000 20000 20000 .70 .55 .46 .68 .76 .64 .55 .75
980 20300 20000 20000 20000 .70 .55 .46 .68 .76 .64 .55 .75
990 20300 20200 20300 20300 .77 .96 .96 .99 .83 .97 .97 .99
1000 20300 20200 20300 20300 .77 .96 .96 .99 .83 .97 .97 .99
1010 20300 20200 20300 20300 .77 .96 .96 .99 .83 .97 .97 .99
1020 20300 20200 20300 20300 .77 .96 .96 .99 .83 .97 .97 .99
1030 20300 20200 20300 20300 .77 .96 .96 .99 .83 .97 .97 .99
1040 20000 20000 20000 20000 1.00 1.00 1.00 1.00 1.00 1.00 1.00 1.00
1050 20000 20000 20000 20000 1.00 1.00 1.00 1.00 1.00 1.00 1.00 1.00
1060 20000 20000 20000 20000 1.00 1.00 1.00 1.00 1.00 1.00 1.00 1.00
1070 20000 20000 20000 20000 1.00 1.00 1.00 1.00 1.00 1.00 1.00 1.00
1080 20000 20000 20000 20000 1.00 1.00 1.00 1.00 1.00 1.00 1.00 1.00
1090 20000 20000 20000 20000 1.00 1.00 1.00 1.00 1.00 1.00 1.00 1.00
1100 20000 20000 20000 20000 1.00 1.00 1.00 1.00 1.00 1.00 1.00 1.00
1110 20000 20000 20000 20000 1.00 1.00 1.00 1.00 1.00 1.00 1.00 1.00
1120 20000 20000 20000 20000 1.00 1.00 1.00 1.00 1.00 1.00 1.00 1.00
1130 20000 20000 20000 20000 1.00 1.00 1.00 1.00 1.00 1.00 1.00 1.00
1140 20020 20000 20000 20000 .68 .68 .68 .68 .75 .75 .75 .75
1150 20020 20000 20000 20000 .68 .68 .68 .68 .75 .75 .75 .75
1160 20020 20000 20000 20000 .68 .68 .68 .68 .75 .75 .75 .75
1170 20200 20200 20200 20200 1.00 1.00 1.00 1.00 1.00 1.00 1.00 1.00
1180 02200 00200 00200 00200 .68 .68 .68 .68 .75 .75 .75 .75
1190 00200 00200 00200 00200 1.00 1.00 1.00 1.00 1.00 1.00 1.00 1.00
1200 00200 00200 00200 00200 1.00 1.00 1.00 1.00 1.00 1.00 1.00 1.00
1210 00200 00200 00200 00200 1.00 1.00 1.00 1.00 1.00 1.00 1.00 1.00
1220 00200 00200 00200 00200 1.00 1.00 1.00 1.00 1.00 1.00 1.00 1.00
1230 00200 00200 00200 00200 1.00 1.00 1.00 1.00 1.00 1.00 1.00 1.00
1240 00200 00200 00200 00200 1.00 1.00 1.00 1.00 1.00 1.00 1.00 1.00
1250 00200 00200 00200 00200 1.00 1.00 1.00 1.00 1.00 1.00 1.00 1.00
1260 00200 00200 00200 00200 1.00 1.00 1.00 1.00 1.00 1.00 1.00 1.00
1270 00200 00200 00200 00200 1.00 1.00 1.00 1.00 1.00 1.00 1.00 1.00
1280 00200 00200 00200 00200 1.00 1.00 1.00 1.00 1.00 1.00 1.00 1.00
1290 00200 00200 00200 00200 1.00 1.00 1.00 1.00 1.00 1.00 1.00 1.00
1300 00201 00201 00201 00201 1.00 1.00 1.00 1.00 1.00 1.00 1.00 1.00
1310 00202 00201 00201 00201 .77 .96 .92 .97 .83 .97 .93 .98
1320 00202 00201 00202 00202 .76 .96 .93 .97 .82 .97 .95 .98
1330 00202 00202 00202 00202 1.00 1.00 1.00 1.00 1.00 1.00 1.00 1.00
1340 00202 00202 00202 00202 1.00 1.00 1.00 1.00 1.00 1.00 1.00 1.00
1350 00202 00202 00202 00202 1.00 1.00 1.00 1.00 1.00 1.00 1.00 1.00
1360 00202 00202 00202 00202 1.00 1.00 1.00 1.00 1.00 1.00 1.00 1.00
1370 00202 00202 00202 00202 1.00 1.00 1.00 1.00 1.00 1.00 1.00 1.00
1380 00202 00202 00202 00202 1.00 1.00 1.00 1.00 1.00 1.00 1.00 1.00
1390 00202 00202 00202 00202 1.00 1.00 1.00 1.00 1.00 1.00 1.00 1.00
1400 00202 00202 00202 00202 1.00 1.00 1.00 1.00 1.00 1.00 1.00 1.00
1410 00202 00202 00202 00202 1.00 1.00 1.00 1.00 1.00 1.00 1.00 1.00
1420 00202 00202 00202 00202 1.00 1.00 1.00 1.00 1.00 1.00 1.00 1.00
1430 00202 00202 00202 00202 1.00 1.00 1.00 1.00 1.00 1.00 1.00 1.00
1440 00202 00202 00202 00202 1.00 1.00 1.00 1.00 1.00 1.00 1.00 1.00
1450 00202 00202 00202 00202 1.00 1.00 1.00 1.00 1.00 1.00 1.00 1.00
1460 00202 00202 00202 00202 1.00 1.00 1.00 1.00 1.00 1.00 1.00 1.00
1470 00202 00202 00202 00202 1.00 1.00 1.00 1.00 1.00 1.00 1.00 1.00
1480 00202 00242 00202 00202 .77 .53 .35 .75 .82 .64 .46 .81
1490 00202 00242 00242 00242 .79 .56 .49 .76 .85 .67 .63 .81
1500 00202 00242 00242 00242 .79 .56 .49 .76 .85 .67 .63 .81
1510 00202 00242 03242 00242 .62 .19 .22 .50 .71 .40 .42 .62
1520 00202 00242 03242 00242 .62 .19 .22 .50 .71 .40 .42 .62
1530 02202 00242 20242 00242 .36 .11 .12 .19 .53 .36 .38 .40
1540 02202 20242 20242 20242 .32 .01 .02 .09 .49 .25 .27 .28
1550 20002 20002 20002 20002 1.00 1.00 1.00 1.00 1.00 1.00 1.00 1.00
1560 20002 20002 20002 20002 1.00 1.00 1.00 1.00 1.00 1.00 1.00 1.00
1570 20002 20002 20002 20002 1.00 1.00 1.00 1.00 1.00 1.00 1.00 1.00
1580 20002 20002 20002 20002 1.00 1.00 1.00 1.00 1.00 1.00 1.00 1.00
1590 20002 20002 20002 20002 1.00 1.00 1.00 1.00 1.00 1.00 1.00 1.00
1600 20002 20002 20002 20002 1.00 1.00 1.00 1.00 1.00 1.00 1.00 1.00
1610 20002 20002 20002 20002 1.00 1.00 1.00 1.00 1.00 1.00 1.00 1.00
1620 20002 20002 20002 20002 1.00 1.00 1.00 1.00 1.00 1.00 1.00 1.00
1630 20002 20002 20002 20002 1.00 1.00 1.00 1.00 1.00 1.00 1.00 1.00
1640 20002 20002 20002 20002 1.00 1.00 1.00 1.00 1.00 1.00 1.00 1.00
1650 20002 20002 20002 20002 1.00 1.00 1.00 1.00 1.00 1.00 1.00 1.00
1660 20000 20002 20001 20000 .61 .76 .76 .71 .64 .75 .77 .69
1670 20020 20000 20200 20000 .44 .44 .44 .44 .55 .55 .55 .55
1680 20200 20200 20200 20200 1.00 1.00 1.00 1.00 1.00 1.00 1.00 1.00
1690 00200 00200 00200 00200 1.00 1.00 1.00 1.00 1.00 1.00 1.00 1.00
1700 00200 00200 00200 00200 1.00 1.00 1.00 1.00 1.00 1.00 1.00 1.00
1710 00200 00200 00200 00200 1.00 1.00 1.00 1.00 1.00 1.00 1.00 1.00
1720 00200 00200 00200 00200 1.00 1.00 1.00 1.00 1.00 1.00 1.00 1.00
1730 00200 00200 00200 00200 1.00 1.00 1.00 1.00 1.00 1.00 1.00 1.00
1740 00200 00200 00200 00200 1.00 1.00 1.00 1.00 1.00 1.00 1.00 1.00
1750 00200 03200 03200 03200 .75 .61 .59 .72 .82 .71 .70 .79
1760 00200 03200 03200 03200 .75 .61 .59 .72 .82 .71 .70 .79
1770 00200 03200 03200 03200 .75 .61 .59 .72 .82 .71 .70 .79
1780 00200 03200 00200 00200 .70 .55 .46 .68 .76 .64 .55 .75
1790 00200 03200 00200 00200 .70 .55 .46 .68 .76 .64 .55 .75
1800 02200 03200 00200 02200 .61 .65 .61 .72 .67 .75 .72 .79
1810 20020 23000 20000 20000 .48 .32 .28 .44 .57 .45 .40 .55
1820 20000 20000 20000 20000 1.00 1.00 1.00 1.00 1.00 1.00 1.00 1.00
1830 20000 20000 20000 20000 1.00 1.00 1.00 1.00 1.00 1.00 1.00 1.00
1840 20000 20000 20000 20000 1.00 1.00 1.00 1.00 1.00 1.00 1.00 1.00
1850 20000 20000 20000 20000 1.00 1.00 1.00 1.00 1.00 1.00 1.00 1.00
1860 20000 20000 20000 20000 1.00 1.00 1.00 1.00 1.00 1.00 1.00 1.00
1870 20000 20000 20000 20000 1.00 1.00 1.00 1.00 1.00 1.00 1.00 1.00
1880 20000 20000 20000 20000 1.00 1.00 1.00 1.00 1.00 1.00 1.00 1.00
1890 20000 20000 20000 20000 1.00 1.00 1.00 1.00 1.00 1.00 1.00 1.00
1900 20000 20000 20000 20000 1.00 1.00 1.00 1.00 1.00 1.00 1.00 1.00
1910 20000 20000 20000 20000 1.00 1.00 1.00 1.00 1.00 1.00 1.00 1.00
1920 20000 20000 20000 20000 1.00 1.00 1.00 1.00 1.00 1.00 1.00 1.00
1930 20000 20000 20000 20000 1.00 1.00 1.00 1.00 1.00 1.00 1.00 1.00
1940 20000 20000 20000 20000 1.00 1.00 1.00 1.00 1.00 1.00 1.00 1.00
1950 20000 20000 20000 20000 1.00 1.00 1.00 1.00 1.00 1.00 1.00 1.00
1960 20000 20000 20000 20000 1.00 1.00 1.00 1.00 1.00 1.00 1.00 1.00
1970 20000 20000 20000 20000 1.00 1.00 1.00 1.00 1.00 1.00 1.00 1.00
1980 20000 20000 20000 20000 1.00 1.00 1.00 1.00 1.00 1.00 1.00 1.00
1990 20000 20000 20000 20000 1.00 1.00 1.00 1.00 1.00 1.00 1.00 1.00
2000 20030 20030 20000 20030 .75 .61 .59 .72 .82 .71 .70 .79
2010 20030 20030 20000 20030 .75 .61 .59 .72 .82 .71 .70 .79
2020 20300 20300 20300 20300 1.00 1.00 1.00 1.00 1.00 1.00 1.00 1.00
2030 20300 20300 20300 20300 1.00 1.00 1.00 1.00 1.00 1.00 1.00 1.00
2040 20300 20300 20300 20300 1.00 1.00 1.00 1.00 1.00 1.00 1.00 1.00
2050 20300 20300 20300 20300 1.00 1.00 1.00 1.00 1.00 1.00 1.00 1.00
2060 20030 20300 20000 20000 .50 .22 .18 .44 .59 .37 .29 .55
2070 20000 20000 20000 20000 1.00 1.00 1.00 1.00 1.00 1.00 1.00 1.00
2080 20000 20000 20000 20000 1.00 1.00 1.00 1.00 1.00 1.00 1.00 1.00
2090 20000 20000 20000 20000 1.00 1.00 1.00 1.00 1.00 1.00 1.00 1.00
2100 20000 20000 20000 20000 1.00 1.00 1.00 1.00 1.00 1.00 1.00 1.00
2110 20000 20000 20000 20000 1.00 1.00 1.00 1.00 1.00 1.00 1.00 1.00
2120 20000 20000 20000 20000 1.00 1.00 1.00 1.00 1.00 1.00 1.00 1.00
2130 20000 20000 20030 20000 .70 .55 .46 .68 .76 .64 .55 .75
2140 20000 20000 20030 20000 .70 .55 .46 .68 .76 .64 .55 .75
2150 20000 20000 20030 20000 .70 .55 .46 .68 .76 .64 .55 .75
2160 20000 20000 20030 20000 .70 .55 .46 .68 .76 .64 .55 .75
2170 20000 20000 20030 20000 .70 .55 .46 .68 .76 .64 .55 .75
2180 20000 20000 20030 20000 .70 .55 .46 .68 .76 .64 .55 .75
2190 20000 20000 20030 20000 .70 .55 .46 .68 .76 .64 .55 .75
2200 20000 20000 20030 20000 .70 .55 .46 .68 .76 .64 .55 .75
2210 20000 20000 20030 20000 .70 .55 .46 .68 .76 .64 .55 .75
2220 20000 20000 20030 20000 .70 .55 .46 .68 .76 .64 .55 .75
2230 20020 20000 20230 20020 .41 .43 .42 .48 .51 .57 .56 .60
2240 20020 20000 20230 20020 .41 .43 .42 .48 .51 .57 .56 .60
2250 20200 20200 20230 20200 .77 .53 .53 .75 .82 .64 .63 .81
2260 20200 20200 20230 20200 .77 .53 .53 .75 .82 .64 .63 .81
2270 20200 20200 20230 20200 .77 .53 .53 .75 .82 .64 .63 .81
2280 00200 00200 00230 00200 .70 .55 .46 .68 .76 .64 .55 .75
2290 00200 00200 00230 00200 .70 .55 .46 .68 .76 .64 .55 .75
2300 00200 00200 00200 00200 1.00 1.00 1.00 1.00 1.00 1.00 1.00 1.00
2310 00200 00200 00200 00200 1.00 1.00 1.00 1.00 1.00 1.00 1.00 1.00
2320 00200 00200 00200 00200 1.00 1.00 1.00 1.00 1.00 1.00 1.00 1.00
2330 00200 00200 00200 00200 1.00 1.00 1.00 1.00 1.00 1.00 1.00 1.00
2340 00200 00200 00200 00200 1.00 1.00 1.00 1.00 1.00 1.00 1.00 1.00
2350 00200 00200 00200 00200 1.00 1.00 1.00 1.00 1.00 1.00 1.00 1.00
2360 00200 00200 00201 00200 .70 .80 .90 .68 .76 .84 .93 .75
2370 00200 00200 00201 00200 .70 .80 .90 .68 .76 .84 .93 .75
2380 00200 00200 00201 00200 .70 .80 .90 .68 .76 .84 .93 .75
2390 00201 00200 00201 00201 .75 .83 .90 .72 .82 .87 .93 .79
2400 00201 00201 00201 00201 1.00 1.00 1.00 1.00 1.00 1.00 1.00 1.00
2410 00201 00201 00202 00201 .77 .96 .92 .97 .83 .97 .93 .98
2420 00201 00202 00202 00202 .76 .96 .93 .97 .82 .97 .95 .98
2430 00202 00202 00202 00202 1.00 1.00 1.00 1.00 1.00 1.00 1.00 1.00
2440 00202 00202 00202 00202 1.00 1.00 1.00 1.00 1.00 1.00 1.00 1.00
2450 00202 00202 00202 00202 1.00 1.00 1.00 1.00 1.00 1.00 1.00 1.00
2460 00202 00202 00202 00202 1.00 1.00 1.00 1.00 1.00 1.00 1.00 1.00
2470 00202 00202 00202 00202 1.00 1.00 1.00 1.00 1.00 1.00 1.00 1.00
2480 00202 00202 00202 00202 1.00 1.00 1.00 1.00 1.00 1.00 1.00 1.00
2490 00202 00202 00202 00202 1.00 1.00 1.00 1.00 1.00 1.00 1.00 1.00
2500 00202 00202 00202 00202 1.00 1.00 1.00 1.00 1.00 1.00 1.00 1.00
2510 00202 00202 00202 00202 1.00 1.00 1.00 1.00 1.00 1.00 1.00 1.00
2520 00202 00202 00202 00202 1.00 1.00 1.00 1.00 1.00 1.00 1.00 1.00
2530 00202 00202 00202 00202 1.00 1.00 1.00 1.00 1.00 1.00 1.00 1.00
2540 00202 00202 00202 00202 1.00 1.00 1.00 1.00 1.00 1.00 1.00 1.00
2550 00202 00202 00202 00202 1.00 1.00 1.00 1.00 1.00 1.00 1.00 1.00
2560 00202 00202 00202 00202 1.00 1.00 1.00 1.00 1.00 1.00 1.00 1.00
2570 00202 00242 00242 00242 .79 .56 .49 .76 .85 .67 .63 .81
2580 00202 00242 03242 00242 .62 .19 .22 .50 .71 .40 .42 .62
2590 00202 00242 03242 00242 .62 .19 .22 .50 .71 .40 .42 .62
2600 00202 00242 03242 00242 .62 .19 .22 .50 .71 .40 .42 .62
2610 00202 00242 03242 00242 .62 .19 .22 .50 .71 .40 .42 .62
2620 00202 00242 03242 00242 .62 .19 .22 .50 .71 .40 .42 .62
2630 02202 20242 03242 02242 .30 -0.06 -0.03 .08 .43 .21 .23 .27
2640 20202 20242 23000 20202 .19 -0.30 -0.31 -0.02 .35 -0.08 -0.10 .22
2650 20202 20042 23000 20002 .19 -0.22 -0.24 .02 .35 .03 -0.03 .25
2660 20022 20032 20000 20022 .44 .43 .43 .50 .54 .57 .57 .62
2670 20002 20032 20000 20002 .53 .34 .32 .48 .63 .48 .45 .61
2680 20002 20002 20000 20002 .72 .72 .72 .72 .79 .79 .79 .79
2690 20002 20002 20000 20002 .72 .72 .72 .72 .79 .79 .79 .79
2700 20002 20002 20000 20002 .72 .72 .72 .72 .79 .79 .79 .79
2710 20002 20002 20000 20002 .72 .72 .72 .72 .79 .79 .79 .79
2720 20000 20000 20000 20000 1.00 1.00 1.00 1.00 1.00 1.00 1.00 1.00
2730 20000 20000 20000 20000 1.00 1.00 1.00 1.00 1.00 1.00 1.00 1.00
2740 20000 20000 20000 20000 1.00 1.00 1.00 1.00 1.00 1.00 1.00 1.00
2750 20000 20000 20000 20000 1.00 1.00 1.00 1.00 1.00 1.00 1.00 1.00
2760 20000 20000 20000 20000 1.00 1.00 1.00 1.00 1.00 1.00 1.00 1.00
2770 20000 20000 20000 20000 1.00 1.00 1.00 1.00 1.00 1.00 1.00 1.00
2780 20000 20000 20000 20000 1.00 1.00 1.00 1.00 1.00 1.00 1.00 1.00
2790 20000 20000 20000 20000 1.00 1.00 1.00 1.00 1.00 1.00 1.00 1.00
2800 20000 20000 20000 20000 1.00 1.00 1.00 1.00 1.00 1.00 1.00 1.00
2810 20000 20000 20000 20000 1.00 1.00 1.00 1.00 1.00 1.00 1.00 1.00
2820 20000 20000 20000 20000 1.00 1.00 1.00 1.00 1.00 1.00 1.00 1.00
2830 20000 20000 20000 20000 1.00 1.00 1.00 1.00 1.00 1.00 1.00 1.00
2840 20000 20000 20000 20000 1.00 1.00 1.00 1.00 1.00 1.00 1.00 1.00
2850 20000 20000 20000 20000 1.00 1.00 1.00 1.00 1.00 1.00 1.00 1.00
2860 20000 20000 20000 20000 1.00 1.00 1.00 1.00 1.00 1.00 1.00 1.00
2870 20000 20000 20000 20000 1.00 1.00 1.00 1.00 1.00 1.00 1.00 1.00
2880 20000 20000 20000 20000 1.00 1.00 1.00 1.00 1.00 1.00 1.00 1.00
2890 20000 20000 20000 20000 1.00 1.00 1.00 1.00 1.00 1.00 1.00 1.00
2900 20000 20000 20000 20000 1.00 1.00 1.00 1.00 1.00 1.00 1.00 1.00
2910 20000 20000 20000 20000 1.00 1.00 1.00 1.00 1.00 1.00 1.00 1.00
2920 20000 20000 20000 20000 1.00 1.00 1.00 1.00 1.00 1.00 1.00 1.00
2930 20000 20000 20000 20000 1.00 1.00 1.00 1.00 1.00 1.00 1.00 1.00
2940 20000 20000 20000 20000 1.00 1.00 1.00 1.00 1.00 1.00 1.00 1.00
2950 20000 20000 20000 20000 1.00 1.00 1.00 1.00 1.00 1.00 1.00 1.00
2960 20000 20000 20000 20000 1.00 1.00 1.00 1.00 1.00 1.00 1.00 1.00
2970 20000 20000 20000 20000 1.00 1.00 1.00 1.00 1.00 1.00 1.00 1.00
2980 20000 20000 20000 20000 1.00 1.00 1.00 1.00 1.00 1.00 1.00 1.00
2990 20000 20000 20000 20000 1.00 1.00 1.00 1.00 1.00 1.00 1.00 1.00
3000 20000 20000 20000 20000 1.00 1.00 1.00 1.00 1.00 1.00 1.00 1.00
3010 20000 20000 20000 20000 1.00 1.00 1.00 1.00 1.00 1.00 1.00 1.00
3020 20020 20000 20000 20000 .68 .68 .68 .68 .75 .75 .75 .75
3030 20020 20000 20000 20000 .68 .68 .68 .68 .75 .75 .75 .75
3040 20200 20200 20200 20200 1.00 1.00 1.00 1.00 1.00 1.00 1.00 1.00
3050 02200 00200 00200 00200 .68 .68 .68 .68 .75 .75 .75 .75
3060 00200 00200 00200 00200 1.00 1.00 1.00 1.00 1.00 1.00 1.00 1.00
3070 00200 00200 00200 00200 1.00 1.00 1.00 1.00 1.00 1.00 1.00 1.00
3080 00200 00200 00200 00200 1.00 1.00 1.00 1.00 1.00 1.00 1.00 1.00
3090 00200 00200 00200 00200 1.00 1.00 1.00 1.00 1.00 1.00 1.00 1.00
3100 00200 00200 00200 00200 1.00 1.00 1.00 1.00 1.00 1.00 1.00 1.00
3110 00200 00200 00201 00200 .70 .80 .90 .68 .76 .84 .93 .75
3120 00200 00200 00201 00200 .70 .80 .90 .68 .76 .84 .93 .75
3130 00200 00200 00201 00200 .70 .80 .90 .68 .76 .84 .93 .75
3140 00200 00201 00201 00201 .75 .83 .90 .72 .82 .87 .93 .79
3150 00201 00201 00201 00201 1.00 1.00 1.00 1.00 1.00 1.00 1.00 1.00
3160 00201 00202 00201 00201 .77 .96 .92 .97 .83 .97 .93 .98
3170 00201 00202 00201 00201 .77 .96 .92 .97 .83 .97 .93 .98
3180 00201 00202 00202 00202 .76 .96 .93 .97 .82 .97 .95 .98
3190 00202 00202 00202 00202 1.00 1.00 1.00 1.00 1.00 1.00 1.00 1.00
3200 00202 00232 00202 00202 .77 .53 .53 .75 .82 .64 .63 .81
3210 00202 00232 00202 00202 .77 .53 .53 .75 .82 .64 .63 .81
3220 00202 00232 00202 00202 .77 .53 .53 .75 .82 .64 .63 .81
3230 00202 00232 00202 00202 .77 .53 .53 .75 .82 .64 .63 .81
3240 00202 00232 00202 00202 .77 .53 .53 .75 .82 .64 .63 .81
3250 00202 00232 00202 00202 .77 .53 .53 .75 .82 .64 .63 .81
3260 00202 00232 00202 00202 .77 .53 .53 .75 .82 .64 .63 .81
3270 00202 00232 00202 00202 .77 .53 .53 .75 .82 .64 .63 .81
3280 00202 00232 00202 00202 .77 .53 .53 .75 .82 .64 .63 .81
3290 00202 00232 00202 00202 .77 .53 .53 .75 .82 .64 .63 .81
3300 00202 00232 00202 00202 .77 .53 .53 .75 .82 .64 .63 .81
3310 00202 00232 00202 00202 .77 .53 .53 .75 .82 .64 .63 .81
3320 00202 00202 00202 00202 1.00 1.00 1.00 1.00 1.00 1.00 1.00 1.00
3330 00202 00202 00202 00202 1.00 1.00 1.00 1.00 1.00 1.00 1.00 1.00
3340 00202 00202 00202 00202 1.00 1.00 1.00 1.00 1.00 1.00 1.00 1.00
3350 00202 00202 00202 00202 1.00 1.00 1.00 1.00 1.00 1.00 1.00 1.00
3360 00202 00202 00202 00202 1.00 1.00 1.00 1.00 1.00 1.00 1.00 1.00
3370 00202 00202 00202 00202 1.00 1.00 1.00 1.00 1.00 1.00 1.00 1.00
3380 00202 00202 00202 00202 1.00 1.00 1.00 1.00 1.00 1.00 1.00 1.00
3390 00202 00202 00202 00202 1.00 1.00 1.00 1.00 1.00 1.00 1.00 1.00
3400 00202 00202 00202 00202 1.00 1.00 1.00 1.00 1.00 1.00 1.00 1.00
3410 00202 00202 00202 00202 1.00 1.00 1.00 1.00 1.00 1.00 1.00 1.00
3420 00202 00202 00202 00202 1.00 1.00 1.00 1.00 1.00 1.00 1.00 1.00
3430 00202 00202 00202 00202 1.00 1.00 1.00 1.00 1.00 1.00 1.00 1.00
3440 00202 00202 00202 00202 1.00 1.00 1.00 1.00 1.00 1.00 1.00 1.00
3450 00202 00202 00202 00202 1.00 1.00 1.00 1.00 1.00 1.00 1.00 1.00
3460 00202 00242 00202 00202 .77 .53 .35 .75 .82 .64 .46 .81
3470 00202 00242 00242 00242 .79 .56 .49 .76 .85 .67 .63 .81
3480 00202 00242 00242 00242 .79 .56 .49 .76 .85 .67 .63 .81
3490 00202 00242 00242 00242 .79 .56 .49 .76 .85 .67 .63 .81
3500 00202 00242 00242 00242 .79 .56 .49 .76 .85 .67 .63 .81
3510 00202 00242 00242 00242 .79 .56 .49 .76 .85 .67 .63 .81
3520 00202 00242 00242 00242 .79 .56 .49 .76 .85 .67 .63 .81
3530 00202 00242 00242 00242 .79 .56 .49 .76 .85 .67 .63 .81
3540 00202 00242 00242 00242 .79 .56 .49 .76 .85 .67 .63 .81
3550 02202 00242 00242 00242 .59 .35 .33 .50 .69 .52 .51 .62
3560 02202 00242 00242 00242 .59 .35 .33 .50 .69 .52 .51 .62
3570 02202 00242 20242 00242 .36 .11 .12 .19 .53 .36 .38 .40
3580 20202 20242 20242 20242 .77 .37 .35 .70 .83 .52 .51 .76
3590 20202 20042 20002 20002 .56 .29 .17 .51 .65 .45 .32 .62
3600 20022 20042 20002 20022 .67 .61 .50 .74 .71 .72 .63 .80
3610 20002 20002 20002 20002 1.00 1.00 1.00 1.00 1.00 1.00 1.00 1.00
3620 20002 20002 20002 20002 1.00 1.00 1.00 1.00 1.00 1.00 1.00 1.00
3630 20002 20002 20002 20002 1.00 1.00 1.00 1.00 1.00 1.00 1.00 1.00
3640 20002 20002 20002 20002 1.00 1.00 1.00 1.00 1.00 1.00 1.00 1.00
3650 20002 20002 20002 20002 1.00 1.00 1.00 1.00 1.00 1.00 1.00 1.00
3660 20002 20002 20002 20002 1.00 1.00 1.00 1.00 1.00 1.00 1.00 1.00
3670 20002 20002 20002 20002 1.00 1.00 1.00 1.00 1.00 1.00 1.00 1.00
3680 20000 20000 20000 20000 1.00 1.00 1.00 1.00 1.00 1.00 1.00 1.00
3690 20000 20000 20000 20000 1.00 1.00 1.00 1.00 1.00 1.00 1.00 1.00
3700 20000 20000 20000 20000 1.00 1.00 1.00 1.00 1.00 1.00 1.00 1.00
3710 20000 20000 20000 20000 1.00 1.00 1.00 1.00 1.00 1.00 1.00 1.00
3720 20000 20000 20000 20000 1.00 1.00 1.00 1.00 1.00 1.00 1.00 1.00
3730 20000 20000 20000 20000 1.00 1.00 1.00 1.00 1.00 1.00 1.00 1.00
3740 20000 20000 20000 20000 1.00 1.00 1.00 1.00 1.00 1.00 1.00 1.00
3750 20000 20000 20000 20000 1.00 1.00 1.00 1.00 1.00 1.00 1.00 1.00
3760 20000 20000 20000 20000 1.00 1.00 1.00 1.00 1.00 1.00 1.00 1.00
3770 20000 20000 20000 20000 1.00 1.00 1.00 1.00 1.00 1.00 1.00 1.00
3780 20000 20000 20000 20000 1.00 1.00 1.00 1.00 1.00 1.00 1.00 1.00
3790 20000 20000 20000 20000 1.00 1.00 1.00 1.00 1.00 1.00 1.00 1.00
3800 20000 20000 20000 20000 1.00 1.00 1.00 1.00 1.00 1.00 1.00 1.00
3810 20000 20000 20000 20000 1.00 1.00 1.00 1.00 1.00 1.00 1.00 1.00
3820 20000 20000 20000 20000 1.00 1.00 1.00 1.00 1.00 1.00 1.00 1.00
3830 00001 00000 00000 00000 1.0 1.0 1.0 1.0 1.0 1.0 1.0 1.0
3840 00001 00000 00000 00000 1.0 1.0 1.0 1.0 1.0 1.0 1.0 1.0
3850 00001 00000 00000 00000 1.0 1.0 1.0 1.0 1.0 1.0 1.0 1.0
3860 00001 00000 00000 00000 1.0 1.0 1.0 1.0 1.0 1.0 1.0 1.0
3870 00001 00000 00000 00000 1.0 1.0 1.0 1.0 1.0 1.0 1.0 1.0
3880 00001 00000 00000 00000 1.0 1.0 1.0 1.0 1.0 1.0 1.0 1.0
3890 00001 00000 00000 00000 1.0 1.0 1.0 1.0 1.0 1.0 1.0 1.0
3900 00001 00000 00000 00000 1.0 1.0 1.0 1.0 1.0 1.0 1.0 1.0
3910 00001 00000 04000 00000 -0.04 -0.08 -0.03 -0.06 -0.03 -0.06 -0.03 -0.05
3920 00001 04000 04000 04000 .26 .27 .43 .24 .43 .46 .60 .42
3930 04001 04000 04000 04000 .70 .80 .98 .69 .76 .84 .98 .75
3940 04041 04030 04000 04040 .44 .64 .72 .50 .54 .72 .78 .61
3950 04041 04030 04000 04040 .44 .64 .72 .50 .54 .72 .78 .61
3960 04041 04000 04000 04000 .48 .54 .65 .46 .57 .63 .73 .56
3970 04041 04000 04000 04000 .48 .54 .65 .46 .57 .63 .73 .56
3980 04041 04040 04040 04040 .77 .91 .98 .76 .82 .93 .99 .81
3990 04041 04040 04040 04040 .77 .91 .98 .76 .82 .93 .99 .81
4000 04041 04040 04040 04040 .77 .91 .98 .76 .82 .93 .99 .81
4010 04041 04040 04040 04040 .77 .91 .98 .76 .82 .93 .99 .81
4020 04041 04040 04040 04040 .77 .91 .98 .76 .82 .93 .99 .81
4030 04041 04040 04040 04040 .77 .91 .98 .76 .82 .93 .99 .81
4040 04041 04040 04040 04040 .77 .91 .98 .76 .82 .93 .99 .81
4050 04041 04040 04040 04040 .77 .91 .98 .76 .82 .93 .99 .81
4060 04041 04040 04040 04040 .77 .91 .98 .76 .82 .93 .99 .81
4070 04041 04040 04040 04040 .77 .91 .98 .76 .82 .93 .99 .81
4080 04041 04040 04040 04040 .77 .91 .98 .76 .82 .93 .99 .81
4090 04041 04040 04040 04040 .77 .91 .98 .76 .82 .93 .99 .81
