0 0 0 0 0 0
1 0 0 0 0 0
2 0 0 0 0 0
3 0 0 0 0 0
4 0 0 0 0 0
5 0 0 0 0 0
6 0 0 0 0 0
7 0 0 0 0 0
8 0 0 0 0 0
9 0 0 0 0 0
10 0 0 0 0 0
11 0 0 0 0 0
12 0 0 0 0 0
13 0 0 0 0 0
14 0 0 0 0 0
15 0 0 0 0 0
16 0 0 0 0 0
17 0 0 0 0 0
18 0 0 0 0 0
19 0 0 0 0 0
20 0 0 0 0 0
21 0 0 0 0 0
22 0 0 0 0 0
23 0 0 0 0 0
24 0 0 0 0 0
25 0 0 0 0 0
26 0 0 0 0 0
27 0 0 0 0 0
28 0 0 0 0 0
29 0 0 0 0 0
30 0 0 0 0 0
31 0 0 0 0 0
32 0 0 0 0 0
33 0 0 0 0 0
34 0 0 0 0 0
35 0 0 0 0 0
36 0 0 0 0 0
37 0 0 0 0 0
38 0 0 0 0 0
39 0 0 0 0 0
40 0 0 0 0 0
41 0 0 0 0 0
42 0 0 0 0 0
43 0 0 0 0 0
44 0 0 0 0 0
45 0 0 0 0 0
46 0 0 0 0 0
47 0 0 0 0 0
48 0 0 0 0 0
49 0 0 0 0 0
50 0 0 0 0 0
51 0 0 0 0 0
52 0 0 0 0 0
53 0 0 0 0 0
54 0 0 0 0 0
55 0 0 0 0 0
56 0 0 0 0 0
57 0 0 0 0 0
58 0 0 0 0 0
59 0 0 0 0 0
60 0 0 0 0 0
61 0 0 0 0 0
62 0 0 0 0 0
63 0 0 0 0 0
64 0 0 0 0 0
65 0 0 0 0 0
66 0 0 0 0 0
67 0 0 0 0 0
68 0 0 0 0 0
69 0 0 0 0 0
70 0 0 0 0 0
71 0 0 0 0 0
72 0 0 0 0 0
73 0 0 0 0 0
74 0 0 0 0 0
75 0 0 0 0 0
76 0 0 0 0 0
77 0 0 0 0 0
78 0 0 0 0 0
79 0 0 0 0 0
80 0 0 0 0 0
81 0 0 0 0 0
82 0 0 0 0 0
83 0 0 0 0 0
84 0 0 0 0 0
85 0 0 0 0 0
86 0 0 0 0 0
87 0 0 0 0 0
88 0 0 0 0 0
89 0 0 0 0 0
90 0 0 0 0 0
91 0 0 0 0 0
92 0 0 0 0 0
93 0 0 0 0 0
94 0 0 0 0 0
95 0 0 0 0 0
96 0 0 0 0 0
97 0 0 0 0 0
98 0 0 0 0 0
99 0 0 0 0 0
100 0 0 0 0 0
101 0 0 0 0 0
102 0 0 0 0 0
103 0 0 0 0 0
104 0 0 0 0 0
105 0 0 0 0 0
106 0 0 0 0 0
107 0 0 0 0 0
108 0 0 0 0 0
109 0 0 0 0 0
110 0 0 0 0 0
111 0 0 0 0 0
112 0 0 0 0 0
113 0 0 0 0 0
114 0 0 0 0 0
115 0 0 0 0 0
116 0 0 0 0 0
117 0 0 0 0 0
118 0 0 0 0 0
119 0 0 0 0 0
120 0 0 0 0 0
121 0 0 0 0 0
122 0 0 0 0 0
123 0 0 0 0 0
124 0 0 0 0 0
125 0 0 0 0 0
126 0 0 0 0 0
127 0 0 0 0 0
128 0 0 0 0 0
129 0 0 0 0 0
130 0 0 0 0 0
131 0 0 0 0 0
132 0 0 0 0 0
133 0 0 0 0 0
134 0 0 0 0 0
135 0 0 0 0 0
136 0 0 0 0 0
137 0 0 0 0 0
138 0 0 0 0 0
139 0 0 0 0 0
140 0 0 0 2 0
141 0 0 0 2 0
142 0 0 0 2 0
143 0 0 0 2 0
144 0 0 0 2 0
145 0 0 0 2 0
146 0 0 0 2 0
147 0 0 0 2 0
148 0 0 0 2 0
149 0 0 0 2 0
150 0 0 0 0 0
151 0 0 0 0 0
152 0 0 0 0 0
153 0 0 0 0 0
154 0 0 0 0 0
155 0 0 0 0 0
156 0 0 0 0 0
157 0 0 0 0 0
158 0 0 0 0 0
159 0 0 0 0 0
160 0 0 2 0 0
161 0 0 2 0 0
162 0 0 2 0 0
163 0 0 2 0 0
164 0 0 2 0 0
165 0 0 2 0 0
166 0 0 2 0 0
167 0 0 2 0 0
168 0 0 2 0 0
169 0 0 2 0 0
170 0 0 2 0 0
171 0 0 2 0 0
172 0 0 2 0 0
173 0 0 2 0 0
174 0 0 2 0 0
175 0 0 2 0 0
176 0 0 2 0 0
177 0 0 2 0 0
178 0 0 2 0 0
179 0 0 2 0 0
180 0 0 2 0 0
181 0 0 2 0 0
182 0 0 2 0 0
183 0 0 2 0 0
184 0 0 2 0 0
185 0 0 2 0 0
186 0 0 2 0 0
187 0 0 2 0 0
188 0 0 2 0 0
189 0 0 2 0 0
190 0 0 2 0 0
191 0 0 2 0 0
192 0 0 2 0 0
193 0 0 2 0 0
194 0 0 2 0 0
195 0 0 2 0 0
196 0 0 2 0 0
197 0 0 2 0 0
198 0 0 2 0 0
199 0 0 2 0 0
200 0 0 2 0 0
201 0 0 2 0 0
202 0 0 2 0 0
203 0 0 2 0 0
204 0 0 2 0 0
205 0 0 2 0 0
206 0 0 2 0 0
207 0 0 2 0 0
208 0 0 2 0 0
209 0 0 2 0 0
210 0 0 2 0 0
211 0 0 2 0 0
212 0 0 2 0 0
213 0 0 2 0 0
214 0 0 2 0 0
215 0 0 2 0 0
216 0 0 2 0 0
217 0 0 2 0 0
218 0 0 2 0 0
219 0 0 2 0 0
220 0 0 2 0 0
221 0 0 2 0 0
222 0 0 2 0 0
223 0 0 2 0 0
224 0 0 2 0 0
225 0 0 2 0 0
226 0 0 2 0 0
227 0 0 2 0 0
228 0 0 2 0 0
229 0 0 2 0 0
230 0 0 2 0 0
231 0 0 2 0 0
232 0 0 2 0 0
233 0 0 2 0 0
234 0 0 2 0 0
235 0 0 2 0 0
236 0 0 2 0 0
237 0 0 2 0 0
238 0 0 2 0 0
239 0 0 2 0 0
240 0 0 2 0 0
241 0 0 2 0 0
242 0 0 2 0 0
243 0 0 2 0 0
244 0 0 2 0 0
245 0 0 2 0 0
246 0 0 2 0 0
247 0 0 2 0 0
248 0 0 2 0 0
249 0 0 2 0 0
250 0 0 2 0 0
251 0 0 2 0 0
252 0 0 2 0 0
253 0 0 2 0 0
254 0 0 2 0 0
255 0 0 2 0 0
256 0 0 2 0 0
257 0 0 2 0 0
258 0 0 2 0 0
259 0 0 2 0 0
260 0 0 2 0 0
261 0 0 2 0 0
262 0 0 2 0 0
263 0 0 2 0 0
264 0 0 2 0 0
265 0 0 2 0 0
266 0 0 2 0 0
267 0 0 2 0 0
268 0 0 2 0 0
269 0 0 2 0 0
270 2 0 2 0 0
271 2 0 2 0 0
272 2 0 2 0 0
273 2 0 2 0 0
274 2 0 2 0 0
275 2 0 2 0 0
276 2 0 2 0 0
277 2 0 2 0 0
278 2 0 2 0 0
279 2 0 2 0 0
280 2 0 0 2 0
281 2 0 0 2 0
282 2 0 0 2 0
283 2 0 0 2 0
284 2 0 0 2 0
285 2 0 0 2 0
286 2 0 0 2 0
287 2 0 0 2 0
288 2 0 0 2 0
289 2 0 0 2 0
290 2 0 0 0 0
291 2 0 0 0 0
292 2 0 0 0 0
293 2 0 0 0 0
294 2 0 0 0 0
295 2 0 0 0 0
296 2 0 0 0 0
297 2 0 0 0 0
298 2 0 0 0 0
299 2 0 0 0 0
300 2 0 0 0 0
301 2 0 0 0 0
302 2 0 0 0 0
303 2 0 0 0 0
304 2 0 0 0 0
305 2 0 0 0 0
306 2 0 0 0 0
307 2 0 0 0 0
308 2 0 0 0 0
309 2 0 0 0 0
310 2 0 0 0 0
311 2 0 0 0 0
312 2 0 0 0 0
313 2 0 0 0 0
314 2 0 0 0 0
315 2 0 0 0 0
316 2 0 0 0 0
317 2 0 0 0 0
318 2 0 0 0 0
319 2 0 0 0 0
320 2 0 0 0 0
321 2 0 0 0 0
322 2 0 0 0 0
323 2 0 0 0 0
324 2 0 0 0 0
325 2 0 0 0 0
326 2 0 0 0 0
327 2 0 0 0 0
328 2 0 0 0 0
329 2 0 0 0 0
330 2 0 0 0 0
331 2 0 0 0 0
332 2 0 0 0 0
333 2 0 0 0 0
334 2 0 0 0 0
335 2 0 0 0 0
336 2 0 0 0 0
337 2 0 0 0 0
338 2 0 0 0 0
339 2 0 0 0 0
340 2 0 0 0 0
341 2 0 0 0 0
342 2 0 0 0 0
343 2 0 0 0 0
344 2 0 0 0 0
345 2 0 0 0 0
346 2 0 0 0 0
347 2 0 0 0 0
348 2 0 0 0 0
349 2 0 0 0 0
350 2 0 0 0 0
351 2 0 0 0 0
352 2 0 0 0 0
353 2 0 0 0 0
354 2 0 0 0 0
355 2 0 0 0 0
356 2 0 0 0 0
357 2 0 0 0 0
358 2 0 0 0 0
359 2 0 0 0 0
360 2 0 0 0 0
361 2 0 0 0 0
362 2 0 0 0 0
363 2 0 0 0 0
364 2 0 0 0 0
365 2 0 0 0 0
366 2 0 0 0 0
367 2 0 0 0 0
368 2 0 0 0 0
369 2 0 0 0 0
370 2 0 0 0 0
371 2 0 0 0 0
372 2 0 0 0 0
373 2 0 0 0 0
374 2 0 0 0 0
375 2 0 0 0 0
376 2 0 0 0 0
377 2 0 0 0 0
378 2 0 0 0 0
379 2 0 0 0 0
380 2 0 0 0 0
381 2 0 0 0 0
382 2 0 0 0 0
383 2 0 0 0 0
384 2 0 0 0 0
385 2 0 0 0 0
386 2 0 0 0 0
387 2 0 0 0 0
388 2 0 0 0 0
389 2 0 0 0 0
390 2 0 0 0 0
391 2 0 0 0 0
392 2 0 0 0 0
393 2 0 0 0 0
394 2 0 0 0 0
395 2 0 0 0 0
396 2 0 0 0 0
397 2 0 0 0 0
398 2 0 0 0 0
399 2 0 0 0 0
400 2 0 0 0 0
401 2 0 0 0 0
402 2 0 0 0 0
403 2 0 0 0 0
404 2 0 0 0 0
405 2 0 0 0 0
406 2 0 0 0 0
407 2 0 0 0 0
408 2 0 0 0 0
409 2 0 0 0 0
410 2 0 0 0 0
411 2 0 0 0 0
412 2 0 0 0 0
413 2 0 0 0 0
414 2 0 0 0 0
415 2 0 0 0 0
416 2 0 0 0 0
417 2 0 0 0 0
418 2 0 0 0 0
419 2 0 0 0 0
420 2 0 0 0 0
421 2 0 0 0 0
422 2 0 0 0 0
423 2 0 0 0 0
424 2 0 0 0 0
425 2 0 0 0 0
426 2 0 0 0 0
427 2 0 0 0 0
428 2 0 0 0 0
429 2 0 0 0 0
430 2 0 0 0 0
431 2 0 0 0 0
432 2 0 0 0 0
433 2 0 0 0 0
434 2 0 0 0 0
435 2 0 0 0 0
436 2 0 0 0 0
437 2 0 0 0 0
438 2 0 0 0 0
439 2 0 0 0 0
440 2 0 0 0 0
441 2 0 0 0 0
442 2 0 0 0 0
443 2 0 0 0 0
444 2 0 0 0 0
445 2 0 0 0 0
446 2 0 0 0 0
447 2 0 0 0 0
448 2 0 0 0 0
449 2 0 0 0 0
450 2 0 0 0 0
451 2 0 0 0 0
452 2 0 0 0 0
453 2 0 0 0 0
454 2 0 0 0 0
455 2 0 0 0 0
456 2 0 0 0 0
457 2 0 0 0 0
458 2 0 0 0 0
459 2 0 0 0 0
460 2 0 0 0 0
461 2 0 0 0 0
462 2 0 0 0 0
463 2 0 0 0 0
464 2 0 0 0 0
465 2 0 0 0 0
466 2 0 0 0 0
467 2 0 0 0 0
468 2 0 0 0 0
469 2 0 0 0 0
470 2 0 0 0 0
471 2 0 0 0 0
472 2 0 0 0 0
473 2 0 0 0 0
474 2 0 0 0 0
475 2 0 0 0 0
476 2 0 0 0 0
477 2 0 0 0 0
478 2 0 0 0 0
479 2 0 0 0 0
480 2 0 0 2 0
481 2 0 0 2 0
482 2 0 0 2 0
483 2 0 0 2 0
484 2 0 0 2 0
485 2 0 0 2 0
486 2 0 0 2 0
487 2 0 0 2 0
488 2 0 0 2 0
489 2 0 0 2 0
490 2 0 0 2 0
491 2 0 0 2 0
492 2 0 0 2 0
493 2 0 0 2 0
494 2 0 0 2 0
495 2 0 0 2 0
496 2 0 0 2 0
497 2 0 0 2 0
498 2 0 0 2 0
499 2 0 0 2 0
500 2 0 2 0 0
501 2 0 2 0 0
502 2 0 2 0 0
503 2 0 2 0 0
504 2 0 2 0 0
505 2 0 2 0 0
506 2 0 2 0 0
507 2 0 2 0 0
508 2 0 2 0 0
509 2 0 2 0 0
510 0 2 2 0 0
511 0 2 2 0 0
512 0 2 2 0 0
513 0 2 2 0 0
514 0 2 2 0 0
515 0 2 2 0 0
516 0 2 2 0 0
517 0 2 2 0 0
518 0 2 2 0 0
519 0 2 2 0 0
520 0 0 2 0 0
521 0 0 2 0 0
522 0 0 2 0 0
523 0 0 2 0 0
524 0 0 2 0 0
525 0 0 2 0 0
526 0 0 2 0 0
527 0 0 2 0 0
528 0 0 2 0 0
529 0 0 2 0 0
530 0 0 2 0 0
531 0 0 2 0 0
532 0 0 2 0 0
533 0 0 2 0 0
534 0 0 2 0 0
535 0 0 2 0 0
536 0 0 2 0 0
537 0 0 2 0 0
538 0 0 2 0 0
539 0 0 2 0 0
540 0 0 2 0 0
541 0 0 2 0 0
542 0 0 2 0 0
543 0 0 2 0 0
544 0 0 2 0 0
545 0 0 2 0 0
546 0 0 2 0 0
547 0 0 2 0 0
548 0 0 2 0 0
549 0 0 2 0 0
550 0 0 2 0 0
551 0 0 2 0 0
552 0 0 2 0 0
553 0 0 2 0 0
554 0 0 2 0 0
555 0 0 2 0 0
556 0 0 2 0 0
557 0 0 2 0 0
558 0 0 2 0 0
559 0 0 2 0 0
560 0 0 2 0 0
561 0 0 2 0 0
562 0 0 2 0 0
563 0 0 2 0 0
564 0 0 2 0 0
565 0 0 2 0 0
566 0 0 2 0 0
567 0 0 2 0 0
568 0 0 2 0 0
569 0 0 2 0 0
570 0 0 2 0 0
571 0 0 2 0 0
572 0 0 2 0 0
573 0 0 2 0 0
574 0 0 2 0 0
575 0 0 2 0 0
576 0 0 2 0 0
577 0 0 2 0 0
578 0 0 2 0 0
579 0 0 2 0 0
580 0 0 2 0 0
581 0 0 2 0 0
582 0 0 2 0 0
583 0 0 2 0 0
584 0 0 2 0 0
585 0 0 2 0 0
586 0 0 2 0 0
587 0 0 2 0 0
588 0 0 2 0 0
589 0 0 2 0 0
590 0 0 2 0 0
591 0 0 2 0 0
592 0 0 2 0 0
593 0 0 2 0 0
594 0 0 2 0 0
595 0 0 2 0 0
596 0 0 2 0 0
597 0 0 2 0 0
598 0 0 2 0 0
599 0 0 2 0 0
600 0 0 2 0 0
601 0 0 2 0 0
602 0 0 2 0 0
603 0 0 2 0 0
604 0 0 2 0 0
605 0 0 2 0 0
606 0 0 2 0 0
607 0 0 2 0 0
608 0 0 2 0 0
609 0 0 2 0 0
610 0 0 2 0 0
611 0 0 2 0 0
612 0 0 2 0 0
613 0 0 2 0 0
614 0 0 2 0 0
615 0 0 2 0 0
616 0 0 2 0 0
617 0 0 2 0 0
618 0 0 2 0 0
619 0 0 2 0 0
620 0 0 2 0 1
621 0 0 2 0 1
622 0 0 2 0 1
623 0 0 2 0 1
624 0 0 2 0 1
625 0 0 2 0 1
626 0 0 2 0 1
627 0 0 2 0 1
628 0 0 2 0 1
629 0 0 2 0 1
630 0 0 2 0 1
631 0 0 2 0 1
632 0 0 2 0 1
633 0 0 2 0 1
634 0 0 2 0 1
635 0 0 2 0 1
636 0 0 2 0 1
637 0 0 2 0 1
638 0 0 2 0 1
639 0 0 2 0 1
640 0 0 2 0 1
641 0 0 2 0 1
642 0 0 2 0 1
643 0 0 2 0 1
644 0 0 2 0 1
645 0 0 2 0 1
646 0 0 2 0 1
647 0 0 2 0 1
648 0 0 2 0 1
649 0 0 2 0 1
650 0 0 2 0 1
651 0 0 2 0 1
652 0 0 2 0 1
653 0 0 2 0 1
654 0 0 2 0 1
655 0 0 2 0 1
656 0 0 2 0 1
657 0 0 2 0 1
658 0 0 2 0 1
659 0 0 2 0 1
660 0 0 2 0 1
661 0 0 2 0 1
662 0 0 2 0 1
663 0 0 2 0 1
664 0 0 2 0 1
665 0 0 2 0 1
666 0 0 2 0 1
667 0 0 2 0 1
668 0 0 2 0 1
669 0 0 2 0 1
670 0 0 2 0 0
671 0 0 2 0 0
672 0 0 2 0 0
673 0 0 2 0 0
674 0 0 2 0 0
675 0 0 2 0 0
676 0 0 2 0 0
677 0 0 2 0 0
678 0 0 2 0 0
679 0 0 2 0 0
680 0 0 2 0 0
681 0 0 2 0 0
682 0 0 2 0 0
683 0 0 2 0 0
684 0 0 2 0 0
685 0 0 2 0 0
686 0 0 2 0 0
687 0 0 2 0 0
688 0 0 2 0 0
689 0 0 2 0 0
690 0 0 2 0 2
691 0 0 2 0 2
692 0 0 2 0 2
693 0 0 2 0 2
694 0 0 2 0 2
695 0 0 2 0 2
696 0 0 2 0 2
697 0 0 2 0 2
698 0 0 2 0 2
699 0 0 2 0 2
700 0 0 2 0 1
701 0 0 2 0 1
702 0 0 2 0 1
703 0 0 2 0 1
704 0 0 2 0 1
705 0 0 2 0 1
706 0 0 2 0 1
707 0 0 2 0 1
708 0 0 2 0 1
709 0 0 2 0 1
710 0 0 2 0 1
711 0 0 2 0 1
712 0 0 2 0 1
713 0 0 2 0 1
714 0 0 2 0 1
715 0 0 2 0 1
716 0 0 2 0 1
717 0 0 2 0 1
718 0 0 2 0 1
719 0 0 2 0 1
720 0 0 2 0 1
721 0 0 2 0 1
722 0 0 2 0 1
723 0 0 2 0 1
724 0 0 2 0 1
725 0 0 2 0 1
726 0 0 2 0 1
727 0 0 2 0 1
728 0 0 2 0 1
729 0 0 2 0 1
730 0 0 2 0 1
731 0 0 2 0 1
732 0 0 2 0 1
733 0 0 2 0 1
734 0 0 2 0 1
735 0 0 2 0 1
736 0 0 2 0 1
737 0 0 2 0 1
738 0 0 2 0 1
739 0 0 2 0 1
740 0 0 2 0 1
741 0 0 2 0 1
742 0 0 2 0 1
743 0 0 2 0 1
744 0 0 2 0 1
745 0 0 2 0 1
746 0 0 2 0 1
747 0 0 2 0 1
748 0 0 2 0 1
749 0 0 2 0 1
750 0 0 2 0 2
751 0 0 2 0 2
752 0 0 2 0 2
753 0 0 2 0 2
754 0 0 2 0 2
755 0 0 2 0 2
756 0 0 2 0 2
757 0 0 2 0 2
758 0 0 2 0 2
759 0 0 2 0 2
760 0 0 2 0 2
761 0 0 2 0 2
762 0 0 2 0 2
763 0 0 2 0 2
764 0 0 2 0 2
765 0 0 2 0 2
766 0 0 2 0 2
767 0 0 2 0 2
768 0 0 2 0 2
769 0 0 2 0 2
770 0 0 2 0 2
771 0 0 2 0 2
772 0 0 2 0 2
773 0 0 2 0 2
774 0 0 2 0 2
775 0 0 2 0 2
776 0 0 2 0 2
777 0 0 2 0 2
778 0 0 2 0 2
779 0 0 2 0 2
780 0 0 2 0 2
781 0 0 2 0 2
782 0 0 2 0 2
783 0 0 2 0 2
784 0 0 2 0 2
785 0 0 2 0 2
786 0 0 2 0 2
787 0 0 2 0 2
788 0 0 2 0 2
789 0 0 2 0 2
790 0 0 2 0 2
791 0 0 2 0 2
792 0 0 2 0 2
793 0 0 2 0 2
794 0 0 2 0 2
795 0 0 2 0 2
796 0 0 2 0 2
797 0 0 2 0 2
798 0 0 2 0 2
799 0 0 2 0 2
800 0 0 2 0 2
801 0 0 2 0 2
802 0 0 2 0 2
803 0 0 2 0 2
804 0 0 2 0 2
805 0 0 2 0 2
806 0 0 2 0 2
807 0 0 2 0 2
808 0 0 2 0 2
809 0 0 2 0 2
810 0 2 2 0 2
811 0 2 2 0 2
812 0 2 2 0 2
813 0 2 2 0 2
814 0 2 2 0 2
815 0 2 2 0 2
816 0 2 2 0 2
817 0 2 2 0 2
818 0 2 2 0 2
819 0 2 2 0 2
820 2 0 2 0 2
821 2 0 2 0 2
822 2 0 2 0 2
823 2 0 2 0 2
824 2 0 2 0 2
825 2 0 2 0 2
826 2 0 2 0 2
827 2 0 2 0 2
828 2 0 2 0 2
829 2 0 2 0 2
830 2 0 2 0 2
831 2 0 2 0 2
832 2 0 2 0 2
833 2 0 2 0 2
834 2 0 2 0 2
835 2 0 2 0 2
836 2 0 2 0 2
837 2 0 2 0 2
838 2 0 2 0 2
839 2 0 2 0 2
840 2 0 0 0 2
841 2 0 0 0 2
842 2 0 0 0 2
843 2 0 0 0 2
844 2 0 0 0 2
845 2 0 0 0 2
846 2 0 0 0 2
847 2 0 0 0 2
848 2 0 0 0 2
849 2 0 0 0 2
850 2 0 0 0 2
851 2 0 0 0 2
852 2 0 0 0 2
853 2 0 0 0 2
854 2 0 0 0 2
855 2 0 0 0 2
856 2 0 0 0 2
857 2 0 0 0 2
858 2 0 0 0 2
859 2 0 0 0 2
860 2 0 0 0 2
861 2 0 0 0 2
862 2 0 0 0 2
863 2 0 0 0 2
864 2 0 0 0 2
865 2 0 0 0 2
866 2 0 0 0 2
867 2 0 0 0 2
868 2 0 0 0 2
869 2 0 0 0 2
870 2 0 0 0 2
871 2 0 0 0 2
872 2 0 0 0 2
873 2 0 0 0 2
874 2 0 0 0 2
875 2 0 0 0 2
876 2 0 0 0 2
877 2 0 0 0 2
878 2 0 0 0 2
879 2 0 0 0 2
880 2 0 0 0 2
881 2 0 0 0 2
882 2 0 0 0 2
883 2 0 0 0 2
884 2 0 0 0 2
885 2 0 0 0 2
886 2 0 0 0 2
887 2 0 0 0 2
888 2 0 0 0 2
889 2 0 0 0 2
890 2 0 0 0 2
891 2 0 0 0 2
892 2 0 0 0 2
893 2 0 0 0 2
894 2 0 0 0 2
895 2 0 0 0 2
896 2 0 0 0 2
897 2 0 0 0 2
898 2 0 0 0 2
899 2 0 0 0 2
900 2 0 0 0 2
901 2 0 0 0 2
902 2 0 0 0 2
903 2 0 0 0 2
904 2 0 0 0 2
905 2 0 0 0 2
906 2 0 0 0 2
907 2 0 0 0 2
908 2 0 0 0 2
909 2 0 0 0 2
910 2 0 0 0 2
911 2 0 0 0 2
912 2 0 0 0 2
913 2 0 0 0 2
914 2 0 0 0 2
915 2 0 0 0 2
916 2 0 0 0 2
917 2 0 0 0 2
918 2 0 0 0 2
919 2 0 0 0 2
920 2 0 0 0 2
921 2 0 0 0 2
922 2 0 0 0 2
923 2 0 0 0 2
924 2 0 0 0 2
925 2 0 0 0 2
926 2 0 0 0 2
927 2 0 0 0 2
928 2 0 0 0 2
929 2 0 0 0 2
930 2 0 0 0 0
931 2 0 0 0 0
932 2 0 0 0 0
933 2 0 0 0 0
934 2 0 0 0 0
935 2 0 0 0 0
936 2 0 0 0 0
937 2 0 0 0 0
938 2 0 0 0 0
939 2 0 0 0 0
940 2 0 0 0 0
941 2 0 0 0 0
942 2 0 0 0 0
943 2 0 0 0 0
944 2 0 0 0 0
945 2 0 0 0 0
946 2 0 0 0 0
947 2 0 0 0 0
948 2 0 0 0 0
949 2 0 0 0 0
950 2 0 0 0 0
951 2 0 0 0 0
952 2 0 0 0 0
953 2 0 0 0 0
954 2 0 0 0 0
955 2 0 0 0 0
956 2 0 0 0 0
957 2 0 0 0 0
958 2 0 0 0 0
959 2 0 0 0 0
960 2 0 0 0 0
961 2 0 0 0 0
962 2 0 0 0 0
963 2 0 0 0 0
964 2 0 0 0 0
965 2 0 0 0 0
966 2 0 0 0 0
967 2 0 0 0 0
968 2 0 0 0 0
969 2 0 0 0 0
970 2 0 0 0 0
971 2 0 0 0 0
972 2 0 0 0 0
973 2 0 0 0 0
974 2 0 0 0 0
975 2 0 0 0 0
976 2 0 0 0 0
977 2 0 0 0 0
978 2 0 0 0 0
979 2 0 0 0 0
980 2 0 0 0 0
981 2 0 0 0 0
982 2 0 0 0 0
983 2 0 0 0 0
984 2 0 0 0 0
985 2 0 0 0 0
986 2 0 0 0 0
987 2 0 0 0 0
988 2 0 0 0 0
989 2 0 0 0 0
990 2 0 0 0 0
991 2 0 0 0 0
992 2 0 0 0 0
993 2 0 0 0 0
994 2 0 0 0 0
995 2 0 0 0 0
996 2 0 0 0 0
997 2 0 0 0 0
998 2 0 0 0 0
999 2 0 0 0 0
1000 2 0 0 0 0
1001 2 0 0 0 0
1002 2 0 0 0 0
1003 2 0 0 0 0
1004 2 0 0 0 0
1005 2 0 0 0 0
1006 2 0 0 0 0
1007 2 0 0 0 0
1008 2 0 0 0 0
1009 2 0 0 0 0
1010 2 0 0 0 0
1011 2 0 0 0 0
1012 2 0 0 0 0
1013 2 0 0 0 0
1014 2 0 0 0 0
1015 2 0 0 0 0
1016 2 0 0 0 0
1017 2 0 0 0 0
1018 2 0 0 0 0
1019 2 0 0 0 0
1020 2 0 0 2 0
1021 2 0 0 2 0
1022 2 0 0 2 0
1023 2 0 0 2 0
1024 2 0 0 2 0
1025 2 0 0 2 0
1026 2 0 0 0 0
1027 2 0 0 0 0
1028 2 0 0 0 0
1029 2 0 0 0 0
1030 2 0 2 0 0
1031 2 0 2 0 0
1032 2 0 2 0 0
1033 2 0 2 0 0
1034 2 0 2 0 0
1035 2 0 2 0 0
1036 2 0 2 0 0
1037 2 0 2 0 0
1038 2 0 2 0 0
1039 2 0 2 0 0
1040 0 0 2 0 0
1041 0 0 2 0 0
1042 0 0 2 0 0
1043 0 0 2 0 0
1044 0 0 2 0 0
1045 0 0 2 0 0
1046 0 0 2 0 0
1047 0 0 2 0 0
1048 0 0 2 0 0
1049 0 0 2 0 0
1050 0 0 2 0 0
1051 0 0 2 0 0
1052 0 0 2 0 0
1053 0 0 2 0 0
1054 0 0 2 0 0
1055 0 0 2 0 0
1056 0 0 2 0 0
1057 0 0 2 0 0
1058 0 0 2 0 0
1059 0 0 2 0 0
1060 0 0 2 0 0
1061 0 0 2 0 0
1062 0 0 2 0 0
1063 0 0 2 0 0
1064 0 0 2 0 0
1065 0 0 2 0 0
1066 0 0 2 0 0
1067 0 0 2 0 0
1068 0 0 2 0 0
1069 0 0 2 0 0
1070 0 0 2 0 0
1071 0 0 2 0 0
1072 0 0 2 0 0
1073 0 0 2 0 0
1074 0 0 2 0 0
1075 0 0 2 0 0
1076 0 0 2 0 0
1077 0 0 2 0 0
1078 0 0 2 0 0
1079 0 0 2 0 0
1080 0 0 2 0 0
1081 0 0 2 0 0
1082 0 0 2 0 0
1083 0 0 2 0 0
1084 0 0 2 0 0
1085 0 0 2 0 0
1086 0 0 2 0 0
1087 0 0 2 0 0
1088 0 0 2 0 0
1089 0 0 2 0 0
1090 0 0 2 0 0
1091 0 0 2 0 0
1092 0 0 2 0 0
1093 0 0 2 0 0
1094 0 0 2 0 0
1095 0 0 2 0 0
1096 0 0 2 0 0
1097 0 0 2 0 0
1098 0 0 2 0 0
1099 0 0 2 0 0
1100 0 0 2 0 0
1101 0 0 2 0 0
1102 0 0 2 0 0
1103 0 0 2 0 0
1104 0 0 2 0 0
1105 0 0 2 0 0
1106 0 0 2 0 0
1107 0 0 2 0 0
1108 0 0 2 0 0
1109 0 0 2 0 0
1110 0 0 2 0 0
1111 0 0 2 0 0
1112 0 0 2 0 0
1113 0 0 2 0 0
1114 0 0 2 0 0
1115 0 0 2 0 0
1116 0 0 2 0 0
1117 0 0 2 0 0
1118 0 0 2 0 0
1119 0 0 2 0 0
1120 0 0 2 0 0
1121 0 0 2 0 0
1122 0 0 2 0 0
1123 0 0 2 0 0
1124 0 0 2 0 0
1125 0 0 2 0 0
1126 0 0 2 0 0
1127 0 0 2 0 0
1128 0 0 2 0 0
1129 0 0 2 0 0
1130 0 0 2 0 0
1131 0 0 2 0 0
1132 0 0 2 0 0
1133 0 0 2 0 0
1134 0 0 2 0 0
1135 0 0 2 0 0
1136 0 0 2 0 0
1137 0 0 2 0 0
1138 0 0 2 0 0
1139 0 0 2 0 0
1140 0 0 2 0 0
1141 0 0 2 0 0
1142 0 0 2 0 0
1143 0 0 2 0 0
1144 0 0 2 0 0
1145 0 0 2 0 0
1146 0 0 2 0 0
1147 0 0 2 0 0
1148 0 0 2 0 0
1149 0 0 2 0 0
1150 0 0 2 0 0
1151 0 0 2 0 0
1152 0 0 2 0 0
1153 0 0 2 0 0
1154 0 0 2 0 0
1155 0 0 2 0 0
1156 0 0 2 0 0
1157 0 0 2 0 0
1158 0 0 2 0 0
1159 0 0 2 0 0
1160 0 0 2 0 0
1161 0 0 2 0 0
1162 0 0 2 0 0
1163 0 0 2 0 0
1164 0 0 2 0 0
1165 0 0 2 0 0
1166 0 0 2 0 0
1167 0 0 2 0 0
1168 0 0 2 0 0
1169 0 0 2 0 0
1170 0 0 2 0 0
1171 0 0 2 0 0
1172 0 0 2 0 0
1173 0 0 2 0 0
1174 0 0 2 0 0
1175 0 0 2 0 0
1176 0 0 2 0 0
1177 0 0 2 0 0
1178 0 0 2 0 0
1179 0 0 2 0 2
1180 0 0 2 0 2
1181 0 0 2 0 2
1182 0 0 2 0 2
1183 0 0 2 0 2
1184 0 0 2 0 2
1185 0 0 2 0 2
1186 0 0 2 0 2
1187 0 0 2 0 2
1188 0 0 2 0 2
1189 0 0 2 0 2
1190 0 0 2 0 2
1191 0 0 2 0 2
1192 0 0 2 0 2
1193 0 0 2 0 2
1194 0 0 2 0 2
1195 0 0 2 0 2
1196 0 0 2 0 2
1197 0 0 2 0 2
1198 0 0 2 0 2
1199 0 0 2 0 2
1200 0 0 2 0 2
1201 0 0 2 0 2
1202 0 0 2 0 2
1203 0 0 2 0 2
1204 0 0 2 0 2
1205 0 0 2 0 2
1206 0 0 2 0 2
1207 0 0 2 0 2
1208 0 0 2 0 2
1209 0 0 2 0 2
1210 0 0 2 0 2
1211 0 0 2 0 2
1212 0 0 2 0 2
1213 0 0 2 0 2
1214 0 0 2 0 2
1215 0 0 2 0 2
1216 0 0 2 0 2
1217 0 0 2 0 2
1218 0 0 2 0 2
1219 0 0 2 0 2
1220 0 0 2 0 2
1221 0 0 2 0 2
1222 0 0 2 0 2
1223 0 0 2 0 2
1224 0 0 2 0 2
1225 0 0 2 0 2
1226 0 0 2 0 2
1227 0 0 2 0 2
1228 0 0 2 0 2
1229 0 0 2 0 2
1230 0 0 2 0 2
1231 0 0 2 0 2
1232 0 0 2 0 2
1233 0 0 2 0 2
1234 0 0 2 0 2
1235 0 0 2 0 2
1236 0 0 2 0 2
1237 0 0 2 0 2
1238 0 0 2 0 2
1239 0 0 2 0 2
1240 0 0 2 0 2
1241 0 0 2 0 2
1242 0 0 2 0 2
1243 0 0 2 0 2
1244 0 0 2 0 2
1245 0 0 2 0 2
1246 0 0 2 0 2
1247 0 0 2 0 2
1248 0 0 2 0 2
1249 0 0 2 0 2
1250 0 0 2 0 2
1251 0 0 2 0 2
1252 0 0 2 0 2
1253 0 0 2 0 2
1254 0 0 2 0 2
1255 0 0 2 0 2
1256 0 0 2 0 2
1257 0 0 2 0 2
1258 0 0 2 0 2
1259 0 0 2 0 2
1260 0 0 2 0 2
1261 0 0 2 0 2
1262 0 0 2 0 2
1263 0 0 2 0 2
1264 0 0 2 0 2
1265 0 0 2 0 2
1266 0 0 2 0 2
1267 0 0 2 0 2
1268 0 0 2 0 2
1269 0 0 2 0 2
1270 0 0 2 0 2
1271 0 0 2 0 2
1272 0 0 2 0 2
1273 0 0 2 0 2
1274 0 0 2 0 2
1275 0 0 2 0 2
1276 0 0 2 0 2
1277 0 0 2 0 2
1278 0 0 2 0 2
1279 0 0 2 0 2
1280 0 0 2 0 2
1281 0 0 2 0 2
1282 0 0 2 0 2
1283 0 0 2 0 2
1284 0 0 2 0 2
1285 0 2 2 0 2
1286 0 2 2 0 2
1287 0 2 2 0 2
1288 0 2 2 0 2
1289 0 2 2 0 2
1290 0 2 2 0 2
1291 0 2 2 0 2
1292 0 2 2 0 2
1293 0 2 2 0 2
1294 0 2 2 0 2
1295 0 2 2 0 2
1296 0 2 2 0 2
1297 0 2 2 0 2
1298 0 2 2 0 2
1299 0 2 2 0 2
1300 0 2 2 0 2
1301 0 2 2 0 2
1302 0 2 2 0 2
1303 0 2 2 0 2
1304 0 2 2 0 2
1305 0 2 2 0 2
1306 0 2 2 0 2
1307 0 2 2 0 2
1308 0 2 2 0 2
1309 0 2 2 0 2
1310 2 0 2 0 2
1311 2 0 2 0 2
1312 2 0 2 0 2
1313 2 0 2 0 2
1314 2 0 2 0 2
1315 2 0 2 0 2
1316 2 0 2 0 2
1317 2 0 2 0 2
1318 2 0 2 0 2
1319 2 0 2 0 2
1320 2 0 2 0 2
1321 2 0 2 0 2
1322 2 0 2 0 2
1323 2 0 2 0 2
1324 2 0 2 0 2
1325 2 0 2 0 2
1326 2 0 2 0 2
1327 2 0 2 0 2
1328 2 0 2 0 2
1329 2 0 2 0 2
1330 2 0 2 0 2
1331 2 0 2 0 2
1332 2 0 2 0 2
1333 2 0 2 0 2
1334 2 0 2 0 2
1335 2 0 2 0 2
1336 2 0 2 0 2
1337 2 0 2 0 2
1338 2 0 2 0 2
1339 2 0 2 0 2
1340 2 0 0 0 2
1341 2 0 0 0 2
1342 2 0 0 0 2
1343 2 0 0 0 2
1344 2 0 0 0 2
1345 2 0 0 0 2
1346 2 0 0 0 2
1347 2 0 0 0 2
1348 2 0 0 0 2
1349 2 0 0 0 2
1350 2 0 0 0 2
1351 2 0 0 0 2
1352 2 0 0 0 2
1353 2 0 0 0 2
1354 2 0 0 0 2
1355 2 0 0 0 2
1356 2 0 0 0 2
1357 2 0 0 0 2
1358 2 0 0 0 2
1359 2 0 0 0 2
1360 2 0 0 0 2
1361 2 0 0 0 2
1362 2 0 0 0 2
1363 2 0 0 0 2
1364 2 0 0 0 2
1365 2 0 0 0 2
1366 2 0 0 0 2
1367 2 0 0 0 2
1368 2 0 0 0 2
1369 2 0 0 0 2
1370 2 0 0 0 2
1371 2 0 0 0 2
1372 2 0 0 0 2
1373 2 0 0 0 2
1374 2 0 0 0 2
1375 2 0 0 0 2
1376 2 0 0 0 2
1377 2 0 0 0 2
1378 2 0 0 0 2
1379 2 0 0 0 2
1380 2 0 0 0 2
1381 2 0 0 0 2
1382 2 0 0 0 2
1383 2 0 0 0 2
1384 2 0 0 0 2
1385 2 0 0 0 2
1386 2 0 0 0 2
1387 2 0 0 0 2
1388 2 0 0 0 2
1389 2 0 0 0 2
1390 2 0 0 0 2
1391 2 0 0 0 2
1392 2 0 0 0 2
1393 2 0 0 0 2
1394 2 0 0 0 2
1395 2 0 0 0 2
1396 2 0 0 0 2
1397 2 0 0 0 2
1398 2 0 0 0 2
1399 2 0 0 0 2
1400 2 0 0 0 2
1401 2 0 0 0 2
1402 2 0 0 0 2
1403 2 0 0 0 2
1404 2 0 0 0 2
1405 2 0 0 0 2
1406 2 0 0 0 2
1407 2 0 0 0 2
1408 2 0 0 0 2
1409 2 0 0 0 2
1410 2 0 0 0 0
1411 2 0 0 0 0
1412 2 0 0 0 0
1413 2 0 0 0 0
1414 2 0 0 0 0
1415 2 0 0 0 0
1416 2 0 0 0 0
1417 2 0 0 0 0
1418 2 0 0 0 0
1419 2 0 0 0 0
1420 2 0 0 0 0
1421 2 0 0 0 0
1422 2 0 0 0 0
1423 2 0 0 0 0
1424 2 0 0 0 0
1425 2 0 0 0 0
1426 2 0 0 0 0
1427 2 0 0 0 0
1428 2 0 0 0 0
1429 2 0 0 0 0
1430 2 0 0 0 0
1431 2 0 0 0 0
1432 2 0 0 0 0
1433 2 0 0 0 0
1434 2 0 0 0 0
1435 2 0 0 0 0
1436 2 0 0 0 0
1437 2 0 0 0 0
1438 2 0 0 0 0
1439 2 0 0 0 0
1440 2 0 0 0 0
1441 2 0 0 0 0
1442 2 0 0 0 0
1443 2 0 0 0 0
1444 2 0 0 0 0
1445 2 0 0 0 0
1446 2 0 0 0 0
1447 2 0 0 0 0
1448 2 0 0 0 0
1449 2 0 0 0 0
1450 2 0 0 0 0
1451 2 0 0 0 0
1452 2 0 0 0 0
1453 2 0 0 0 0
1454 2 0 0 0 0
1455 2 0 0 0 0
1456 2 0 0 0 0
1457 2 0 0 0 0
1458 2 0 0 0 0
1459 2 0 0 0 0
1460 2 0 0 0 0
1461 2 0 0 0 0
1462 2 0 0 0 0
1463 2 0 0 0 0
1464 2 0 0 0 0
1465 2 0 0 0 0
1466 2 0 0 0 0
1467 2 0 0 0 0
1468 2 0 0 0 0
1469 2 0 0 0 0
1470 2 0 0 0 0
1471 2 0 0 0 0
1472 2 0 0 0 0
1473 2 0 0 0 0
1474 2 0 0 0 0
1475 2 0 0 0 0
1476 2 0 0 0 0
1477 2 0 0 0 0
1478 2 0 0 0 0
1479 2 0 0 0 0
1480 2 0 0 0 0
1481 2 0 0 0 0
1482 2 0 0 0 0
1483 2 0 0 0 0
1484 2 0 0 0 0
1485 2 0 0 0 0
1486 2 0 0 0 0
1487 2 0 0 0 0
1488 2 0 0 0 0
1489 2 0 0 0 0
1490 2 0 0 0 0
1491 2 0 0 0 0
1492 2 0 0 0 0
1493 2 0 0 0 0
1494 2 0 0 0 0
1495 2 0 0 0 0
1496 2 0 0 0 0
1497 2 0 0 0 0
1498 2 0 0 0 0
1499 2 0 0 0 0
1500 2 0 0 0 0
1501 2 0 0 0 0
1502 2 0 0 0 0
1503 2 0 0 0 0
1504 2 0 0 0 0
1505 2 0 0 0 0
1506 2 0 0 0 0
1507 2 0 0 0 0
1508 2 0 0 0 0
1509 2 0 0 0 0
1510 2 0 0 0 0
1511 2 0 0 0 0
1512 2 0 0 0 0
1513 2 0 0 0 0
1514 2 0 0 0 0
1515 2 0 0 0 0
1516 2 0 0 0 0
1517 2 0 0 0 0
1518 2 0 0 0 0
1519 2 0 0 0 0
1520 2 0 0 0 0
1521 2 0 0 0 0
1522 2 0 0 0 0
1523 2 0 0 0 0
1524 2 0 0 0 0
1525 2 0 0 0 0
1526 2 0 0 0 0
1527 2 0 0 0 0
1528 2 0 0 0 0
1529 2 0 0 0 0
1530 2 0 0 0 0
1531 2 0 0 0 0
1532 2 0 0 0 0
1533 2 0 0 0 0
1534 2 0 0 0 0
1535 2 0 0 0 0
1536 2 0 0 0 0
1537 2 0 0 0 0
1538 2 0 0 0 0
1539 2 0 0 0 0
1540 2 0 0 0 0
1541 2 0 0 0 0
1542 2 0 0 0 0
1543 2 0 0 0 0
1544 2 0 0 0 0
1545 2 0 0 0 0
1546 2 0 0 0 0
1547 2 0 0 0 0
1548 2 0 0 0 0
1549 2 0 0 0 0
1550 2 0 0 0 0
1551 2 0 0 0 0
1552 2 0 0 0 0
1553 2 0 0 0 0
1554 2 0 0 0 0
1555 2 0 0 0 0
1556 2 0 0 0 0
1557 2 0 0 0 0
1558 2 0 0 0 0
1559 2 0 0 0 0
1560 2 0 0 0 0
1561 2 0 0 0 0
1562 2 0 0 0 0
1563 2 0 0 0 0
1564 2 0 0 0 0
1565 2 0 0 0 0
1566 2 0 0 0 0
1567 2 0 0 0 0
1568 2 0 0 0 0
1569 2 0 0 0 0
1570 2 0 0 2 0
1571 2 0 0 2 0
1572 2 0 0 2 0
1573 2 0 0 2 0
1574 2 0 0 2 0
1575 2 0 0 2 0
1576 2 0 0 2 0
1577 2 0 0 2 0
1578 2 0 0 2 0
1579 2 0 0 2 0
1580 2 0 0 2 0
1581 2 0 0 2 0
1582 2 0 0 2 0
1583 2 0 0 2 0
1584 2 0 0 2 0
1585 2 0 0 2 0
1586 2 0 0 2 0
1587 2 0 0 2 0
1588 2 0 0 2 0
1589 2 0 0 2 0
1590 2 0 0 0 0
1591 2 0 0 0 0
1592 2 0 0 0 0
1593 2 0 2 0 0
1594 2 0 2 0 0
1595 2 0 2 0 0
1596 2 0 2 0 0
1597 2 0 2 0 0
1598 2 0 2 0 0
1599 2 0 2 0 0
1600 2 0 2 0 0
1601 2 0 2 0 0
1602 2 0 2 0 0
1603 2 0 2 0 0
1604 2 0 2 0 0
1605 2 0 2 0 0
1606 2 0 2 0 0
1607 2 0 2 0 0
1608 2 0 2 0 0
1609 2 0 2 0 0
1610 0 2 2 0 0
1611 0 2 2 0 0
1612 0 2 2 0 0
1613 0 2 2 0 0
1614 0 2 2 0 0
1615 0 2 2 0 0
1616 0 2 2 0 0
1617 0 2 2 0 0
1618 0 2 2 0 0
1619 0 2 2 0 0
1620 0 2 2 0 0
1621 0 2 2 0 0
1622 0 2 2 0 0
1623 0 2 2 0 0
1624 0 0 2 0 0
1625 0 0 2 0 0
1626 0 0 2 0 0
1627 0 0 2 0 0
1628 0 0 2 0 0
1629 0 0 2 0 0
1630 0 0 2 0 0
1631 0 0 2 0 0
1632 0 0 2 0 0
1633 0 0 2 0 0
1634 0 0 2 0 0
1635 0 0 2 0 0
1636 0 0 2 0 0
1637 0 0 2 0 0
1638 0 0 2 0 0
1639 0 0 2 0 0
1640 0 0 2 0 0
1641 0 0 2 0 0
1642 0 0 2 0 0
1643 0 0 2 0 0
1644 0 0 2 0 0
1645 0 0 2 0 0
1646 0 0 2 0 0
1647 0 0 2 0 0
1648 0 0 2 0 0
1649 0 0 2 0 0
1650 0 0 2 0 0
1651 0 0 2 0 0
1652 0 0 2 0 0
1653 0 0 2 0 0
1654 0 0 2 0 0
1655 0 0 2 0 0
1656 0 0 2 0 0
1657 0 0 2 0 0
1658 0 0 2 0 0
1659 0 0 2 0 0
1660 0 0 2 0 0
1661 0 0 2 0 0
1662 0 0 2 0 0
1663 0 0 2 0 0
1664 0 0 2 0 0
1665 0 0 2 0 0
1666 0 0 2 0 0
1667 0 0 2 0 0
1668 0 0 2 0 0
1669 0 0 2 0 0
1670 0 0 2 0 0
1671 0 0 2 0 0
1672 0 0 2 0 0
1673 0 0 2 0 0
1674 0 0 2 0 0
1675 0 0 2 0 0
1676 0 0 2 0 0
1677 0 0 2 0 0
1678 0 0 2 0 0
1679 0 0 2 0 0
1680 0 0 2 0 0
1681 0 0 2 0 0
1682 0 0 2 0 0
1683 0 0 2 0 0
1684 0 0 2 0 0
1685 0 0 2 0 0
1686 0 0 2 0 0
1687 0 0 2 0 0
1688 0 0 2 0 0
1689 0 0 2 0 0
1690 0 0 2 0 1
1691 0 0 2 0 1
1692 0 0 2 0 1
1693 0 0 2 0 1
1694 0 0 2 0 1
1695 0 0 2 0 1
1696 0 0 2 0 1
1697 0 0 2 0 1
1698 0 0 2 0 1
1699 0 0 2 0 1
1700 0 0 2 0 1
1701 0 0 2 0 1
1702 0 0 2 0 1
1703 0 0 2 0 1
1704 0 0 2 0 1
1705 0 0 2 0 1
1706 0 0 2 0 1
1707 0 0 2 0 1
1708 0 0 2 0 1
1709 0 0 2 0 1
1710 0 0 2 0 1
1711 0 0 2 0 1
1712 0 0 2 0 1
1713 0 0 2 0 1
1714 0 0 2 0 1
1715 0 0 2 0 1
1716 0 0 2 0 1
1717 0 0 2 0 1
1718 0 0 2 0 1
1719 0 0 2 0 1
1720 0 0 2 0 1
1721 0 0 2 0 1
1722 0 0 2 0 1
1723 0 0 2 0 1
1724 0 0 2 0 1
1725 0 0 2 0 1
1726 0 0 2 0 1
1727 0 0 2 0 1
1728 0 0 2 0 1
1729 0 0 2 0 1
1730 0 0 2 0 1
1731 0 0 2 0 1
1732 0 0 2 0 1
1733 0 0 2 0 1
1734 0 0 2 0 1
1735 0 0 2 0 1
1736 0 0 2 0 1
1737 0 0 2 0 1
1738 0 0 2 0 1
1739 0 0 2 0 1
1740 0 0 2 0 1
1741 0 0 2 0 1
1742 0 0 2 0 1
1743 0 0 2 0 1
1744 0 0 2 0 1
1745 0 0 2 0 1
1746 0 0 2 0 1
1747 0 0 2 0 1
1748 0 0 2 0 1
1749 0 0 2 0 1
1750 0 0 2 0 1
1751 0 0 2 0 1
1752 0 0 2 0 1
1753 0 0 2 0 1
1754 0 0 2 0 1
1755 0 0 2 0 1
1756 0 0 2 0 1
1757 0 0 2 0 1
1758 0 0 2 0 1
1759 0 0 2 0 1
1760 0 0 2 0 1
1761 0 0 2 0 1
1762 0 0 2 0 1
1763 0 0 2 0 1
1764 0 0 2 0 1
1765 0 0 2 0 1
1766 0 0 2 0 1
1767 0 0 2 0 1
1768 0 0 2 0 1
1769 0 0 2 0 1
1770 0 0 2 0 1
1771 0 0 2 0 1
1772 0 0 2 0 1
1773 0 0 2 0 1
1774 0 0 2 0 1
1775 0 0 2 0 1
1776 0 0 2 0 1
1777 0 0 2 0 1
1778 0 0 2 0 1
1779 0 0 2 0 1
1780 0 0 2 0 1
1781 0 0 2 0 1
1782 0 0 2 0 1
1783 0 0 2 0 1
1784 0 0 2 0 1
1785 0 0 2 0 1
1786 0 0 2 0 1
1787 0 0 2 0 1
1788 0 0 2 0 1
1789 0 0 2 0 1
1790 0 0 2 0 1
1791 0 0 2 0 1
1792 0 0 2 0 1
1793 0 0 2 0 1
1794 0 0 2 0 1
1795 0 0 2 0 1
1796 0 0 2 0 1
1797 0 0 2 0 1
1798 0 0 2 0 1
1799 0 0 2 0 1
1800 0 0 2 0 1
1801 0 0 2 0 1
1802 0 0 2 0 1
1803 0 0 2 0 1
1804 0 0 2 0 1
1805 0 0 2 0 1
1806 0 0 2 0 1
1807 0 0 2 0 1
1808 0 0 2 0 1
1809 0 0 2 0 1
1810 0 0 2 0 0
1811 0 0 2 0 0
1812 0 0 2 0 0
1813 0 0 2 0 0
1814 0 0 2 0 0
1815 0 0 2 0 0
1816 0 0 2 0 0
1817 0 0 2 0 0
1818 0 0 2 0 0
1819 0 0 2 0 0
1820 0 0 2 0 0
1821 0 0 2 0 0
1822 0 0 2 0 0
1823 0 0 2 0 0
1824 0 0 2 0 0
1825 0 0 2 0 0
1826 0 0 2 0 0
1827 0 0 2 0 0
1828 0 0 2 0 0
1829 0 0 2 0 0
1830 0 0 2 0 0
1831 0 0 2 0 0
1832 0 0 2 0 0
1833 0 0 2 0 0
1834 0 0 2 0 0
1835 0 0 2 0 0
1836 0 0 2 0 0
1837 0 0 2 0 0
1838 0 0 2 0 0
1839 0 0 2 0 0
1840 0 0 2 0 1
1841 0 0 2 0 1
1842 0 0 2 0 1
1843 0 0 2 0 1
1844 0 0 2 0 1
1845 0 0 2 0 1
1846 0 0 2 0 1
1847 0 0 2 0 1
1848 0 0 2 0 1
1849 0 0 2 0 1
1850 0 0 2 0 1
1851 0 0 2 0 1
1852 0 0 2 0 1
1853 0 0 2 0 1
1854 0 0 2 0 1
1855 0 0 2 0 1
1856 0 0 2 0 1
1857 0 0 2 0 1
1858 0 0 2 0 1
1859 0 0 2 0 1
1860 0 0 2 0 1
1861 0 0 2 0 1
1862 0 0 2 0 1
1863 0 0 2 0 1
1864 0 0 2 0 1
1865 0 0 2 0 1
1866 0 0 2 0 1
1867 0 0 2 0 1
1868 0 0 2 0 1
1869 0 0 2 0 1
1870 0 0 2 0 1
1871 0 0 2 0 1
1872 0 0 2 0 1
1873 0 0 2 0 1
1874 0 0 2 0 1
1875 0 0 2 0 1
1876 0 0 2 0 1
1877 0 0 2 0 1
1878 0 0 2 0 1
1879 0 0 2 0 1
1880 0 0 2 0 1
1881 0 0 2 0 1
1882 0 0 2 0 1
1883 0 0 2 0 1
1884 0 0 2 0 1
1885 0 0 2 0 1
1886 0 0 2 0 1
1887 0 0 2 0 1
1888 0 0 2 0 1
1889 0 0 2 0 1
1890 0 0 2 0 1
1891 0 0 2 0 1
1892 0 0 2 0 1
1893 0 0 2 0 1
1894 0 0 2 0 1
1895 0 0 2 0 1
1896 0 0 2 0 1
1897 0 0 2 0 1
1898 0 0 2 0 1
1899 0 0 2 0 1
1900 0 0 2 0 1
1901 0 0 2 0 1
1902 0 0 2 0 1
1903 0 0 2 0 1
1904 0 0 2 0 1
1905 0 0 2 0 1
1906 0 0 2 0 1
1907 0 0 2 0 1
1908 0 0 2 0 1
1909 0 0 2 0 1
1910 0 0 2 0 1
1911 0 0 2 0 1
1912 0 0 2 0 1
1913 0 0 2 0 1
1914 0 0 2 0 1
1915 0 0 2 0 1
1916 0 0 2 0 1
1917 0 0 2 0 1
1918 0 0 2 0 1
1919 0 0 2 0 1
1920 0 0 2 0 1
1921 0 0 2 0 1
1922 0 0 2 0 1
1923 0 0 2 0 1
1924 0 0 2 0 1
1925 0 0 2 0 1
1926 0 0 2 0 1
1927 0 0 2 0 1
1928 0 0 2 0 1
1929 0 0 2 0 1
1930 0 0 2 0 1
1931 0 0 2 0 1
1932 0 0 2 0 1
1933 0 0 2 0 1
1934 0 0 2 0 1
1935 0 0 2 0 1
1936 0 0 2 0 1
1937 0 0 2 0 1
1938 0 0 2 0 1
1939 0 0 2 0 1
1940 0 0 2 0 1
1941 0 0 2 0 1
1942 0 0 2 0 1
1943 0 0 2 0 1
1944 0 0 2 0 1
1945 0 0 2 0 1
1946 0 0 2 0 1
1947 0 0 2 0 1
1948 0 0 2 0 1
1949 0 0 2 0 1
1950 0 0 2 0 1
1951 0 0 2 0 1
1952 0 0 2 0 1
1953 0 0 2 0 1
1954 0 0 2 0 1
1955 0 0 2 0 1
1956 0 0 2 0 1
1957 0 0 2 0 1
1958 0 0 2 0 1
1959 0 0 2 0 1
1960 0 0 2 0 1
1961 0 0 2 0 1
1962 0 0 2 0 1
1963 0 0 2 0 1
1964 0 0 2 0 1
1965 0 0 2 0 1
1966 0 0 2 0 1
1967 0 0 2 0 1
1968 0 0 2 0 1
1969 0 0 2 0 1
1970 0 0 2 0 1
1971 0 0 2 0 1
1972 0 0 2 0 1
1973 0 0 2 0 1
1974 0 0 2 0 1
1975 0 0 2 0 1
1976 0 0 2 0 1
1977 0 0 2 0 1
1978 0 0 2 0 1
1979 0 0 2 0 1
1980 0 0 2 0 1
1981 0 0 2 0 1
1982 0 0 2 0 1
1983 0 0 2 0 1
1984 0 0 2 0 1
1985 0 0 2 0 1
1986 0 0 2 0 1
1987 0 0 2 0 1
1988 0 0 2 0 1
1989 0 0 2 0 1
1990 0 0 2 0 1
1991 0 0 2 0 1
1992 0 0 2 0 1
1993 0 0 2 0 1
1994 0 0 2 0 1
1995 0 0 2 0 1
1996 0 0 2 0 1
1997 0 0 2 0 1
1998 0 0 2 0 1
1999 0 0 2 0 1
2000 0 0 2 0 2
2001 0 0 2 0 2
2002 0 0 2 0 2
2003 0 0 2 0 2
2004 0 0 2 0 2
2005 0 0 2 0 2
2006 0 0 2 0 2
2007 0 0 2 0 2
2008 0 0 2 0 2
2009 0 0 2 0 2
2010 0 0 2 0 2
2011 0 0 2 0 2
2012 0 0 2 0 2
2013 0 0 2 0 2
2014 0 0 2 0 2
2015 0 0 2 0 2
2016 0 0 2 0 2
2017 0 0 2 0 2
2018 0 0 2 0 2
2019 0 0 2 0 2
2020 0 0 2 0 2
2021 0 0 2 0 2
2022 0 0 2 0 2
2023 0 0 2 0 2
2024 0 0 2 0 2
2025 0 0 2 0 2
2026 0 0 2 0 2
2027 0 0 2 0 2
2028 0 0 2 0 2
2029 0 0 2 0 2
2030 0 0 2 0 2
2031 0 0 2 0 2
2032 0 0 2 0 2
2033 0 0 2 0 2
2034 0 0 2 0 2
2035 0 0 2 0 2
2036 0 0 2 0 2
2037 0 0 2 0 2
2038 0 0 2 0 2
2039 0 0 2 0 2
2040 0 0 2 0 2
2041 0 0 2 0 2
2042 0 0 2 0 2
2043 0 0 2 0 2
2044 0 0 2 0 2
2045 0 0 2 0 2
2046 0 0 2 0 2
2047 0 0 2 0 2
2048 0 0 2 0 2
2049 0 0 2 0 2
2050 0 0 2 0 2
2051 0 0 2 0 2
2052 0 0 2 0 2
2053 0 0 2 0 2
2054 0 0 2 0 2
2055 0 0 2 0 2
2056 0 0 2 0 2
2057 0 0 2 0 2
2058 0 0 2 0 2
2059 0 0 2 0 2
2060 0 0 2 0 2
2061 0 0 2 0 2
2062 0 0 2 0 2
2063 0 0 2 0 2
2064 0 0 2 0 2
2065 0 0 2 0 2
2066 0 0 2 0 2
2067 0 0 2 0 2
2068 0 0 2 0 2
2069 0 0 2 0 2
2070 0 0 2 0 2
2071 0 0 2 0 2
2072 0 0 2 0 2
2073 0 0 2 0 2
2074 0 0 2 0 2
2075 0 0 2 0 2
2076 0 0 2 0 2
2077 0 0 2 0 2
2078 0 0 2 0 2
2079 0 0 2 0 2
2080 0 0 2 0 2
2081 0 0 2 0 2
2082 0 0 2 0 2
2083 0 0 2 0 2
2084 0 0 2 0 2
2085 0 0 2 0 2
2086 0 0 2 0 2
2087 0 0 2 0 2
2088 0 0 2 0 2
2089 0 0 2 0 2
2090 0 0 2 0 2
2091 0 0 2 0 2
2092 0 0 2 0 2
2093 0 0 2 0 2
2094 0 0 2 0 2
2095 0 0 2 0 2
2096 0 0 2 0 2
2097 0 0 2 0 2
2098 0 0 2 0 2
2099 0 0 2 0 2
2100 0 0 2 0 2
2101 0 0 2 0 2
2102 0 0 2 0 2
2103 0 0 2 0 2
2104 0 0 2 0 2
2105 0 0 2 0 2
2106 0 0 2 0 2
2107 0 0 2 0 2
2108 0 0 2 0 2
2109 0 0 2 0 2
2110 0 0 2 0 2
2111 0 0 2 0 2
2112 0 0 2 0 2
2113 0 0 2 0 2
2114 0 0 2 0 2
2115 0 0 2 0 2
2116 0 0 2 0 2
2117 0 0 2 0 2
2118 0 0 2 0 2
2119 0 0 2 0 2
2120 0 0 2 0 2
2121 0 0 2 0 2
2122 0 0 2 0 2
2123 0 0 2 0 2
2124 0 0 2 0 2
2125 0 0 2 0 2
2126 0 0 2 0 2
2127 0 0 2 0 2
2128 0 0 2 0 2
2129 0 0 2 0 2
2130 0 0 2 0 2
2131 0 0 2 0 2
2132 0 0 2 0 2
2133 0 0 2 0 2
2134 0 0 2 0 2
2135 0 0 2 0 2
2136 0 0 2 0 2
2137 0 0 2 0 2
2138 0 0 2 0 2
2139 0 0 2 0 2
2140 0 0 2 0 2
2141 0 0 2 0 2
2142 0 0 2 0 2
2143 0 0 2 0 2
2144 0 0 2 0 2
2145 0 0 2 0 2
2146 0 0 2 0 2
2147 0 0 2 0 2
2148 0 0 2 0 2
2149 0 0 2 0 2
2150 0 0 2 0 2
2151 0 0 2 0 2
2152 0 0 2 0 2
2153 0 0 2 0 2
2154 0 0 2 0 2
2155 0 0 2 0 2
2156 0 0 2 0 2
2157 0 0 2 0 2
2158 0 0 2 0 2
2159 0 0 2 0 2
2160 0 0 2 0 2
2161 0 0 2 0 2
2162 0 0 2 0 2
2163 0 0 2 0 2
2164 0 0 2 0 2
2165 0 0 2 0 2
2166 0 0 2 0 2
2167 0 0 2 0 2
2168 0 0 2 0 2
2169 0 0 2 0 2
2170 0 0 2 0 2
2171 0 0 2 0 2
2172 0 0 2 0 2
2173 0 0 2 0 2
2174 0 0 2 0 2
2175 0 0 2 0 2
2176 0 0 2 0 2
2177 0 0 2 0 2
2178 0 0 2 0 2
2179 0 0 2 0 2
2180 0 0 2 0 2
2181 0 0 2 0 2
2182 0 0 2 0 2
2183 0 0 2 0 2
2184 0 0 2 0 2
2185 0 0 2 0 2
2186 0 0 2 0 2
2187 0 0 2 0 2
2188 0 0 2 0 2
2189 0 0 2 0 2
2190 0 0 2 0 2
2191 0 0 2 0 2
2192 0 0 2 0 2
2193 0 0 2 0 2
2194 0 0 2 0 2
2195 0 0 2 0 2
2196 0 0 2 0 2
2197 0 0 2 0 2
2198 0 0 2 0 2
2199 0 0 2 0 2
2200 0 0 2 0 2
2201 0 0 2 0 2
2202 0 0 2 0 2
2203 0 0 2 0 2
2204 0 0 2 0 2
2205 0 0 2 0 2
2206 0 0 2 0 2
2207 0 0 2 0 2
2208 0 0 2 0 2
2209 0 0 2 0 2
2210 0 0 2 0 2
2211 0 0 2 0 2
2212 0 0 2 0 2
2213 0 0 2 0 2
2214 0 0 2 0 2
2215 0 0 2 0 2
2216 0 0 2 0 2
2217 0 0 2 0 2
2218 0 0 2 0 2
2219 0 0 2 0 2
2220 0 0 2 0 2
2221 0 0 2 0 2
2222 0 0 2 0 2
2223 0 0 2 0 2
2224 0 0 2 0 2
2225 0 0 2 0 2
2226 0 0 2 0 2
2227 0 0 2 0 2
2228 0 0 2 0 2
2229 0 0 2 0 2
2230 0 2 2 0 2
2231 0 2 2 0 2
2232 0 2 2 0 2
2233 0 2 2 0 2
2234 0 2 2 0 2
2235 0 2 2 0 2
2236 0 2 2 0 2
2237 0 2 2 0 2
2238 0 2 2 0 2
2239 0 2 2 0 2
2240 0 2 2 0 2
2241 0 2 2 0 2
2242 0 2 2 0 2
2243 0 2 2 0 2
2244 0 2 2 0 2
2245 0 2 2 0 2
2246 0 2 2 0 2
2247 0 2 2 0 2
2248 0 2 2 0 2
2249 0 2 2 0 2
2250 0 2 2 0 2
2251 0 2 2 0 2
2252 0 2 2 0 2
2253 0 2 2 0 2
2254 0 2 2 0 2
2255 0 2 2 0 2
2256 0 2 2 0 2
2257 0 2 2 0 2
2258 0 2 2 0 2
2259 0 2 2 0 2
2260 2 0 2 0 2
2261 2 0 2 0 2
2262 2 0 2 0 2
2263 2 0 2 0 2
2264 2 0 2 0 2
2265 2 0 2 0 2
2266 2 0 2 0 2
2267 2 0 2 0 2
2268 2 0 2 0 2
2269 2 0 2 0 2
2270 2 0 2 0 2
2271 2 0 2 0 2
2272 2 0 2 0 2
2273 2 0 2 0 2
2274 2 0 2 0 2
2275 2 0 2 0 2
2276 2 0 2 0 2
2277 2 0 2 0 2
2278 2 0 2 0 2
2279 2 0 2 0 2
2280 2 0 2 0 2
2281 2 0 2 0 2
2282 2 0 2 0 2
2283 2 0 2 0 2
2284 2 0 2 0 2
2285 2 0 2 0 2
2286 2 0 2 0 2
2287 2 0 2 0 2
2288 2 0 2 0 2
2289 2 0 2 0 2
2290 2 0 0 2 2
2291 2 0 0 2 2
2292 2 0 0 2 2
2293 2 0 0 2 2
2294 2 0 0 2 2
2295 2 0 0 2 2
2296 2 0 0 2 2
2297 2 0 0 2 2
2298 2 0 0 0 2
2299 2 0 0 0 2
2300 2 0 0 0 2
2301 2 0 0 0 2
2302 2 0 0 0 2
2303 2 0 0 0 2
2304 2 0 0 0 2
2305 2 0 0 0 2
2306 2 0 0 0 2
2307 2 0 0 0 2
2308 2 0 0 0 2
2309 2 0 0 0 2
2310 2 0 0 0 2
2311 2 0 0 0 2
2312 2 0 0 0 2
2313 2 0 0 0 2
2314 2 0 0 0 2
2315 2 0 0 0 2
2316 2 0 0 0 2
2317 2 0 0 0 2
2318 2 0 0 0 2
2319 2 0 0 0 2
2320 2 0 0 0 2
2321 2 0 0 0 2
2322 2 0 0 0 2
2323 2 0 0 0 2
2324 2 0 0 0 2
2325 2 0 0 0 2
2326 2 0 0 0 2
2327 2 0 0 0 2
2328 2 0 0 0 2
2329 2 0 0 0 2
2330 2 0 0 0 2
2331 2 0 0 0 2
2332 2 0 0 0 2
2333 2 0 0 0 2
2334 2 0 0 0 2
2335 2 0 0 0 2
2336 2 0 0 0 2
2337 2 0 0 0 2
2338 2 0 0 0 2
2339 2 0 0 0 2
2340 2 0 0 0 0
2341 2 0 0 0 0
2342 2 0 0 0 0
2343 2 0 0 0 0
2344 2 0 0 0 0
2345 2 0 0 0 0
2346 2 0 0 0 0
2347 2 0 0 0 0
2348 2 0 0 0 0
2349 2 0 0 0 0
2350 2 0 0 0 0
2351 2 0 0 0 0
2352 2 0 0 0 0
2353 2 0 0 0 0
2354 2 0 0 0 0
2355 2 0 0 0 0
2356 2 0 0 0 0
2357 2 0 0 0 0
2358 2 0 0 0 0
2359 2 0 0 0 0
2360 2 0 0 0 0
2361 2 0 0 0 0
2362 2 0 0 0 0
2363 2 0 0 0 0
2364 2 0 0 0 0
2365 2 0 0 0 0
2366 2 0 0 0 0
2367 2 0 0 0 0
2368 2 0 0 0 0
2369 2 0 0 0 0
2370 2 0 0 0 0
2371 2 0 0 0 0
2372 2 0 0 0 0
2373 2 0 0 0 0
2374 2 0 0 0 0
2375 2 0 0 0 0
2376 2 0 0 0 0
2377 2 0 0 0 0
2378 2 0 0 0 0
2379 2 0 0 0 0
2380 2 0 0 0 0
2381 2 0 0 0 0
2382 2 0 0 0 0
2383 2 0 0 0 0
2384 2 0 0 0 0
2385 2 0 0 0 0
2386 2 0 0 0 0
2387 2 0 0 0 0
2388 2 0 0 0 0
2389 2 0 0 0 0
2390 2 0 0 0 0
2391 2 0 0 0 0
2392 2 0 0 0 0
2393 2 0 0 0 0
2394 2 0 0 0 0
2395 2 0 0 0 0
2396 2 0 0 0 0
2397 2 0 0 0 0
2398 2 0 0 0 0
2399 2 0 0 0 0
2400 2 0 0 0 0
2401 2 0 0 0 0
2402 2 0 0 0 0
2403 2 0 0 0 0
2404 2 0 0 0 0
2405 2 0 0 0 0
2406 2 0 0 0 0
2407 2 0 0 0 0
2408 2 0 0 0 0
2409 2 0 0 0 0
2410 2 0 0 0 0
2411 2 0 0 0 0
2412 2 0 0 0 0
2413 2 0 0 0 0
2414 2 0 0 0 0
2415 2 0 0 0 0
2416 2 0 0 0 0
2417 2 0 0 0 0
2418 2 0 0 0 0
2419 2 0 0 0 0
2420 2 0 0 0 0
2421 2 0 0 0 0
2422 2 0 0 0 0
2423 2 0 0 0 0
2424 2 0 0 0 0
2425 2 0 0 0 0
2426 2 0 0 0 0
2427 2 0 0 0 0
2428 2 0 0 0 0
2429 2 0 0 0 0
2430 2 0 0 0 0
2431 2 0 0 0 0
2432 2 0 0 0 0
2433 2 0 0 0 0
2434 2 0 0 0 0
2435 2 0 0 0 0
2436 2 0 0 0 0
2437 2 0 0 0 0
2438 2 0 0 0 0
2439 2 0 0 0 0
2440 2 0 0 0 0
2441 2 0 0 0 0
2442 2 0 0 0 0
2443 2 0 0 0 0
2444 2 0 0 0 0
2445 2 0 0 0 0
2446 2 0 0 0 0
2447 2 0 0 0 0
2448 2 0 0 0 0
2449 2 0 0 0 0
2450 2 0 0 0 0
2451 2 0 0 0 0
2452 2 0 0 0 0
2453 2 0 0 0 0
2454 2 0 0 0 0
2455 2 0 0 0 0
2456 2 0 0 0 0
2457 2 0 0 0 0
2458 2 0 0 0 0
2459 2 0 0 0 0
2460 2 0 0 0 0
2461 2 0 0 0 0
2462 2 0 0 0 0
2463 2 0 0 0 0
2464 2 0 0 0 0
2465 2 0 0 0 0
2466 2 0 0 0 0
2467 2 0 0 0 0
2468 2 0 0 0 0
2469 2 0 0 0 0
2470 2 0 0 0 0
2471 2 0 0 0 0
2472 2 0 0 0 0
2473 2 0 0 0 0
2474 2 0 0 0 0
2475 2 0 0 0 0
2476 2 0 0 0 0
2477 2 0 0 0 0
2478 2 0 0 0 0
2479 2 0 0 0 0
2480 2 0 0 0 0
2481 2 0 0 0 0
2482 2 0 0 0 0
2483 2 0 0 0 0
2484 2 0 0 0 0
2485 2 0 0 0 0
2486 2 0 0 0 0
2487 2 0 0 0 0
2488 2 0 0 0 0
2489 2 0 0 0 0
2490 2 0 0 0 0
2491 2 0 0 0 0
2492 2 0 0 0 0
2493 2 0 0 0 0
2494 2 0 0 0 0
2495 2 0 0 0 0
2496 2 0 0 0 0
2497 2 0 0 0 0
2498 2 0 0 0 0
2499 2 0 0 0 0
2500 2 0 0 0 0
2501 2 0 0 0 0
2502 2 0 0 0 0
2503 2 0 0 0 0
2504 2 0 0 0 0
2505 2 0 0 0 0
2506 2 0 0 0 0
2507 2 0 0 0 0
2508 2 0 0 0 0
2509 2 0 0 0 0
2510 2 0 0 0 0
2511 2 0 0 0 0
2512 2 0 0 0 0
2513 2 0 0 0 0
2514 2 0 0 0 0
2515 2 0 0 0 0
2516 2 0 0 0 0
2517 2 0 0 0 0
2518 2 0 0 0 0
2519 2 0 0 0 0
2520 2 0 0 0 0
2521 2 0 0 0 0
2522 2 0 0 0 0
2523 2 0 0 0 0
2524 2 0 0 0 0
2525 2 0 0 0 0
2526 2 0 0 0 0
2527 2 0 0 0 0
2528 2 0 0 0 0
2529 2 0 0 0 0
2530 2 0 0 0 0
2531 2 0 0 0 0
2532 2 0 0 0 0
2533 2 0 0 0 0
2534 2 0 0 0 0
2535 2 0 0 0 0
2536 2 0 0 0 0
2537 2 0 0 0 0
2538 2 0 0 0 0
2539 2 0 0 0 0
2540 2 0 0 0 0
2541 2 0 0 0 0
2542 2 0 0 0 0
2543 2 0 0 0 0
2544 2 0 0 0 0
2545 2 0 0 0 0
2546 2 0 0 0 0
2547 2 0 0 0 0
2548 2 0 0 0 0
2549 2 0 0 0 0
2550 2 0 0 0 0
2551 2 0 0 0 0
2552 2 0 0 0 0
2553 2 0 0 0 0
2554 2 0 0 0 0
2555 2 0 0 0 0
2556 2 0 0 0 0
2557 2 0 0 0 0
2558 2 0 0 0 0
2559 2 0 0 0 0
2560 2 0 0 0 0
2561 2 0 0 0 0
2562 2 0 0 0 0
2563 2 0 0 0 0
2564 2 0 0 0 0
2565 2 0 0 0 0
2566 2 0 0 0 0
2567 2 0 0 0 0
2568 2 0 0 0 0
2569 2 0 0 0 0
2570 2 0 0 0 0
2571 2 0 0 0 0
2572 2 0 0 0 0
2573 2 0 0 0 0
2574 2 0 0 0 0
2575 2 0 0 0 0
2576 2 0 0 0 0
2577 2 0 0 0 0
2578 2 0 0 0 0
2579 2 0 0 0 0
2580 2 0 0 0 0
2581 2 0 0 0 0
2582 2 0 0 0 0
2583 2 0 0 0 0
2584 2 0 0 0 0
2585 2 0 0 0 0
2586 2 0 0 0 0
2587 2 0 0 0 0
2588 2 0 0 0 0
2589 2 0 0 0 0
2590 2 0 0 2 0
2591 2 0 0 2 0
2592 2 0 2 0 0
2593 2 0 2 0 0
2594 2 0 2 0 0
2595 2 0 2 0 0
2596 2 0 2 0 0
2597 2 0 2 0 0
2598 2 0 2 0 0
2599 2 0 2 0 0
2600 2 0 2 0 0
2601 2 0 2 0 0
2602 2 0 2 0 0
2603 2 0 2 0 0
2604 2 0 2 0 0
2605 2 0 2 0 0
2606 2 0 2 0 0
2607 2 0 2 0 0
2608 2 0 2 0 0
2609 2 0 2 0 0
2610 0 0 2 0 0
2611 0 0 2 0 0
2612 0 0 2 0 0
2613 0 0 2 0 0
2614 0 0 2 0 0
2615 0 0 2 0 0
2616 0 0 2 0 0
2617 0 0 2 0 0
2618 0 0 2 0 0
2619 0 0 2 0 0
2620 0 0 2 0 0
2621 0 0 2 0 0
2622 0 0 2 0 0
2623 0 0 2 0 0
2624 0 0 2 0 0
2625 0 0 2 0 0
2626 0 0 2 0 0
2627 0 0 2 0 0
2628 0 0 2 0 0
2629 0 0 2 0 0
2630 0 0 2 0 0
2631 0 0 2 0 0
2632 0 0 2 0 0
2633 0 0 2 0 0
2634 0 0 2 0 0
2635 0 0 2 0 0
2636 0 0 2 0 0
2637 0 0 2 0 0
2638 0 0 2 0 0
2639 0 0 2 0 0
2640 0 0 2 0 0
2641 0 0 2 0 0
2642 0 0 2 0 0
2643 0 0 2 0 0
2644 0 0 2 0 0
2645 0 0 2 0 0
2646 0 0 2 0 0
2647 0 0 2 0 0
2648 0 0 2 0 0
2649 0 0 2 0 0
2650 0 0 2 0 0
2651 0 0 2 0 0
2652 0 0 2 0 0
2653 0 0 2 0 0
2654 0 0 2 0 0
2655 0 0 2 0 0
2656 0 0 2 0 0
2657 0 0 2 0 0
2658 0 0 2 0 0
2659 0 0 2 0 0
2660 0 0 2 0 0
2661 0 0 2 0 0
2662 0 0 2 0 0
2663 0 0 2 0 0
2664 0 0 2 0 0
2665 0 0 2 0 0
2666 0 0 2 0 0
2667 0 0 2 0 0
2668 0 0 2 0 0
2669 0 0 2 0 0
2670 0 0 2 0 0
2671 0 0 2 0 0
2672 0 0 2 0 0
2673 0 0 2 0 0
2674 0 0 2 0 0
2675 0 0 2 0 0
2676 0 0 2 0 0
2677 0 0 2 0 0
2678 0 0 2 0 0
2679 0 0 2 0 0
2680 0 0 2 0 0
2681 0 0 2 0 0
2682 0 0 2 0 0
2683 0 0 2 0 0
2684 0 0 2 0 0
2685 0 0 2 0 0
2686 0 0 2 0 0
2687 0 0 2 0 0
2688 0 0 2 0 0
2689 0 0 2 0 0
2690 0 0 2 0 0
2691 0 0 2 0 0
2692 0 0 2 0 0
2693 0 0 2 0 0
2694 0 0 2 0 0
2695 0 0 2 0 0
2696 0 0 2 0 0
2697 0 0 2 0 0
2698 0 0 2 0 0
2699 0 0 2 0 0
2700 0 0 2 0 0
2701 0 0 2 0 0
2702 0 0 2 0 0
2703 0 0 2 0 0
2704 0 0 2 0 0
2705 0 0 2 0 0
2706 0 0 2 0 0
2707 0 0 2 0 0
2708 0 0 2 0 0
2709 0 0 2 0 0
2710 0 0 2 0 0
2711 0 0 2 0 0
2712 0 0 2 0 0
2713 0 0 2 0 0
2714 0 0 2 0 0
2715 0 0 2 0 0
2716 0 0 2 0 0
2717 0 0 2 0 0
2718 0 0 2 0 0
2719 0 0 2 0 0
2720 0 0 2 0 0
2721 0 0 2 0 0
2722 0 0 2 0 0
2723 0 0 2 0 0
2724 0 0 2 0 0
2725 0 0 2 0 0
2726 0 0 2 0 0
2727 0 0 2 0 0
2728 0 0 2 0 0
2729 0 0 2 0 0
2730 0 0 2 0 0
2731 0 0 2 0 0
2732 0 0 2 0 0
2733 0 0 2 0 0
2734 0 0 2 0 0
2735 0 0 2 0 0
2736 0 0 2 0 0
2737 0 0 2 0 0
2738 0 0 2 0 0
2739 0 0 2 0 0
2740 0 0 2 0 0
2741 0 0 2 0 0
2742 0 0 2 0 0
2743 0 0 2 0 0
2744 0 0 2 0 0
2745 0 0 2 0 0
2746 0 0 2 0 0
2747 0 0 2 0 0
2748 0 0 2 0 0
2749 0 0 2 0 0
2750 0 0 2 0 0
2751 0 0 2 0 0
2752 0 0 2 0 0
2753 0 0 2 0 0
2754 0 0 2 0 0
2755 0 0 2 0 0
2756 0 0 2 0 0
2757 0 0 2 0 0
2758 0 0 2 0 0
2759 0 0 2 0 0
2760 0 0 2 0 0
2761 0 0 2 0 0
2762 0 0 2 0 0
2763 0 0 2 0 0
2764 0 0 2 0 0
2765 0 0 2 0 0
2766 0 0 2 0 0
2767 0 0 2 0 0
2768 0 0 2 0 0
2769 0 0 2 0 0
2770 0 0 2 0 0
2771 0 0 2 0 0
2772 0 0 2 0 0
2773 0 0 2 0 0
2774 0 0 2 0 0
2775 0 0 2 0 0
2776 0 0 2 0 0
2777 0 0 2 0 0
2778 0 0 2 0 0
2779 0 0 2 0 0
2780 0 0 2 0 0
2781 0 0 2 0 0
2782 0 0 2 0 0
2783 0 0 2 0 0
2784 0 0 2 0 0
2785 0 0 2 0 0
2786 0 0 2 0 0
2787 0 0 2 0 0
2788 0 0 2 0 0
2789 0 0 2 0 0
2790 0 0 2 0 0
2791 0 0 2 0 0
2792 0 0 2 0 0
2793 0 0 2 0 0
2794 0 0 2 0 0
2795 0 0 2 0 0
2796 0 0 2 0 0
2797 0 0 2 0 0
2798 0 0 2 0 0
2799 0 0 2 0 0
2800 0 0 2 0 0
2801 0 0 2 0 0
2802 0 0 2 0 0
2803 0 0 2 0 0
2804 0 0 2 0 0
2805 0 0 2 0 0
2806 0 0 2 0 0
2807 0 0 2 0 0
2808 0 0 2 0 0
2809 0 0 2 0 0
2810 0 0 2 0 0
2811 0 0 2 0 0
2812 0 0 2 0 0
2813 0 0 2 0 0
2814 0 0 2 0 0
2815 0 0 2 0 0
2816 0 0 2 0 0
2817 0 0 2 0 0
2818 0 0 2 0 0
2819 0 0 2 0 0
2820 0 0 2 0 0
2821 0 0 2 0 0
2822 0 0 2 0 0
2823 0 0 2 0 0
2824 0 0 2 0 0
2825 0 0 2 0 0
2826 0 0 2 0 0
2827 0 0 2 0 0
2828 0 0 2 0 0
2829 0 0 2 0 0
2830 0 0 2 0 0
2831 0 0 2 0 0
2832 0 0 2 0 0
2833 0 0 2 0 0
2834 0 0 2 0 0
2835 0 0 2 0 0
2836 0 0 2 0 0
2837 0 0 2 0 0
2838 0 0 2 0 0
2839 0 0 2 0 0
2840 0 0 2 0 0
2841 0 0 2 0 0
2842 0 0 2 0 0
2843 0 0 2 0 0
2844 0 0 2 0 0
2845 0 0 2 0 0
2846 0 0 2 0 0
2847 0 0 2 0 0
2848 0 0 2 0 0
2849 0 0 2 0 0
2850 0 0 2 0 0
2851 0 0 2 0 0
2852 0 0 2 0 0
2853 0 0 2 0 0
2854 0 0 2 0 0
2855 0 0 2 0 0
2856 0 0 2 0 0
2857 0 0 2 0 0
2858 0 0 2 0 0
2859 0 0 2 0 0
2860 0 0 2 0 0
2861 0 0 2 0 0
2862 0 0 2 0 0
2863 0 0 2 0 0
2864 0 0 2 0 0
2865 0 0 2 0 0
2866 0 0 2 0 0
2867 0 0 2 0 0
2868 0 0 2 0 0
2869 0 0 2 0 0
2870 0 0 2 0 0
2871 0 0 2 0 0
2872 0 0 2 0 0
2873 0 0 2 0 0
2874 0 0 2 0 0
2875 0 0 2 0 0
2876 0 0 2 0 0
2877 0 0 2 0 0
2878 0 0 2 0 0
2879 0 0 2 0 0
2880 0 0 2 0 1
2881 0 0 2 0 1
2882 0 0 2 0 1
2883 0 0 2 0 1
2884 0 0 2 0 1
2885 0 0 2 0 1
2886 0 0 2 0 1
2887 0 0 2 0 1
2888 0 0 2 0 1
2889 0 0 2 0 1
2890 0 0 2 0 1
2891 0 0 2 0 1
2892 0 0 2 0 1
2893 0 0 2 0 1
2894 0 0 2 0 1
2895 0 0 2 0 1
2896 0 0 2 0 1
2897 0 0 2 0 1
2898 0 0 2 0 1
2899 0 0 2 0 1
2900 0 0 2 0 1
2901 0 0 2 0 1
2902 0 0 2 0 1
2903 0 0 2 0 1
2904 0 0 2 0 1
2905 0 0 2 0 1
2906 0 0 2 0 1
2907 0 0 2 0 1
2908 0 0 2 0 1
2909 0 0 2 0 1
2910 0 0 2 0 2
2911 0 0 2 0 2
2912 0 0 2 0 2
2913 0 0 2 0 2
2914 0 0 2 0 2
2915 0 0 2 0 2
2916 0 0 2 0 2
2917 0 0 2 0 2
2918 0 0 2 0 2
2919 0 0 2 0 2
2920 0 0 2 0 2
2921 0 0 2 0 2
2922 0 0 2 0 2
2923 0 0 2 0 2
2924 0 0 2 0 2
2925 0 0 2 0 2
2926 0 0 2 0 2
2927 0 0 2 0 2
2928 0 0 2 0 2
2929 0 0 2 0 2
2930 0 0 2 0 2
2931 0 0 2 0 2
2932 0 0 2 0 2
2933 0 0 2 0 2
2934 0 0 2 0 2
2935 0 0 2 0 2
2936 0 0 2 0 2
2937 0 0 2 0 2
2938 0 0 2 0 2
2939 0 0 2 0 2
2940 0 0 2 0 2
2941 0 0 2 0 2
2942 0 0 2 0 2
2943 0 0 2 0 2
2944 0 0 2 0 2
2945 0 0 2 0 2
2946 0 0 2 0 2
2947 0 0 2 0 2
2948 0 0 2 0 2
2949 0 0 2 0 2
2950 0 0 2 0 2
2951 0 0 2 0 2
2952 0 0 2 0 2
2953 0 0 2 0 2
2954 0 0 2 0 2
2955 0 0 2 0 2
2956 0 0 2 0 2
2957 0 0 2 0 2
2958 0 0 2 0 2
2959 0 0 2 0 2
2960 0 0 2 0 2
2961 0 0 2 0 2
2962 0 0 2 0 2
2963 0 0 2 0 2
2964 0 0 2 0 2
2965 0 0 2 0 2
2966 0 0 2 0 2
2967 0 0 2 0 2
2968 0 0 2 0 2
2969 0 0 2 0 2
2970 0 0 2 0 2
2971 0 0 2 0 2
2972 0 0 2 0 2
2973 0 0 2 0 2
2974 0 0 2 0 2
2975 0 0 2 0 2
2976 0 0 2 0 2
2977 0 0 2 0 2
2978 0 0 2 0 2
2979 0 0 2 0 2
2980 0 0 2 0 2
2981 0 0 2 0 2
2982 0 0 2 0 2
2983 0 0 2 0 2
2984 0 0 2 0 2
2985 0 0 2 0 2
2986 0 0 2 0 2
2987 0 0 2 0 2
2988 0 0 2 0 2
2989 0 0 2 0 2
2990 0 0 2 0 2
2991 0 0 2 0 2
2992 0 0 2 0 2
2993 0 0 2 0 2
2994 0 0 2 0 2
2995 0 0 2 0 2
2996 0 0 2 0 2
2997 0 0 2 0 2
2998 0 0 2 0 2
2999 0 0 2 0 2
3000 0 0 2 0 2
3001 0 0 2 0 2
3002 0 0 2 0 2
3003 0 0 2 0 2
3004 0 0 2 0 2
3005 0 0 2 0 2
3006 0 0 2 0 2
3007 0 0 2 0 2
3008 0 0 2 0 2
3009 0 0 2 0 2
3010 0 0 2 0 2
3011 0 0 2 0 2
3012 0 0 2 0 2
3013 0 0 2 0 2
3014 0 0 2 0 2
3015 0 0 2 0 2
3016 0 0 2 0 2
3017 0 0 2 0 2
3018 0 0 2 0 2
3019 0 0 2 0 2
3020 0 0 2 0 2
3021 0 0 2 0 2
3022 0 0 2 0 2
3023 0 0 2 0 2
3024 0 0 2 0 2
3025 0 0 2 0 2
3026 0 0 2 0 2
3027 0 0 2 0 2
3028 0 0 2 0 2
3029 0 0 2 0 2
3030 0 0 2 0 2
3031 0 0 2 0 2
3032 0 0 2 0 2
3033 0 0 2 0 2
3034 0 0 2 0 2
3035 0 0 2 0 2
3036 0 0 2 0 2
3037 0 0 2 0 2
3038 0 0 2 0 2
3039 0 2 2 0 2
3040 0 2 2 0 2
3041 0 2 2 0 2
3042 0 2 2 0 2
3043 0 2 2 0 2
3044 0 2 2 0 2
3045 0 2 2 0 2
3046 0 2 2 0 2
3047 0 2 2 0 2
3048 0 2 2 0 2
3049 0 2 2 0 2
3050 0 0 2 0 2
3051 0 0 2 0 2
3052 0 0 2 0 2
3053 0 0 2 0 2
3054 2 0 2 0 2
3055 2 0 2 0 2
3056 2 0 2 0 2
3057 2 0 2 0 2
3058 2 0 2 0 2
3059 2 0 2 0 2
3060 2 0 2 0 2
3061 2 0 2 0 2
3062 2 0 2 0 2
3063 2 0 2 0 2
3064 2 0 2 0 2
3065 2 0 2 0 2
3066 2 0 2 0 2
3067 2 0 2 0 2
3068 2 0 2 0 2
3069 2 0 2 0 2
3070 2 0 2 0 2
3071 2 0 2 0 2
3072 2 0 2 0 2
3073 2 0 2 0 2
3074 2 0 2 0 2
3075 2 0 2 0 2
3076 2 0 2 0 2
3077 2 0 2 0 2
3078 2 0 2 0 2
3079 2 0 2 0 2
3080 2 0 0 0 2
3081 2 0 0 0 2
3082 2 0 0 0 2
3083 2 0 0 0 2
3084 2 0 0 0 2
3085 2 0 0 0 2
3086 2 0 0 0 2
3087 2 0 0 0 2
3088 2 0 0 0 2
3089 2 0 0 0 2
3090 2 0 0 0 2
3091 2 0 0 0 2
3092 2 0 0 0 2
3093 2 0 0 0 2
3094 2 0 0 0 2
3095 2 0 0 0 2
3096 2 0 0 0 2
3097 2 0 0 0 2
3098 2 0 0 0 2
3099 2 0 0 0 2
3100 2 0 0 0 2
3101 2 0 0 0 2
3102 2 0 0 0 2
3103 2 0 0 0 2
3104 2 0 0 0 2
3105 2 0 0 0 2
3106 2 0 0 0 2
3107 2 0 0 0 2
3108 2 0 0 0 2
3109 2 0 0 0 2
3110 2 0 0 0 0
3111 2 0 0 0 0
3112 2 0 0 0 0
3113 2 0 0 0 0
3114 2 0 0 0 0
3115 2 0 0 0 0
3116 2 0 0 0 0
3117 2 0 0 0 0
3118 2 0 0 0 0
3119 2 0 0 0 0
3120 2 0 0 0 0
3121 2 0 0 0 0
3122 2 0 0 0 0
3123 2 0 0 0 0
3124 2 0 0 0 0
3125 2 0 0 0 0
3126 2 0 0 0 0
3127 2 0 0 0 0
3128 2 0 0 0 0
3129 2 0 0 0 0
3130 2 0 0 0 0
3131 2 0 0 0 0
3132 2 0 0 0 0
3133 2 0 0 0 0
3134 2 0 0 0 0
