0 0 0 0 0 0
1 0 0 0 0 0
2 0 0 0 0 0
3 0 0 0 0 0
4 0 0 0 0 0
5 0 0 0 0 0
6 0 0 0 0 0
7 0 0 0 0 0
8 0 0 0 0 0
9 0 0 0 0 0
10 0 0 0 0 0
11 0 0 0 0 0
12 0 0 0 0 0
13 0 0 0 0 0
14 0 0 0 0 0
15 0 0 0 0 0
16 0 0 0 0 0
17 0 0 0 0 0
18 0 0 0 0 0
19 0 0 0 0 0
20 0 0 0 0 0
21 0 0 0 0 0
22 0 0 0 0 0
23 0 0 0 0 0
24 0 0 0 0 0
25 0 0 0 0 0
26 0 0 0 0 0
27 0 0 0 0 0
28 0 0 0 0 0
29 0 0 0 0 0
30 0 0 0 0 0
31 0 0 0 0 0
32 0 0 0 0 0
33 0 0 0 0 0
34 0 0 0 0 0
35 0 0 0 0 0
36 0 0 0 0 0
37 0 0 0 0 0
38 0 0 0 0 0
39 0 0 0 0 0
40 0 0 0 0 0
41 0 0 0 0 0
42 0 0 0 0 0
43 0 0 0 0 0
44 0 0 0 0 0
45 0 0 0 0 0
46 0 0 0 0 0
47 0 0 0 0 0
48 0 0 0 0 0
49 0 0 0 0 0
50 0 0 0 0 0
51 0 0 0 0 0
52 0 0 0 0 0
53 0 0 0 0 0
54 0 0 0 0 0
55 0 0 0 0 0
56 0 0 0 0 0
57 0 0 0 0 0
58 0 0 0 0 0
59 0 0 0 0 0
60 0 0 0 0 0
61 0 0 0 0 0
62 0 0 0 0 0
63 0 0 0 0 0
64 0 0 0 0 0
65 0 0 0 0 0
66 0 0 0 0 0
67 0 0 0 0 0
68 0 0 0 0 0
69 0 0 0 0 0
70 0 0 0 0 0
71 0 0 0 0 0
72 0 0 0 0 0
73 0 0 0 0 0
74 0 0 0 0 0
75 0 0 0 0 0
76 0 0 0 0 0
77 0 0 0 0 0
78 0 0 0 0 0
79 0 0 0 0 0
80 0 0 0 0 0
81 0 0 0 0 0
82 0 0 0 0 0
83 0 0 0 0 0
84 0 0 0 0 0
85 0 0 0 0 0
86 0 0 0 0 0
87 0 0 0 0 0
88 0 0 0 0 0
89 0 0 0 0 0
90 0 0 0 0 0
91 0 0 0 0 0
92 0 0 0 0 0
93 0 0 0 0 0
94 0 0 0 0 0
95 0 0 0 0 0
96 0 0 0 0 0
97 0 0 0 0 0
98 0 0 0 0 0
99 0 0 0 0 0
100 0 0 2 0 0
101 0 0 2 0 0
102 0 0 2 0 0
103 0 0 2 0 0
104 0 0 2 0 0
105 0 0 2 0 0
106 0 0 2 0 0
107 0 0 2 0 0
108 0 0 2 0 0
109 0 0 2 0 0
110 0 0 2 0 0
111 0 0 2 0 0
112 0 0 2 0 0
113 0 0 2 0 0
114 0 0 2 0 0
115 0 0 2 0 0
116 0 0 2 0 0
117 0 0 2 0 0
118 0 0 2 0 0
119 0 0 2 0 0
120 0 0 2 0 0
121 0 0 2 0 0
122 0 0 2 0 0
123 0 0 2 0 0
124 0 0 2 0 0
125 0 0 2 0 0
126 0 0 2 0 0
127 0 0 2 0 0
128 0 0 2 0 0
129 0 0 2 0 0
130 0 0 2 0 0
131 0 0 2 0 0
132 0 0 2 0 0
133 0 0 2 0 0
134 0 0 2 0 0
135 0 0 2 0 0
136 0 0 2 0 0
137 0 0 2 0 0
138 0 0 2 0 0
139 0 0 2 0 0
140 0 0 2 0 0
141 0 0 2 0 0
142 0 0 2 0 0
143 0 0 2 0 0
144 0 0 2 0 0
145 0 0 2 0 0
146 0 0 2 0 0
147 0 0 2 0 0
148 0 0 2 0 0
149 0 0 2 0 0
150 0 0 2 0 0
151 0 0 2 0 0
152 0 0 2 0 0
153 0 0 2 0 0
154 0 0 2 0 0
155 0 0 2 0 0
156 0 0 2 0 0
157 0 0 2 0 0
158 0 0 2 0 0
159 0 0 2 0 0
160 0 0 2 0 0
161 0 0 2 0 0
162 0 0 2 0 0
163 0 0 2 0 0
164 0 0 2 0 0
165 0 0 2 0 0
166 0 0 2 0 0
167 0 0 2 0 0
168 0 0 2 0 0
169 0 0 2 0 0
170 0 0 2 0 0
171 0 0 2 0 0
172 0 0 2 0 0
173 0 0 2 0 0
174 0 0 2 0 0
175 0 0 2 0 0
176 0 0 2 0 0
177 0 0 2 0 0
178 0 0 2 0 0
179 0 0 2 0 0
180 0 0 2 0 0
181 0 0 2 0 0
182 0 0 2 0 0
183 0 0 2 0 0
184 0 0 2 0 0
185 0 0 2 0 0
186 0 0 2 0 0
187 0 0 2 0 0
188 0 0 2 0 0
189 0 0 2 0 0
190 0 0 2 0 0
191 0 0 2 0 0
192 0 0 2 0 0
193 0 0 2 0 0
194 0 0 2 0 0
195 0 0 2 0 0
196 0 0 2 0 0
197 0 0 2 0 0
198 0 0 2 0 0
199 0 0 2 0 0
200 0 0 2 0 0
201 0 0 2 0 0
202 0 0 2 0 0
203 0 0 2 0 0
204 0 0 2 0 0
205 0 0 2 0 0
206 0 0 2 0 0
207 0 0 2 0 0
208 0 0 2 0 0
209 0 0 2 0 0
210 0 2 2 0 0
211 0 2 2 0 0
212 0 2 2 0 0
213 0 2 2 0 0
214 0 2 2 0 0
215 0 2 2 0 0
216 0 2 2 0 0
217 0 2 2 0 0
218 0 2 2 0 0
219 0 2 2 0 0
220 0 2 2 0 0
221 0 2 2 0 0
222 0 2 2 0 0
223 0 2 2 0 0
224 0 2 2 0 0
225 0 2 2 0 0
226 0 2 2 0 0
227 0 2 2 0 0
228 0 2 2 0 0
229 0 2 2 0 0
230 2 0 2 0 0
231 2 0 2 0 0
232 2 0 2 0 0
233 2 0 2 0 0
234 2 0 2 0 0
235 2 0 2 0 0
236 2 0 2 0 0
237 2 0 2 0 0
238 2 0 2 0 0
239 2 0 2 0 0
240 2 0 0 0 0
241 2 0 0 0 0
242 2 0 0 0 0
243 2 0 0 0 0
244 2 0 0 0 0
245 2 0 0 0 0
246 2 0 0 0 0
247 2 0 0 0 0
248 2 0 0 0 0
249 2 0 0 0 0
250 2 0 0 0 0
251 2 0 0 0 0
252 2 0 0 0 0
253 2 0 0 0 0
254 2 0 0 0 0
255 2 0 0 0 0
256 2 0 0 0 0
257 2 0 0 0 0
258 2 0 0 0 0
259 2 0 0 0 0
260 2 0 0 0 0
261 2 0 0 0 0
262 2 0 0 0 0
263 2 0 0 0 0
264 2 0 0 0 0
265 2 0 0 0 0
266 2 0 0 0 0
267 2 0 0 0 0
268 2 0 0 0 0
269 2 0 0 0 0
270 2 0 0 0 0
271 2 0 0 0 0
272 2 0 0 0 0
273 2 0 0 0 0
274 2 0 0 0 0
275 2 0 0 0 0
276 2 0 0 0 0
277 2 0 0 0 0
278 2 0 0 0 0
279 2 0 0 0 0
280 2 0 0 0 0
281 2 0 0 0 0
282 2 0 0 0 0
283 2 0 0 0 0
284 2 0 0 0 0
285 2 0 0 0 0
286 2 0 0 0 0
287 2 0 0 0 0
288 2 0 0 0 0
289 2 0 0 0 0
290 2 0 0 0 0
291 2 0 0 0 0
292 2 0 0 0 0
293 2 0 0 0 0
294 2 0 0 0 0
295 2 0 0 0 0
296 2 0 0 0 0
297 2 0 0 0 0
298 2 0 0 0 0
299 2 0 0 0 0
300 2 0 0 0 0
301 2 0 0 0 0
302 2 0 0 0 0
303 2 0 0 0 0
304 2 0 0 0 0
305 2 0 0 0 0
306 2 0 0 0 0
307 2 0 0 0 0
308 2 0 0 0 0
309 2 0 0 0 0
310 2 0 0 0 0
311 2 0 0 0 0
312 2 0 0 0 0
313 2 0 0 0 0
314 2 0 0 0 0
315 2 0 0 0 0
316 2 0 0 0 0
317 2 0 0 0 0
318 2 0 0 0 0
319 2 0 0 0 0
320 2 0 0 0 0
321 2 0 0 0 0
322 2 0 0 0 0
323 2 0 0 0 0
324 2 0 0 0 0
325 2 0 0 0 0
326 2 0 0 0 0
327 2 0 0 0 0
328 2 0 0 0 0
329 2 0 0 0 0
330 2 0 0 2 0
331 2 0 0 2 0
332 2 0 0 2 0
333 2 0 0 2 0
334 2 0 0 2 0
335 2 0 0 2 0
336 2 0 0 2 0
337 2 0 0 2 0
338 2 0 0 2 0
339 2 0 0 2 0
340 2 0 0 2 0
341 2 0 0 2 0
342 2 0 0 2 0
343 2 0 0 2 0
344 2 0 0 2 0
345 2 0 0 2 0
346 2 0 0 2 0
347 2 0 0 2 0
348 2 0 0 2 0
349 2 0 0 2 0
350 2 0 0 0 0
351 2 0 0 0 0
352 2 0 0 0 0
353 2 0 0 0 0
354 2 0 0 0 0
355 2 0 0 0 0
356 2 0 0 0 0
357 2 0 0 0 0
358 2 0 0 0 0
359 2 0 0 0 0
360 2 0 2 0 0
361 2 0 2 0 0
362 2 0 2 0 0
363 2 0 2 0 0
364 2 0 2 0 0
365 2 0 2 0 0
366 2 0 2 0 0
367 2 0 2 0 0
368 2 0 2 0 0
369 2 0 2 0 0
370 0 0 2 0 0
371 0 0 2 0 0
372 0 0 2 0 0
373 0 0 2 0 0
374 0 0 2 0 0
375 0 0 2 0 0
376 0 0 2 0 0
377 0 0 2 0 0
378 0 0 2 0 0
379 0 0 2 0 0
380 0 0 2 0 0
381 0 0 2 0 0
382 0 0 2 0 0
383 0 0 2 0 0
384 0 0 2 0 0
385 0 0 2 0 0
386 0 0 2 0 0
387 0 0 2 0 0
388 0 0 2 0 0
389 0 0 2 0 0
390 0 0 2 0 0
391 0 0 2 0 0
392 0 0 2 0 0
393 0 0 2 0 0
394 0 0 2 0 0
395 0 0 2 0 0
396 0 0 2 0 0
397 0 0 2 0 0
398 0 0 2 0 0
399 0 0 2 0 0
400 0 0 2 0 0
401 0 0 2 0 0
402 0 0 2 0 0
403 0 0 2 0 0
404 0 0 2 0 0
405 0 0 2 0 0
406 0 0 2 0 0
407 0 0 2 0 0
408 0 0 2 0 0
409 0 0 2 0 0
410 0 0 2 0 0
411 0 0 2 0 0
412 0 0 2 0 0
413 0 0 2 0 0
414 0 0 2 0 0
415 0 0 2 0 0
416 0 0 2 0 0
417 0 0 2 0 0
418 0 0 2 0 0
419 0 0 2 0 0
420 0 0 2 0 0
421 0 0 2 0 0
422 0 0 2 0 0
423 0 0 2 0 0
424 0 0 2 0 0
425 0 0 2 0 0
426 0 0 2 0 0
427 0 0 2 0 0
428 0 0 2 0 0
429 0 0 2 0 0
430 0 0 2 0 1
431 0 0 2 0 1
432 0 0 2 0 1
433 0 0 2 0 1
434 0 0 2 0 1
435 0 0 2 0 1
436 0 0 2 0 1
437 0 0 2 0 1
438 0 0 2 0 1
439 0 0 2 0 1
440 0 0 2 0 1
441 0 0 2 0 1
442 0 0 2 0 1
443 0 0 2 0 1
444 0 0 2 0 1
445 0 0 2 0 1
446 0 0 2 0 1
447 0 0 2 0 1
448 0 0 2 0 1
449 0 0 2 0 1
450 0 0 2 0 1
451 0 0 2 0 1
452 0 0 2 0 1
453 0 0 2 0 1
454 0 0 2 0 1
455 0 0 2 0 1
456 0 0 2 0 1
457 0 0 2 0 1
458 0 0 2 0 1
459 0 0 2 0 1
460 0 0 2 0 1
461 0 0 2 0 1
462 0 0 2 0 1
463 0 0 2 0 1
464 0 0 2 0 1
465 0 0 2 0 1
466 0 0 2 0 1
467 0 0 2 0 1
468 0 0 2 0 1
469 0 0 2 0 1
470 0 0 2 0 2
471 0 0 2 0 2
472 0 0 2 0 2
473 0 0 2 0 2
474 0 0 2 0 2
475 0 0 2 0 2
476 0 0 2 0 2
477 0 0 2 0 2
478 0 0 2 0 2
479 0 0 2 0 2
480 0 0 2 0 2
481 0 0 2 0 2
482 0 0 2 0 2
483 0 0 2 0 2
484 0 0 2 0 2
485 0 0 2 0 2
486 0 0 2 0 2
487 0 0 2 0 2
488 0 0 2 0 2
489 0 0 2 0 2
490 0 0 2 0 2
491 0 0 2 0 2
492 0 0 2 0 2
493 0 0 2 0 2
494 0 0 2 0 2
495 0 0 2 0 2
496 0 0 2 0 2
497 0 0 2 0 2
498 0 0 2 0 2
499 0 0 2 0 2
500 0 0 2 0 2
501 0 0 2 0 2
502 0 0 2 0 2
503 0 0 2 0 2
504 0 0 2 0 2
505 0 0 2 0 2
506 0 0 2 0 2
507 0 0 2 0 2
508 0 0 2 0 2
509 0 0 2 0 2
510 0 0 2 0 2
511 0 0 2 0 2
512 0 0 2 0 2
513 0 0 2 0 2
514 0 0 2 0 2
515 0 0 2 0 2
516 0 0 2 0 2
517 0 0 2 0 2
518 0 0 2 0 2
519 0 0 2 0 2
520 0 0 2 0 2
521 0 0 2 0 2
522 0 0 2 0 2
523 0 0 2 0 2
524 0 0 2 0 2
525 0 0 2 0 2
526 0 0 2 0 2
527 0 0 2 0 2
528 0 0 2 0 2
529 0 0 2 0 2
530 0 0 2 0 2
531 0 0 2 0 2
532 0 0 2 0 2
533 0 0 2 0 2
534 0 0 2 0 2
535 0 0 2 0 2
536 0 0 2 0 2
537 0 0 2 0 2
538 0 0 2 0 2
539 0 0 2 0 2
540 0 0 2 0 2
541 0 0 2 0 2
542 0 0 2 0 2
543 0 0 2 0 2
544 0 0 2 0 2
545 0 0 2 0 2
546 0 0 2 0 2
547 0 0 2 0 2
548 0 0 2 0 2
549 0 0 2 0 2
550 0 0 2 0 2
551 0 0 2 0 2
552 0 0 2 0 2
553 0 0 2 0 2
554 0 2 2 0 2
555 0 2 2 0 2
556 0 2 2 0 2
557 0 2 2 0 2
558 0 2 2 0 2
559 0 2 2 0 2
560 2 0 2 0 2
561 2 0 2 0 2
562 2 0 2 0 2
563 2 0 2 0 2
564 2 0 2 0 2
565 2 0 2 0 2
566 2 0 2 0 2
567 2 0 2 0 2
568 2 0 2 0 2
569 2 0 2 0 2
570 2 0 0 2 2
571 2 0 0 2 2
572 2 0 0 2 2
573 2 0 0 2 2
574 2 0 0 2 2
575 2 0 0 2 2
576 2 0 0 2 2
577 2 0 0 2 2
578 2 0 0 2 2
579 2 0 0 2 2
580 2 0 0 0 2
581 2 0 0 0 2
582 2 0 0 0 2
583 2 0 0 0 2
584 2 0 0 0 2
585 2 0 0 0 2
586 2 0 0 0 2
587 2 0 0 0 2
588 2 0 0 0 2
589 2 0 0 0 2
590 2 0 0 0 2
591 2 0 0 0 2
592 2 0 0 0 2
593 2 0 0 0 2
594 2 0 0 0 2
595 2 0 0 0 2
596 2 0 0 0 2
597 2 0 0 0 2
598 2 0 0 0 2
599 2 0 0 0 2
600 2 0 0 0 2
601 2 0 0 0 2
602 2 0 0 0 2
603 2 0 0 0 2
604 2 0 0 0 2
605 2 0 0 0 2
606 2 0 0 0 2
607 2 0 0 0 2
608 2 0 0 0 2
609 2 0 0 0 2
610 2 0 0 0 2
611 2 0 0 0 2
612 2 0 0 0 2
613 2 0 0 0 2
614 2 0 0 0 0
615 2 0 0 0 0
616 2 0 0 0 0
617 2 0 0 0 0
618 2 0 0 0 0
619 2 0 0 0 0
620 2 0 0 0 0
621 2 0 0 0 0
622 2 0 0 0 0
623 2 0 0 0 0
624 2 0 0 0 0
625 2 0 0 0 0
626 2 0 0 0 0
627 2 0 0 0 0
628 2 0 0 0 0
629 2 0 0 0 0
630 2 0 0 0 0
631 2 0 0 0 0
632 2 0 0 0 0
633 2 0 0 0 0
634 2 0 0 0 0
635 2 0 0 0 0
636 2 0 0 0 0
637 2 0 0 0 0
638 2 0 0 0 0
639 2 0 0 0 0
640 2 0 0 0 0
641 2 0 0 0 0
642 2 0 0 0 0
643 2 0 0 0 0
644 2 0 0 0 0
645 2 0 0 0 0
646 2 0 0 0 0
647 2 0 0 0 0
648 2 0 0 0 0
649 2 0 0 0 0
650 2 0 0 0 0
651 2 0 0 0 0
652 2 0 0 0 0
653 2 0 0 0 0
654 2 0 0 0 0
655 2 0 0 0 0
656 2 0 0 0 0
657 2 0 0 0 0
658 2 0 0 0 0
659 2 0 0 0 0
660 2 0 0 0 0
661 2 0 0 0 0
662 2 0 0 0 0
663 2 0 0 0 0
664 2 0 0 0 0
665 2 0 0 0 0
666 2 0 0 0 0
667 2 0 0 0 0
668 2 0 0 0 0
669 2 0 0 0 0
670 2 0 0 0 0
671 2 0 0 0 0
672 2 0 0 0 0
673 2 0 0 0 0
674 2 0 0 0 0
675 2 0 0 0 0
676 2 0 0 0 0
677 2 0 0 0 0
678 2 0 0 0 0
679 2 0 0 0 0
680 2 0 0 0 0
681 2 0 0 0 0
682 2 0 0 0 0
683 2 0 0 0 0
684 2 0 0 0 0
685 2 0 0 0 0
686 2 0 0 0 0
687 2 0 0 0 0
688 2 0 0 0 0
689 2 0 0 0 0
690 2 0 0 2 0
691 2 0 0 2 0
692 2 0 0 2 0
693 2 0 0 2 0
694 2 0 0 2 0
695 2 0 0 2 0
696 2 0 0 2 0
697 2 0 0 2 0
698 2 0 0 2 0
699 2 0 0 0 0
700 2 0 2 0 0
701 2 0 2 0 0
702 2 0 2 0 0
703 2 0 2 0 0
704 2 0 2 0 0
705 2 0 2 0 0
706 2 0 2 0 0
707 2 0 2 0 0
708 2 0 2 0 0
709 2 0 2 0 0
710 0 0 2 0 0
711 0 0 2 0 0
712 0 0 2 0 0
713 0 0 2 0 0
714 0 0 2 0 0
715 0 0 2 0 0
716 0 0 2 0 0
717 0 0 2 0 0
718 0 0 2 0 0
719 0 0 2 0 0
720 0 0 2 0 0
721 0 0 2 0 0
722 0 0 2 0 0
723 0 0 2 0 0
724 0 0 2 0 0
725 0 0 2 0 0
726 0 0 2 0 0
727 0 0 2 0 0
728 0 0 2 0 0
729 0 0 2 0 0
730 0 0 2 0 0
731 0 0 2 0 0
732 0 0 2 0 0
733 0 0 2 0 0
734 0 0 2 0 0
735 0 0 2 0 0
736 0 0 2 0 0
737 0 0 2 0 0
738 0 0 2 0 0
739 0 0 2 0 0
740 0 0 2 0 0
741 0 0 2 0 0
742 0 0 2 0 0
743 0 0 2 0 0
744 0 0 2 0 0
745 0 0 2 0 0
746 0 0 2 0 0
747 0 0 2 0 0
748 0 0 2 0 0
749 0 0 2 0 0
750 0 0 2 0 0
751 0 0 2 0 0
752 0 0 2 0 0
753 0 0 2 0 0
754 0 0 2 0 0
755 0 0 2 0 0
756 0 0 2 0 0
757 0 0 2 0 0
758 0 0 2 0 0
759 0 0 2 0 0
760 0 0 2 0 0
761 0 0 2 0 0
762 0 0 2 0 0
763 0 0 2 0 0
764 0 0 2 0 0
765 0 0 2 0 0
766 0 0 2 0 0
767 0 0 2 0 0
768 0 0 2 0 0
769 0 0 2 0 0
770 0 0 2 0 0
771 0 0 2 0 0
772 0 0 2 0 0
773 0 0 2 0 0
774 0 0 2 0 0
775 0 0 2 0 0
776 0 0 2 0 0
777 0 0 2 0 0
778 0 0 2 0 0
779 0 0 2 0 0
780 0 0 2 0 0
781 0 0 2 0 0
782 0 0 2 0 0
783 0 0 2 0 0
784 0 0 2 0 0
785 0 0 2 0 0
786 0 0 2 0 0
787 0 0 2 0 0
788 0 0 2 0 0
789 0 0 2 0 0
790 0 0 2 0 0
791 0 0 2 0 0
792 0 0 2 0 0
793 0 0 2 0 0
794 0 0 2 0 0
795 0 0 2 0 0
796 0 0 2 0 0
797 0 0 2 0 0
798 0 0 2 0 0
799 0 0 2 0 0
800 0 5 2 0 0
801 0 5 2 0 0
802 0 5 2 0 0
803 0 5 2 0 0
804 0 5 2 0 0
805 0 5 2 0 0
806 0 5 2 0 0
807 0 5 2 0 0
808 0 5 2 0 0
809 0 5 2 0 0
810 0 5 2 0 0
811 0 5 2 0 0
812 0 5 2 0 0
813 0 5 2 0 0
814 0 5 2 0 0
815 0 5 2 0 0
816 0 5 2 0 0
817 0 5 2 0 0
818 0 5 2 0 0
819 0 5 2 0 0
820 0 5 2 0 0
821 0 5 2 0 0
822 0 5 2 0 0
823 0 5 2 0 0
824 0 5 2 0 0
825 0 5 2 0 0
826 0 5 2 0 0
827 0 5 2 0 0
828 0 5 2 0 0
829 0 5 2 0 0
830 0 5 2 0 0
831 0 5 2 0 0
832 0 5 2 0 0
833 0 5 2 0 0
834 0 5 2 0 0
835 0 5 2 0 0
836 0 5 2 0 0
837 0 5 2 0 0
838 0 5 2 0 0
839 0 5 2 0 0
840 0 5 2 0 0
841 0 5 2 0 0
842 0 5 2 0 0
843 0 5 2 0 0
844 0 5 2 0 0
845 0 5 2 0 0
846 0 5 2 0 0
847 0 5 2 0 0
848 0 5 2 0 0
849 0 5 2 0 0
850 0 5 2 0 0
851 0 5 2 0 0
852 0 5 2 0 0
853 0 5 2 0 0
854 0 5 2 0 0
855 0 5 2 0 0
856 0 5 2 0 0
857 0 5 2 0 0
858 0 5 2 0 0
859 0 5 2 0 0
860 0 5 2 0 0
861 0 5 2 0 0
862 0 5 2 0 0
863 0 5 2 0 0
864 0 5 2 0 0
865 0 5 2 0 0
866 0 5 2 0 0
867 0 5 2 0 0
868 0 5 2 0 0
869 0 5 2 0 0
870 0 5 2 0 0
871 0 5 2 0 0
872 0 5 2 0 0
873 0 5 2 0 0
874 0 5 2 0 0
875 0 5 2 0 0
876 0 5 2 0 0
877 0 5 2 0 0
878 0 5 2 0 0
879 0 5 2 0 0
880 0 5 2 0 0
881 0 5 2 0 0
882 0 5 2 0 0
883 0 5 2 0 0
884 0 5 2 0 0
885 0 5 2 0 0
886 0 5 2 0 0
887 0 5 2 0 0
888 0 5 2 0 0
889 0 5 2 0 0
890 0 5 2 0 0
891 0 5 2 0 0
892 0 5 2 0 0
893 0 5 2 0 0
894 0 5 2 0 0
895 0 5 2 0 0
896 0 5 2 0 0
897 0 5 2 0 0
898 0 5 2 0 0
899 0 5 2 0 0
900 0 5 2 0 0
901 0 5 2 0 0
902 0 5 2 0 0
903 0 5 2 0 0
904 0 5 2 0 0
905 0 5 2 0 0
906 0 5 2 0 0
907 0 5 2 0 0
908 0 5 2 0 0
909 0 5 2 0 0
910 0 5 2 0 0
911 0 5 2 0 0
912 0 5 2 0 0
913 0 5 2 0 0
914 0 5 2 0 0
915 0 5 2 0 0
916 0 5 2 0 0
917 0 5 2 0 0
918 0 5 2 0 0
919 0 5 2 0 0
920 0 5 2 0 0
921 0 5 2 0 0
922 0 5 2 0 0
923 0 5 2 0 0
924 0 5 2 0 0
925 0 5 2 0 0
926 0 5 2 0 0
927 0 5 2 0 0
928 0 5 2 0 0
929 0 5 2 0 0
930 0 5 2 0 0
931 0 5 2 0 0
932 0 5 2 0 0
933 0 5 2 0 0
934 0 5 2 0 0
935 0 5 2 0 0
936 0 5 2 0 0
937 0 5 2 0 0
938 0 5 2 0 0
939 0 5 2 0 0
940 0 5 2 0 0
941 0 5 2 0 0
942 0 5 2 0 0
943 0 5 2 0 0
944 0 5 2 0 0
945 0 5 2 0 0
946 0 5 2 0 0
947 0 5 2 0 0
948 0 5 2 0 0
949 0 5 2 0 0
950 0 5 2 0 0
951 0 5 2 0 0
952 0 5 2 0 0
953 0 5 2 0 0
954 0 5 2 0 0
955 0 5 2 0 0
956 0 5 2 0 0
957 0 5 2 0 0
958 0 5 2 0 0
959 0 5 2 0 0
960 0 5 2 0 0
961 0 5 2 0 0
962 0 5 2 0 0
963 0 5 2 0 0
964 0 5 2 0 0
965 0 5 2 0 0
966 0 5 2 0 0
967 0 5 2 0 0
968 0 5 2 0 0
969 0 5 2 0 0
970 0 5 2 0 0
971 0 5 2 0 0
972 0 5 2 0 0
973 0 5 2 0 0
974 0 5 2 0 0
975 0 5 2 0 0
976 0 5 2 0 0
977 0 5 2 0 0
978 0 5 2 0 0
979 0 5 2 0 0
980 0 5 2 0 0
981 0 5 2 0 0
982 0 5 2 0 0
983 0 5 2 0 0
984 0 5 2 0 0
985 0 5 2 0 0
986 0 5 2 0 0
987 0 5 2 0 0
988 0 5 2 0 0
989 0 5 2 0 0
990 0 5 2 0 0
991 0 5 2 0 0
992 0 5 2 0 0
993 0 5 2 0 0
994 0 5 2 0 0
995 0 5 2 0 0
996 0 5 2 0 0
997 0 5 2 0 0
998 0 5 2 0 0
999 0 5 2 0 0
1000 0 5 2 0 0
1001 0 5 2 0 0
1002 0 5 2 0 0
1003 0 5 2 0 0
1004 0 5 2 0 0
1005 0 5 2 0 0
1006 0 5 2 0 0
1007 0 5 2 0 0
1008 0 5 2 0 0
1009 0 5 2 0 0
1010 0 5 2 0 0
1011 0 5 2 0 0
1012 0 5 2 0 0
1013 0 5 2 0 0
1014 0 5 2 0 0
1015 0 5 2 0 0
1016 0 5 2 0 0
1017 0 5 2 0 0
1018 0 5 2 0 0
1019 0 5 2 0 0
1020 0 5 2 0 0
1021 0 5 2 0 0
1022 0 5 2 0 0
1023 0 5 2 0 0
1024 0 5 2 0 0
1025 0 5 2 0 0
1026 0 5 2 0 0
1027 0 5 2 0 0
1028 0 5 2 0 0
1029 0 5 2 0 0
1030 0 5 2 0 0
1031 0 5 2 0 0
1032 0 5 2 0 0
1033 0 5 2 0 0
1034 0 5 2 0 0
1035 0 5 2 0 0
1036 0 5 2 0 0
1037 0 5 2 0 0
1038 0 5 2 0 0
1039 0 5 2 0 0
1040 0 5 2 0 0
1041 0 5 2 0 0
1042 0 5 2 0 0
1043 0 5 2 0 0
1044 0 5 2 0 0
1045 0 5 2 0 0
1046 0 5 2 0 0
1047 0 5 2 0 0
1048 0 5 2 0 0
1049 0 5 2 0 0
1050 0 5 2 0 1
1051 0 5 2 0 1
1052 0 5 2 0 1
1053 0 5 2 0 1
1054 0 5 2 0 1
1055 0 5 2 0 1
1056 0 5 2 0 1
1057 0 5 2 0 1
1058 0 5 2 0 1
1059 0 5 2 0 1
1060 0 5 2 0 1
1061 0 5 2 0 1
1062 0 5 2 0 1
1063 0 5 2 0 1
1064 0 5 2 0 1
1065 0 5 2 0 1
1066 0 5 2 0 1
1067 0 5 2 0 1
1068 0 5 2 0 1
1069 0 5 2 0 1
1070 0 5 2 0 1
1071 0 5 2 0 1
1072 0 5 2 0 1
1073 0 5 2 0 1
1074 0 5 2 0 1
1075 0 5 2 0 1
1076 0 5 2 0 1
1077 0 5 2 0 1
1078 0 5 2 0 1
1079 0 5 2 0 1
1080 0 5 2 0 1
1081 0 5 2 0 1
1082 0 5 2 0 1
1083 0 5 2 0 1
1084 0 5 2 0 1
1085 0 5 2 0 1
1086 0 5 2 0 1
1087 0 5 2 0 1
1088 0 5 2 0 1
1089 0 5 2 0 1
1090 0 5 2 0 1
1091 0 5 2 0 1
1092 0 5 2 0 1
1093 0 5 2 0 1
1094 0 5 2 0 1
1095 0 5 2 0 1
1096 0 5 2 0 1
1097 0 5 2 0 1
1098 0 5 2 0 1
1099 0 5 2 0 1
1100 0 5 2 0 1
1101 0 5 2 0 1
1102 0 5 2 0 1
1103 0 5 2 0 1
1104 0 5 2 0 1
1105 0 5 2 0 1
1106 0 5 2 0 1
1107 0 5 2 0 1
1108 0 5 2 0 1
1109 0 5 2 0 1
1110 0 5 2 0 1
1111 0 5 2 0 1
1112 0 5 2 0 1
1113 0 5 2 0 1
1114 0 5 2 0 1
1115 0 5 2 0 1
1116 0 5 2 0 1
1117 0 5 2 0 1
1118 0 5 2 0 1
1119 0 5 2 0 1
1120 0 5 2 0 1
1121 0 5 2 0 1
1122 0 5 2 0 1
1123 0 5 2 0 1
1124 0 5 2 0 1
1125 0 5 2 0 1
1126 0 5 2 0 1
1127 0 5 2 0 1
1128 0 5 2 0 1
1129 0 5 2 0 1
1130 0 5 2 0 1
1131 0 5 2 0 1
1132 0 5 2 0 1
1133 0 5 2 0 1
1134 0 5 2 0 1
1135 0 5 2 0 1
1136 0 5 2 0 1
1137 0 5 2 0 1
1138 0 5 2 0 1
1139 0 5 2 0 1
1140 0 5 2 0 1
1141 0 5 2 0 1
1142 0 5 2 0 1
1143 0 5 2 0 1
1144 0 5 2 0 1
1145 0 5 2 0 1
1146 0 5 2 0 1
1147 0 5 2 0 1
1148 0 5 2 0 1
1149 0 5 2 0 1
1150 0 5 2 0 1
1151 0 5 2 0 1
1152 0 5 2 0 1
1153 0 5 2 0 1
1154 0 5 2 0 1
1155 0 5 2 0 1
1156 0 5 2 0 1
1157 0 5 2 0 1
1158 0 5 2 0 1
1159 0 5 2 0 1
1160 0 5 2 0 1
1161 0 5 2 0 1
1162 0 5 2 0 1
1163 0 5 2 0 1
1164 0 5 2 0 1
1165 0 5 2 0 1
1166 0 5 2 0 1
1167 0 5 2 0 1
1168 0 5 2 0 1
1169 0 5 2 0 1
1170 0 5 2 0 0
1171 0 5 2 0 0
1172 0 5 2 0 0
1173 0 5 2 0 0
1174 0 5 2 0 0
1175 0 5 2 0 0
1176 0 5 2 0 0
1177 0 5 2 0 0
1178 0 5 2 0 0
1179 0 5 2 0 0
1180 0 5 2 0 0
1181 0 5 2 0 0
1182 0 5 2 0 0
1183 0 5 2 0 0
1184 0 5 2 0 0
1185 0 5 2 0 0
1186 0 5 2 0 0
1187 0 5 2 0 0
1188 0 5 2 0 0
1189 0 5 2 0 0
1190 0 5 2 0 0
1191 0 5 2 0 0
1192 0 5 2 0 0
1193 0 5 2 0 0
1194 0 5 2 0 0
1195 0 5 2 0 0
1196 0 5 2 0 0
1197 0 5 2 0 0
1198 0 5 2 0 0
1199 0 5 2 0 0
1200 0 5 2 0 0
1201 0 5 2 0 0
1202 0 5 2 0 0
1203 0 5 2 0 0
1204 0 5 2 0 0
1205 0 5 2 0 0
1206 0 5 2 0 0
1207 0 5 2 0 0
1208 0 5 2 0 0
1209 0 5 2 0 0
1210 0 5 2 0 0
1211 0 5 2 0 0
1212 0 5 2 0 0
1213 0 5 2 0 0
1214 0 5 2 0 0
1215 0 5 2 0 0
1216 0 5 2 0 0
1217 0 5 2 0 0
1218 0 5 2 0 0
1219 0 5 2 0 0
1220 0 5 2 0 0
1221 0 5 2 0 0
1222 0 5 2 0 0
1223 0 5 2 0 0
1224 0 5 2 0 0
1225 0 5 2 0 0
1226 0 5 2 0 0
1227 0 5 2 0 0
1228 0 5 2 0 0
1229 0 5 2 0 0
1230 0 5 2 0 0
1231 0 5 2 0 0
1232 0 5 2 0 0
1233 0 5 2 0 0
1234 0 5 2 0 0
1235 0 5 2 0 0
1236 0 5 2 0 0
1237 0 5 2 0 0
1238 0 5 2 0 0
1239 0 5 2 0 0
1240 0 5 2 0 0
1241 0 5 2 0 0
1242 0 5 2 0 0
1243 0 5 2 0 0
1244 0 5 2 0 0
1245 0 5 2 0 0
1246 0 5 2 0 0
1247 0 5 2 0 0
1248 0 5 2 0 0
1249 0 5 2 0 0
1250 0 0 2 0 0
1251 0 0 2 0 0
1252 0 0 2 0 0
1253 0 0 2 0 0
1254 0 0 2 0 0
1255 0 0 2 0 0
1256 0 0 2 0 0
1257 0 0 2 0 0
1258 0 0 2 0 0
1259 0 0 2 0 0
1260 0 0 2 0 0
1261 0 0 2 0 0
1262 0 0 2 0 0
1263 0 0 2 0 0
1264 0 0 2 0 0
1265 0 0 2 0 0
1266 0 0 2 0 0
1267 0 0 2 0 0
1268 0 0 2 0 0
1269 0 0 2 0 0
1270 0 0 2 0 0
1271 0 0 2 0 0
1272 0 0 2 0 0
1273 0 0 2 0 0
1274 0 0 2 0 0
1275 0 0 2 0 0
1276 0 0 2 0 0
1277 0 0 2 0 0
1278 0 0 2 0 0
1279 0 0 2 0 0
1280 0 0 2 0 0
1281 0 0 2 0 0
1282 0 0 2 0 0
1283 0 0 2 0 0
1284 0 0 2 0 0
1285 0 0 2 0 0
1286 0 0 2 0 0
1287 0 0 2 0 0
1288 0 0 2 0 0
1289 0 0 2 0 0
1290 0 0 2 0 0
1291 0 0 2 0 0
1292 0 0 2 0 0
1293 0 0 2 0 0
1294 0 0 2 0 0
1295 0 0 2 0 0
1296 0 0 2 0 0
1297 0 0 2 0 0
1298 0 0 2 0 0
1299 0 0 2 0 0
1300 0 0 2 0 0
1301 0 0 2 0 0
1302 0 0 2 0 0
1303 0 0 2 0 0
1304 0 0 2 0 0
1305 0 0 2 0 0
1306 0 0 2 0 0
1307 0 0 2 0 0
1308 0 0 2 0 0
1309 0 0 2 0 0
1310 0 0 2 0 0
1311 0 0 2 0 0
1312 0 0 2 0 0
1313 0 0 2 0 0
1314 0 0 2 0 0
1315 0 0 2 0 0
1316 0 0 2 0 0
1317 0 0 2 0 0
1318 0 0 2 0 0
1319 0 0 2 0 0
1320 0 0 2 0 0
1321 0 0 2 0 0
1322 0 0 2 0 0
1323 0 0 2 0 0
1324 0 0 2 0 0
1325 0 0 2 0 0
1326 0 0 2 0 0
1327 0 0 2 0 0
1328 0 0 2 0 0
1329 0 0 2 0 0
1330 0 0 2 0 0
1331 0 0 2 0 0
1332 0 0 2 0 0
1333 0 0 2 0 0
1334 0 0 2 0 0
1335 0 0 2 0 0
1336 0 0 2 0 0
1337 0 0 2 0 0
1338 0 0 2 0 0
1339 0 0 2 0 0
1340 0 0 2 0 0
1341 0 0 2 0 0
1342 0 0 2 0 0
1343 0 0 2 0 0
1344 0 0 2 0 0
1345 0 0 2 0 0
1346 0 0 2 0 0
1347 0 0 2 0 0
1348 0 0 2 0 0
1349 0 0 2 0 0
1350 0 0 2 0 1
1351 0 0 2 0 1
1352 0 0 2 0 1
1353 0 0 2 0 1
1354 0 0 2 0 1
1355 0 0 2 0 1
1356 0 0 2 0 1
1357 0 0 2 0 1
1358 0 0 2 0 1
1359 0 0 2 0 1
1360 0 0 2 0 1
1361 0 0 2 0 1
1362 0 0 2 0 1
1363 0 0 2 0 1
1364 0 0 2 0 1
1365 0 0 2 0 1
1366 0 0 2 0 1
1367 0 0 2 0 1
1368 0 0 2 0 1
1369 0 0 2 0 1
1370 0 0 2 0 1
1371 0 0 2 0 1
1372 0 0 2 0 1
1373 0 0 2 0 1
1374 0 0 2 0 1
1375 0 0 2 0 1
1376 0 0 2 0 1
1377 0 0 2 0 1
1378 0 0 2 0 1
1379 0 0 2 0 1
1380 0 0 2 0 0
1381 0 0 2 0 0
1382 0 0 2 0 0
1383 0 0 2 0 0
1384 0 0 2 0 0
1385 0 0 2 0 0
1386 0 0 2 0 0
1387 0 0 2 0 0
1388 0 0 2 0 0
1389 0 0 2 0 0
1390 0 0 2 0 0
1391 0 0 2 0 0
1392 0 0 2 0 0
1393 0 0 2 0 0
1394 0 0 2 0 0
1395 0 0 2 0 0
1396 0 0 2 0 0
1397 0 0 2 0 0
1398 0 0 2 0 0
1399 0 0 2 0 0
1400 0 0 2 0 0
1401 0 0 2 0 0
1402 0 0 2 0 0
1403 0 0 2 0 0
1404 0 0 2 0 0
1405 0 0 2 0 0
1406 0 0 2 0 0
1407 0 0 2 0 0
1408 0 0 2 0 0
1409 0 0 2 0 0
1410 0 0 2 0 0
1411 0 0 2 0 0
1412 0 0 2 0 0
1413 0 0 2 0 0
1414 0 0 2 0 0
1415 0 0 2 0 0
1416 0 0 2 0 0
1417 0 0 2 0 0
1418 0 0 2 0 0
1419 0 0 2 0 0
1420 0 0 2 0 0
1421 0 0 2 0 0
1422 0 0 2 0 0
1423 0 0 2 0 0
1424 0 0 2 0 0
1425 0 0 2 0 0
1426 0 0 2 0 0
1427 0 0 2 0 0
1428 0 0 2 0 0
1429 0 0 2 0 0
1430 0 0 2 0 0
1431 0 0 2 0 0
1432 0 0 2 0 0
1433 0 0 2 0 0
1434 0 0 2 0 0
1435 0 0 2 0 0
1436 0 0 2 0 0
1437 0 0 2 0 0
1438 0 0 2 0 0
1439 0 0 2 0 0
1440 0 0 2 0 1
1441 0 0 2 0 1
1442 0 0 2 0 1
1443 0 0 2 0 1
1444 0 0 2 0 1
1445 0 0 2 0 1
1446 0 0 2 0 1
1447 0 0 2 0 1
1448 0 0 2 0 1
1449 0 0 2 0 1
1450 0 0 2 0 1
1451 0 0 2 0 1
1452 0 0 2 0 1
1453 0 0 2 0 1
1454 0 0 2 0 1
1455 0 0 2 0 1
1456 0 0 2 0 1
1457 0 0 2 0 1
1458 0 0 2 0 1
1459 0 0 2 0 1
1460 0 0 2 0 1
1461 0 0 2 0 1
1462 0 0 2 0 1
1463 0 0 2 0 1
1464 0 0 2 0 1
1465 0 0 2 0 1
1466 0 0 2 0 1
1467 0 0 2 0 1
1468 0 0 2 0 1
1469 0 0 2 0 1
1470 0 0 2 0 1
1471 0 0 2 0 1
1472 0 0 2 0 1
1473 0 0 2 0 1
1474 0 0 2 0 1
1475 0 0 2 0 1
1476 0 0 2 0 1
1477 0 0 2 0 1
1478 0 0 2 0 1
1479 0 0 2 0 1
1480 0 0 2 0 1
1481 0 0 2 0 1
1482 0 0 2 0 1
1483 0 0 2 0 1
1484 0 0 2 0 1
1485 0 0 2 0 1
1486 0 0 2 0 1
1487 0 0 2 0 1
1488 0 0 2 0 1
1489 0 0 2 0 1
1490 0 0 2 0 1
1491 0 0 2 0 1
1492 0 0 2 0 1
1493 0 0 2 0 1
1494 0 0 2 0 1
1495 0 0 2 0 1
1496 0 0 2 0 1
1497 0 0 2 0 1
1498 0 0 2 0 1
1499 0 0 2 0 1
1500 0 0 2 0 1
1501 0 0 2 0 1
1502 0 0 2 0 1
1503 0 0 2 0 1
1504 0 0 2 0 1
1505 0 0 2 0 1
1506 0 0 2 0 1
1507 0 0 2 0 1
1508 0 0 2 0 1
1509 0 0 2 0 1
1510 0 0 2 0 1
1511 0 0 2 0 1
1512 0 0 2 0 1
1513 0 0 2 0 1
1514 0 0 2 0 1
1515 0 0 2 0 1
1516 0 0 2 0 1
1517 0 0 2 0 1
1518 0 0 2 0 1
1519 0 0 2 0 1
1520 0 0 2 0 1
1521 0 0 2 0 1
1522 0 0 2 0 1
1523 0 0 2 0 1
1524 0 0 2 0 1
1525 0 0 2 0 1
1526 0 0 2 0 1
1527 0 0 2 0 1
1528 0 0 2 0 1
1529 0 0 2 0 1
1530 0 0 2 0 1
1531 0 0 2 0 1
1532 0 0 2 0 1
1533 0 0 2 0 1
1534 0 0 2 0 1
1535 0 0 2 0 1
1536 0 0 2 0 1
1537 0 0 2 0 1
1538 0 0 2 0 1
1539 0 0 2 0 1
1540 0 0 2 0 1
1541 0 0 2 0 1
1542 0 0 2 0 1
1543 0 0 2 0 1
1544 0 0 2 0 1
1545 0 0 2 0 1
1546 0 0 2 0 1
1547 0 0 2 0 1
1548 0 0 2 0 1
1549 0 0 2 0 1
1550 0 0 2 0 1
1551 0 0 2 0 1
1552 0 0 2 0 1
1553 0 0 2 0 1
1554 0 0 2 0 1
1555 0 0 2 0 1
1556 0 0 2 0 1
1557 0 0 2 0 1
1558 0 0 2 0 1
1559 0 0 2 0 1
1560 0 0 2 0 1
1561 0 0 2 0 1
1562 0 0 2 0 1
1563 0 0 2 0 1
1564 0 0 2 0 1
1565 0 0 2 0 1
1566 0 0 2 0 1
1567 0 0 2 0 1
1568 0 0 2 0 1
1569 0 0 2 0 1
1570 0 0 2 0 1
1571 0 0 2 0 1
1572 0 0 2 0 1
1573 0 0 2 0 1
1574 0 0 2 0 1
1575 0 0 2 0 1
1576 0 0 2 0 1
1577 0 0 2 0 1
1578 0 0 2 0 1
1579 0 0 2 0 1
1580 0 0 2 0 1
1581 0 0 2 0 1
1582 0 0 2 0 1
1583 0 0 2 0 1
1584 0 0 2 0 1
1585 0 0 2 0 1
1586 0 0 2 0 1
1587 0 0 2 0 1
1588 0 0 2 0 1
1589 0 0 2 0 1
1590 0 0 2 0 1
1591 0 0 2 0 1
1592 0 0 2 0 1
1593 0 0 2 0 1
1594 0 0 2 0 1
1595 0 0 2 0 1
1596 0 0 2 0 1
1597 0 0 2 0 1
1598 0 0 2 0 1
1599 0 0 2 0 1
1600 0 0 2 0 1
1601 0 0 2 0 1
1602 0 0 2 0 1
1603 0 0 2 0 1
1604 0 0 2 0 1
1605 0 0 2 0 1
1606 0 0 2 0 1
1607 0 0 2 0 1
1608 0 0 2 0 1
1609 0 0 2 0 1
1610 0 0 2 0 1
1611 0 0 2 0 1
1612 0 0 2 0 1
1613 0 0 2 0 1
1614 0 0 2 0 1
1615 0 0 2 0 1
1616 0 0 2 0 1
1617 0 0 2 0 1
1618 0 0 2 0 1
1619 0 0 2 0 1
1620 0 0 2 0 1
1621 0 0 2 0 1
1622 0 0 2 0 1
1623 0 0 2 0 1
1624 0 0 2 0 1
1625 0 0 2 0 1
1626 0 0 2 0 1
1627 0 0 2 0 1
1628 0 0 2 0 1
1629 0 0 2 0 1
1630 0 0 2 0 1
1631 0 0 2 0 1
1632 0 0 2 0 1
1633 0 0 2 0 1
1634 0 0 2 0 1
1635 0 0 2 0 1
1636 0 0 2 0 1
1637 0 0 2 0 1
1638 0 0 2 0 1
1639 0 0 2 0 1
1640 0 0 2 0 1
1641 0 0 2 0 1
1642 0 0 2 0 1
1643 0 0 2 0 1
1644 0 0 2 0 1
1645 0 0 2 0 1
1646 0 0 2 0 1
1647 0 0 2 0 1
1648 0 0 2 0 1
1649 0 0 2 0 1
1650 0 0 2 0 1
1651 0 0 2 0 1
1652 0 0 2 0 1
1653 0 0 2 0 1
1654 0 0 2 0 1
1655 0 0 2 0 1
1656 0 0 2 0 1
1657 0 0 2 0 1
1658 0 0 2 0 1
1659 0 0 2 0 1
1660 0 0 2 0 1
1661 0 0 2 0 1
1662 0 0 2 0 1
1663 0 0 2 0 1
1664 0 0 2 0 1
1665 0 0 2 0 1
1666 0 0 2 0 1
1667 0 0 2 0 1
1668 0 0 2 0 1
1669 0 0 2 0 1
1670 0 0 2 0 1
1671 0 0 2 0 1
1672 0 0 2 0 1
1673 0 0 2 0 1
1674 0 0 2 0 1
1675 0 0 2 0 1
1676 0 0 2 0 1
1677 0 0 2 0 1
1678 0 0 2 0 1
1679 0 0 2 0 1
1680 0 0 2 0 1
1681 0 0 2 0 1
1682 0 0 2 0 1
1683 0 0 2 0 1
1684 0 0 2 0 1
1685 0 0 2 0 1
1686 0 0 2 0 1
1687 0 0 2 0 1
1688 0 0 2 0 1
1689 0 0 2 0 1
1690 0 0 2 0 1
1691 0 0 2 0 1
1692 0 0 2 0 1
1693 0 0 2 0 1
1694 0 0 2 0 1
1695 0 0 2 0 1
1696 0 0 2 0 1
1697 0 0 2 0 1
1698 0 0 2 0 1
1699 0 0 2 0 1
1700 0 0 2 0 1
1701 0 0 2 0 1
1702 0 0 2 0 1
1703 0 0 2 0 1
1704 0 0 2 0 1
1705 0 0 2 0 1
1706 0 0 2 0 1
1707 0 0 2 0 1
1708 0 0 2 0 1
1709 0 0 2 0 1
1710 0 0 2 0 1
1711 0 0 2 0 1
1712 0 0 2 0 1
1713 0 0 2 0 1
1714 0 0 2 0 1
1715 0 0 2 0 1
1716 0 0 2 0 1
1717 0 0 2 0 1
1718 0 0 2 0 1
1719 0 0 2 0 1
1720 0 0 2 0 1
1721 0 0 2 0 1
1722 0 0 2 0 1
1723 0 0 2 0 1
1724 0 0 2 0 1
1725 0 0 2 0 1
1726 0 0 2 0 1
1727 0 0 2 0 1
1728 0 0 2 0 1
1729 0 0 2 0 1
1730 0 0 2 0 1
1731 0 0 2 0 1
1732 0 0 2 0 1
1733 0 0 2 0 1
1734 0 0 2 0 1
1735 0 0 2 0 1
1736 0 0 2 0 1
1737 0 0 2 0 1
1738 0 0 2 0 1
1739 0 0 2 0 1
1740 0 0 2 0 1
1741 0 0 2 0 1
1742 0 0 2 0 1
1743 0 0 2 0 1
1744 0 0 2 0 1
1745 0 0 2 0 1
1746 0 0 2 0 1
1747 0 0 2 0 1
1748 0 0 2 0 1
1749 0 0 2 0 1
1750 0 0 2 0 1
1751 0 0 2 0 1
1752 0 0 2 0 1
1753 0 0 2 0 1
1754 0 0 2 0 1
1755 0 0 2 0 1
1756 0 0 2 0 1
1757 0 0 2 0 1
1758 0 0 2 0 1
1759 0 0 2 0 1
1760 0 0 2 0 1
1761 0 0 2 0 1
1762 0 0 2 0 1
1763 0 0 2 0 1
1764 0 0 2 0 1
1765 0 0 2 0 1
1766 0 0 2 0 1
1767 0 0 2 0 1
1768 0 0 2 0 1
1769 0 0 2 0 1
1770 0 0 2 0 1
1771 0 0 2 0 1
1772 0 0 2 0 1
1773 0 0 2 0 1
1774 0 0 2 0 1
1775 0 0 2 0 1
1776 0 0 2 0 1
1777 0 0 2 0 1
1778 0 0 2 0 1
1779 0 0 2 0 1
1780 0 0 2 0 1
1781 0 0 2 0 1
1782 0 0 2 0 1
1783 0 0 2 0 1
1784 0 0 2 0 1
1785 0 0 2 0 1
1786 0 0 2 0 1
1787 0 0 2 0 1
1788 0 0 2 0 1
1789 0 0 2 0 1
1790 0 0 2 0 1
1791 0 0 2 0 1
1792 0 0 2 0 1
1793 0 0 2 0 1
1794 0 0 2 0 1
1795 0 0 2 0 1
1796 0 0 2 0 1
1797 0 0 2 0 1
1798 0 0 2 0 1
1799 0 0 2 0 1
1800 0 0 2 0 1
1801 0 0 2 0 1
1802 0 0 2 0 1
1803 0 0 2 0 1
1804 0 0 2 0 1
1805 0 0 2 0 1
1806 0 0 2 0 1
1807 0 0 2 0 1
1808 0 0 2 0 1
1809 0 0 2 0 1
1810 0 0 2 0 0
1811 0 0 2 0 0
1812 0 0 2 0 0
1813 0 0 2 0 0
1814 0 0 2 0 0
1815 0 0 2 0 0
1816 0 0 2 0 0
1817 0 0 2 0 0
1818 0 0 2 0 0
1819 0 0 2 0 0
1820 0 0 2 0 0
1821 0 0 2 0 0
1822 0 0 2 0 0
1823 0 0 2 0 0
1824 0 0 2 0 0
1825 0 0 2 0 0
1826 0 0 2 0 0
1827 0 0 2 0 0
1828 0 0 2 0 0
1829 0 0 2 0 0
1830 0 0 2 0 0
1831 0 0 2 0 0
1832 0 0 2 0 0
1833 0 0 2 0 0
1834 0 0 2 0 0
1835 0 0 2 0 0
1836 0 0 2 0 0
1837 0 0 2 0 0
1838 0 0 2 0 0
1839 0 0 2 0 0
1840 0 0 2 0 2
1841 0 0 2 0 2
1842 0 0 2 0 2
1843 0 0 2 0 2
1844 0 0 2 0 2
1845 0 0 2 0 2
1846 0 0 2 0 2
1847 0 0 2 0 2
1848 0 0 2 0 2
1849 0 0 2 0 2
1850 0 0 2 0 2
1851 0 0 2 0 2
1852 0 0 2 0 2
1853 0 0 2 0 2
1854 0 0 2 0 2
1855 0 0 2 0 2
1856 0 0 2 0 2
1857 0 0 2 0 2
1858 0 0 2 0 2
1859 0 0 2 0 2
1860 0 0 2 0 2
1861 0 0 2 0 2
1862 0 0 2 0 2
1863 0 0 2 0 2
1864 0 0 2 0 2
1865 0 0 2 0 2
1866 0 0 2 0 2
1867 0 0 2 0 2
1868 0 0 2 0 2
1869 0 0 2 0 2
1870 0 0 2 0 2
1871 0 0 2 0 2
1872 0 0 2 0 2
1873 0 0 2 0 2
1874 0 0 2 0 2
1875 0 0 2 0 2
1876 0 0 2 0 2
1877 0 0 2 0 2
1878 0 0 2 0 2
1879 0 0 2 0 2
1880 0 0 2 0 2
1881 0 0 2 0 2
1882 0 0 2 0 2
1883 0 0 2 0 2
1884 0 0 2 0 2
1885 0 0 2 0 2
1886 0 0 2 0 2
1887 0 0 2 0 2
1888 0 0 2 0 2
1889 0 0 2 0 2
1890 0 0 2 0 2
1891 0 0 2 0 2
1892 0 0 2 0 2
1893 0 0 2 0 2
1894 0 0 2 0 2
1895 0 0 2 0 2
1896 0 0 2 0 2
1897 0 0 2 0 2
1898 0 0 2 0 2
1899 0 0 2 0 2
1900 2 0 2 0 2
1901 2 0 2 0 2
1902 2 0 2 0 2
1903 2 0 2 0 2
1904 2 0 2 0 2
1905 2 0 2 0 2
1906 2 0 2 0 2
1907 2 0 2 0 2
1908 2 0 2 0 2
1909 2 0 2 0 2
1910 2 0 2 0 2
1911 2 0 2 0 2
1912 2 0 2 0 2
1913 2 0 2 0 2
1914 2 0 2 0 2
1915 2 0 2 0 2
1916 2 0 2 0 2
1917 2 0 2 0 2
1918 2 0 2 0 2
1919 2 0 2 0 2
1920 2 0 2 0 2
1921 2 0 2 0 2
1922 2 0 2 0 2
1923 2 0 2 0 2
1924 2 0 2 0 2
1925 2 0 2 0 2
1926 2 0 2 0 2
1927 2 0 2 0 2
1928 2 0 2 0 2
1929 2 0 2 0 2
1930 2 0 2 0 2
1931 2 0 2 0 2
1932 2 0 2 0 2
1933 2 0 2 0 2
1934 2 0 2 0 2
1935 2 0 2 0 2
1936 2 0 2 0 2
1937 2 0 2 0 2
1938 2 0 2 0 2
1939 2 0 2 0 2
1940 2 0 0 0 2
1941 2 0 0 0 2
1942 2 0 0 0 2
1943 2 0 0 0 2
1944 2 0 0 0 2
1945 2 0 0 0 2
1946 2 0 0 0 2
1947 2 0 0 0 2
1948 2 0 0 0 2
1949 2 0 0 0 2
1950 2 0 0 0 2
1951 2 0 0 0 2
1952 2 0 0 0 2
1953 2 0 0 0 2
1954 2 0 0 0 2
1955 2 0 0 0 2
1956 2 0 0 0 2
1957 2 0 0 0 2
1958 2 0 0 0 2
1959 2 0 0 0 2
1960 2 0 0 0 2
1961 2 0 0 0 2
1962 2 0 0 0 2
1963 2 0 0 0 2
1964 2 0 0 0 2
1965 2 0 0 0 2
1966 2 0 0 0 2
1967 2 0 0 0 2
1968 2 0 0 0 2
1969 2 0 0 0 2
1970 2 0 0 0 2
1971 2 0 0 0 2
1972 2 0 0 0 2
1973 2 0 0 0 2
1974 2 0 0 0 2
1975 2 0 0 0 2
1976 2 0 0 0 2
1977 2 0 0 0 2
1978 2 0 0 0 2
1979 2 0 0 0 2
1980 2 0 0 0 2
1981 2 0 0 0 2
1982 2 0 0 0 2
1983 2 0 0 0 2
1984 2 0 0 0 2
1985 2 0 0 0 2
1986 2 0 0 0 2
1987 2 0 0 0 2
1988 2 0 0 0 2
1989 2 0 0 0 2
1990 2 0 0 0 2
1991 2 0 0 0 2
1992 2 0 0 0 2
1993 2 0 0 0 2
1994 2 0 0 0 2
1995 2 0 0 0 2
1996 2 0 0 0 2
1997 2 0 0 0 2
1998 2 0 0 0 2
1999 2 0 0 0 2
2000 2 0 0 0 2
2001 2 0 0 0 2
2002 2 0 0 0 2
2003 2 0 0 0 2
2004 2 0 0 0 2
2005 2 0 0 0 2
2006 2 0 0 0 2
2007 2 0 0 0 2
2008 2 0 0 0 2
2009 2 0 0 0 2
2010 2 0 0 0 2
2011 2 0 0 0 2
2012 2 0 0 0 2
2013 2 0 0 0 2
2014 2 0 0 0 2
2015 2 0 0 0 2
2016 2 0 0 0 2
2017 2 0 0 0 2
2018 2 0 0 0 2
2019 2 0 0 0 2
2020 2 0 0 0 2
2021 2 0 0 0 2
2022 2 0 0 0 2
2023 2 0 0 0 2
2024 2 0 0 0 2
2025 2 0 0 0 2
2026 2 0 0 0 2
2027 2 0 0 0 2
2028 2 0 0 0 2
2029 2 0 0 0 2
2030 2 0 0 0 2
2031 2 0 0 0 2
2032 2 0 0 0 2
2033 2 0 0 0 2
2034 2 0 0 0 2
2035 2 0 0 0 2
2036 2 0 0 0 2
2037 2 0 0 0 2
2038 2 0 0 0 2
2039 2 0 0 0 2
2040 2 0 0 0 2
2041 2 0 0 0 2
2042 2 0 0 0 2
2043 2 0 0 0 2
2044 2 0 0 0 2
2045 2 0 0 0 2
2046 2 0 0 0 2
2047 2 0 0 0 2
2048 2 0 0 0 2
2049 2 0 0 0 2
2050 2 0 0 0 2
2051 2 0 0 0 2
2052 2 0 0 0 2
2053 2 0 0 0 2
2054 2 0 0 0 2
2055 2 0 0 0 2
2056 2 0 0 0 2
2057 2 0 0 0 2
2058 2 0 0 0 2
2059 2 0 0 0 2
2060 2 0 0 0 2
2061 2 0 0 0 2
2062 2 0 0 0 2
2063 2 0 0 0 2
2064 2 0 0 0 2
2065 2 0 0 0 2
2066 2 0 0 0 2
2067 2 0 0 0 2
2068 2 0 0 0 2
2069 2 0 0 0 2
2070 2 0 0 5 2
2071 2 0 0 5 2
2072 2 0 0 5 2
2073 2 0 0 5 2
2074 2 0 0 5 2
2075 2 0 0 5 2
2076 2 0 0 5 2
2077 2 0 0 5 2
2078 2 0 0 5 2
2079 2 0 0 5 2
2080 2 0 0 5 2
2081 2 0 0 5 2
2082 2 0 0 5 2
2083 2 0 0 5 2
2084 2 0 0 5 2
2085 2 0 0 5 2
2086 2 0 0 5 2
2087 2 0 0 5 2
2088 2 0 0 5 2
2089 2 0 0 5 2
2090 2 0 0 0 2
2091 2 0 0 0 2
2092 2 0 0 0 2
2093 2 0 0 0 2
2094 2 0 0 0 2
2095 2 0 0 0 2
2096 2 0 0 0 2
2097 2 0 0 0 2
2098 2 0 0 0 2
2099 2 0 0 0 2
2100 2 0 0 0 0
2101 2 0 0 0 0
2102 2 0 0 0 0
2103 2 0 0 0 0
2104 2 0 0 0 0
2105 2 0 0 0 0
2106 2 0 0 0 0
2107 2 0 0 0 0
2108 2 0 0 0 0
2109 2 0 0 0 0
2110 2 0 0 0 0
2111 2 0 0 0 0
2112 2 0 0 0 0
2113 2 0 0 0 0
2114 2 0 0 0 0
2115 2 0 0 0 0
2116 2 0 0 0 0
2117 2 0 0 0 0
2118 2 0 0 0 0
2119 2 0 0 0 0
2120 2 0 0 0 0
2121 2 0 0 0 0
2122 2 0 0 0 0
2123 2 0 0 0 0
2124 2 0 0 0 0
2125 2 0 0 0 0
2126 2 0 0 0 0
2127 2 0 0 0 0
2128 2 0 0 0 0
2129 2 0 0 0 0
2130 2 0 0 0 0
2131 2 0 0 0 0
2132 2 0 0 0 0
2133 2 0 0 0 0
2134 2 0 0 0 0
2135 2 0 0 0 0
2136 2 0 0 0 0
2137 2 0 0 0 0
2138 2 0 0 0 0
2139 2 0 0 0 0
2140 2 0 0 0 0
2141 2 0 0 0 0
2142 2 0 0 0 0
2143 2 0 0 0 0
2144 2 0 0 0 0
2145 2 0 0 0 0
2146 2 0 0 0 0
2147 2 0 0 0 0
2148 2 0 0 0 0
2149 2 0 0 0 0
2150 2 0 0 0 0
2151 2 0 0 0 0
2152 2 0 0 0 0
2153 2 0 0 0 0
2154 2 0 0 0 0
2155 2 0 0 0 0
2156 2 0 0 0 0
2157 2 0 0 0 0
2158 2 0 0 0 0
2159 2 0 0 0 0
2160 2 0 0 0 0
2161 2 0 0 0 0
2162 2 0 0 0 0
2163 2 0 0 0 0
2164 2 0 0 0 0
2165 2 0 0 0 0
2166 2 0 0 0 0
2167 2 0 0 0 0
2168 2 0 0 0 0
2169 2 0 0 0 0
2170 2 0 0 0 0
2171 2 0 0 0 0
2172 2 0 0 0 0
2173 2 0 0 0 0
2174 2 0 0 0 0
2175 2 0 0 0 0
2176 2 0 0 0 0
2177 2 0 0 0 0
2178 2 0 0 0 0
2179 2 0 0 0 0
2180 2 0 0 0 0
2181 2 0 0 0 0
2182 2 0 0 0 0
2183 2 0 0 0 0
2184 2 0 0 0 0
2185 2 0 0 0 0
2186 2 0 0 0 0
2187 2 0 0 0 0
2188 2 0 0 0 0
2189 2 0 0 0 0
2190 2 0 0 0 0
2191 2 0 0 0 0
2192 2 0 0 0 0
2193 2 0 0 0 0
2194 2 0 0 0 0
2195 2 0 0 0 0
2196 2 0 0 0 0
2197 2 0 0 0 0
2198 2 0 0 0 0
2199 2 0 0 0 0
2200 2 0 0 0 0
2201 2 0 0 0 0
2202 2 0 0 0 0
2203 2 0 0 0 0
2204 2 0 0 0 0
2205 2 0 0 0 0
2206 2 0 0 0 0
2207 2 0 0 0 0
2208 2 0 0 0 0
2209 2 0 0 0 0
2210 2 0 0 0 0
2211 2 0 0 0 0
2212 2 0 0 0 0
2213 2 0 0 0 0
2214 2 0 0 0 0
2215 2 0 0 0 0
2216 2 0 0 0 0
2217 2 0 0 0 0
2218 2 0 0 0 0
2219 2 0 0 0 0
2220 2 0 0 0 0
2221 2 0 0 0 0
2222 2 0 0 0 0
2223 2 0 0 0 0
2224 2 0 0 0 0
2225 2 0 0 2 0
2226 2 0 0 2 0
2227 2 0 0 2 0
2228 2 0 0 2 0
2229 2 0 0 2 0
2230 2 0 2 0 0
2231 2 0 2 0 0
2232 2 0 2 0 0
2233 2 0 2 0 0
2234 2 0 2 0 0
2235 2 0 2 0 0
2236 2 0 2 0 0
2237 2 0 2 0 0
2238 2 0 2 0 0
2239 2 0 2 0 0
2240 0 2 2 0 0
2241 0 2 2 0 0
2242 0 2 2 0 0
2243 0 2 2 0 0
2244 0 2 2 0 0
2245 0 2 2 0 0
2246 0 2 2 0 0
2247 0 2 2 0 0
2248 0 2 2 0 0
2249 0 2 2 0 0
2250 0 0 2 0 0
2251 0 0 2 0 0
2252 0 0 2 0 0
2253 0 0 2 0 0
2254 0 0 2 0 0
2255 0 0 2 0 0
2256 0 0 2 0 0
2257 0 0 2 0 0
2258 0 0 2 0 0
2259 0 0 2 0 0
2260 0 0 2 0 0
2261 0 0 2 0 0
2262 0 0 2 0 0
2263 0 0 2 0 0
2264 0 0 2 0 0
2265 0 0 2 0 0
2266 0 0 2 0 0
2267 0 0 2 0 0
2268 0 0 2 0 0
2269 0 0 2 0 0
2270 0 0 2 0 0
2271 0 0 2 0 0
2272 0 0 2 0 0
2273 0 0 2 0 0
2274 0 0 2 0 0
2275 0 0 2 0 0
2276 0 0 2 0 0
2277 0 0 2 0 0
2278 0 0 2 0 0
2279 0 0 2 0 0
2280 0 0 2 0 0
2281 0 0 2 0 0
2282 0 0 2 0 0
2283 0 0 2 0 0
2284 0 0 2 0 0
2285 0 0 2 0 0
2286 0 0 2 0 0
2287 0 0 2 0 0
2288 0 0 2 0 0
2289 0 0 2 0 0
2290 0 0 2 0 0
2291 0 0 2 0 0
2292 0 0 2 0 0
2293 0 0 2 0 0
2294 0 0 2 0 0
2295 0 0 2 0 0
2296 0 0 2 0 0
2297 0 0 2 0 0
2298 0 0 2 0 0
2299 0 0 2 0 0
2300 0 0 2 0 0
2301 0 0 2 0 0
2302 0 0 2 0 0
2303 0 0 2 0 0
2304 0 0 2 0 0
2305 0 0 2 0 0
2306 0 0 2 0 0
2307 0 0 2 0 0
2308 0 0 2 0 0
2309 0 0 2 0 0
2310 0 0 2 0 0
2311 0 0 2 0 0
2312 0 0 2 0 0
2313 0 0 2 0 0
2314 0 0 2 0 0
2315 0 0 2 0 0
2316 0 0 2 0 0
2317 0 0 2 0 0
2318 0 0 2 0 0
2319 0 0 2 0 0
2320 0 0 2 0 0
2321 0 0 2 0 0
2322 0 0 2 0 0
2323 0 0 2 0 0
2324 0 0 2 0 0
2325 0 0 2 0 0
2326 0 0 2 0 0
2327 0 0 2 0 0
2328 0 0 2 0 0
2329 0 0 2 0 0
2330 0 0 2 0 0
2331 0 0 2 0 0
2332 0 0 2 0 0
2333 0 0 2 0 0
2334 0 0 2 0 0
2335 0 0 2 0 0
2336 0 0 2 0 0
2337 0 0 2 0 0
2338 0 0 2 0 0
2339 0 0 2 0 0
2340 0 0 2 0 0
2341 0 0 2 0 0
2342 0 0 2 0 0
2343 0 0 2 0 0
2344 0 0 2 0 0
2345 0 0 2 0 0
2346 0 0 2 0 0
2347 0 0 2 0 0
2348 0 0 2 0 0
2349 0 0 2 0 0
2350 0 0 2 0 0
2351 0 0 2 0 0
2352 0 0 2 0 0
2353 0 0 2 0 0
2354 0 0 2 0 0
2355 0 0 2 0 0
2356 0 0 2 0 0
2357 0 0 2 0 0
2358 0 0 2 0 0
2359 0 0 2 0 0
2360 0 0 2 0 0
2361 0 0 2 0 0
2362 0 0 2 0 0
2363 0 0 2 0 0
2364 0 0 2 0 0
2365 0 0 2 0 0
2366 0 0 2 0 0
2367 0 0 2 0 0
2368 0 0 2 0 0
2369 0 0 2 0 0
2370 0 0 2 0 0
2371 0 0 2 0 0
2372 0 0 2 0 0
2373 0 0 2 0 0
2374 0 0 2 0 0
2375 0 0 2 0 0
2376 0 0 2 0 0
2377 0 0 2 0 0
2378 0 0 2 0 0
2379 0 0 2 0 0
2380 0 0 2 0 0
2381 0 0 2 0 0
2382 0 0 2 0 0
2383 0 0 2 0 0
2384 0 0 2 0 0
2385 0 0 2 0 0
2386 0 0 2 0 0
2387 0 0 2 0 0
2388 0 0 2 0 0
2389 0 0 2 0 0
2390 0 0 2 0 2
2391 0 0 2 0 2
2392 0 0 2 0 2
2393 0 0 2 0 2
2394 0 0 2 0 2
2395 0 0 2 0 2
2396 0 0 2 0 2
2397 0 0 2 0 2
2398 0 0 2 0 2
2399 0 0 2 0 2
2400 0 0 2 0 2
2401 0 0 2 0 2
2402 0 0 2 0 2
2403 0 0 2 0 2
2404 0 0 2 0 2
2405 0 0 2 0 2
2406 0 0 2 0 2
2407 0 0 2 0 2
2408 0 0 2 0 2
2409 0 0 2 0 2
2410 0 0 2 0 2
2411 0 0 2 0 2
2412 0 0 2 0 2
2413 0 0 2 0 2
2414 0 0 2 0 2
2415 0 0 2 0 2
2416 0 0 2 0 2
2417 0 0 2 0 2
2418 0 0 2 0 2
2419 0 0 2 0 2
2420 0 0 2 0 2
2421 0 0 2 0 2
2422 0 0 2 0 2
2423 0 0 2 0 2
2424 0 0 2 0 2
2425 0 0 2 0 2
2426 0 0 2 0 2
2427 0 0 2 0 2
2428 0 0 2 0 2
2429 0 0 2 0 2
2430 0 0 2 0 2
2431 0 0 2 0 2
2432 0 0 2 0 2
2433 0 0 2 0 2
2434 0 0 2 0 2
2435 0 0 2 0 2
2436 0 0 2 0 2
2437 0 0 2 0 2
2438 0 0 2 0 2
2439 0 0 2 0 2
2440 0 0 2 0 2
2441 0 0 2 0 2
2442 0 0 2 0 2
2443 0 0 2 0 2
2444 0 0 2 0 2
2445 0 0 2 0 2
2446 0 0 2 0 2
2447 0 0 2 0 2
2448 0 0 2 0 2
2449 0 0 2 0 2
2450 0 0 2 0 2
2451 0 0 2 0 2
2452 0 0 2 0 2
2453 0 0 2 0 2
2454 0 0 2 0 2
2455 0 0 2 0 2
2456 0 0 2 0 2
2457 0 0 2 0 2
2458 0 0 2 0 2
2459 0 0 2 0 2
2460 0 0 2 0 2
2461 0 0 2 0 2
2462 0 0 2 0 2
2463 0 0 2 0 2
2464 0 0 2 0 2
2465 0 0 2 0 2
2466 0 0 2 0 2
2467 0 0 2 0 2
2468 0 0 2 0 2
2469 0 0 2 0 2
2470 0 0 2 0 2
2471 0 0 2 0 2
2472 0 0 2 0 2
2473 0 0 2 0 2
2474 0 0 2 0 2
2475 0 0 2 0 2
2476 0 0 2 0 2
2477 0 0 2 0 2
2478 0 0 2 0 2
2479 0 0 2 0 2
2480 0 0 2 0 2
2481 0 0 2 0 2
2482 0 0 2 0 2
2483 0 0 2 0 2
2484 0 0 2 0 2
2485 0 0 2 0 2
2486 0 0 2 0 2
2487 0 0 2 0 2
2488 0 0 2 0 2
2489 0 2 2 0 2
2490 0 2 2 0 2
2491 0 2 2 0 2
2492 0 2 2 0 2
2493 0 2 2 0 2
2494 0 2 2 0 2
2495 0 2 2 0 2
2496 0 2 2 0 2
2497 0 2 2 0 2
2498 0 2 2 0 2
2499 0 2 2 0 2
2500 2 0 2 0 2
2501 2 0 2 0 2
2502 2 0 2 0 2
2503 2 0 2 0 2
2504 2 0 2 0 2
2505 2 0 2 0 2
2506 2 0 2 0 2
2507 2 0 2 0 2
2508 2 0 2 0 2
2509 2 0 2 0 2
2510 2 0 2 0 2
2511 2 0 2 0 2
2512 2 0 2 0 2
2513 2 0 2 0 2
2514 2 0 2 0 2
2515 2 0 2 0 2
2516 2 0 2 0 2
2517 2 0 2 0 2
2518 2 0 2 0 2
2519 2 0 2 0 2
2520 2 0 0 0 2
2521 2 0 0 0 2
2522 2 0 0 0 2
2523 2 0 0 0 2
2524 2 0 0 0 2
2525 2 0 0 0 2
2526 2 0 0 0 2
2527 2 0 0 0 2
2528 2 0 0 0 2
2529 2 0 0 0 2
2530 2 0 0 0 2
2531 2 0 0 0 2
2532 2 0 0 0 2
2533 2 0 0 0 2
2534 2 0 0 0 2
2535 2 0 0 0 2
2536 2 0 0 0 2
2537 2 0 0 0 2
2538 2 0 0 0 2
2539 2 0 0 0 2
2540 2 0 0 0 2
2541 2 0 0 0 2
2542 2 0 0 0 2
2543 2 0 0 0 2
2544 2 0 0 0 2
2545 2 0 0 0 2
2546 2 0 0 0 2
2547 2 0 0 0 2
2548 2 0 0 0 2
2549 2 0 0 0 2
2550 2 0 0 0 2
2551 2 0 0 0 2
2552 2 0 0 0 2
2553 2 0 0 0 2
2554 2 0 0 0 2
2555 2 0 0 0 2
2556 2 0 0 0 2
2557 2 0 0 0 2
2558 2 0 0 0 2
2559 2 0 0 0 2
2560 2 0 0 0 2
2561 2 0 0 0 2
2562 2 0 0 0 2
2563 2 0 0 0 2
2564 2 0 0 0 0
2565 2 0 0 0 0
2566 2 0 0 0 0
2567 2 0 0 0 0
2568 2 0 0 0 0
2569 2 0 0 0 0
2570 2 0 0 0 0
2571 2 0 0 0 0
2572 2 0 0 0 0
2573 2 0 0 0 0
2574 2 0 0 0 0
2575 2 0 0 0 0
2576 2 0 0 0 0
2577 2 0 0 0 0
2578 2 0 0 0 0
2579 2 0 0 0 0
2580 2 0 0 0 0
2581 2 0 0 0 0
2582 2 0 0 0 0
2583 2 0 0 0 0
2584 2 0 0 0 0
2585 2 0 0 0 0
2586 2 0 0 0 0
2587 2 0 0 0 0
2588 2 0 0 0 0
2589 2 0 0 0 0
2590 2 0 0 0 0
2591 2 0 0 0 0
2592 2 0 0 0 0
2593 2 0 0 0 0
2594 2 0 0 0 0
2595 2 0 0 0 0
2596 2 0 0 0 0
2597 2 0 0 0 0
2598 2 0 0 0 0
2599 2 0 0 0 0
2600 2 0 0 0 0
2601 2 0 0 0 0
2602 2 0 0 0 0
2603 2 0 0 0 0
2604 2 0 0 0 0
2605 2 0 0 0 0
2606 2 0 0 0 0
2607 2 0 0 0 0
2608 2 0 0 0 0
2609 2 0 0 0 0
2610 2 0 0 0 0
2611 2 0 0 0 0
2612 2 0 0 0 0
2613 2 0 0 0 0
2614 2 0 0 0 0
2615 2 0 0 0 0
2616 2 0 0 0 0
2617 2 0 0 0 0
2618 2 0 0 0 0
2619 2 0 0 0 0
2620 2 0 0 0 0
2621 2 0 0 0 0
2622 2 0 0 0 0
2623 2 0 0 0 0
2624 2 0 0 0 0
2625 2 0 0 0 0
2626 2 0 0 0 0
2627 2 0 0 0 0
2628 2 0 0 0 0
2629 2 0 0 0 0
2630 2 0 0 0 0
2631 2 0 0 0 0
2632 2 0 0 0 0
2633 2 0 0 0 0
2634 2 0 0 0 0
2635 2 0 0 0 0
2636 2 0 0 0 0
2637 2 0 0 0 0
2638 2 0 0 0 0
2639 2 0 0 0 0
2640 2 0 0 0 0
2641 2 0 0 0 0
2642 2 0 0 0 0
2643 2 0 0 0 0
2644 2 0 0 0 0
2645 2 0 0 0 0
2646 2 0 0 0 0
2647 2 0 0 0 0
2648 2 0 0 0 0
2649 2 0 0 0 0
2650 2 0 0 0 0
2651 2 0 0 0 0
2652 2 0 0 0 0
2653 2 0 0 0 0
2654 2 0 0 0 0
2655 2 0 0 0 0
2656 2 0 0 0 0
2657 2 0 0 0 0
2658 2 0 0 0 0
2659 2 0 0 0 0
2660 2 0 0 0 0
2661 2 0 0 0 0
2662 2 0 0 0 0
2663 2 0 0 0 0
2664 2 0 0 0 0
2665 2 0 0 0 0
2666 2 0 0 0 0
2667 2 0 0 0 0
2668 2 0 0 0 0
2669 2 0 0 0 0
2670 2 0 0 2 0
2671 2 0 0 2 0
2672 2 0 0 2 0
2673 2 0 2 0 0
2674 2 0 2 0 0
2675 2 0 2 0 0
2676 2 0 2 0 0
2677 2 0 2 0 0
2678 2 0 2 0 0
2679 2 0 2 0 0
2680 2 0 2 0 0
2681 2 0 2 0 0
2682 2 0 2 0 0
2683 2 0 2 0 0
2684 2 0 2 0 0
2685 2 0 2 0 0
2686 2 0 2 0 0
2687 2 0 2 0 0
2688 2 0 2 0 0
2689 2 0 2 0 0
2690 0 0 2 0 0
2691 0 0 2 0 0
2692 0 0 2 0 0
2693 0 0 2 0 0
2694 0 0 2 0 0
2695 0 0 2 0 0
2696 0 0 2 0 0
2697 0 0 2 0 0
2698 0 0 2 0 0
2699 0 0 2 0 0
2700 0 0 2 0 0
2701 0 0 2 0 0
2702 0 0 2 0 0
2703 0 0 2 0 0
2704 0 0 2 0 0
2705 0 0 2 0 0
2706 0 0 2 0 0
2707 0 0 2 0 0
2708 0 0 2 0 0
2709 0 0 2 0 0
2710 0 0 2 0 0
2711 0 0 2 0 0
2712 0 0 2 0 0
2713 0 0 2 0 0
2714 0 0 2 0 0
2715 0 0 2 0 0
2716 0 0 2 0 0
2717 0 0 2 0 0
2718 0 0 2 0 0
2719 0 0 2 0 0
2720 0 0 2 0 0
2721 0 0 2 0 0
2722 0 0 2 0 0
2723 0 0 2 0 0
2724 0 0 2 0 0
2725 0 0 2 0 0
2726 0 0 2 0 0
2727 0 0 2 0 0
2728 0 0 2 0 0
2729 0 0 2 0 0
2730 0 0 2 0 0
2731 0 0 2 0 0
2732 0 0 2 0 0
2733 0 0 2 0 0
2734 0 0 2 0 0
2735 0 0 2 0 0
2736 0 0 2 0 0
2737 0 0 2 0 0
2738 0 0 2 0 0
2739 0 0 2 0 0
2740 0 0 2 0 0
2741 0 0 2 0 0
2742 0 0 2 0 0
2743 0 0 2 0 0
2744 0 0 2 0 0
2745 0 0 2 0 0
2746 0 0 2 0 0
2747 0 0 2 0 0
2748 0 0 2 0 0
2749 0 0 2 0 0
2750 0 0 2 0 0
2751 0 0 2 0 0
2752 0 0 2 0 0
2753 0 0 2 0 0
2754 0 0 2 0 0
2755 0 0 2 0 0
2756 0 0 2 0 0
2757 0 0 2 0 0
2758 0 0 2 0 0
2759 0 0 2 0 0
2760 0 0 2 0 0
2761 0 0 2 0 0
2762 0 0 2 0 0
2763 0 0 2 0 0
2764 0 0 2 0 0
2765 0 0 2 0 0
2766 0 0 2 0 0
2767 0 0 2 0 0
2768 0 0 2 0 0
2769 0 0 2 0 0
2770 0 0 2 0 0
2771 0 0 2 0 0
2772 0 0 2 0 0
2773 0 0 2 0 0
2774 0 0 2 0 0
2775 0 0 2 0 0
2776 0 0 2 0 0
2777 0 0 2 0 0
2778 0 0 2 0 0
2779 0 0 2 0 0
2780 0 0 2 0 0
2781 0 0 2 0 0
2782 0 0 2 0 0
2783 0 0 2 0 0
2784 0 0 2 0 0
2785 0 0 2 0 0
2786 0 0 2 0 0
2787 0 0 2 0 0
2788 0 0 2 0 0
2789 0 0 2 0 0
2790 5 0 2 0 0
2791 5 0 2 0 0
2792 5 0 2 0 0
2793 5 0 2 0 0
2794 5 0 2 0 0
2795 5 0 2 0 0
2796 5 0 2 0 0
2797 5 0 2 0 0
2798 5 0 2 0 0
2799 5 0 2 0 0
2800 5 0 2 0 0
2801 5 0 2 0 0
2802 5 0 2 0 0
2803 5 0 2 0 0
2804 5 0 2 0 0
2805 5 0 2 0 0
2806 5 0 2 0 0
2807 5 0 2 0 0
2808 5 0 2 0 0
2809 5 0 2 0 0
2810 5 0 2 0 0
2811 5 0 2 0 0
2812 5 0 2 0 0
2813 5 0 2 0 0
2814 5 0 2 0 0
2815 5 0 2 0 0
2816 5 0 2 0 0
2817 5 0 2 0 0
2818 5 0 2 0 0
2819 5 0 2 0 0
2820 5 0 2 0 0
2821 5 0 2 0 0
2822 5 0 2 0 0
2823 5 0 2 0 0
2824 5 0 2 0 0
2825 5 0 2 0 0
2826 5 0 2 0 0
2827 5 0 2 0 0
2828 5 0 2 0 0
2829 5 0 2 0 0
2830 5 0 2 0 0
2831 5 0 2 0 0
2832 5 0 2 0 0
2833 5 0 2 0 0
2834 5 0 2 0 0
2835 5 0 2 0 0
2836 5 0 2 0 0
2837 5 0 2 0 0
2838 5 0 2 0 0
2839 5 0 2 0 0
2840 5 0 2 0 0
2841 5 0 2 0 0
2842 5 0 2 0 0
2843 5 0 2 0 0
2844 5 0 2 0 0
2845 5 0 2 0 0
2846 5 0 2 0 0
2847 5 0 2 0 0
2848 5 0 2 0 0
2849 5 0 2 0 0
2850 5 0 2 0 0
2851 5 0 2 0 0
2852 5 0 2 0 0
2853 5 0 2 0 0
2854 5 0 2 0 0
2855 5 0 2 0 0
2856 5 0 2 0 0
2857 5 0 2 0 0
2858 5 0 2 0 0
2859 5 0 2 0 0
2860 5 0 2 0 0
2861 5 0 2 0 0
2862 5 0 2 0 0
2863 5 0 2 0 0
2864 5 0 2 0 0
2865 5 0 2 0 0
2866 5 0 2 0 0
2867 5 0 2 0 0
2868 5 0 2 0 0
2869 5 0 2 0 0
2870 5 0 2 0 0
2871 5 0 2 0 0
2872 5 0 2 0 0
2873 5 0 2 0 0
2874 5 0 2 0 0
2875 5 0 2 0 0
2876 5 0 2 0 0
2877 5 0 2 0 0
2878 5 0 2 0 0
2879 5 0 2 0 0
2880 5 0 2 0 0
2881 5 0 2 0 0
2882 5 0 2 0 0
2883 5 0 2 0 0
2884 5 0 2 0 0
2885 5 0 2 0 0
2886 5 0 2 0 0
2887 5 0 2 0 0
2888 5 0 2 0 0
2889 5 0 2 0 0
2890 5 0 2 0 0
2891 5 0 2 0 0
2892 5 0 2 0 0
2893 5 0 2 0 0
2894 5 0 2 0 0
2895 5 0 2 0 0
2896 5 0 2 0 0
2897 5 0 2 0 0
2898 5 0 2 0 0
2899 5 0 2 0 0
2900 5 0 2 0 0
2901 5 0 2 0 0
2902 5 0 2 0 0
2903 5 0 2 0 0
2904 5 0 2 0 0
2905 5 0 2 0 0
2906 5 0 2 0 0
2907 5 0 2 0 0
2908 5 0 2 0 0
2909 5 0 2 0 0
2910 5 0 2 0 0
2911 5 0 2 0 0
2912 5 0 2 0 0
2913 5 0 2 0 0
2914 5 0 2 0 0
2915 5 0 2 0 0
2916 5 0 2 0 0
2917 5 0 2 0 0
2918 5 0 2 0 0
2919 5 0 2 0 0
2920 5 0 2 0 0
2921 5 0 2 0 0
2922 5 0 2 0 0
2923 5 0 2 0 0
2924 5 0 2 0 0
2925 5 0 2 0 0
2926 5 0 2 0 0
2927 5 0 2 0 0
2928 5 0 2 0 0
2929 5 0 2 0 0
2930 5 0 2 0 0
2931 5 0 2 0 0
2932 5 0 2 0 0
2933 5 0 2 0 0
2934 5 0 2 0 0
2935 5 0 2 0 0
2936 5 0 2 0 0
2937 5 0 2 0 0
2938 5 0 2 0 0
2939 5 0 2 0 0
2940 5 0 2 0 0
2941 5 0 2 0 0
2942 5 0 2 0 0
2943 5 0 2 0 0
2944 5 0 2 0 0
2945 5 0 2 0 0
2946 5 0 2 0 0
2947 5 0 2 0 0
2948 5 0 2 0 0
2949 5 0 2 0 0
2950 5 0 2 0 0
2951 5 0 2 0 0
2952 5 0 2 0 0
2953 5 0 2 0 0
2954 5 0 2 0 0
2955 5 0 2 0 0
2956 5 0 2 0 0
2957 5 0 2 0 0
2958 5 0 2 0 0
2959 5 0 2 0 0
2960 5 0 2 0 0
2961 5 0 2 0 0
2962 5 0 2 0 0
2963 5 0 2 0 0
2964 5 0 2 0 0
2965 5 0 2 0 0
2966 5 0 2 0 0
2967 5 0 2 0 0
2968 5 0 2 0 0
2969 5 0 2 0 0
2970 5 0 2 0 1
2971 5 0 2 0 1
2972 5 0 2 0 1
2973 5 0 2 0 1
2974 5 0 2 0 1
2975 5 0 2 0 1
2976 5 0 2 0 1
2977 5 0 2 0 1
2978 5 0 2 0 1
2979 5 0 2 0 1
2980 5 0 2 0 1
2981 5 0 2 0 1
2982 5 0 2 0 1
2983 5 0 2 0 1
2984 5 0 2 0 1
2985 5 0 2 0 1
2986 5 0 2 0 1
2987 5 0 2 0 1
2988 5 0 2 0 1
2989 5 0 2 0 1
2990 5 0 2 0 1
2991 5 0 2 0 1
2992 5 0 2 0 1
2993 5 0 2 0 1
2994 5 0 2 0 1
2995 5 0 2 0 1
2996 5 0 2 0 1
2997 5 0 2 0 1
2998 5 0 2 0 1
2999 5 0 2 0 1
3000 5 0 2 0 1
3001 5 0 2 0 1
3002 5 0 2 0 1
3003 5 0 2 0 1
3004 5 0 2 0 1
3005 5 0 2 0 1
3006 5 0 2 0 1
3007 5 0 2 0 1
3008 5 0 2 0 1
3009 5 0 2 0 1
3010 5 0 2 0 1
3011 5 0 2 0 1
3012 5 0 2 0 1
3013 5 0 2 0 1
3014 5 0 2 0 1
3015 5 0 2 0 1
3016 5 0 2 0 1
3017 5 0 2 0 1
3018 5 0 2 0 1
3019 5 0 2 0 1
3020 5 0 2 0 2
3021 5 0 2 0 2
3022 5 0 2 0 2
3023 5 0 2 0 2
3024 5 0 2 0 2
3025 5 0 2 0 2
3026 5 0 2 0 2
3027 5 0 2 0 2
3028 5 0 2 0 2
3029 5 0 2 0 2
3030 5 0 2 0 2
3031 5 0 2 0 2
3032 5 0 2 0 2
3033 5 0 2 0 2
3034 5 0 2 0 2
3035 5 0 2 0 2
3036 5 0 2 0 2
3037 5 0 2 0 2
3038 5 0 2 0 2
3039 5 0 2 0 2
3040 5 0 2 0 2
3041 5 0 2 0 2
3042 5 0 2 0 2
3043 5 0 2 0 2
3044 5 0 2 0 2
3045 5 0 2 0 2
3046 5 0 2 0 2
3047 5 0 2 0 2
3048 5 0 2 0 2
3049 5 0 2 0 2
3050 5 0 2 0 2
3051 5 0 2 0 2
3052 5 0 2 0 2
3053 5 0 2 0 2
3054 5 0 2 0 2
3055 5 0 2 0 2
3056 5 0 2 0 2
3057 5 0 2 0 2
3058 5 0 2 0 2
3059 5 0 2 0 2
3060 5 0 2 0 2
3061 5 0 2 0 2
3062 5 0 2 0 2
3063 5 0 2 0 2
3064 5 0 2 0 2
3065 5 0 2 0 2
3066 5 0 2 0 2
3067 5 0 2 0 2
3068 5 0 2 0 2
3069 5 0 2 0 2
3070 5 0 2 0 2
3071 5 0 2 0 2
3072 5 0 2 0 2
3073 5 0 2 0 2
3074 5 0 2 0 2
3075 5 0 2 0 2
3076 5 0 2 0 2
3077 5 0 2 0 2
3078 5 0 2 0 2
3079 5 0 2 0 2
3080 0 0 2 0 2
3081 0 0 2 0 2
3082 0 0 2 0 2
3083 0 0 2 0 2
3084 0 0 2 0 2
3085 0 0 2 0 2
3086 0 0 2 0 2
3087 0 0 2 0 2
3088 0 0 2 0 2
3089 0 0 2 0 2
3090 0 0 2 0 2
3091 0 0 2 0 2
3092 0 0 2 0 2
3093 0 0 2 0 2
3094 0 0 2 0 2
3095 0 0 2 0 2
3096 0 0 2 0 2
3097 0 0 2 0 2
3098 0 0 2 0 2
3099 0 0 2 0 2
3100 0 0 2 0 2
3101 0 0 2 0 2
3102 0 0 2 0 2
3103 0 0 2 0 2
3104 0 0 2 0 2
3105 0 0 2 0 2
3106 0 0 2 0 2
3107 0 0 2 0 2
3108 0 0 2 0 2
3109 0 0 2 0 2
3110 0 0 2 0 2
3111 0 0 2 0 2
3112 0 0 2 0 2
3113 0 0 2 0 2
3114 0 0 2 0 2
3115 0 0 2 0 2
3116 0 0 2 0 2
3117 0 0 2 0 2
3118 0 0 2 0 2
3119 0 0 2 0 2
3120 0 0 2 0 2
3121 0 0 2 0 2
3122 0 0 2 0 2
3123 0 0 2 0 2
3124 0 0 2 0 2
3125 0 0 2 0 2
3126 0 0 2 0 2
3127 0 0 2 0 2
3128 0 0 2 0 2
3129 0 0 2 0 2
3130 0 0 2 0 2
3131 0 0 2 0 2
3132 0 0 2 0 2
3133 0 0 2 0 2
3134 0 0 2 0 2
3135 0 0 2 0 2
3136 0 0 2 0 2
3137 0 0 2 0 2
3138 0 0 2 0 2
3139 0 0 2 0 2
3140 0 0 2 0 2
3141 0 0 2 0 2
3142 0 0 2 0 2
3143 0 0 2 0 2
3144 0 0 2 0 2
3145 0 0 2 0 2
3146 0 0 2 0 2
3147 0 0 2 0 2
3148 0 0 2 0 2
3149 0 0 2 0 2
3150 0 0 2 0 2
3151 0 0 2 0 2
3152 0 0 2 0 2
3153 0 0 2 0 2
3154 0 0 2 0 2
3155 0 0 2 0 2
3156 0 0 2 0 2
3157 0 0 2 0 2
3158 0 0 2 0 2
3159 0 0 2 0 2
3160 0 0 2 0 2
3161 0 0 2 0 2
3162 0 0 2 0 2
3163 0 0 2 0 2
3164 0 0 2 0 2
3165 0 0 2 0 2
3166 0 0 2 0 2
3167 0 0 2 0 2
3168 0 0 2 0 2
3169 0 0 2 0 2
3170 0 0 2 0 2
3171 0 0 2 0 2
3172 0 0 2 0 2
3173 0 0 2 0 2
3174 0 0 2 0 2
3175 0 0 2 0 2
3176 0 0 2 0 2
3177 0 0 2 0 2
3178 0 0 2 0 2
3179 0 0 2 0 2
3180 2 0 2 0 2
3181 2 0 2 0 2
3182 2 0 2 0 2
3183 2 0 2 0 2
3184 2 0 2 0 2
3185 2 0 2 0 2
3186 2 0 2 0 2
3187 2 0 2 0 2
3188 2 0 2 0 2
3189 2 0 2 0 2
3190 2 0 2 0 2
3191 2 0 2 0 2
3192 2 0 2 0 2
3193 2 0 2 0 2
3194 2 0 2 0 2
3195 2 0 2 0 2
3196 2 0 2 0 2
3197 2 0 2 0 2
3198 2 0 2 0 2
3199 2 0 2 0 2
3200 2 0 0 2 2
3201 2 0 0 2 2
3202 2 0 0 2 2
3203 2 0 0 2 2
3204 2 0 0 2 2
3205 2 0 0 2 2
3206 2 0 0 2 2
3207 2 0 0 2 2
3208 2 0 0 2 2
3209 2 0 0 2 2
3210 2 0 0 2 2
3211 2 0 0 2 2
3212 2 0 0 2 2
3213 2 0 0 2 2
3214 2 0 0 2 2
3215 2 0 0 2 2
3216 2 0 0 2 2
3217 2 0 0 2 2
3218 2 0 0 2 2
3219 2 0 0 2 2
3220 2 0 0 2 2
3221 2 0 0 2 2
3222 2 0 0 2 2
3223 2 0 0 2 2
3224 2 0 0 2 2
3225 2 0 0 2 2
3226 2 0 0 2 2
3227 2 0 0 2 2
3228 2 0 0 0 2
3229 2 0 0 0 2
3230 2 0 0 0 2
3231 2 0 0 0 2
3232 2 0 0 0 2
3233 2 0 0 0 2
3234 2 0 0 0 2
3235 2 0 0 0 2
3236 2 0 0 0 2
3237 2 0 0 0 2
3238 2 0 0 0 2
3239 2 0 0 0 2
3240 2 0 0 0 2
3241 2 0 0 0 2
3242 2 0 0 0 2
3243 2 0 0 2 2
3244 2 0 0 2 2
3245 2 0 0 2 2
3246 2 0 0 2 2
3247 2 0 0 2 2
3248 2 0 0 2 2
3249 2 0 0 2 2
3250 2 0 0 2 2
3251 2 0 0 2 2
3252 2 0 0 2 2
3253 2 0 0 2 2
3254 2 0 0 2 2
3255 2 0 0 2 2
3256 2 0 0 2 2
3257 2 0 0 2 2
3258 2 0 0 0 2
3259 2 0 0 0 2
3260 2 0 0 0 2
3261 2 0 0 0 2
3262 2 0 0 0 2
3263 2 0 0 0 2
3264 2 0 0 0 2
3265 2 0 0 0 2
3266 2 0 0 0 2
3267 2 0 0 0 2
3268 2 0 0 0 2
3269 2 0 0 0 2
3270 2 0 0 0 2
3271 2 0 0 0 2
3272 2 0 0 0 2
3273 2 0 0 0 2
3274 2 0 0 0 2
3275 2 0 0 0 2
3276 2 0 0 0 2
3277 2 0 0 0 2
3278 2 0 0 0 2
3279 2 0 0 0 2
3280 2 0 0 0 2
3281 2 0 0 0 2
3282 2 0 0 0 2
3283 2 0 0 0 2
3284 2 0 0 0 2
3285 2 0 0 0 2
3286 2 0 0 0 2
3287 2 0 0 0 2
3288 2 0 0 0 2
3289 2 0 0 0 2
3290 2 0 0 5 2
3291 2 0 0 5 2
3292 2 0 0 5 2
3293 2 0 0 5 2
3294 2 0 0 5 2
3295 2 0 0 5 2
3296 2 0 0 5 2
3297 2 0 0 5 2
3298 2 0 0 5 2
3299 2 0 0 5 2
3300 2 0 0 5 2
3301 2 0 0 5 2
3302 2 0 0 5 2
3303 2 0 0 5 2
3304 2 0 0 5 2
3305 2 0 0 5 2
3306 2 0 0 5 2
3307 2 0 0 5 2
3308 2 0 0 5 2
3309 2 0 0 5 2
3310 2 0 0 5 2
3311 2 0 0 5 2
3312 2 0 0 5 2
3313 2 0 0 5 2
3314 2 0 0 5 2
3315 2 0 0 5 2
3316 2 0 0 5 2
3317 2 0 0 5 2
3318 2 0 0 5 2
3319 2 0 0 5 2
3320 2 0 0 5 2
3321 2 0 0 5 2
3322 2 0 0 5 2
3323 2 0 0 5 2
3324 2 0 0 5 2
3325 2 0 0 5 2
3326 2 0 0 5 2
3327 2 0 0 5 2
3328 2 0 0 5 2
3329 2 0 0 5 2
3330 2 0 0 5 2
3331 2 0 0 5 2
3332 2 0 0 5 2
3333 2 0 0 5 2
3334 2 0 0 5 2
3335 2 0 0 5 2
3336 2 0 0 5 2
3337 2 0 0 5 2
3338 2 0 0 5 2
3339 2 0 0 5 2
3340 2 0 0 5 2
3341 2 0 0 5 2
3342 2 0 0 5 2
3343 2 0 0 5 2
3344 2 0 0 5 2
3345 2 0 0 5 2
3346 2 0 0 5 2
3347 2 0 0 5 2
3348 2 0 0 5 0
3349 2 0 0 5 0
3350 2 0 0 5 0
3351 2 0 0 5 0
3352 2 0 0 5 0
3353 2 0 0 5 0
3354 2 0 0 5 0
3355 2 0 0 5 0
3356 2 0 0 5 0
3357 2 0 0 5 0
3358 2 0 0 5 0
3359 2 0 0 5 0
3360 2 0 0 0 0
3361 2 0 0 0 0
3362 2 0 0 0 0
3363 2 0 0 0 0
3364 2 0 0 0 0
3365 2 0 0 0 0
3366 2 0 0 0 0
3367 2 0 0 0 0
3368 2 0 0 0 0
3369 2 0 0 0 0
3370 2 0 0 0 0
3371 2 0 0 0 0
3372 2 0 0 0 0
3373 2 0 0 0 0
3374 2 0 0 0 0
3375 2 0 0 0 0
3376 2 0 0 0 0
3377 2 0 0 0 0
3378 2 0 0 0 0
3379 2 0 0 0 0
3380 2 0 0 0 0
3381 2 0 0 0 0
3382 2 0 0 0 0
3383 2 0 0 0 0
3384 2 0 0 0 0
3385 2 0 0 0 0
3386 2 0 0 0 0
3387 2 0 0 0 0
3388 2 0 0 0 0
3389 2 0 0 0 0
3390 2 0 0 0 0
3391 2 0 0 0 0
3392 2 0 0 0 0
3393 2 0 0 0 0
3394 2 0 0 0 0
3395 2 0 0 0 0
3396 2 0 0 0 0
3397 2 0 0 0 0
3398 2 0 0 0 0
3399 2 0 0 0 0
3400 2 0 0 0 0
3401 2 0 0 0 0
3402 2 0 0 0 0
3403 2 0 0 0 0
3404 2 0 0 0 0
3405 2 0 0 0 0
3406 2 0 0 0 0
3407 2 0 0 0 0
3408 2 0 0 0 0
3409 2 0 0 0 0
3410 2 0 0 0 0
3411 2 0 0 0 0
3412 2 0 0 0 0
3413 2 0 0 0 0
3414 2 0 0 0 0
3415 2 0 0 0 0
3416 2 0 0 0 0
3417 2 0 0 0 0
3418 2 0 0 0 0
3419 2 0 0 0 0
3420 2 0 0 0 0
3421 2 0 0 0 0
3422 2 0 0 0 0
3423 2 0 0 0 0
3424 2 0 0 0 0
3425 2 0 0 0 0
3426 2 0 0 0 0
3427 2 0 0 0 0
3428 2 0 0 0 0
3429 2 0 0 0 0
3430 2 0 0 0 0
3431 2 0 0 0 0
3432 2 0 0 0 0
3433 2 0 0 0 0
3434 2 0 0 0 0
3435 2 0 0 0 0
3436 2 0 0 0 0
3437 2 0 0 0 0
3438 2 0 0 0 0
3439 2 0 0 0 0
3440 2 0 0 0 0
3441 2 0 0 0 0
3442 2 0 0 0 0
3443 2 0 0 0 0
3444 2 0 0 0 0
3445 2 0 0 0 0
3446 2 0 0 0 0
3447 2 0 0 0 0
3448 2 0 0 0 0
3449 2 0 0 0 0
3450 2 0 0 0 0
3451 2 0 0 0 0
3452 2 0 0 0 0
3453 2 0 0 0 0
3454 2 0 0 0 0
3455 2 0 0 0 0
3456 2 0 0 0 0
3457 2 0 0 0 0
3458 2 0 0 0 0
3459 2 0 0 0 0
3460 2 0 0 0 0
3461 2 0 0 0 0
3462 2 0 0 0 0
3463 2 0 0 0 0
3464 2 0 0 0 0
3465 2 0 0 0 0
3466 2 0 0 0 0
3467 2 0 0 0 0
3468 2 0 0 0 0
3469 2 0 0 0 0
3470 2 0 0 0 0
3471 2 0 0 0 0
3472 2 0 0 0 0
3473 2 0 0 0 0
3474 2 0 0 0 0
3475 2 0 0 0 0
3476 2 0 0 0 0
3477 2 0 0 0 0
3478 2 0 0 0 0
3479 2 0 0 0 0
3480 2 0 0 0 0
3481 2 0 0 0 0
3482 2 0 0 0 0
3483 2 0 0 0 0
3484 2 0 0 0 0
3485 2 0 0 0 0
3486 2 0 0 0 0
3487 2 0 0 0 0
3488 2 0 0 0 0
3489 2 0 0 0 0
3490 2 0 0 0 0
3491 2 0 0 0 0
3492 2 0 0 0 0
3493 2 0 0 0 0
3494 2 0 0 0 0
3495 2 0 0 0 0
3496 2 0 0 0 0
3497 2 0 0 0 0
3498 2 0 0 0 0
3499 2 0 0 0 0
3500 2 0 0 0 0
3501 2 0 0 0 0
3502 2 0 0 0 0
3503 2 0 0 0 0
3504 2 0 0 0 0
3505 2 0 0 0 0
3506 2 0 0 0 0
3507 2 0 0 0 0
3508 2 0 0 0 0
3509 2 0 0 0 0
3510 2 0 0 0 0
3511 2 0 0 0 0
3512 2 0 0 0 0
3513 2 0 0 0 0
3514 2 0 0 0 0
3515 2 0 0 0 0
3516 2 0 0 0 0
3517 2 0 0 0 0
3518 2 0 0 0 0
3519 2 0 0 0 0
3520 2 0 0 0 0
3521 2 0 0 0 0
3522 2 0 0 0 0
3523 2 0 0 0 0
3524 2 0 0 0 0
3525 2 0 0 0 0
3526 2 0 0 0 0
3527 2 0 0 0 0
3528 2 0 0 0 0
3529 2 0 0 0 0
3530 2 0 0 0 0
3531 2 0 0 0 0
3532 2 0 0 0 0
3533 2 0 0 0 0
3534 2 0 0 0 0
3535 2 0 0 0 0
3536 2 0 0 0 0
3537 2 0 0 0 0
3538 2 0 0 0 0
3539 2 0 0 0 0
3540 2 0 0 2 0
3541 2 0 0 2 0
3542 2 0 0 2 0
3543 2 0 0 2 0
3544 2 0 0 2 0
3545 2 0 0 2 0
3546 2 0 0 2 0
3547 2 0 0 0 0
3548 2 0 0 0 0
3549 2 0 0 0 0
3550 2 0 0 0 0
3551 2 0 0 0 0
3552 2 0 0 0 0
3553 2 0 0 0 0
3554 2 0 0 0 0
3555 2 0 0 0 0
3556 2 0 0 0 0
3557 2 0 0 0 0
3558 2 0 0 0 0
3559 2 0 0 0 0
3560 2 0 2 0 0
3561 2 0 2 0 0
3562 2 0 2 0 0
3563 2 0 2 0 0
3564 2 0 2 0 0
3565 2 0 2 0 0
3566 2 0 2 0 0
3567 2 0 2 0 0
3568 2 0 2 0 0
3569 2 0 2 0 0
3570 0 2 2 0 0
3571 0 2 2 0 0
3572 0 2 2 0 0
3573 0 2 2 0 0
3574 0 2 2 0 0
3575 0 2 2 0 0
3576 0 0 2 0 0
3577 0 0 2 0 0
3578 0 0 2 0 0
3579 0 0 2 0 0
3580 0 0 2 0 0
3581 0 0 2 0 0
3582 0 0 2 0 0
3583 0 0 2 0 0
3584 0 0 2 0 0
3585 0 0 2 0 0
3586 0 0 2 0 0
3587 0 0 2 0 0
3588 0 0 2 0 0
3589 0 0 2 0 0
3590 0 0 2 0 0
3591 0 0 2 0 0
3592 0 0 2 0 0
3593 0 0 2 0 0
3594 0 0 2 0 0
3595 0 0 2 0 0
3596 0 0 2 0 0
3597 0 0 2 0 0
3598 0 0 2 0 0
3599 0 0 2 0 0
3600 0 0 2 0 0
3601 0 0 2 0 0
3602 0 0 2 0 0
3603 0 0 2 0 0
3604 0 0 2 0 0
3605 0 0 2 0 0
3606 0 0 2 0 0
3607 0 0 2 0 0
3608 0 0 2 0 0
3609 0 0 2 0 0
3610 0 0 2 0 0
3611 0 0 2 0 0
3612 0 0 2 0 0
3613 0 0 2 0 0
3614 0 0 2 0 0
3615 0 0 2 0 0
3616 0 0 2 0 0
3617 0 0 2 0 0
3618 0 0 2 0 0
3619 0 0 2 0 0
3620 0 0 2 0 0
3621 0 0 2 0 0
3622 0 0 2 0 0
3623 0 0 2 0 0
3624 0 0 2 0 0
3625 0 0 2 0 0
3626 0 0 2 0 0
3627 0 0 2 0 0
3628 0 0 2 0 0
3629 0 0 2 0 0
3630 0 0 2 0 0
3631 0 0 2 0 0
3632 0 0 2 0 0
3633 0 0 2 0 0
3634 0 0 2 0 0
3635 0 0 2 0 0
3636 0 0 2 0 0
3637 0 0 2 0 0
3638 0 0 2 0 0
3639 0 0 2 0 0
3640 0 0 2 0 0
3641 0 0 2 0 0
3642 0 0 2 0 0
3643 0 0 2 0 0
3644 0 0 2 0 0
3645 0 0 2 0 0
3646 0 0 2 0 0
3647 0 0 2 0 0
3648 0 0 2 0 0
3649 0 0 2 0 0
3650 0 0 2 0 0
3651 0 0 2 0 0
3652 0 0 2 0 0
3653 0 0 2 0 0
3654 0 0 2 0 0
3655 0 0 2 0 0
3656 0 0 2 0 0
3657 0 0 2 0 0
3658 0 0 2 0 0
3659 0 0 2 0 0
3660 0 0 2 0 0
3661 0 0 2 0 0
3662 0 0 2 0 0
3663 0 0 2 0 0
3664 0 0 2 0 0
3665 0 0 2 0 0
3666 0 0 2 0 0
3667 0 0 2 0 0
3668 0 0 2 0 0
3669 0 0 2 0 0
3670 5 0 2 0 0
3671 5 0 2 0 0
3672 5 0 2 0 0
3673 5 0 2 0 0
3674 5 0 2 0 0
3675 5 0 2 0 0
3676 5 0 2 0 0
3677 5 0 2 0 0
3678 5 0 2 0 0
3679 5 0 2 0 0
3680 5 0 2 0 0
3681 5 0 2 0 0
3682 5 0 2 0 0
3683 5 0 2 0 0
3684 5 0 2 0 0
3685 5 0 2 0 0
3686 5 0 2 0 0
3687 5 0 2 0 0
3688 5 0 2 0 0
3689 5 0 2 0 0
3690 5 0 2 0 0
3691 5 0 2 0 0
3692 5 0 2 0 0
3693 5 0 2 0 0
3694 5 0 2 0 0
3695 5 0 2 0 0
3696 5 0 2 0 0
3697 5 0 2 0 0
3698 5 0 2 0 0
3699 5 0 2 0 0
3700 5 0 2 0 0
3701 5 0 2 0 0
3702 5 0 2 0 0
3703 5 0 2 0 0
3704 5 0 2 0 0
3705 5 0 2 0 0
3706 5 0 2 0 0
3707 5 0 2 0 0
3708 5 0 2 0 0
3709 5 0 2 0 0
3710 5 0 2 0 0
3711 5 0 2 0 0
3712 5 0 2 0 0
3713 5 0 2 0 0
3714 5 0 2 0 0
3715 5 0 2 0 0
3716 5 0 2 0 0
3717 5 0 2 0 0
3718 5 0 2 0 0
3719 5 0 2 0 0
3720 5 0 2 0 0
3721 5 0 2 0 0
3722 5 0 2 0 0
3723 5 0 2 0 0
3724 5 0 2 0 0
3725 5 0 2 0 0
3726 5 0 2 0 0
3727 5 0 2 0 0
3728 5 0 2 0 0
3729 5 0 2 0 0
3730 5 0 2 0 0
3731 5 0 2 0 0
3732 5 0 2 0 0
3733 5 0 2 0 0
3734 5 0 2 0 0
3735 5 0 2 0 0
3736 5 0 2 0 0
3737 5 0 2 0 0
3738 5 0 2 0 0
3739 5 0 2 0 0
3740 5 0 2 0 0
3741 5 0 2 0 0
3742 5 0 2 0 0
3743 5 0 2 0 0
3744 5 0 2 0 0
3745 5 0 2 0 0
3746 5 0 2 0 0
3747 5 0 2 0 0
3748 5 0 2 0 0
3749 5 0 2 0 0
3750 5 0 2 0 0
3751 5 0 2 0 0
3752 5 0 2 0 0
3753 5 0 2 0 0
3754 5 0 2 0 0
3755 5 0 2 0 0
3756 5 0 2 0 0
3757 5 0 2 0 0
3758 5 0 2 0 0
3759 5 0 2 0 0
3760 5 0 2 0 0
3761 5 0 2 0 0
3762 5 0 2 0 0
3763 5 0 2 0 0
3764 5 0 2 0 0
3765 5 0 2 0 0
3766 5 0 2 0 0
3767 5 0 2 0 0
3768 5 0 2 0 0
3769 5 0 2 0 0
3770 5 0 2 0 0
3771 5 0 2 0 0
3772 5 0 2 0 0
3773 5 0 2 0 0
3774 5 0 2 0 0
3775 5 0 2 0 0
3776 5 0 2 0 0
3777 5 0 2 0 0
3778 5 0 2 0 0
3779 5 0 2 0 0
3780 5 0 2 0 0
3781 5 0 2 0 0
3782 5 0 2 0 0
3783 5 0 2 0 0
3784 5 0 2 0 0
3785 5 0 2 0 0
3786 5 0 2 0 2
3787 5 0 2 0 2
3788 5 0 2 0 2
3789 5 0 2 0 2
3790 5 0 2 0 2
3791 5 0 2 0 2
3792 5 0 2 0 2
3793 5 0 2 0 2
3794 5 0 2 0 2
3795 5 0 2 0 2
3796 5 0 2 0 2
3797 5 0 2 0 2
3798 5 0 2 0 2
3799 5 0 2 0 2
3800 5 0 2 0 2
3801 5 0 2 0 2
3802 5 0 2 0 2
3803 5 0 2 0 2
3804 5 0 2 0 2
3805 5 0 2 0 2
3806 5 0 2 0 2
3807 5 0 2 0 2
3808 5 0 2 0 2
3809 5 0 2 0 2
3810 5 0 2 0 2
3811 5 0 2 0 2
3812 5 0 2 0 2
3813 5 0 2 0 2
3814 5 0 2 0 2
3815 5 0 2 0 2
3816 5 0 2 0 2
3817 5 0 2 0 2
3818 5 0 2 0 2
3819 5 0 2 0 2
3820 5 0 2 0 2
3821 5 0 2 0 2
3822 5 0 2 0 2
3823 5 0 2 0 2
3824 5 0 2 0 2
3825 5 0 2 0 2
3826 5 0 2 0 2
3827 5 0 2 0 2
3828 5 0 2 0 2
3829 5 0 2 0 2
3830 5 0 2 0 2
3831 5 0 2 0 2
3832 5 0 2 0 2
3833 5 0 2 0 2
3834 5 0 2 0 2
3835 5 0 2 0 2
3836 5 0 2 0 2
3837 5 0 2 0 2
3838 5 0 2 0 2
3839 5 0 2 0 2
3840 5 0 2 0 2
3841 5 0 2 0 2
3842 5 0 2 0 2
3843 5 0 2 0 2
3844 5 0 2 0 2
3845 5 0 2 0 2
3846 5 0 2 0 2
3847 5 0 2 0 2
3848 5 0 2 0 2
3849 5 0 2 0 2
3850 5 0 2 0 2
3851 5 0 2 0 2
3852 5 0 2 0 2
3853 5 0 2 0 2
3854 5 0 2 0 2
3855 5 0 2 0 2
3856 5 0 2 0 2
3857 5 0 2 0 2
3858 5 0 2 0 2
3859 5 0 2 0 2
3860 5 0 2 0 2
3861 5 0 2 0 2
3862 5 0 2 0 2
3863 5 0 2 0 2
3864 5 0 2 0 2
3865 5 0 2 0 2
3866 5 0 2 0 2
3867 5 0 2 0 2
3868 5 0 2 0 2
3869 5 0 2 0 2
3870 5 0 2 0 2
3871 5 0 2 0 2
3872 5 0 2 0 2
3873 5 0 2 0 2
3874 5 0 2 0 2
3875 5 0 2 0 2
3876 5 0 2 0 2
3877 5 0 2 0 2
3878 5 0 2 0 2
3879 5 0 2 0 2
3880 5 0 2 0 2
3881 5 0 2 0 2
3882 5 0 2 0 2
3883 5 0 2 0 2
3884 5 0 2 0 2
3885 5 0 2 0 2
3886 5 0 2 0 2
3887 5 0 2 0 2
3888 5 0 2 0 2
3889 5 0 2 0 2
3890 5 0 2 0 2
3891 5 0 2 0 2
3892 5 0 2 0 2
3893 5 0 2 0 2
3894 5 0 2 0 2
3895 5 0 2 0 2
3896 5 0 2 0 2
3897 5 0 2 0 2
3898 5 0 2 0 2
3899 5 0 2 0 2
3900 5 0 2 0 2
3901 5 0 2 0 2
3902 5 0 2 0 2
3903 5 0 2 0 2
3904 5 0 2 0 2
3905 5 0 2 0 2
3906 5 0 2 0 2
3907 5 0 2 0 2
3908 5 0 2 0 2
3909 5 0 2 0 2
3910 5 0 2 0 2
3911 5 0 2 0 2
3912 5 0 2 0 2
3913 5 0 2 0 2
3914 5 0 2 0 2
3915 5 0 2 0 2
3916 5 0 2 0 2
3917 5 0 2 0 2
3918 5 0 2 0 2
3919 5 0 2 0 2
3920 0 0 2 0 2
3921 0 0 2 0 2
3922 0 0 2 0 2
3923 0 0 2 0 2
3924 0 0 2 0 2
3925 0 0 2 0 2
3926 0 0 2 0 2
3927 0 0 2 0 2
3928 0 0 2 0 2
3929 0 0 2 0 2
3930 0 0 2 0 2
3931 0 0 2 0 2
3932 0 0 2 0 2
3933 0 0 2 0 2
3934 0 0 2 0 2
3935 0 0 2 0 2
3936 0 0 2 0 2
3937 0 0 2 0 2
3938 0 0 2 0 2
3939 0 0 2 0 2
3940 0 0 2 0 2
3941 0 0 2 0 2
3942 0 0 2 0 2
3943 0 0 2 0 2
3944 0 0 2 0 2
3945 0 0 2 0 2
3946 0 0 2 0 2
3947 0 0 2 0 2
3948 0 0 2 0 2
3949 0 0 2 0 2
3950 0 0 2 0 2
3951 0 0 2 0 2
3952 0 0 2 0 2
3953 0 0 2 0 2
3954 0 0 2 0 2
3955 0 0 2 0 2
3956 0 0 2 0 2
3957 0 0 2 0 2
3958 0 0 2 0 2
3959 0 0 2 0 2
3960 0 0 2 0 2
3961 0 0 2 0 2
3962 0 0 2 0 2
3963 0 0 2 0 2
3964 0 0 2 0 2
3965 0 0 2 0 2
3966 0 0 2 0 2
3967 0 0 2 0 2
3968 0 0 2 0 2
3969 0 0 2 0 2
3970 0 0 2 0 2
3971 0 0 2 0 2
3972 0 0 2 0 2
3973 0 0 2 0 2
3974 0 0 2 0 2
3975 0 0 2 0 2
3976 0 0 2 0 2
3977 0 0 2 0 2
3978 0 0 2 0 2
3979 0 0 2 0 2
3980 0 0 2 0 2
3981 0 0 2 0 2
3982 0 0 2 0 2
3983 0 0 2 0 2
3984 0 0 2 0 2
3985 0 0 2 0 2
3986 0 0 2 0 2
3987 0 0 2 0 2
3988 0 0 2 0 2
3989 0 0 2 0 2
3990 0 0 2 0 2
3991 0 0 2 0 2
3992 0 0 2 0 2
3993 0 0 2 0 2
3994 0 0 2 0 2
3995 0 0 2 0 2
3996 0 0 2 0 2
3997 0 0 2 0 2
3998 0 0 2 0 2
3999 0 0 2 0 2
4000 0 0 2 0 2
4001 0 0 2 0 2
4002 0 0 2 0 2
4003 0 0 2 0 2
4004 0 0 2 0 2
4005 0 0 2 0 2
4006 0 0 2 0 2
4007 0 0 2 0 2
4008 0 0 2 0 2
4009 0 0 2 0 2
4010 0 0 2 0 2
4011 0 0 2 0 2
4012 0 0 2 0 2
4013 0 0 2 0 2
4014 0 0 2 0 2
4015 0 0 2 0 2
4016 0 0 2 0 2
4017 0 0 2 0 2
4018 0 0 2 0 2
4019 0 0 2 0 2
4020 2 0 2 0 2
4021 2 0 2 0 2
4022 2 0 2 0 2
4023 2 0 2 0 2
4024 2 0 2 0 2
4025 2 0 2 0 2
4026 2 0 2 0 2
4027 2 0 2 0 2
4028 2 0 2 0 2
4029 2 0 2 0 2
4030 2 0 2 0 2
4031 2 0 2 0 2
4032 2 0 2 0 2
4033 2 0 2 0 2
4034 2 0 2 0 2
4035 2 0 2 0 2
4036 2 0 2 0 2
4037 2 0 2 0 2
4038 2 0 2 0 2
4039 2 0 2 0 2
4040 2 0 0 0 2
4041 2 0 0 0 2
4042 2 0 0 0 2
4043 2 0 0 0 2
4044 2 0 0 0 2
4045 2 0 0 0 2
4046 2 0 0 0 2
4047 2 0 0 0 2
4048 2 0 0 0 2
4049 2 0 0 0 2
4050 2 0 0 0 2
4051 2 0 0 0 2
4052 2 0 0 0 2
4053 2 0 0 0 2
4054 2 0 0 0 2
4055 2 0 0 0 2
4056 2 0 0 0 2
4057 2 0 0 0 2
4058 2 0 0 0 2
4059 2 0 0 0 2
4060 2 0 0 0 2
4061 2 0 0 0 2
4062 2 0 0 0 2
4063 2 0 0 0 2
4064 2 0 0 0 2
4065 2 0 0 0 2
4066 2 0 0 0 2
4067 2 0 0 0 2
4068 2 0 0 0 2
4069 2 0 0 0 2
4070 2 0 0 0 2
4071 2 0 0 0 2
4072 2 0 0 0 2
4073 2 0 0 0 2
4074 2 0 0 0 2
4075 2 0 0 0 2
4076 2 0 0 0 2
4077 2 0 0 0 2
4078 2 0 0 0 2
4079 2 0 0 0 2
4080 2 0 0 0 2
4081 2 0 0 0 2
4082 2 0 0 0 2
4083 2 0 0 0 2
4084 2 0 0 0 2
4085 2 0 0 0 2
4086 2 0 0 0 2
4087 2 0 0 0 2
4088 2 0 0 0 2
4089 2 0 0 0 2
4090 2 0 0 0 2
4091 2 0 0 0 2
4092 2 0 0 0 2
4093 2 0 0 0 2
4094 2 0 0 0 2
4095 2 0 0 0 2
4096 2 0 0 0 2
4097 2 0 0 0 2
4098 2 0 0 0 2
4099 2 0 0 0 2
4100 2 0 0 0 2
4101 2 0 0 0 2
4102 2 0 0 0 2
4103 2 0 0 0 2
4104 2 0 0 0 2
4105 2 0 0 0 2
4106 2 0 0 0 2
4107 2 0 0 0 2
4108 2 0 0 0 2
4109 2 0 0 0 2
4110 2 0 0 0 2
4111 2 0 0 0 2
4112 2 0 0 0 2
4113 2 0 0 0 2
4114 2 0 0 0 2
4115 2 0 0 0 2
4116 2 0 0 0 2
4117 2 0 0 0 2
4118 2 0 0 0 2
4119 2 0 0 0 2
4120 2 0 0 0 2
4121 2 0 0 0 2
4122 2 0 0 0 2
4123 2 0 0 0 2
4124 2 0 0 0 2
4125 2 0 0 0 2
4126 2 0 0 0 2
4127 2 0 0 0 2
4128 2 0 0 0 2
4129 2 0 0 0 2
4130 2 0 0 0 2
4131 2 0 0 0 2
4132 2 0 0 0 2
4133 2 0 0 0 2
4134 2 0 0 0 2
4135 2 0 0 0 2
4136 2 0 0 0 2
4137 2 0 0 0 2
4138 2 0 0 0 2
4139 2 0 0 0 2
4140 2 0 0 0 2
4141 2 0 0 0 2
4142 2 0 0 0 2
4143 2 0 0 0 2
4144 2 0 0 0 2
4145 2 0 0 0 2
4146 2 0 0 0 2
4147 2 0 0 0 2
4148 2 0 0 0 2
4149 2 0 0 0 2
4150 2 0 0 0 2
4151 2 0 0 0 2
4152 2 0 0 0 2
4153 2 0 0 0 2
4154 2 0 0 0 2
4155 2 0 0 0 2
4156 2 0 0 0 2
4157 2 0 0 0 2
4158 2 0 0 0 2
4159 2 0 0 0 2
4160 2 0 0 0 0
4161 2 0 0 0 0
4162 2 0 0 0 0
4163 2 0 0 0 0
4164 2 0 0 0 0
4165 2 0 0 0 0
4166 2 0 0 0 0
4167 2 0 0 0 0
4168 2 0 0 0 0
4169 2 0 0 0 0
4170 2 0 0 0 0
4171 2 0 0 0 0
4172 2 0 0 0 0
4173 2 0 0 0 0
4174 2 0 0 0 0
4175 2 0 0 0 0
4176 2 0 0 0 0
4177 2 0 0 0 0
4178 2 0 0 0 0
4179 2 0 0 0 0
4180 2 0 0 0 0
4181 2 0 0 0 0
4182 2 0 0 0 0
4183 2 0 0 0 0
4184 2 0 0 0 0
4185 2 0 0 0 0
4186 2 0 0 0 0
