0 0 0 0 0 0
1 0 0 0 0 0
2 0 0 0 0 0
3 0 0 0 0 0
4 0 0 0 0 0
5 0 0 0 0 0
6 0 0 0 0 0
7 0 0 0 0 0
8 0 0 0 0 0
9 0 0 0 0 0
10 0 0 0 0 0
11 0 0 0 0 0
12 0 0 0 0 0
13 0 0 0 0 0
14 0 0 0 0 0
15 0 0 0 0 0
16 0 0 0 0 0
17 0 0 0 0 0
18 0 0 0 0 0
19 0 0 0 0 0
20 0 0 0 0 0
21 0 0 0 0 0
22 0 0 0 0 0
23 0 0 0 0 0
24 0 0 0 0 0
25 0 0 0 0 0
26 0 0 0 0 0
27 0 0 0 0 0
28 0 0 0 0 0
29 0 0 0 0 0
30 0 0 0 0 0
31 0 0 0 0 0
32 0 0 0 0 0
33 0 0 0 0 0
34 0 0 0 0 0
35 0 0 0 0 0
36 0 0 0 0 0
37 0 0 0 0 0
38 0 0 0 0 0
39 0 0 0 0 0
40 0 0 0 0 0
41 0 0 0 0 0
42 0 0 0 0 0
43 0 0 0 0 0
44 0 0 0 0 0
45 0 0 0 0 0
46 0 0 0 0 0
47 0 0 0 0 0
48 0 0 0 0 0
49 0 0 0 0 0
50 0 0 0 0 0
51 0 0 0 0 0
52 0 0 0 0 0
53 0 0 0 0 0
54 0 0 0 0 0
55 0 0 0 0 0
56 0 0 0 0 0
57 0 0 0 0 0
58 0 0 0 0 0
59 0 0 0 0 0
60 0 0 0 0 0
61 0 0 0 0 0
62 0 0 0 0 0
63 0 0 0 0 0
64 0 0 0 0 0
65 0 0 0 0 0
66 0 0 0 0 0
67 0 0 0 0 0
68 0 0 0 0 0
69 0 0 0 0 0
70 0 0 0 0 0
71 0 0 0 0 0
72 0 0 0 0 0
73 0 0 0 0 0
74 0 0 0 0 0
75 0 0 0 0 0
76 0 0 0 0 0
77 0 0 0 0 0
78 0 0 0 0 0
79 0 0 0 0 0
80 0 0 0 0 0
81 0 0 0 0 0
82 0 0 0 0 0
83 0 0 0 0 0
84 0 0 0 0 0
85 0 0 0 0 0
86 0 0 0 0 0
87 0 0 0 0 0
88 0 0 0 0 0
89 0 0 0 0 0
90 0 0 0 0 0
91 0 0 0 0 0
92 0 0 0 0 0
93 0 0 0 0 0
94 0 0 0 0 0
95 0 0 0 0 0
96 0 0 0 0 0
97 0 0 0 0 0
98 0 0 0 0 0
99 0 0 0 0 0
100 0 0 0 0 0
101 0 0 0 0 0
102 0 0 0 0 0
103 0 0 0 0 0
104 0 0 0 0 0
105 0 0 0 0 0
106 0 0 0 0 0
107 0 0 0 0 0
108 0 0 0 0 0
109 0 0 0 0 0
110 0 0 0 0 0
111 0 0 0 0 0
112 0 0 0 0 0
113 0 0 0 0 0
114 0 0 0 0 0
115 0 0 0 0 0
116 0 0 0 0 0
117 0 0 0 0 0
118 0 0 0 0 0
119 0 0 0 0 0
120 0 0 0 0 0
121 0 0 0 0 0
122 0 0 0 0 0
123 0 0 0 0 0
124 0 0 0 0 0
125 0 0 0 0 0
126 0 0 0 0 0
127 0 0 0 0 0
128 0 0 0 0 0
129 0 0 0 0 0
130 0 0 0 0 0
131 0 0 0 0 0
132 0 0 0 0 0
133 0 0 0 0 0
134 0 0 0 0 0
135 0 0 0 0 0
136 0 0 0 0 0
137 0 0 0 0 0
138 0 0 0 0 0
139 0 0 0 0 0
140 0 0 0 0 0
141 0 0 0 0 0
142 0 0 0 0 0
143 0 0 0 0 0
144 0 0 0 0 0
145 0 0 0 0 0
146 0 0 0 0 0
147 0 0 0 0 0
148 0 0 0 0 0
149 0 0 0 0 0
150 0 0 0 0 0
151 0 0 0 0 0
152 0 0 0 0 0
153 0 0 0 0 0
154 0 0 0 0 0
155 0 0 0 0 0
156 0 0 0 0 0
157 0 0 0 0 0
158 0 0 0 0 0
159 0 0 0 0 0
160 0 0 0 0 0
161 0 0 0 0 0
162 0 0 0 0 0
163 0 0 0 0 0
164 0 0 0 0 0
165 0 0 0 0 0
166 0 0 0 0 0
167 0 0 0 0 0
168 0 0 0 0 0
169 0 0 0 0 0
170 0 0 0 0 0
171 0 0 0 0 0
172 0 0 0 0 0
173 0 0 0 0 0
174 0 0 0 0 0
175 0 0 0 0 0
176 0 0 0 0 0
177 0 0 0 0 0
178 0 0 0 0 0
179 0 0 0 0 0
180 0 0 0 0 0
181 0 0 0 0 0
182 0 0 0 0 0
183 0 0 0 0 0
184 0 0 0 0 0
185 0 0 0 0 0
186 0 0 0 0 0
187 0 0 0 0 0
188 0 0 0 0 0
189 0 0 0 0 0
190 0 0 0 0 0
191 0 0 0 0 0
192 0 0 0 0 0
193 0 0 0 0 0
194 0 0 0 0 0
195 0 0 0 0 0
196 0 0 0 0 0
197 0 0 0 0 0
198 0 0 0 0 0
199 0 0 0 0 0
200 0 0 0 0 0
201 0 0 0 0 0
202 0 0 0 0 0
203 0 0 0 0 0
204 0 0 0 0 0
205 0 0 0 0 0
206 0 0 0 0 0
207 0 0 0 0 0
208 0 0 0 0 0
209 0 0 0 0 0
210 0 0 0 0 0
211 0 0 0 0 0
212 0 0 0 0 0
213 0 0 0 0 0
214 0 0 0 0 0
215 0 0 0 0 0
216 0 0 0 0 0
217 0 0 0 0 0
218 0 0 0 0 0
219 0 0 0 0 0
220 0 0 0 0 0
221 0 0 0 0 0
222 0 0 0 0 0
223 0 0 0 0 0
224 0 0 0 0 0
225 0 0 0 0 0
226 0 0 0 0 0
227 0 0 0 0 0
228 0 0 0 0 0
229 0 0 0 0 0
230 0 0 0 0 0
231 0 0 0 0 0
232 0 0 0 0 0
233 0 0 0 0 0
234 0 0 0 0 0
235 0 0 0 0 0
236 0 0 0 0 0
237 0 0 0 0 0
238 0 0 0 0 0
239 0 0 0 0 0
240 0 0 0 0 0
241 0 0 0 0 0
242 0 0 0 0 0
243 0 0 0 0 0
244 0 0 0 0 0
245 0 0 0 0 0
246 0 0 0 0 0
247 0 0 0 0 0
248 0 0 0 0 0
249 0 0 0 0 0
250 0 0 0 0 0
251 0 0 0 0 0
252 0 0 0 0 0
253 0 0 0 0 0
254 0 0 0 0 0
255 0 0 0 0 0
256 0 0 0 0 0
257 0 0 0 0 0
258 0 0 0 0 0
259 0 0 0 0 0
260 0 0 0 0 0
261 0 0 0 0 0
262 0 0 0 0 0
263 0 0 0 0 0
264 0 0 0 0 0
265 0 0 0 0 0
266 0 0 0 0 0
267 0 0 0 0 0
268 0 0 0 0 0
269 0 0 0 0 0
270 0 0 0 0 0
271 0 0 0 0 0
272 0 0 0 0 0
273 0 0 0 0 0
274 0 0 0 0 0
275 0 0 0 0 0
276 0 0 0 0 0
277 0 0 0 0 0
278 0 0 0 0 0
279 0 0 0 0 0
280 0 0 0 0 0
281 0 0 0 0 0
282 0 0 0 0 0
283 0 0 0 0 0
284 0 0 0 0 0
285 0 0 0 0 0
286 0 0 0 0 0
287 0 0 0 0 0
288 0 0 0 0 0
289 0 0 0 0 0
290 0 0 0 0 0
291 0 0 0 0 0
292 0 0 0 0 0
293 0 0 0 0 0
294 0 0 0 0 0
295 0 0 0 0 0
296 0 0 0 0 0
297 0 0 0 0 0
298 0 0 0 0 0
299 0 0 0 0 0
300 0 0 0 0 0
301 0 0 0 0 0
302 0 0 0 0 0
303 0 0 0 0 0
304 0 0 0 0 0
305 0 0 0 0 0
306 0 0 0 0 0
307 0 0 0 0 0
308 0 0 0 0 0
309 0 0 0 0 0
310 0 0 0 0 0
311 0 0 0 0 0
312 0 0 0 0 0
313 0 0 0 0 0
314 0 0 0 0 0
315 0 0 0 0 0
316 0 0 0 0 0
317 0 0 0 0 0
318 0 0 0 0 0
319 0 0 0 0 0
320 0 0 0 0 0
321 0 0 0 0 0
322 0 0 0 0 0
323 0 0 0 0 0
324 0 0 0 0 0
325 0 0 0 0 0
326 0 0 0 0 0
327 0 0 0 0 0
328 0 0 0 0 0
329 0 0 0 0 0
330 0 0 0 0 0
331 0 0 0 0 0
332 0 0 0 0 0
333 0 0 0 0 0
334 0 0 0 0 0
335 0 0 0 0 0
336 0 0 0 0 0
337 0 0 0 0 0
338 0 0 0 0 0
339 0 0 0 0 0
340 0 0 0 0 0
341 0 0 0 0 0
342 0 0 0 0 0
343 0 0 0 0 0
344 0 0 0 0 0
345 0 0 0 0 0
346 0 0 0 0 0
347 0 0 0 0 0
348 0 0 0 0 0
349 0 0 0 0 0
350 0 0 0 0 0
351 0 0 0 0 0
352 0 0 0 0 0
353 0 0 0 0 0
354 0 0 0 0 0
355 0 0 0 0 0
356 0 0 0 0 0
357 0 0 0 0 0
358 0 0 0 0 0
359 0 0 0 0 0
360 0 0 0 0 0
361 0 0 0 0 0
362 0 0 0 0 0
363 0 0 0 0 0
364 0 0 0 0 0
365 0 0 0 0 0
366 0 0 0 0 0
367 0 0 0 0 0
368 0 0 0 0 0
369 0 0 0 0 0
370 0 0 0 0 0
371 0 0 0 0 0
372 0 0 0 0 0
373 0 0 0 0 0
374 0 0 0 0 0
375 0 0 0 0 0
376 0 0 0 0 0
377 0 0 0 0 0
378 0 0 0 0 0
379 0 0 0 0 0
380 0 0 2 0 0
381 0 0 2 0 0
382 0 0 2 0 0
383 0 0 2 0 0
384 0 0 2 0 0
385 0 0 2 0 0
386 0 0 2 0 0
387 0 0 2 0 0
388 0 0 2 0 0
389 0 0 2 0 0
390 0 0 2 0 0
391 0 0 2 0 0
392 0 0 2 0 0
393 0 0 2 0 0
394 0 0 2 0 0
395 0 0 2 0 0
396 0 0 2 0 0
397 0 0 2 0 0
398 0 0 2 0 0
399 0 0 2 0 0
400 0 0 2 0 0
401 0 0 2 0 0
402 0 0 2 0 0
403 0 0 2 0 0
404 0 0 2 0 0
405 0 0 2 0 0
406 0 0 2 0 0
407 0 0 2 0 0
408 0 0 2 0 0
409 0 0 2 0 0
410 0 0 2 0 0
411 0 0 2 0 0
412 0 0 2 0 0
413 0 0 2 0 0
414 0 0 2 0 0
415 0 0 2 0 0
416 0 0 2 0 0
417 0 0 2 0 0
418 0 0 2 0 0
419 0 0 2 0 0
420 0 0 2 0 0
421 0 0 2 0 0
422 0 0 2 0 0
423 0 0 2 0 0
424 0 0 2 0 0
425 0 0 2 0 0
426 0 0 2 0 0
427 0 0 2 0 0
428 0 0 2 0 0
429 0 0 2 0 0
430 0 0 2 0 0
431 0 0 2 0 0
432 0 0 2 0 0
433 0 0 2 0 0
434 0 0 2 0 0
435 0 0 2 0 0
436 0 0 2 0 0
437 0 0 2 0 0
438 0 0 2 0 0
439 0 0 2 0 0
440 0 0 2 0 0
441 0 0 2 0 0
442 0 0 2 0 0
443 0 0 2 0 0
444 0 0 2 0 0
445 0 0 2 0 0
446 0 0 2 0 0
447 0 0 2 0 0
448 0 0 2 0 0
449 0 0 2 0 0
450 0 0 2 0 0
451 0 0 2 0 0
452 0 0 2 0 0
453 0 0 2 0 0
454 0 0 2 0 0
455 0 0 2 0 0
456 0 0 2 0 0
457 0 0 2 0 0
458 0 0 2 0 0
459 0 0 2 0 0
460 0 0 2 0 0
461 0 0 2 0 0
462 0 0 2 0 0
463 0 0 2 0 0
464 0 0 2 0 0
465 0 0 2 0 0
466 0 0 2 0 0
467 0 0 2 0 0
468 0 0 2 0 0
469 0 0 2 0 0
470 0 0 2 0 0
471 0 0 2 0 0
472 0 0 2 0 0
473 0 0 2 0 0
474 0 0 2 0 0
475 0 0 2 0 0
476 0 0 2 0 0
477 0 0 2 0 0
478 0 0 2 0 0
479 0 0 2 0 0
480 0 0 2 0 0
481 0 0 2 0 0
482 0 0 2 0 0
483 0 0 2 0 0
484 0 0 2 0 0
485 0 0 2 0 0
486 0 0 2 0 0
487 0 0 2 0 0
488 0 0 2 0 0
489 0 0 2 0 0
490 0 0 2 0 0
491 0 0 2 0 0
492 0 0 2 0 0
493 0 0 2 0 0
494 0 0 2 0 0
495 0 0 2 0 0
496 0 0 2 0 0
497 0 0 2 0 0
498 0 0 2 0 0
499 0 0 2 0 0
500 0 0 2 0 0
501 0 0 2 0 0
502 0 0 2 0 0
503 0 0 2 0 0
504 0 0 2 0 0
505 0 0 2 0 0
506 0 0 2 0 0
507 0 0 2 0 0
508 0 0 2 0 0
509 0 0 2 0 0
510 0 0 2 0 0
511 0 0 2 0 0
512 0 0 2 0 0
513 0 0 2 0 0
514 0 0 2 0 0
515 0 0 2 0 0
516 0 0 2 0 0
517 0 0 2 0 0
518 0 0 2 0 0
519 0 2 2 0 0
520 2 0 2 0 0
521 2 0 2 0 0
522 2 0 2 0 0
523 2 0 2 0 0
524 2 0 2 0 0
525 2 0 2 0 0
526 2 0 2 0 0
527 2 0 2 0 0
528 2 0 2 0 0
529 2 0 2 0 0
530 2 0 2 0 0
531 2 0 2 0 0
532 2 0 2 0 0
533 2 0 2 0 0
534 2 0 2 0 0
535 2 0 2 0 0
536 2 0 2 0 0
537 2 0 2 0 0
538 2 0 2 0 0
539 2 0 2 0 0
540 2 0 0 0 0
541 2 0 0 0 0
542 2 0 0 0 0
543 2 0 0 0 0
544 2 0 0 0 0
545 2 0 0 0 0
546 2 0 0 0 0
547 2 0 0 0 0
548 2 0 0 0 0
549 2 0 0 0 0
550 2 0 0 0 0
551 2 0 0 0 0
552 2 0 0 0 0
553 2 0 0 0 0
554 2 0 0 0 0
555 2 0 0 0 0
556 2 0 0 0 0
557 2 0 0 0 0
558 2 0 0 0 0
559 2 0 0 0 0
560 2 0 0 0 0
561 2 0 0 0 0
562 2 0 0 0 0
563 2 0 0 0 0
564 2 0 0 0 0
565 2 0 0 0 0
566 2 0 0 0 0
567 2 0 0 0 0
568 2 0 0 0 0
569 2 0 0 0 0
570 2 0 0 0 0
571 2 0 0 0 0
572 2 0 0 0 0
573 2 0 0 0 0
574 2 0 0 0 0
575 2 0 0 0 0
576 2 0 0 0 0
577 2 0 0 0 0
578 2 0 0 0 0
579 2 0 0 0 0
580 2 0 0 0 0
581 2 0 0 0 0
582 2 0 0 0 0
583 2 0 0 0 0
584 2 0 0 0 0
585 2 0 0 0 0
586 2 0 0 0 0
587 2 0 0 0 0
588 2 0 0 0 0
589 2 0 0 0 0
590 2 0 0 0 0
591 2 0 0 0 0
592 2 0 0 0 0
593 2 0 0 0 0
594 2 0 0 0 0
595 2 0 0 0 0
596 2 0 0 0 0
597 2 0 0 0 0
598 2 0 0 0 0
599 2 0 0 0 0
600 2 0 0 0 0
601 2 0 0 0 0
602 2 0 0 0 0
603 2 0 0 0 0
604 2 0 0 0 0
605 2 0 0 0 0
606 2 0 0 0 0
607 2 0 0 0 0
608 2 0 0 0 0
609 2 0 0 0 0
610 2 0 2 0 0
611 2 0 2 0 0
612 2 0 2 0 0
613 2 0 2 0 0
614 2 0 2 0 0
615 2 0 2 0 0
616 2 0 2 0 0
617 2 0 2 0 0
618 2 0 2 0 0
619 2 0 2 0 0
620 0 2 2 0 0
621 0 2 2 0 0
622 0 2 2 0 0
623 0 2 2 0 0
624 0 2 2 0 0
625 0 2 2 0 0
626 0 2 2 0 0
627 0 2 2 0 0
628 0 2 2 0 0
629 0 0 2 0 0
630 0 0 2 0 0
631 0 0 2 0 0
632 0 0 2 0 0
633 0 0 2 0 0
634 0 0 2 0 0
635 0 0 2 0 0
636 0 0 2 0 0
637 0 0 2 0 0
638 0 0 2 0 0
639 0 0 2 0 0
640 0 0 2 0 0
641 0 0 2 0 0
642 0 0 2 0 0
643 0 0 2 0 0
644 0 0 2 0 0
645 0 0 2 0 0
646 0 0 2 0 0
647 0 0 2 0 0
648 0 0 2 0 0
649 0 0 2 0 0
650 0 0 2 0 0
651 0 0 2 0 0
652 0 0 2 0 0
653 0 0 2 0 0
654 0 0 2 0 0
655 0 0 2 0 0
656 0 0 2 0 0
657 0 0 2 0 0
658 0 0 2 0 0
659 0 0 2 0 0
660 0 0 2 0 0
661 0 0 2 0 0
662 0 0 2 0 0
663 0 0 2 0 0
664 0 0 2 0 0
665 0 0 2 0 0
666 0 0 2 0 0
667 0 0 2 0 0
668 0 0 2 0 0
669 0 0 2 0 0
670 0 0 2 0 0
671 0 0 2 0 0
672 0 0 2 0 0
673 0 0 2 0 0
674 0 0 2 0 0
675 0 0 2 0 0
676 0 0 2 0 0
677 0 0 2 0 0
678 0 0 2 0 0
679 0 0 2 0 0
680 0 0 2 0 0
681 0 0 2 0 0
682 0 0 2 0 0
683 0 0 2 0 0
684 0 0 2 0 0
685 0 0 2 0 0
686 0 0 2 0 0
687 0 0 2 0 0
688 0 0 2 0 0
689 0 0 2 0 0
690 0 0 2 0 0
691 0 0 2 0 0
692 0 0 2 0 0
693 0 0 2 0 0
694 0 0 2 0 0
695 0 0 2 0 0
696 0 0 2 0 0
697 0 0 2 0 0
698 0 0 2 0 0
699 0 0 2 0 0
700 0 0 2 0 0
701 0 0 2 0 0
702 0 0 2 0 0
703 0 0 2 0 0
704 0 0 2 0 0
705 0 0 2 0 0
706 0 0 2 0 0
707 0 0 2 0 0
708 0 0 2 0 0
709 0 0 2 0 0
710 0 0 2 0 0
711 0 0 2 0 0
712 0 0 2 0 0
713 0 0 2 0 0
714 0 0 2 0 0
715 0 0 2 0 0
716 0 0 2 0 0
717 0 0 2 0 0
718 0 0 2 0 0
719 0 0 2 0 0
720 0 0 2 0 0
721 0 0 2 0 0
722 0 0 2 0 0
723 0 0 2 0 0
724 0 0 2 0 0
725 0 0 2 0 0
726 0 0 2 0 0
727 0 0 2 0 0
728 0 0 2 0 0
729 0 0 2 0 0
730 0 0 2 0 0
731 0 0 2 0 0
732 0 0 2 0 0
733 0 0 2 0 0
734 0 0 2 0 0
735 0 0 2 0 0
736 0 0 2 0 0
737 0 0 2 0 0
738 0 0 2 0 0
739 0 0 2 0 0
740 0 0 2 0 1
741 0 0 2 0 1
742 0 0 2 0 1
743 0 0 2 0 1
744 0 0 2 0 1
745 0 0 2 0 1
746 0 0 2 0 1
747 0 0 2 0 1
748 0 0 2 0 1
749 0 0 2 0 1
750 0 0 2 0 1
751 0 0 2 0 1
752 0 0 2 0 1
753 0 0 2 0 1
754 0 0 2 0 1
755 0 0 2 0 1
756 0 0 2 0 1
757 0 0 2 0 1
758 0 0 2 0 1
759 0 0 2 0 1
760 0 0 2 0 1
761 0 0 2 0 1
762 0 0 2 0 1
763 0 0 2 0 1
764 0 0 2 0 1
765 0 0 2 0 1
766 0 0 2 0 1
767 0 0 2 0 1
768 0 0 2 0 1
769 0 0 2 0 1
770 0 0 2 0 1
771 0 0 2 0 1
772 0 0 2 0 1
773 0 0 2 0 1
774 0 0 2 0 1
775 0 0 2 0 1
776 0 0 2 0 1
777 0 0 2 0 1
778 0 0 2 0 1
779 0 0 2 0 1
780 0 0 2 0 1
781 0 0 2 0 1
782 0 0 2 0 1
783 0 0 2 0 1
784 0 0 2 0 1
785 0 0 2 0 1
786 0 0 2 0 1
787 0 0 2 0 1
788 0 0 2 0 1
789 0 0 2 0 1
790 0 0 2 0 1
791 0 0 2 0 1
792 0 0 2 0 1
793 0 0 2 0 1
794 0 0 2 0 1
795 0 0 2 0 1
796 0 0 2 0 1
797 0 0 2 0 1
798 0 0 2 0 1
799 0 0 2 0 1
800 0 0 2 0 1
801 0 0 2 0 1
802 0 0 2 0 1
803 0 0 2 0 1
804 0 0 2 0 1
805 0 0 2 0 1
806 0 0 2 0 1
807 0 0 2 0 1
808 0 0 2 0 1
809 0 0 2 0 1
810 0 0 2 0 1
811 0 0 2 0 1
812 0 0 2 0 1
813 0 0 2 0 1
814 0 0 2 0 1
815 0 0 2 0 1
816 0 0 2 0 1
817 0 0 2 0 1
818 0 0 2 0 1
819 0 0 2 0 1
820 0 0 2 0 1
821 0 0 2 0 1
822 0 0 2 0 1
823 0 0 2 0 1
824 0 0 2 0 1
825 0 0 2 0 1
826 0 0 2 0 1
827 0 0 2 0 1
828 0 0 2 0 1
829 0 0 2 0 1
830 0 0 2 0 0
831 0 0 2 0 0
832 0 0 2 0 0
833 0 0 2 0 0
834 0 0 2 0 0
835 0 0 2 0 0
836 0 0 2 0 0
837 0 0 2 0 0
838 0 0 2 0 0
839 0 0 2 0 0
840 0 0 2 0 2
841 0 0 2 0 2
842 0 0 2 0 2
843 0 0 2 0 2
844 0 0 2 0 2
845 0 0 2 0 2
846 0 0 2 0 2
847 0 0 2 0 2
848 0 0 2 0 2
849 0 0 2 0 2
850 0 0 2 0 2
851 0 0 2 0 2
852 0 0 2 0 2
853 0 0 2 0 2
854 0 0 2 0 2
855 0 0 2 0 2
856 0 0 2 0 2
857 0 0 2 0 2
858 0 0 2 0 2
859 0 0 2 0 2
860 0 0 2 0 2
861 0 0 2 0 2
862 0 0 2 0 2
863 0 0 2 0 2
864 0 0 2 0 2
865 0 0 2 0 2
866 0 0 2 0 2
867 0 0 2 0 2
868 0 0 2 0 2
869 0 0 2 0 2
870 0 0 2 0 2
871 0 0 2 0 2
872 0 0 2 0 2
873 0 0 2 0 2
874 0 0 2 0 2
875 0 0 2 0 2
876 0 0 2 0 2
877 0 0 2 0 2
878 0 0 2 0 2
879 0 0 2 0 2
880 0 0 2 0 2
881 0 0 2 0 2
882 0 0 2 0 2
883 0 0 2 0 2
884 0 0 2 0 2
885 0 0 2 0 2
886 0 0 2 0 2
887 0 0 2 0 2
888 0 0 2 0 2
889 0 0 2 0 2
890 0 0 2 0 2
891 0 0 2 0 2
892 0 0 2 0 2
893 0 0 2 0 2
894 0 0 2 0 2
895 0 0 2 0 2
896 0 0 2 0 2
897 0 0 2 0 2
898 0 0 2 0 2
899 0 0 2 0 2
900 0 0 2 0 2
901 0 0 2 0 2
902 0 0 2 0 2
903 0 0 2 0 2
904 0 0 2 0 2
905 0 0 2 0 2
906 0 0 2 0 2
907 0 0 2 0 2
908 0 0 2 0 2
909 0 0 2 0 2
910 0 0 2 0 2
911 0 0 2 0 2
912 0 0 2 0 2
913 0 0 2 0 2
914 0 0 2 0 2
915 0 0 2 0 2
916 0 0 2 0 2
917 0 0 2 0 2
918 0 0 2 0 2
919 0 0 2 0 2
920 0 0 2 0 2
921 0 0 2 0 2
922 0 0 2 0 2
923 0 0 2 0 2
924 0 0 2 0 2
925 0 0 2 0 2
926 0 0 2 0 2
927 0 0 2 0 2
928 0 0 2 0 2
929 0 0 2 0 2
930 0 0 2 0 2
931 0 0 2 0 2
932 0 0 2 0 2
933 0 0 2 0 2
934 0 0 2 0 2
935 0 0 2 0 2
936 0 0 2 0 2
937 0 0 2 0 2
938 0 0 2 0 2
939 0 0 2 0 2
940 0 0 2 0 2
941 0 0 2 0 2
942 0 0 2 0 2
943 0 0 2 0 2
944 0 0 2 0 2
945 0 0 2 0 2
946 0 0 2 0 2
947 0 0 2 0 2
948 0 0 2 0 2
949 0 0 2 0 2
950 0 0 2 0 2
951 0 0 2 0 2
952 0 0 2 0 2
953 0 0 2 0 2
954 0 0 2 0 2
955 0 0 2 0 2
956 0 0 2 0 2
957 0 0 2 0 2
958 0 0 2 0 2
959 0 0 2 0 2
960 0 0 2 0 2
961 0 0 2 0 2
962 0 0 2 0 2
963 0 0 2 0 2
964 0 0 2 0 2
965 0 0 2 0 2
966 0 0 2 0 2
967 0 0 2 0 2
968 0 0 2 0 2
969 0 0 2 0 2
970 0 0 2 0 2
971 0 0 2 0 2
972 0 0 2 0 2
973 0 0 2 0 2
974 0 0 2 0 2
975 0 0 2 0 2
976 0 0 2 0 2
977 0 0 2 0 2
978 0 0 2 0 2
979 0 0 2 0 2
980 2 0 2 0 2
981 2 0 2 0 2
982 2 0 2 0 2
983 2 0 2 0 2
984 2 0 2 0 2
985 2 0 2 0 2
986 2 0 2 0 2
987 2 0 2 0 2
988 2 0 2 0 2
989 2 0 2 0 2
990 2 0 0 0 2
991 2 0 0 0 2
992 2 0 0 0 2
993 2 0 0 0 2
994 2 0 0 0 2
995 2 0 0 0 2
996 2 0 0 0 2
997 2 0 0 0 2
998 2 0 0 0 2
999 2 0 0 0 2
1000 2 0 0 0 2
1001 2 0 0 0 2
1002 2 0 0 0 2
1003 2 0 0 0 2
1004 2 0 0 0 2
1005 2 0 0 0 2
1006 2 0 0 0 2
1007 2 0 0 0 2
1008 2 0 0 0 2
1009 2 0 0 0 2
1010 2 0 0 0 2
1011 2 0 0 0 2
1012 2 0 0 0 2
1013 2 0 0 0 2
1014 2 0 0 0 2
1015 2 0 0 0 2
1016 2 0 0 0 2
1017 2 0 0 0 2
1018 2 0 0 0 2
1019 2 0 0 0 2
1020 2 0 0 0 2
1021 2 0 0 0 2
1022 2 0 0 0 2
1023 2 0 0 0 2
1024 2 0 0 0 2
1025 2 0 0 0 2
1026 2 0 0 0 2
1027 2 0 0 0 2
1028 2 0 0 0 2
1029 2 0 0 0 2
1030 2 0 0 0 2
1031 2 0 0 0 2
1032 2 0 0 0 2
1033 2 0 0 0 2
1034 2 0 0 0 2
1035 2 0 0 0 2
1036 2 0 0 0 2
1037 2 0 0 0 2
1038 2 0 0 0 2
1039 2 0 0 0 2
1040 2 0 0 0 2
1041 2 0 0 0 2
1042 2 0 0 0 2
1043 2 0 0 0 2
1044 2 0 0 0 2
1045 2 0 0 0 2
1046 2 0 0 0 2
1047 2 0 0 0 2
1048 2 0 0 0 2
1049 2 0 0 0 2
1050 2 0 0 0 2
1051 2 0 0 0 2
1052 2 0 0 0 2
1053 2 0 0 0 2
1054 2 0 0 0 2
1055 2 0 0 0 2
1056 2 0 0 0 2
1057 2 0 0 0 2
1058 2 0 0 0 2
1059 2 0 0 0 2
1060 2 0 0 0 2
1061 2 0 0 0 2
1062 2 0 0 0 2
1063 2 0 0 0 2
1064 2 0 0 0 2
1065 2 0 0 0 2
1066 2 0 0 0 2
1067 2 0 0 0 2
1068 2 0 0 0 2
1069 2 0 0 0 2
1070 2 0 0 0 2
1071 2 0 0 0 2
1072 2 0 0 0 2
1073 2 0 0 0 2
1074 2 0 0 0 2
1075 2 0 0 0 2
1076 2 0 0 0 2
1077 2 0 0 0 2
1078 2 0 0 0 2
1079 2 0 0 0 2
1080 2 0 0 0 2
1081 2 0 0 0 2
1082 2 0 0 0 2
1083 2 0 0 0 2
1084 2 0 0 0 2
1085 2 0 0 0 2
1086 2 0 0 0 2
1087 2 0 0 0 2
1088 2 0 0 0 2
1089 2 0 0 0 2
1090 2 0 0 0 2
1091 2 0 0 0 2
1092 2 0 0 0 2
1093 2 0 0 0 2
1094 2 0 0 0 2
1095 2 0 0 0 2
1096 2 0 0 0 2
1097 2 0 0 0 2
1098 2 0 0 0 2
1099 2 0 0 0 2
1100 2 0 0 0 2
1101 2 0 0 0 2
1102 2 0 0 0 2
1103 2 0 0 0 2
1104 2 0 0 0 2
1105 2 0 0 0 2
1106 2 0 0 0 2
1107 2 0 0 0 2
1108 2 0 0 0 2
1109 2 0 0 0 2
1110 2 0 0 0 2
1111 2 0 0 0 2
1112 2 0 0 0 2
1113 2 0 0 0 2
1114 2 0 0 0 2
1115 2 0 0 0 2
1116 2 0 0 0 2
1117 2 0 0 0 2
1118 2 0 0 0 2
1119 2 0 0 0 2
1120 2 0 0 0 2
1121 2 0 0 0 2
1122 2 0 0 0 2
1123 2 0 0 0 2
1124 2 0 0 0 2
1125 2 0 0 0 2
1126 2 0 0 0 2
1127 2 0 0 0 2
1128 2 0 0 0 2
1129 2 0 0 0 2
1130 2 0 0 0 2
1131 2 0 0 0 2
1132 2 0 0 0 2
1133 2 0 0 0 2
1134 2 0 0 0 2
1135 2 0 0 0 2
1136 2 0 0 0 2
1137 2 0 0 0 2
1138 2 0 0 0 2
1139 2 0 0 0 2
1140 2 0 0 0 2
1141 2 0 0 0 2
1142 2 0 0 0 2
1143 2 0 0 0 2
1144 2 0 0 0 2
1145 2 0 0 0 2
1146 2 0 0 0 2
1147 2 0 0 0 2
1148 2 0 0 0 2
1149 2 0 0 0 2
1150 2 0 0 0 2
1151 2 0 0 0 2
1152 2 0 0 0 2
1153 2 0 0 0 2
1154 2 0 0 0 2
1155 2 0 0 0 2
1156 2 0 0 0 2
1157 2 0 0 0 2
1158 2 0 0 0 2
1159 2 0 0 0 2
1160 2 0 0 0 2
1161 2 0 0 0 2
1162 2 0 0 0 2
1163 2 0 0 0 2
1164 2 0 0 0 2
1165 2 0 0 0 2
1166 2 0 0 0 2
1167 2 0 0 0 2
1168 2 0 0 0 2
1169 2 0 0 0 2
1170 2 0 0 0 2
1171 2 0 0 0 2
1172 2 0 0 0 2
1173 2 0 0 0 2
1174 2 0 0 0 2
1175 2 0 0 0 2
1176 2 0 0 0 2
1177 2 0 0 0 2
1178 2 0 0 0 2
1179 2 0 0 0 2
1180 2 0 0 0 2
1181 2 0 0 0 2
1182 2 0 0 0 2
1183 2 0 0 0 2
1184 2 0 0 0 2
1185 2 0 0 0 2
1186 2 0 0 0 2
1187 2 0 0 0 2
1188 2 0 0 0 2
1189 2 0 0 0 2
1190 2 0 0 0 2
1191 2 0 0 0 2
1192 2 0 0 0 2
1193 2 0 0 0 2
1194 2 0 0 0 2
1195 2 0 0 0 2
1196 2 0 0 0 2
1197 2 0 0 0 2
1198 2 0 0 0 2
1199 2 0 0 0 2
1200 2 0 0 0 2
1201 2 0 0 0 2
1202 2 0 0 0 2
1203 2 0 0 0 2
1204 2 0 0 0 2
1205 2 0 0 0 2
1206 2 0 0 0 2
1207 2 0 0 0 2
1208 2 0 0 0 2
1209 2 0 0 0 2
1210 2 0 0 5 2
1211 2 0 0 5 2
1212 2 0 0 5 2
1213 2 0 0 5 2
1214 2 0 0 5 2
1215 2 0 0 5 2
1216 2 0 0 5 2
1217 2 0 0 5 2
1218 2 0 0 5 2
1219 2 0 0 5 2
1220 2 0 0 5 2
1221 2 0 0 5 2
1222 2 0 0 5 2
1223 2 0 0 5 2
1224 2 0 0 5 2
1225 2 0 0 5 2
1226 2 0 0 5 2
1227 2 0 0 5 2
1228 2 0 0 5 2
1229 2 0 0 5 2
1230 2 0 0 5 2
1231 2 0 0 5 2
1232 2 0 0 5 2
1233 2 0 0 5 2
1234 2 0 0 5 2
1235 2 0 0 5 2
1236 2 0 0 5 2
1237 2 0 0 5 2
1238 2 0 0 5 2
1239 2 0 0 5 2
1240 2 0 0 5 2
1241 2 0 0 5 2
1242 2 0 0 5 2
1243 2 0 0 5 2
1244 2 0 0 5 2
1245 2 0 0 5 2
1246 2 0 0 5 2
1247 2 0 0 5 2
1248 2 0 0 5 2
1249 2 0 0 5 2
1250 2 0 0 5 2
1251 2 0 0 5 2
1252 2 0 0 5 2
1253 2 0 0 5 2
1254 2 0 0 5 2
1255 2 0 0 5 2
1256 2 0 0 5 2
1257 2 0 0 5 2
1258 2 0 0 5 2
1259 2 0 0 5 2
1260 2 0 0 5 2
1261 2 0 0 5 2
1262 2 0 0 5 2
1263 2 0 0 5 2
1264 2 0 0 5 2
1265 2 0 0 5 2
1266 2 0 0 5 2
1267 2 0 0 5 2
1268 2 0 0 5 2
1269 2 0 0 5 2
1270 2 0 0 0 0
1271 2 0 0 0 0
1272 2 0 0 0 0
1273 2 0 0 0 0
1274 2 0 0 0 0
1275 2 0 0 0 0
1276 2 0 0 0 0
1277 2 0 0 0 0
1278 2 0 0 0 0
1279 2 0 0 0 0
1280 2 0 0 0 0
1281 2 0 0 0 0
1282 2 0 0 0 0
1283 2 0 0 0 0
1284 2 0 0 0 0
1285 2 0 0 0 0
1286 2 0 0 0 0
1287 2 0 0 0 0
1288 2 0 0 0 0
1289 2 0 0 0 0
1290 2 0 0 0 0
1291 2 0 0 0 0
1292 2 0 0 0 0
1293 2 0 0 0 0
1294 2 0 0 0 0
1295 2 0 0 0 0
1296 2 0 0 0 0
1297 2 0 0 0 0
1298 2 0 0 0 0
1299 2 0 0 0 0
1300 2 0 0 0 0
1301 2 0 0 0 0
1302 2 0 0 0 0
1303 2 0 0 0 0
1304 2 0 0 0 0
1305 2 0 0 0 0
1306 2 0 0 0 0
1307 2 0 0 0 0
1308 2 0 0 0 0
1309 2 0 0 0 0
1310 2 0 0 0 0
1311 2 0 0 0 0
1312 2 0 0 0 0
1313 2 0 0 0 0
1314 2 0 0 0 0
1315 2 0 0 0 0
1316 2 0 0 0 0
1317 2 0 0 0 0
1318 2 0 0 0 0
1319 2 0 0 0 0
1320 2 0 0 0 0
1321 2 0 0 0 0
1322 2 0 0 0 0
1323 2 0 0 0 0
1324 2 0 0 0 0
1325 2 0 0 0 0
1326 2 0 0 0 0
1327 2 0 0 0 0
1328 2 0 0 0 0
1329 2 0 0 0 0
1330 2 0 0 0 0
1331 2 0 0 0 0
1332 2 0 0 0 0
1333 2 0 0 0 0
1334 2 0 0 0 0
1335 2 0 0 0 0
1336 2 0 0 0 0
1337 2 0 0 0 0
1338 2 0 0 0 0
1339 2 0 0 0 0
1340 2 0 0 0 0
1341 2 0 0 0 0
1342 2 0 0 0 0
1343 2 0 0 0 0
1344 2 0 0 0 0
1345 2 0 0 0 0
1346 2 0 0 0 0
1347 2 0 0 0 0
1348 2 0 0 0 0
1349 2 0 0 0 0
1350 2 0 0 0 0
1351 2 0 0 0 0
1352 2 0 0 0 0
1353 2 0 0 0 0
1354 2 0 0 0 0
1355 2 0 0 0 0
1356 2 0 0 0 0
1357 2 0 0 0 0
1358 2 0 0 0 0
1359 2 0 0 0 0
1360 2 0 0 0 0
1361 2 0 0 0 0
1362 2 0 0 0 0
1363 2 0 0 0 0
1364 2 0 0 0 0
1365 2 0 0 0 0
1366 2 0 0 0 0
1367 2 0 0 0 0
1368 2 0 0 0 0
1369 2 0 0 0 0
1370 2 0 0 0 0
1371 2 0 0 0 0
1372 2 0 0 0 0
1373 2 0 0 0 0
1374 2 0 0 0 0
1375 2 0 0 0 0
1376 2 0 0 0 0
1377 2 0 0 0 0
1378 2 0 0 0 0
1379 2 0 0 0 0
1380 2 0 2 0 0
1381 2 0 2 0 0
1382 2 0 2 0 0
1383 2 0 2 0 0
1384 2 0 2 0 0
1385 2 0 2 0 0
1386 2 0 2 0 0
1387 2 0 2 0 0
1388 2 0 2 0 0
1389 2 0 2 0 0
1390 0 0 2 0 0
1391 0 0 2 0 0
1392 0 0 2 0 0
1393 0 0 2 0 0
1394 0 2 2 0 0
1395 0 2 2 0 0
1396 0 2 2 0 0
1397 0 2 2 0 0
1398 0 2 2 0 0
1399 0 2 2 0 0
1400 0 0 2 0 0
1401 0 0 2 0 0
1402 0 0 2 0 0
1403 0 0 2 0 0
1404 0 0 2 0 0
1405 0 0 2 0 0
1406 0 0 2 0 0
1407 0 0 2 0 0
1408 0 0 2 0 0
1409 0 0 2 0 0
1410 0 0 2 0 0
1411 0 0 2 0 0
1412 0 0 2 0 0
1413 0 0 2 0 0
1414 0 0 2 0 0
1415 0 0 2 0 0
1416 0 0 2 0 0
1417 0 0 2 0 0
1418 0 0 2 0 0
1419 0 0 2 0 0
1420 0 0 2 0 0
1421 0 0 2 0 0
1422 0 0 2 0 0
1423 0 0 2 0 0
1424 0 0 2 0 0
1425 0 0 2 0 0
1426 0 0 2 0 0
1427 0 0 2 0 0
1428 0 0 2 0 0
1429 0 0 2 0 0
1430 0 0 2 0 0
1431 0 0 2 0 0
1432 0 0 2 0 0
1433 0 0 2 0 0
1434 0 0 2 0 0
1435 0 0 2 0 0
1436 0 0 2 0 0
1437 0 0 2 0 0
1438 0 0 2 0 0
1439 0 0 2 0 0
1440 0 0 2 0 0
1441 0 0 2 0 0
1442 0 0 2 0 0
1443 0 0 2 0 0
1444 0 0 2 0 0
1445 0 0 2 0 0
1446 0 0 2 0 0
1447 0 0 2 0 0
1448 0 0 2 0 0
1449 0 0 2 0 0
1450 0 0 2 0 0
1451 0 0 2 0 0
1452 0 0 2 0 0
1453 0 0 2 0 0
1454 0 0 2 0 0
1455 0 0 2 0 0
1456 0 0 2 0 0
1457 0 0 2 0 0
1458 0 0 2 0 0
1459 0 0 2 0 0
1460 0 0 2 0 0
1461 0 0 2 0 0
1462 0 0 2 0 0
1463 0 0 2 0 0
1464 0 0 2 0 0
1465 0 0 2 0 0
1466 0 0 2 0 0
1467 0 0 2 0 0
1468 0 0 2 0 0
1469 0 0 2 0 0
1470 5 0 2 0 0
1471 5 0 2 0 0
1472 5 0 2 0 0
1473 5 0 2 0 0
1474 5 0 2 0 0
1475 5 0 2 0 0
1476 5 0 2 0 0
1477 5 0 2 0 0
1478 5 0 2 0 0
1479 5 0 2 0 0
1480 5 0 2 0 0
1481 5 0 2 0 0
1482 5 0 2 0 0
1483 5 0 2 0 0
1484 5 0 2 0 0
1485 5 0 2 0 0
1486 5 0 2 0 0
1487 5 0 2 0 0
1488 5 0 2 0 0
1489 5 0 2 0 0
1490 5 0 2 0 0
1491 5 0 2 0 0
1492 5 0 2 0 0
1493 5 0 2 0 0
1494 5 0 2 0 0
1495 5 0 2 0 0
1496 5 0 2 0 0
1497 5 0 2 0 0
1498 5 0 2 0 0
1499 5 0 2 0 0
1500 5 0 2 0 0
1501 5 0 2 0 0
1502 5 0 2 0 0
1503 5 0 2 0 0
1504 5 0 2 0 0
1505 5 0 2 0 0
1506 5 0 2 0 0
1507 5 0 2 0 0
1508 5 0 2 0 0
1509 5 0 2 0 0
1510 5 0 2 0 0
1511 5 0 2 0 0
1512 5 0 2 0 0
1513 5 0 2 0 0
1514 5 0 2 0 0
1515 5 0 2 0 0
1516 5 0 2 0 0
1517 5 0 2 0 0
1518 5 0 2 0 0
1519 5 0 2 0 0
1520 5 0 2 0 0
1521 5 0 2 0 0
1522 5 0 2 0 0
1523 5 0 2 0 0
1524 5 0 2 0 0
1525 5 0 2 0 0
1526 5 0 2 0 0
1527 5 0 2 0 0
1528 5 0 2 0 0
1529 5 0 2 0 0
1530 5 0 2 0 0
1531 5 0 2 0 0
1532 5 0 2 0 0
1533 5 0 2 0 0
1534 5 0 2 0 0
1535 5 0 2 0 0
1536 5 0 2 0 0
1537 5 0 2 0 0
1538 5 0 2 0 0
1539 5 0 2 0 0
1540 5 0 2 0 0
1541 5 0 2 0 0
1542 5 0 2 0 0
1543 5 0 2 0 0
1544 5 0 2 0 0
1545 5 0 2 0 0
1546 5 0 2 0 0
1547 5 0 2 0 0
1548 5 0 2 0 0
1549 5 0 2 0 0
1550 5 0 2 0 0
1551 5 0 2 0 0
1552 5 0 2 0 0
1553 5 0 2 0 0
1554 5 0 2 0 0
1555 5 0 2 0 0
1556 5 0 2 0 0
1557 5 0 2 0 0
1558 5 0 2 0 0
1559 5 0 2 0 2
1560 5 0 2 0 1
1561 5 0 2 0 1
1562 5 0 2 0 1
1563 5 0 2 0 1
1564 5 0 2 0 1
1565 5 0 2 0 1
1566 5 0 2 0 1
1567 5 0 2 0 1
1568 5 0 2 0 1
1569 5 0 2 0 1
1570 5 0 2 0 2
1571 5 0 2 0 2
1572 5 0 2 0 2
1573 5 0 2 0 2
1574 5 0 2 0 2
1575 5 0 2 0 2
1576 5 0 2 0 2
1577 5 0 2 0 2
1578 5 0 2 0 2
1579 5 0 2 0 2
1580 5 0 2 0 2
1581 5 0 2 0 2
1582 5 0 2 0 2
1583 5 0 2 0 2
1584 5 0 2 0 2
1585 5 0 2 0 2
1586 5 0 2 0 2
1587 5 0 2 0 2
1588 5 0 2 0 2
1589 5 0 2 0 2
1590 5 0 2 0 2
1591 5 0 2 0 2
1592 5 0 2 0 2
1593 5 0 2 0 2
1594 5 0 2 0 2
1595 5 0 2 0 2
1596 5 0 2 0 2
1597 5 0 2 0 2
1598 5 0 2 0 2
1599 5 0 2 0 2
1600 0 0 2 0 2
1601 0 0 2 0 2
1602 0 0 2 0 2
1603 0 0 2 0 2
1604 0 0 2 0 2
1605 0 0 2 0 2
1606 0 0 2 0 2
1607 0 0 2 0 2
1608 0 0 2 0 2
1609 0 0 2 0 2
1610 0 0 2 0 2
1611 0 0 2 0 2
1612 0 0 2 0 2
1613 0 0 2 0 2
1614 0 0 2 0 2
1615 0 0 2 0 2
1616 0 0 2 0 2
1617 0 0 2 0 2
1618 0 0 2 0 2
1619 0 0 2 0 2
1620 0 0 2 0 2
1621 0 0 2 0 2
1622 0 0 2 0 2
1623 0 0 2 0 2
1624 0 0 2 0 2
1625 0 0 2 0 2
1626 0 0 2 0 2
1627 0 0 2 0 2
1628 0 0 2 0 2
1629 0 0 2 0 2
1630 0 0 2 0 2
1631 0 0 2 0 2
1632 0 0 2 0 2
1633 0 0 2 0 2
1634 0 0 2 0 2
1635 0 0 2 0 2
1636 0 0 2 0 2
1637 0 0 2 0 2
1638 0 0 2 0 2
1639 0 0 2 0 2
1640 0 0 2 0 2
1641 0 0 2 0 2
1642 0 0 2 0 2
1643 0 0 2 0 2
1644 0 0 2 0 2
1645 0 0 2 0 2
1646 0 0 2 0 2
1647 0 0 2 0 2
1648 0 0 2 0 2
1649 0 0 2 0 2
1650 0 0 2 0 2
1651 0 0 2 0 2
1652 0 0 2 0 2
1653 0 0 2 0 2
1654 0 0 2 0 2
1655 0 0 2 0 2
1656 0 0 2 0 2
1657 0 0 2 0 2
1658 0 0 2 0 2
1659 0 0 2 0 2
1660 0 0 2 0 2
1661 0 0 2 0 2
1662 0 0 2 0 2
1663 0 0 2 0 2
1664 0 0 2 0 2
1665 0 0 2 0 2
1666 0 0 2 0 2
1667 0 0 2 0 2
1668 0 0 2 0 2
1669 0 0 2 0 2
1670 0 0 2 0 2
1671 0 0 2 0 2
1672 0 0 2 0 2
1673 0 0 2 0 2
1674 0 0 2 0 2
1675 0 0 2 0 2
1676 0 0 2 0 2
1677 0 0 2 0 2
1678 0 0 2 0 2
1679 0 0 2 0 2
1680 2 0 2 0 2
1681 2 0 2 0 2
1682 2 0 2 0 2
1683 2 0 2 0 2
1684 2 0 2 0 2
1685 2 0 2 0 2
1686 2 0 2 0 2
1687 2 0 2 0 2
1688 2 0 2 0 2
1689 2 0 2 0 2
1690 2 0 0 0 2
1691 2 0 0 0 2
1692 2 0 0 0 2
1693 2 0 0 0 2
1694 2 0 0 0 2
1695 2 0 0 0 2
1696 2 0 0 0 2
1697 2 0 0 0 2
1698 2 0 0 0 2
1699 2 0 0 0 2
1700 2 0 0 0 2
1701 2 0 0 0 2
1702 2 0 0 0 2
1703 2 0 0 0 2
1704 2 0 0 0 2
1705 2 0 0 0 2
1706 2 0 0 0 2
1707 2 0 0 0 2
1708 2 0 0 0 2
1709 2 0 0 0 2
1710 2 0 0 0 2
1711 2 0 0 0 2
1712 2 0 0 0 2
1713 2 0 0 0 2
1714 2 0 0 0 2
1715 2 0 0 0 2
1716 2 0 0 0 2
1717 2 0 0 0 2
1718 2 0 0 0 2
1719 2 0 0 0 2
1720 2 0 0 0 2
1721 2 0 0 0 2
1722 2 0 0 0 2
1723 2 0 0 0 2
1724 2 0 0 0 2
1725 2 0 0 0 2
1726 2 0 0 0 2
1727 2 0 0 0 2
1728 2 0 0 0 2
1729 2 0 0 0 2
1730 2 0 0 0 2
1731 2 0 0 0 2
1732 2 0 0 0 2
1733 2 0 0 0 2
1734 2 0 0 0 2
1735 2 0 0 0 2
1736 2 0 0 0 2
1737 2 0 0 0 2
1738 2 0 0 0 2
1739 2 0 0 0 2
1740 2 0 0 0 2
1741 2 0 0 0 2
1742 2 0 0 0 2
1743 2 0 0 0 2
1744 2 0 0 0 2
1745 2 0 0 0 2
1746 2 0 0 0 2
1747 2 0 0 0 2
1748 2 0 0 0 2
1749 2 0 0 0 2
1750 2 0 0 0 2
1751 2 0 0 0 2
1752 2 0 0 0 2
1753 2 0 0 0 2
1754 2 0 0 0 2
1755 2 0 0 0 2
1756 2 0 0 0 2
1757 2 0 0 0 2
1758 2 0 0 0 2
1759 2 0 0 0 2
1760 2 0 0 0 2
1761 2 0 0 0 2
1762 2 0 0 0 2
1763 2 0 0 0 2
1764 2 0 0 0 2
1765 2 0 0 0 2
1766 2 0 0 0 2
1767 2 0 0 0 2
1768 2 0 0 0 2
1769 2 0 0 0 2
1770 2 0 0 0 2
1771 2 0 0 0 2
1772 2 0 0 0 2
1773 2 0 0 0 2
1774 2 0 0 0 2
1775 2 0 0 0 2
1776 2 0 0 0 2
1777 2 0 0 0 2
1778 2 0 0 0 2
1779 2 0 0 0 2
1780 2 0 0 0 0
1781 2 0 0 0 0
1782 2 0 0 0 0
1783 2 0 0 0 0
1784 2 0 0 0 0
1785 2 0 0 0 0
1786 2 0 0 0 0
1787 2 0 0 0 0
1788 2 0 0 0 0
1789 2 0 0 0 0
1790 2 0 0 0 0
1791 2 0 0 0 0
1792 2 0 0 0 0
1793 2 0 0 0 0
1794 2 0 0 0 0
1795 2 0 0 0 0
1796 2 0 0 0 0
1797 2 0 0 0 0
1798 2 0 0 0 0
1799 2 0 0 0 0
1800 2 0 0 0 0
1801 2 0 0 0 0
1802 2 0 0 0 0
1803 2 0 0 0 0
1804 2 0 0 0 0
1805 2 0 0 0 0
1806 2 0 0 0 0
1807 2 0 0 0 0
1808 2 0 0 0 0
1809 2 0 0 0 0
1810 2 0 0 0 0
1811 2 0 0 0 0
1812 2 0 0 0 0
1813 2 0 0 0 0
1814 2 0 0 0 0
1815 2 0 0 0 0
1816 2 0 0 0 0
1817 2 0 0 0 0
1818 2 0 0 0 0
1819 2 0 0 0 0
1820 2 0 0 0 0
1821 2 0 0 0 0
1822 2 0 0 0 0
1823 2 0 0 0 0
1824 2 0 0 0 0
1825 2 0 0 0 0
1826 2 0 0 0 0
1827 2 0 0 0 0
1828 2 0 0 0 0
1829 2 0 0 0 0
1830 2 0 0 0 0
1831 2 0 0 0 0
1832 2 0 0 0 0
1833 2 0 0 0 0
1834 2 0 0 0 0
1835 2 0 0 0 0
1836 2 0 0 0 0
1837 2 0 0 0 0
1838 2 0 0 0 0
1839 2 0 0 0 0
1840 2 0 0 0 0
1841 2 0 0 0 0
1842 2 0 0 0 0
1843 2 0 0 0 0
1844 2 0 0 0 0
1845 2 0 0 0 0
1846 2 0 0 0 0
1847 2 0 0 0 0
1848 2 0 0 0 0
1849 2 0 0 0 0
1850 2 0 0 2 0
1851 2 0 0 2 0
1852 2 0 0 2 0
1853 2 0 0 2 0
1854 2 0 0 2 0
1855 2 0 0 2 0
1856 2 0 0 2 0
1857 2 0 0 2 0
1858 2 0 0 2 0
1859 2 0 0 2 0
1860 2 0 0 2 0
1861 2 0 0 2 0
1862 2 0 0 2 0
1863 2 0 0 2 0
1864 2 0 0 2 0
1865 2 0 0 2 0
1866 2 0 0 2 0
1867 2 0 0 2 0
1868 2 0 0 2 0
1869 2 0 0 2 0
1870 2 0 0 2 0
1871 2 0 0 2 0
1872 2 0 0 2 0
1873 2 0 0 2 0
1874 2 0 0 2 0
1875 2 0 0 2 0
1876 2 0 0 2 0
1877 2 0 0 2 0
1878 2 0 0 2 0
1879 2 0 0 2 0
1880 2 0 2 0 0
1881 2 0 2 0 0
1882 2 0 2 0 0
1883 2 0 2 0 0
1884 2 0 2 0 0
1885 2 0 2 0 0
1886 2 0 2 0 0
1887 2 0 2 0 0
1888 2 0 2 0 0
1889 2 0 2 0 0
1890 0 0 2 0 0
1891 0 0 2 0 0
1892 0 0 2 0 0
1893 0 0 2 0 0
1894 0 0 2 0 0
1895 0 0 2 0 0
1896 0 0 2 0 0
1897 0 0 2 0 0
1898 0 0 2 0 0
1899 0 0 2 0 0
1900 0 0 2 0 0
1901 0 0 2 0 0
1902 0 0 2 0 0
1903 0 0 2 0 0
1904 0 0 2 0 0
1905 0 0 2 0 0
1906 0 0 2 0 0
1907 0 0 2 0 0
1908 0 0 2 0 0
1909 0 0 2 0 0
1910 0 0 2 0 0
1911 0 0 2 0 0
1912 0 0 2 0 0
1913 0 0 2 0 0
1914 0 0 2 0 0
1915 0 0 2 0 0
1916 0 0 2 0 0
1917 0 0 2 0 0
1918 0 0 2 0 0
1919 0 0 2 0 0
1920 0 0 2 0 0
1921 0 0 2 0 0
1922 0 0 2 0 0
1923 0 0 2 0 0
1924 0 0 2 0 0
1925 0 0 2 0 0
1926 0 0 2 0 0
1927 0 0 2 0 0
1928 0 0 2 0 0
1929 0 0 2 0 0
1930 0 0 2 0 0
1931 0 0 2 0 0
1932 0 0 2 0 0
1933 0 0 2 0 0
1934 0 0 2 0 0
1935 0 0 2 0 0
1936 0 0 2 0 0
1937 0 0 2 0 0
1938 0 0 2 0 0
1939 0 0 2 0 0
1940 0 0 2 0 0
1941 0 0 2 0 0
1942 0 0 2 0 0
1943 0 0 2 0 0
1944 0 0 2 0 0
1945 0 0 2 0 0
1946 0 0 2 0 0
1947 0 0 2 0 0
1948 0 0 2 0 0
1949 0 0 2 0 0
1950 5 0 2 0 0
1951 5 0 2 0 0
1952 5 0 2 0 0
1953 5 0 2 0 0
1954 5 0 2 0 0
1955 5 0 2 0 0
1956 5 0 2 0 0
1957 5 0 2 0 0
1958 5 0 2 0 0
1959 5 0 2 0 0
1960 5 0 2 0 0
1961 5 0 2 0 0
1962 5 0 2 0 0
1963 5 0 2 0 0
1964 5 0 2 0 0
1965 5 0 2 0 0
1966 5 0 2 0 0
1967 5 0 2 0 0
1968 5 0 2 0 0
1969 5 0 2 0 0
1970 5 0 2 0 0
1971 5 0 2 0 0
1972 5 0 2 0 0
1973 5 0 2 0 0
1974 5 0 2 0 0
1975 5 0 2 0 0
1976 5 0 2 0 0
1977 5 0 2 0 0
1978 5 0 2 0 0
1979 5 0 2 0 0
1980 5 0 2 0 0
1981 5 0 2 0 0
1982 5 0 2 0 0
1983 5 0 2 0 0
1984 5 0 2 0 0
1985 5 0 2 0 0
1986 5 0 2 0 0
1987 5 0 2 0 0
1988 5 0 2 0 0
1989 5 0 2 0 0
1990 5 0 2 0 0
1991 5 0 2 0 0
1992 5 0 2 0 0
1993 5 0 2 0 0
1994 5 0 2 0 0
1995 5 0 2 0 0
1996 5 0 2 0 0
1997 5 0 2 0 0
1998 5 0 2 0 0
1999 5 0 2 0 0
2000 5 0 2 0 0
2001 5 0 2 0 0
2002 5 0 2 0 0
2003 5 0 2 0 0
2004 5 0 2 0 0
2005 5 0 2 0 0
2006 5 0 2 0 0
2007 5 0 2 0 0
2008 5 0 2 0 0
2009 5 0 2 0 0
2010 5 0 2 0 0
2011 5 0 2 0 0
2012 5 0 2 0 0
2013 5 0 2 0 0
2014 5 0 2 0 0
2015 5 0 2 0 0
2016 5 0 2 0 0
2017 5 0 2 0 0
2018 5 0 2 0 0
2019 5 0 2 0 0
2020 5 0 2 0 0
2021 5 0 2 0 0
2022 5 0 2 0 0
2023 5 0 2 0 0
2024 5 0 2 0 0
2025 5 0 2 0 0
2026 5 0 2 0 0
2027 5 0 2 0 0
2028 5 0 2 0 0
2029 5 0 2 0 0
2030 5 0 2 0 0
2031 5 0 2 0 0
2032 5 0 2 0 0
2033 5 0 2 0 0
2034 5 0 2 0 0
2035 5 0 2 0 0
2036 5 0 2 0 0
2037 5 0 2 0 0
2038 5 0 2 0 0
2039 5 0 2 0 0
2040 5 0 2 0 0
2041 5 0 2 0 0
2042 5 0 2 0 0
2043 5 0 2 0 0
2044 5 0 2 0 0
2045 5 0 2 0 0
2046 5 0 2 0 0
2047 5 0 2 0 0
2048 5 0 2 0 0
2049 5 0 2 0 0
2050 5 0 2 0 0
2051 5 0 2 0 0
2052 5 0 2 0 0
2053 5 0 2 0 0
2054 5 0 2 0 0
2055 5 0 2 0 0
2056 5 0 2 0 0
2057 5 0 2 0 0
2058 5 0 2 0 0
2059 5 0 2 0 0
2060 5 0 2 0 1
2061 5 0 2 0 1
2062 5 0 2 0 1
2063 5 0 2 0 1
2064 5 0 2 0 1
2065 5 0 2 0 1
2066 5 0 2 0 1
2067 5 0 2 0 1
2068 5 0 2 0 1
2069 5 0 2 0 1
2070 5 0 2 0 1
2071 5 0 2 0 1
2072 5 0 2 0 1
2073 5 0 2 0 1
2074 5 0 2 0 1
2075 5 0 2 0 1
2076 5 0 2 0 1
2077 5 0 2 0 1
2078 5 0 2 0 1
2079 5 0 2 0 1
2080 5 0 2 0 1
2081 5 0 2 0 1
2082 5 0 2 0 1
2083 5 0 2 0 1
2084 5 0 2 0 1
2085 5 0 2 0 1
2086 5 0 2 0 1
2087 5 0 2 0 1
2088 5 0 2 0 1
2089 5 0 2 0 1
2090 5 0 2 0 2
2091 5 0 2 0 2
2092 5 0 2 0 0
2093 5 0 2 0 0
2094 5 0 2 0 0
2095 5 0 2 0 0
2096 5 0 2 0 0
2097 5 0 2 0 0
2098 5 0 2 0 0
2099 5 0 2 0 0
2100 5 0 2 0 0
2101 5 0 2 0 0
2102 5 0 2 0 0
2103 5 0 2 0 0
2104 5 0 2 0 0
2105 5 0 2 0 0
2106 5 0 2 0 0
2107 5 0 2 0 0
2108 5 0 2 0 0
2109 5 0 2 0 0
2110 5 0 2 0 0
2111 5 0 2 0 0
2112 5 0 2 0 0
2113 5 0 2 0 0
2114 5 0 2 0 0
2115 5 0 2 0 0
2116 5 0 2 0 0
2117 5 0 2 0 0
2118 5 0 2 0 0
2119 5 0 2 0 0
2120 5 0 2 0 0
2121 5 0 2 0 0
2122 5 0 2 0 0
2123 5 0 2 0 0
2124 5 0 2 0 0
2125 5 0 2 0 0
2126 5 0 2 0 0
2127 5 0 2 0 0
2128 5 0 2 0 0
2129 5 0 2 0 0
2130 5 0 2 0 0
2131 5 0 2 0 0
2132 5 0 2 0 0
2133 5 0 2 0 0
2134 5 0 2 0 0
2135 5 0 2 0 0
2136 5 0 2 0 0
2137 5 0 2 0 0
2138 5 0 2 0 0
2139 5 0 2 0 0
2140 5 0 2 0 0
2141 5 0 2 0 0
2142 5 0 2 0 0
2143 5 0 2 0 0
2144 5 0 2 0 0
2145 5 0 2 0 0
2146 5 0 2 0 0
2147 5 0 2 0 0
2148 5 0 2 0 0
2149 5 0 2 0 0
2150 5 0 2 0 0
2151 5 0 2 0 0
2152 5 0 2 0 0
2153 5 0 2 0 0
2154 5 0 2 0 0
2155 5 0 2 0 0
2156 5 0 2 0 0
2157 5 0 2 0 0
2158 5 0 2 0 0
2159 5 0 2 0 0
2160 5 0 2 0 0
2161 5 0 2 0 0
2162 5 0 2 0 0
2163 5 0 2 0 0
2164 5 0 2 0 0
2165 5 0 2 0 0
2166 5 0 2 0 0
2167 5 0 2 0 0
2168 5 0 2 0 0
2169 5 0 2 0 0
2170 5 0 2 0 1
2171 5 0 2 0 1
2172 5 0 2 0 1
2173 5 0 2 0 1
2174 5 0 2 0 1
2175 5 0 2 0 1
2176 5 0 2 0 1
2177 5 0 2 0 1
2178 5 0 2 0 1
2179 5 0 2 0 1
2180 5 0 2 0 0
2181 5 0 2 0 0
2182 5 0 2 0 0
2183 5 0 2 0 0
2184 5 0 2 0 0
2185 5 0 2 0 0
2186 5 0 2 0 0
2187 5 0 2 0 0
2188 5 0 2 0 0
2189 5 0 2 0 0
2190 5 0 2 0 0
2191 5 0 2 0 0
2192 5 0 2 0 0
2193 5 0 2 0 0
2194 5 0 2 0 0
2195 5 0 2 0 0
2196 5 0 2 0 0
2197 5 0 2 0 0
2198 5 0 2 0 0
2199 5 0 2 0 0
2200 5 0 2 0 0
2201 5 0 2 0 0
2202 5 0 2 0 0
2203 5 0 2 0 0
2204 5 0 2 0 0
2205 5 0 2 0 0
2206 5 0 2 0 0
2207 5 0 2 0 0
2208 5 0 2 0 0
2209 5 0 2 0 0
2210 5 0 2 0 0
2211 5 0 2 0 0
2212 5 0 2 0 0
2213 5 0 2 0 0
2214 5 0 2 0 0
2215 5 0 2 0 0
2216 5 0 2 0 0
2217 5 0 2 0 0
2218 5 0 2 0 0
2219 5 0 2 0 0
2220 5 0 2 0 0
2221 5 0 2 0 0
2222 5 0 2 0 0
2223 5 0 2 0 0
2224 5 0 2 0 0
2225 5 0 2 0 0
2226 5 0 2 0 0
2227 5 0 2 0 2
2228 5 0 2 0 2
2229 5 0 2 0 2
2230 5 0 2 0 2
2231 5 0 2 0 2
2232 5 0 2 0 2
2233 5 0 2 0 2
2234 5 0 2 0 2
2235 5 0 2 0 2
2236 5 0 2 0 2
2237 5 0 2 0 2
2238 5 0 2 0 2
2239 5 0 2 0 2
2240 5 0 2 0 2
2241 5 0 2 0 2
2242 5 0 2 0 2
2243 5 0 2 0 2
2244 5 0 2 0 2
2245 5 0 2 0 2
2246 5 0 2 0 2
2247 5 0 2 0 2
2248 5 0 2 0 2
2249 5 0 2 0 2
2250 5 0 2 0 2
2251 5 0 2 0 2
2252 5 0 2 0 2
2253 5 0 2 0 2
2254 5 0 2 0 2
2255 5 0 2 0 2
2256 5 0 2 0 2
2257 5 0 2 0 2
2258 5 0 2 0 2
2259 5 0 2 0 2
2260 5 0 2 0 2
2261 5 0 2 0 2
2262 5 0 2 0 2
2263 5 0 2 0 2
2264 5 0 2 0 2
2265 5 0 2 0 2
2266 5 0 2 0 2
2267 5 0 2 0 2
2268 5 0 2 0 2
2269 5 0 2 0 2
2270 0 0 2 0 2
2271 0 0 2 0 2
2272 0 0 2 0 2
2273 0 0 2 0 2
2274 0 0 2 0 2
2275 0 0 2 0 2
2276 0 0 2 0 2
2277 0 0 2 0 2
2278 0 0 2 0 2
2279 0 0 2 0 2
2280 0 0 2 0 2
2281 0 0 2 0 2
2282 0 0 2 0 2
2283 0 0 2 0 2
2284 0 0 2 0 2
2285 0 0 2 0 2
2286 0 0 2 0 2
2287 0 0 2 0 2
2288 0 0 2 0 2
2289 0 0 2 0 2
2290 0 0 2 0 2
2291 0 0 2 0 2
2292 0 0 2 0 2
2293 0 0 2 0 2
2294 0 0 2 0 2
2295 0 0 2 0 2
2296 0 0 2 0 2
2297 0 0 2 0 2
2298 0 0 2 0 2
2299 0 0 2 0 2
2300 0 0 2 0 2
2301 0 0 2 0 2
2302 0 0 2 0 2
2303 0 0 2 0 2
2304 0 0 2 0 2
2305 0 0 2 0 2
2306 0 0 2 0 2
2307 0 0 2 0 2
2308 0 0 2 0 2
2309 0 0 2 0 2
2310 0 0 2 0 2
2311 0 0 2 0 2
2312 0 0 2 0 2
2313 0 0 2 0 2
2314 0 0 2 0 2
2315 0 0 2 0 2
2316 0 0 2 0 2
2317 0 0 2 0 2
2318 0 0 2 0 2
2319 0 0 2 0 2
2320 0 2 2 0 2
2321 0 2 2 0 2
2322 0 2 2 0 2
2323 0 2 2 0 2
2324 0 2 2 0 2
2325 0 2 2 0 2
2326 0 2 2 0 2
2327 0 2 2 0 2
2328 0 2 2 0 2
2329 0 2 2 0 2
2330 0 2 2 0 2
2331 0 2 2 0 2
2332 0 2 2 0 2
2333 0 2 2 0 2
2334 0 2 2 0 2
2335 0 2 2 0 2
2336 0 2 2 0 2
2337 0 2 2 0 2
2338 0 2 2 0 2
2339 0 2 2 0 2
2340 0 0 2 0 2
2341 0 0 2 0 2
2342 0 0 2 0 2
2343 0 0 2 0 2
2344 0 0 2 0 2
2345 0 0 2 0 2
2346 0 0 2 0 2
2347 0 0 2 0 2
2348 0 0 2 0 2
2349 0 0 2 0 2
2350 2 0 2 0 2
2351 2 0 2 0 2
2352 2 0 2 0 2
2353 2 0 2 0 2
2354 2 0 2 0 2
2355 2 0 2 0 2
2356 2 0 2 0 2
2357 2 0 2 0 2
2358 2 0 2 0 2
2359 2 0 2 0 2
2360 2 0 0 2 2
2361 2 0 0 2 2
2362 2 0 0 2 2
2363 2 0 0 2 2
2364 2 0 0 2 2
2365 2 0 0 2 2
2366 2 0 0 2 2
2367 2 0 0 2 2
2368 2 0 0 2 2
2369 2 0 0 2 2
2370 2 0 0 0 2
2371 2 0 0 0 2
2372 2 0 0 0 2
2373 2 0 0 0 2
2374 2 0 0 0 2
2375 2 0 0 0 2
2376 2 0 0 0 2
2377 2 0 0 0 2
2378 2 0 0 0 2
2379 2 0 0 0 2
2380 2 0 0 0 2
2381 2 0 0 0 2
2382 2 0 0 0 2
2383 2 0 0 0 2
2384 2 0 0 0 2
2385 2 0 0 0 2
2386 2 0 0 0 2
2387 2 0 0 0 2
2388 2 0 0 0 2
2389 2 0 0 0 2
2390 2 0 0 0 2
2391 2 0 0 0 2
2392 2 0 0 0 2
2393 2 0 0 0 2
2394 2 0 0 0 2
2395 2 0 0 0 2
2396 2 0 0 0 2
2397 2 0 0 0 2
2398 2 0 0 0 2
2399 2 0 0 0 2
2400 2 0 0 0 2
2401 2 0 0 0 2
2402 2 0 0 0 2
2403 2 0 0 0 2
2404 2 0 0 0 2
2405 2 0 0 0 2
2406 2 0 0 0 2
2407 2 0 0 0 2
2408 2 0 0 0 2
2409 2 0 0 0 2
2410 2 0 0 0 2
2411 2 0 0 0 2
2412 2 0 0 0 2
2413 2 0 0 0 2
2414 2 0 0 0 2
2415 2 0 0 0 2
2416 2 0 0 0 2
2417 2 0 0 0 2
2418 2 0 0 0 2
2419 2 0 0 0 2
2420 2 0 0 0 2
2421 2 0 0 0 2
2422 2 0 0 0 2
2423 2 0 0 0 2
2424 2 0 0 0 2
2425 2 0 0 0 2
2426 2 0 0 0 2
2427 2 0 0 0 2
2428 2 0 0 0 2
2429 2 0 0 0 2
2430 2 0 0 0 0
2431 2 0 0 0 0
2432 2 0 0 0 0
2433 2 0 0 0 0
2434 2 0 0 0 0
2435 2 0 0 0 0
2436 2 0 0 0 0
2437 2 0 0 0 0
2438 2 0 0 0 0
2439 2 0 0 0 0
2440 2 0 0 0 0
2441 2 0 0 0 0
2442 2 0 0 0 0
2443 2 0 0 0 0
2444 2 0 0 0 0
2445 2 0 0 0 0
2446 2 0 0 0 0
2447 2 0 0 0 0
2448 2 0 0 0 0
2449 2 0 0 0 0
2450 2 0 0 0 0
2451 2 0 0 0 0
2452 2 0 0 0 0
2453 2 0 0 0 0
2454 2 0 0 0 0
2455 2 0 0 0 0
2456 2 0 0 0 0
2457 2 0 0 0 0
2458 2 0 0 0 0
2459 2 0 0 0 0
2460 2 0 0 0 0
2461 2 0 0 0 0
2462 2 0 0 0 0
2463 2 0 0 0 0
2464 2 0 0 0 0
2465 2 0 0 0 0
2466 2 0 0 0 0
2467 2 0 0 0 0
2468 2 0 0 0 0
2469 2 0 0 0 0
2470 2 0 0 0 0
2471 2 0 0 0 0
2472 2 0 0 0 0
2473 2 0 0 0 0
2474 2 0 0 0 0
2475 2 0 0 0 0
2476 2 0 0 0 0
2477 2 0 0 0 0
2478 2 0 0 0 0
2479 2 0 0 0 0
2480 2 0 0 0 0
2481 2 0 0 0 0
2482 2 0 0 0 0
2483 2 0 0 0 0
2484 2 0 0 0 0
2485 2 0 0 0 0
2486 2 0 0 0 0
2487 2 0 0 0 0
2488 2 0 0 0 0
2489 2 0 0 0 0
2490 2 0 0 0 0
2491 2 0 0 0 0
2492 2 0 0 0 0
2493 2 0 2 0 0
2494 2 0 2 0 0
2495 2 0 2 0 0
2496 2 0 2 0 0
2497 2 0 2 0 0
2498 2 0 2 0 0
2499 2 0 2 0 0
2500 2 0 2 0 0
2501 2 0 2 0 0
2502 2 0 2 0 0
2503 2 0 2 0 0
2504 2 0 2 0 0
2505 2 0 2 0 0
2506 2 0 2 0 0
2507 2 0 2 0 0
2508 2 0 2 0 0
2509 2 0 2 0 0
2510 2 0 2 0 0
2511 2 0 2 0 0
2512 2 0 2 0 0
2513 2 0 2 0 0
2514 2 0 2 0 0
2515 2 0 2 0 0
2516 2 0 2 0 0
2517 2 0 2 0 0
2518 2 0 2 0 0
2519 2 0 2 0 0
2520 0 0 2 0 0
2521 0 0 2 0 0
2522 0 0 2 0 0
2523 0 0 2 0 0
2524 0 0 2 0 0
2525 0 0 2 0 0
2526 0 0 2 0 0
2527 0 0 2 0 0
2528 0 0 2 0 0
2529 0 0 2 0 0
2530 0 0 2 0 0
2531 0 0 2 0 0
2532 0 0 2 0 0
2533 0 0 2 0 0
2534 0 0 2 0 0
2535 0 0 2 0 0
2536 0 0 2 0 0
2537 0 0 2 0 0
2538 0 0 2 0 0
2539 0 0 2 0 0
2540 0 0 2 0 0
2541 0 0 2 0 0
2542 0 0 2 0 0
2543 0 0 2 0 0
2544 0 0 2 0 0
2545 0 0 2 0 0
2546 0 0 2 0 0
2547 0 0 2 0 0
2548 0 0 2 0 0
2549 0 0 2 0 0
2550 0 0 2 0 0
2551 0 0 2 0 0
2552 0 0 2 0 0
2553 0 0 2 0 0
2554 0 0 2 0 0
2555 0 0 2 0 0
2556 0 0 2 0 0
2557 0 0 2 0 0
2558 0 0 2 0 0
2559 0 0 2 0 0
2560 0 0 2 0 0
2561 0 0 2 0 0
2562 0 0 2 0 0
2563 0 0 2 0 0
2564 0 0 2 0 0
2565 0 0 2 0 0
2566 0 0 2 0 0
2567 0 0 2 0 0
2568 0 0 2 0 0
2569 0 0 2 0 0
2570 0 0 2 0 0
2571 0 0 2 0 0
2572 0 0 2 0 0
2573 0 0 2 0 0
2574 0 0 2 0 0
2575 0 0 2 0 0
2576 0 0 2 0 0
2577 0 0 2 0 0
2578 0 0 2 0 0
2579 0 0 2 0 0
2580 0 5 2 0 0
2581 0 5 2 0 0
2582 0 5 2 0 0
2583 0 5 2 0 0
2584 0 5 2 0 0
2585 0 5 2 0 0
2586 0 5 2 0 0
2587 0 5 2 0 0
2588 0 5 2 0 0
2589 0 5 2 0 0
2590 0 0 2 0 0
2591 0 0 2 0 0
2592 0 0 2 0 0
2593 0 0 2 0 0
2594 0 0 2 0 0
2595 0 0 2 0 0
2596 0 0 2 0 0
2597 0 0 2 0 0
2598 0 0 2 0 0
2599 0 0 2 0 0
2600 0 0 2 0 0
2601 0 0 2 0 0
2602 0 0 2 0 0
2603 0 0 2 0 0
2604 0 0 2 0 0
2605 0 0 2 0 0
2606 0 0 2 0 0
2607 0 0 2 0 0
2608 0 0 2 0 0
2609 0 0 2 0 0
2610 5 0 2 0 0
2611 5 0 2 0 0
2612 5 0 2 0 0
2613 5 0 2 0 0
2614 5 0 2 0 0
2615 5 0 2 0 0
2616 5 0 2 0 0
2617 5 0 2 0 0
2618 5 0 2 0 0
2619 5 0 2 0 0
2620 5 0 2 0 0
2621 5 0 2 0 0
2622 5 0 2 0 0
2623 5 0 2 0 0
2624 5 0 2 0 0
2625 5 0 2 0 0
2626 5 0 2 0 0
2627 5 0 2 0 0
2628 5 0 2 0 0
2629 5 0 2 0 0
2630 5 0 2 0 0
2631 5 0 2 0 0
2632 5 0 2 0 0
2633 5 0 2 0 0
2634 5 0 2 0 0
2635 5 0 2 0 0
2636 5 0 2 0 0
2637 5 0 2 0 0
2638 5 0 2 0 0
2639 5 0 2 0 0
2640 5 0 2 0 0
2641 5 0 2 0 0
2642 5 0 2 0 0
2643 5 0 2 0 0
2644 5 0 2 0 0
2645 5 0 2 0 0
2646 5 0 2 0 0
2647 5 0 2 0 0
2648 5 0 2 0 0
2649 5 0 2 0 0
2650 5 0 2 0 0
2651 5 0 2 0 0
2652 5 0 2 0 0
2653 5 0 2 0 0
2654 5 0 2 0 0
2655 5 0 2 0 0
2656 5 0 2 0 0
2657 5 0 2 0 0
2658 5 0 2 0 0
2659 5 0 2 0 0
2660 5 0 2 0 0
2661 5 0 2 0 0
2662 5 0 2 0 0
2663 5 0 2 0 0
2664 5 0 2 0 0
2665 5 0 2 0 0
2666 5 0 2 0 0
2667 5 0 2 0 0
2668 5 0 2 0 0
2669 5 0 2 0 0
2670 5 0 2 0 0
2671 5 0 2 0 0
2672 5 0 2 0 0
2673 5 0 2 0 0
2674 5 0 2 0 0
2675 5 0 2 0 0
2676 5 0 2 0 0
2677 5 0 2 0 0
2678 5 0 2 0 0
2679 5 0 2 0 0
2680 5 0 2 0 0
2681 5 0 2 0 0
2682 5 0 2 0 0
2683 5 0 2 0 0
2684 5 0 2 0 0
2685 5 0 2 0 0
2686 5 0 2 0 0
2687 5 0 2 0 0
2688 5 0 2 0 0
2689 5 0 2 0 0
2690 5 0 2 0 0
2691 5 0 2 0 0
2692 5 0 2 0 0
2693 5 0 2 0 0
2694 5 0 2 0 0
2695 5 0 2 0 0
2696 5 0 2 0 0
2697 5 0 2 0 0
2698 5 0 2 0 0
2699 5 0 2 0 0
2700 5 0 2 0 0
2701 5 0 2 0 0
2702 5 0 2 0 0
2703 5 0 2 0 0
2704 5 0 2 0 0
2705 5 0 2 0 0
2706 5 0 2 0 0
2707 5 0 2 0 0
2708 5 0 2 0 0
2709 5 0 2 0 0
2710 5 0 2 0 0
2711 5 0 2 0 0
2712 5 0 2 0 0
2713 5 0 2 0 0
2714 5 0 2 0 0
2715 5 0 2 0 0
2716 5 0 2 0 0
2717 5 0 2 0 0
2718 5 0 2 0 0
2719 5 0 2 0 0
2720 5 0 2 0 0
2721 5 0 2 0 0
2722 5 0 2 0 0
2723 5 0 2 0 0
2724 5 0 2 0 2
2725 5 0 2 0 2
2726 5 0 2 0 2
2727 5 0 2 0 2
2728 5 0 2 0 2
2729 5 0 2 0 2
2730 5 0 2 0 2
2731 5 0 2 0 2
2732 5 0 2 0 2
2733 5 0 2 0 2
2734 5 0 2 0 2
2735 5 0 2 0 2
2736 5 0 2 0 2
2737 5 0 2 0 2
2738 5 0 2 0 2
2739 5 0 2 0 0
2740 5 0 2 0 0
2741 5 0 2 0 0
2742 5 0 2 0 0
2743 5 0 2 0 0
2744 5 0 2 0 0
2745 5 0 2 0 0
2746 5 0 2 0 0
2747 5 0 2 0 0
2748 5 0 2 0 0
2749 5 0 2 0 0
2750 5 0 2 0 0
2751 5 0 2 0 0
2752 5 0 2 0 0
2753 5 0 2 0 0
2754 5 0 2 0 0
2755 5 0 2 0 0
2756 5 0 2 0 0
2757 5 0 2 0 0
2758 5 0 2 0 0
2759 5 0 2 0 0
2760 5 0 2 0 0
2761 5 0 2 0 0
2762 5 0 2 0 0
2763 5 0 2 0 0
2764 5 0 2 0 0
2765 5 0 2 0 0
2766 5 0 2 0 0
2767 5 0 2 0 0
2768 5 0 2 0 0
2769 5 0 2 0 0
2770 5 0 2 0 1
2771 5 0 2 0 1
2772 5 0 2 0 1
2773 5 0 2 0 1
2774 5 0 2 0 1
2775 5 0 2 0 1
2776 5 0 2 0 1
2777 5 0 2 0 1
2778 5 0 2 0 1
2779 5 0 2 0 1
2780 5 0 2 0 1
2781 5 0 2 0 1
2782 5 0 2 0 1
2783 5 0 2 0 1
2784 5 0 2 0 1
2785 5 0 2 0 1
2786 5 0 2 0 1
2787 5 0 2 0 1
2788 5 0 2 0 1
2789 5 0 2 0 1
2790 5 0 2 0 1
2791 5 0 2 0 1
2792 5 0 2 0 1
2793 5 0 2 0 1
2794 5 0 2 0 1
2795 5 0 2 0 1
2796 5 0 2 0 1
2797 5 0 2 0 1
2798 5 0 2 0 1
2799 5 0 2 0 1
2800 5 0 2 0 1
2801 5 0 2 0 1
2802 5 0 2 0 1
2803 5 0 2 0 1
2804 5 0 2 0 1
2805 5 0 2 0 1
2806 5 0 2 0 1
2807 5 0 2 0 1
2808 5 0 2 0 1
2809 5 0 2 0 1
2810 5 0 2 0 1
2811 5 0 2 0 1
2812 5 0 2 0 1
2813 5 0 2 0 1
2814 5 0 2 0 1
2815 5 0 2 0 1
2816 5 0 2 0 1
2817 5 0 2 0 1
2818 5 0 2 0 1
2819 5 0 2 0 1
2820 5 0 2 0 2
2821 5 0 2 0 2
2822 5 0 2 0 2
2823 5 0 2 0 2
2824 5 0 2 0 2
2825 5 0 2 0 2
2826 5 0 2 0 2
2827 5 0 2 0 2
2828 5 0 2 0 2
2829 5 0 2 0 2
2830 5 0 2 0 2
2831 5 0 2 0 2
2832 5 0 2 0 2
2833 5 0 2 0 2
2834 5 0 2 0 2
2835 5 0 2 0 2
2836 5 0 2 0 2
2837 5 0 2 0 2
2838 5 0 2 0 2
2839 5 0 2 0 2
2840 5 0 2 0 2
2841 5 0 2 0 2
2842 5 0 2 0 2
2843 5 0 2 0 2
2844 5 0 2 0 2
2845 5 0 2 0 2
2846 5 0 2 0 2
2847 5 0 2 0 2
2848 5 0 2 0 2
2849 5 0 2 0 2
2850 5 0 2 0 2
2851 5 0 2 0 2
2852 5 0 2 0 2
2853 5 0 2 0 2
2854 5 0 2 0 2
2855 5 0 2 0 2
2856 5 0 2 0 2
2857 5 0 2 0 2
2858 5 0 2 0 2
2859 5 0 2 0 2
2860 5 0 2 0 2
2861 5 0 2 0 2
2862 5 0 2 0 2
2863 5 0 2 0 2
2864 5 0 2 0 2
2865 5 0 2 0 2
2866 5 0 2 0 2
2867 5 0 2 0 2
2868 5 0 2 0 2
2869 5 0 2 0 2
2870 0 0 2 0 2
2871 0 0 2 0 2
2872 0 0 2 0 2
2873 0 0 2 0 2
2874 0 0 2 0 2
2875 0 0 2 0 2
2876 0 0 2 0 2
2877 0 0 2 0 2
2878 0 0 2 0 2
2879 0 0 2 0 2
2880 0 0 2 0 2
2881 0 0 2 0 2
2882 0 0 2 0 2
2883 0 0 2 0 2
2884 0 0 2 0 2
2885 0 0 2 0 2
2886 0 0 2 0 2
2887 0 0 2 0 2
2888 0 0 2 0 2
2889 0 0 2 0 2
2890 0 0 2 0 2
2891 0 0 2 0 2
2892 0 0 2 0 2
2893 0 0 2 0 2
2894 0 0 2 0 2
2895 0 0 2 0 2
2896 0 0 2 0 2
2897 0 0 2 0 2
2898 0 0 2 0 2
2899 0 0 2 0 2
2900 0 0 2 0 2
2901 0 0 2 0 2
2902 0 0 2 0 2
2903 0 0 2 0 2
2904 0 0 2 0 2
2905 0 0 2 0 2
2906 0 0 2 0 2
2907 0 0 2 0 2
2908 0 0 2 0 2
2909 0 0 2 0 2
2910 0 0 2 0 2
2911 0 0 2 0 2
2912 0 0 2 0 2
2913 0 0 2 0 2
2914 0 0 2 0 2
2915 0 0 2 0 2
2916 0 0 2 0 2
2917 0 0 2 0 2
2918 0 0 2 0 2
2919 0 0 2 0 2
2920 0 0 2 0 2
2921 0 0 2 0 2
2922 0 0 2 0 2
2923 0 0 2 0 2
2924 0 0 2 0 2
2925 0 0 2 0 2
2926 0 0 2 0 2
2927 0 0 2 0 2
2928 0 0 2 0 2
2929 0 0 2 0 2
2930 0 0 2 0 2
2931 0 0 2 0 2
2932 0 0 2 0 2
2933 0 0 2 0 2
2934 0 0 2 0 2
2935 0 0 2 0 2
2936 0 0 2 0 2
2937 0 0 2 0 2
2938 0 0 2 0 2
2939 0 0 2 0 2
2940 0 0 2 0 2
2941 0 0 2 0 2
2942 0 0 2 0 2
2943 0 0 2 0 2
2944 0 0 2 0 2
2945 0 0 2 0 2
2946 0 0 2 0 2
2947 0 0 2 0 2
2948 0 0 2 0 2
2949 0 0 2 0 2
2950 0 0 2 0 2
2951 0 0 2 0 2
2952 0 0 2 0 2
2953 0 0 2 0 2
2954 0 0 2 0 2
2955 0 0 2 0 2
2956 0 0 2 0 2
2957 0 0 2 0 2
2958 0 0 2 0 2
2959 0 0 2 0 2
2960 2 0 2 0 2
2961 2 0 2 0 2
2962 2 0 2 0 2
2963 2 0 2 0 2
2964 2 0 2 0 2
2965 2 0 2 0 2
2966 2 0 2 0 2
2967 2 0 2 0 2
2968 2 0 2 0 2
2969 2 0 2 0 2
2970 2 0 0 0 2
2971 2 0 0 0 2
2972 2 0 0 0 2
2973 2 0 0 0 2
2974 2 0 0 0 2
2975 2 0 0 0 2
2976 2 0 0 0 2
2977 2 0 0 0 2
2978 2 0 0 0 2
2979 2 0 0 0 2
2980 2 0 0 0 2
2981 2 0 0 0 2
2982 2 0 0 0 2
2983 2 0 0 0 2
2984 2 0 0 0 2
2985 2 0 0 0 2
2986 2 0 0 0 2
2987 2 0 0 0 2
2988 2 0 0 0 2
2989 2 0 0 0 2
2990 2 0 0 0 2
2991 2 0 0 0 2
2992 2 0 0 0 2
2993 2 0 0 0 2
2994 2 0 0 0 2
2995 2 0 0 0 2
2996 2 0 0 0 2
2997 2 0 0 0 2
2998 2 0 0 0 2
2999 2 0 0 0 2
3000 2 0 0 0 2
3001 2 0 0 0 2
3002 2 0 0 0 2
3003 2 0 0 0 2
3004 2 0 0 0 2
3005 2 0 0 0 2
3006 2 0 0 0 2
3007 2 0 0 0 2
3008 2 0 0 0 2
3009 2 0 0 0 2
3010 2 0 0 0 2
3011 2 0 0 0 2
3012 2 0 0 0 2
3013 2 0 0 0 2
3014 2 0 0 0 2
3015 2 0 0 0 2
3016 2 0 0 0 2
3017 2 0 0 0 2
3018 2 0 0 0 2
3019 2 0 0 0 2
3020 2 0 0 0 2
3021 2 0 0 0 2
3022 2 0 0 0 2
3023 2 0 0 0 2
3024 2 0 0 0 2
3025 2 0 0 0 2
3026 2 0 0 0 2
3027 2 0 0 0 2
3028 2 0 0 0 2
3029 2 0 0 0 2
3030 2 0 0 0 0
3031 2 0 0 0 0
3032 2 0 0 0 0
3033 2 0 0 0 0
3034 2 0 0 0 0
3035 2 0 0 0 0
3036 2 0 0 0 0
3037 2 0 0 0 0
3038 2 0 0 0 0
3039 2 0 0 0 0
3040 2 0 0 0 0
3041 2 0 0 0 0
3042 2 0 0 0 0
3043 2 0 0 0 0
3044 2 0 0 0 0
3045 2 0 0 0 0
3046 2 0 0 0 0
3047 2 0 0 0 0
3048 2 0 0 0 0
3049 2 0 0 0 0
3050 2 0 0 0 0
3051 2 0 0 0 0
3052 2 0 0 0 0
3053 2 0 0 0 0
3054 2 0 0 0 0
3055 2 0 0 0 0
3056 2 0 0 0 0
3057 2 0 0 0 0
3058 2 0 0 0 0
3059 2 0 0 0 0
3060 2 0 0 0 0
3061 2 0 0 0 0
3062 2 0 0 0 0
3063 2 0 0 0 0
3064 2 0 0 0 0
3065 2 0 0 0 0
3066 2 0 0 0 0
3067 2 0 0 0 0
3068 2 0 0 0 0
3069 2 0 0 0 0
3070 2 0 0 0 0
3071 2 0 0 0 0
3072 2 0 0 0 0
3073 2 0 0 0 0
3074 2 0 0 0 0
3075 2 0 0 0 0
3076 2 0 0 0 0
3077 2 0 0 0 0
3078 2 0 0 0 0
3079 2 0 0 0 0
3080 2 0 0 0 0
3081 2 0 0 0 0
3082 2 0 0 0 0
3083 2 0 0 0 0
3084 2 0 0 0 0
3085 2 0 0 0 0
3086 2 0 0 0 0
