0 0 0 0 0 0
1 0 0 0 0 0
2 0 0 0 0 0
3 0 0 0 0 0
4 0 0 0 0 0
5 0 0 0 0 0
6 0 0 0 0 0
7 0 0 0 0 0
8 0 0 0 0 0
9 0 0 0 0 0
10 0 0 0 0 0
11 0 0 0 0 0
12 0 0 0 0 0
13 0 0 0 0 0
14 0 0 0 0 0
15 0 0 0 0 0
16 0 0 0 0 0
17 0 0 0 0 0
18 0 0 0 0 0
19 0 0 0 0 0
20 0 0 0 0 0
21 0 0 0 0 0
22 0 0 0 0 0
23 0 0 0 0 0
24 0 0 0 0 0
25 0 0 0 0 0
26 0 0 0 0 0
27 0 0 0 0 0
28 0 0 0 0 0
29 0 0 0 0 0
30 0 0 0 0 0
31 0 0 0 0 0
32 0 0 0 0 0
33 0 0 0 0 0
34 0 0 0 0 0
35 0 0 0 0 0
36 0 0 0 0 0
37 0 0 0 0 0
38 0 0 0 0 0
39 0 0 0 0 0
40 0 0 0 0 0
41 0 0 0 0 0
42 0 0 0 0 0
43 0 0 0 0 0
44 0 0 0 0 0
45 0 0 0 0 0
46 0 0 0 0 0
47 0 0 0 0 0
48 0 0 0 0 0
49 0 0 0 0 0
50 0 0 0 0 0
51 0 0 0 0 0
52 0 0 0 0 0
53 0 0 0 0 0
54 0 0 0 0 0
55 0 0 0 0 0
56 0 0 0 0 0
57 0 0 0 0 0
58 0 0 0 0 0
59 0 0 0 0 0
60 0 0 0 0 0
61 0 0 0 0 0
62 0 0 0 0 0
63 0 0 0 0 0
64 0 0 0 0 0
65 0 0 0 0 0
66 0 0 0 0 0
67 0 0 0 0 0
68 0 0 0 0 0
69 0 0 0 0 0
70 0 0 0 0 0
71 0 0 0 0 0
72 0 0 0 0 0
73 0 0 0 0 0
74 0 0 0 0 0
75 0 0 0 0 0
76 0 0 0 0 0
77 0 0 0 0 0
78 0 0 0 0 0
79 0 0 0 0 0
80 0 0 0 0 0
81 0 0 0 0 0
82 0 0 0 0 0
83 0 0 0 0 0
84 0 0 0 0 0
85 0 0 0 0 0
86 0 0 0 0 0
87 0 0 0 0 0
88 0 0 0 0 0
89 0 0 0 0 0
90 0 0 0 0 0
91 0 0 0 0 0
92 0 0 0 0 0
93 0 0 0 0 0
94 0 0 0 0 0
95 0 0 0 0 0
96 0 0 0 0 0
97 0 0 0 0 0
98 0 0 0 0 0
99 0 0 0 0 0
100 0 0 0 0 0
101 0 0 0 0 0
102 0 0 0 0 0
103 0 0 0 0 0
104 0 0 0 0 0
105 0 0 0 0 0
106 0 0 0 0 0
107 0 0 0 0 0
108 0 0 0 0 0
109 0 0 0 0 0
110 0 0 0 0 0
111 0 0 0 0 0
112 0 0 0 0 0
113 0 0 0 0 0
114 0 0 0 0 0
115 0 0 0 0 0
116 0 0 0 0 0
117 0 0 0 0 0
118 0 0 0 0 0
119 0 0 0 0 0
120 0 0 0 0 0
121 0 0 0 0 0
122 0 0 0 0 0
123 0 0 0 0 0
124 0 0 0 0 0
125 0 0 0 0 0
126 0 0 0 0 0
127 0 0 0 0 0
128 0 0 0 0 0
129 0 0 0 0 0
130 0 0 0 0 0
131 0 0 0 0 0
132 0 0 0 0 0
133 0 0 0 0 0
134 0 0 0 0 0
135 0 0 0 0 0
136 0 0 0 0 0
137 0 0 0 0 0
138 0 0 0 0 0
139 0 0 0 0 0
140 0 0 0 0 0
141 0 0 0 0 0
142 0 0 0 0 0
143 0 0 0 0 0
144 0 0 0 0 0
145 0 0 0 0 0
146 0 0 0 0 0
147 0 0 0 0 0
148 0 0 0 0 0
149 0 0 0 0 0
150 0 0 0 0 0
151 0 0 0 0 0
152 0 0 0 0 0
153 0 0 0 0 0
154 0 0 0 0 0
155 0 0 0 0 0
156 0 0 0 0 0
157 0 0 0 0 0
158 0 0 0 0 0
159 0 0 0 0 0
160 0 0 0 0 0
161 0 0 0 0 0
162 0 0 0 0 0
163 0 0 0 0 0
164 0 0 0 0 0
165 0 0 0 0 0
166 0 0 0 0 0
167 0 0 0 0 0
168 0 0 0 0 0
169 0 0 0 0 0
170 0 0 0 0 0
171 0 0 0 0 0
172 0 0 0 0 0
173 0 0 0 0 0
174 0 0 0 0 0
175 0 0 0 0 0
176 0 0 0 0 0
177 0 0 0 0 0
178 0 0 0 0 0
179 0 0 0 0 0
180 0 0 0 0 0
181 0 0 0 0 0
182 0 0 0 0 0
183 0 0 0 0 0
184 0 0 0 0 0
185 0 0 0 0 0
186 0 0 0 0 0
187 0 0 0 0 0
188 0 0 0 0 0
189 0 0 0 0 0
190 0 0 0 0 0
191 0 0 0 0 0
192 0 0 0 0 0
193 0 0 0 0 0
194 0 0 0 0 0
195 0 0 0 0 0
196 0 0 0 0 0
197 0 0 0 0 0
198 0 0 0 0 0
199 0 0 0 0 0
200 0 0 0 0 0
201 0 0 0 0 0
202 0 0 0 0 0
203 0 0 0 0 0
204 0 0 0 0 0
205 0 0 0 0 0
206 0 0 0 0 0
207 0 0 0 0 0
208 0 0 0 0 0
209 0 0 0 0 0
210 0 0 0 0 0
211 0 0 0 0 0
212 0 0 0 0 0
213 0 0 0 0 0
214 0 0 0 0 0
215 0 0 0 0 0
216 0 0 0 0 0
217 0 0 0 0 0
218 0 0 0 0 0
219 0 0 0 0 0
220 0 0 0 0 0
221 0 0 0 0 0
222 0 0 0 0 0
223 0 0 0 0 0
224 0 0 0 0 0
225 0 0 0 0 0
226 0 0 0 0 0
227 0 0 0 0 0
228 0 0 0 0 0
229 0 0 0 0 0
230 0 0 0 0 0
231 0 0 0 0 0
232 0 0 0 0 0
233 0 0 0 0 0
234 0 0 0 0 0
235 0 0 0 0 0
236 0 0 0 0 0
237 0 0 0 0 0
238 0 0 0 0 0
239 0 0 0 0 0
240 0 0 0 0 0
241 0 0 0 0 0
242 0 0 0 0 0
243 0 0 0 0 0
244 0 0 0 0 0
245 0 0 0 0 0
246 0 0 0 0 0
247 0 0 0 0 0
248 0 0 0 0 0
249 0 0 0 0 0
250 0 0 0 0 0
251 0 0 0 0 0
252 0 0 0 0 0
253 0 0 0 0 0
254 0 0 0 0 0
255 0 0 0 0 0
256 0 0 0 0 0
257 0 0 0 0 0
258 0 0 0 0 0
259 0 0 0 0 0
260 0 0 0 0 0
261 0 0 0 0 0
262 0 0 0 0 0
263 0 0 0 0 0
264 0 0 0 0 0
265 0 0 0 0 0
266 0 0 0 0 0
267 0 0 0 0 0
268 0 0 0 0 0
269 0 0 0 0 0
270 0 0 0 0 0
271 0 0 0 0 0
272 0 0 0 0 0
273 0 0 0 0 0
274 0 0 0 0 0
275 0 0 0 0 0
276 0 0 0 0 0
277 0 0 0 0 0
278 0 0 0 0 0
279 0 0 0 0 0
280 0 0 2 0 0
281 0 0 2 0 0
282 0 0 2 0 0
283 0 0 2 0 0
284 0 0 2 0 0
285 0 0 2 0 0
286 0 0 2 0 0
287 0 0 2 0 0
288 0 0 2 0 0
289 0 0 2 0 0
290 0 0 2 0 0
291 0 0 2 0 0
292 0 0 2 0 0
293 0 0 2 0 0
294 0 0 2 0 0
295 0 0 2 0 0
296 0 0 2 0 0
297 0 0 2 0 0
298 0 0 2 0 0
299 0 0 2 0 0
300 0 0 2 0 0
301 0 0 2 0 0
302 0 0 2 0 0
303 0 0 2 0 0
304 0 0 2 0 0
305 0 0 2 0 0
306 0 0 2 0 0
307 0 0 2 0 0
308 0 0 2 0 0
309 0 0 2 0 0
310 0 0 2 0 0
311 0 0 2 0 0
312 0 0 2 0 0
313 0 0 2 0 0
314 0 0 2 0 0
315 0 0 2 0 0
316 0 0 2 0 0
317 0 0 2 0 0
318 0 0 2 0 0
319 0 0 2 0 0
320 0 0 2 0 0
321 0 0 2 0 0
322 0 0 2 0 0
323 0 0 2 0 0
324 0 0 2 0 0
325 0 0 2 0 0
326 0 0 2 0 0
327 0 0 2 0 0
328 0 0 2 0 0
329 0 0 2 0 0
330 0 0 2 0 0
331 0 0 2 0 0
332 0 0 2 0 0
333 0 0 2 0 0
334 0 0 2 0 0
335 0 0 2 0 0
336 0 0 2 0 0
337 0 0 2 0 0
338 0 0 2 0 0
339 0 0 2 0 0
340 0 0 2 0 0
341 0 0 2 0 0
342 0 0 2 0 0
343 0 0 2 0 0
344 0 0 2 0 0
345 0 0 2 0 0
346 0 0 2 0 0
347 0 0 2 0 0
348 0 0 2 0 0
349 0 0 2 0 0
350 0 0 2 0 0
351 0 0 2 0 0
352 0 0 2 0 0
353 0 0 2 0 0
354 0 0 2 0 0
355 0 0 2 0 0
356 0 0 2 0 0
357 0 0 2 0 0
358 0 0 2 0 0
359 0 0 2 0 0
360 0 0 2 0 0
361 0 0 2 0 0
362 0 0 2 0 0
363 0 0 2 0 0
364 0 0 2 0 0
365 0 0 2 0 0
366 0 0 2 0 0
367 0 0 2 0 0
368 0 0 2 0 0
369 0 0 2 0 0
370 0 0 2 0 0
371 0 0 2 0 0
372 0 0 2 0 0
373 0 0 2 0 0
374 0 0 2 0 0
375 0 0 2 0 0
376 0 0 2 0 0
377 0 0 2 0 0
378 0 0 2 0 0
379 0 0 2 0 0
380 0 0 2 0 0
381 0 0 2 0 0
382 0 0 2 0 0
383 0 0 2 0 0
384 0 0 2 0 0
385 0 0 2 0 0
386 0 0 2 0 0
387 0 0 2 0 0
388 0 0 2 0 0
389 0 0 2 0 0
390 0 0 2 0 0
391 0 0 2 0 0
392 0 0 2 0 0
393 0 0 2 0 0
394 0 0 2 0 0
395 0 0 2 0 0
396 0 0 2 0 0
397 0 0 2 0 0
398 0 0 2 0 0
399 0 0 2 0 0
400 0 0 2 0 0
401 0 0 2 0 0
402 0 0 2 0 0
403 0 0 2 0 0
404 0 0 2 0 0
405 0 0 2 0 0
406 0 0 2 0 0
407 0 0 2 0 0
408 0 0 2 0 0
409 0 0 2 0 0
410 0 2 2 0 0
411 0 2 2 0 0
412 0 2 2 0 0
413 0 2 2 0 0
414 0 2 2 0 0
415 0 2 2 0 0
416 0 2 2 0 0
417 0 2 2 0 0
418 0 2 2 0 0
419 0 2 2 0 0
420 2 0 2 0 0
421 2 0 2 0 0
422 2 0 2 0 0
423 2 0 2 0 0
424 2 0 2 0 0
425 2 0 2 0 0
426 2 0 2 0 0
427 2 0 2 0 0
428 2 0 2 0 0
429 2 0 2 0 0
430 2 0 0 0 0
431 2 0 0 0 0
432 2 0 0 0 0
433 2 0 0 0 0
434 2 0 0 0 0
435 2 0 0 0 0
436 2 0 0 0 0
437 2 0 0 0 0
438 2 0 0 0 0
439 2 0 0 0 0
440 2 0 0 0 0
441 2 0 0 0 0
442 2 0 0 0 0
443 2 0 0 0 0
444 2 0 0 0 0
445 2 0 0 0 0
446 2 0 0 0 0
447 2 0 0 0 0
448 2 0 0 0 0
449 2 0 0 0 0
450 2 0 0 0 0
451 2 0 0 0 0
452 2 0 0 0 0
453 2 0 0 0 0
454 2 0 0 0 0
455 2 0 0 0 0
456 2 0 0 0 0
457 2 0 0 0 0
458 2 0 0 0 0
459 2 0 0 0 0
460 2 0 0 0 0
461 2 0 0 0 0
462 2 0 0 0 0
463 2 0 0 0 0
464 2 0 0 0 0
465 2 0 0 0 0
466 2 0 0 0 0
467 2 0 0 0 0
468 2 0 0 0 0
469 2 0 0 0 0
470 2 0 0 0 0
471 2 0 0 0 0
472 2 0 0 0 0
473 2 0 0 0 0
474 2 0 0 0 0
475 2 0 0 0 0
476 2 0 0 0 0
477 2 0 0 0 0
478 2 0 0 0 0
479 2 0 0 0 0
480 2 0 0 0 0
481 2 0 0 0 0
482 2 0 0 0 0
483 2 0 0 0 0
484 2 0 0 0 0
485 2 0 0 0 0
486 2 0 0 0 0
487 2 0 0 0 0
488 2 0 0 0 0
489 2 0 0 0 0
490 2 0 0 0 0
491 2 0 0 0 0
492 2 0 0 0 0
493 2 0 0 0 0
494 2 0 0 0 0
495 2 0 0 0 0
496 2 0 0 0 0
497 2 0 0 0 0
498 2 0 0 0 0
499 2 0 0 0 0
500 2 0 0 0 0
501 2 0 0 0 0
502 2 0 0 0 0
503 2 0 0 0 0
504 2 0 0 0 0
505 2 0 0 0 0
506 2 0 0 0 0
507 2 0 0 0 0
508 2 0 0 0 0
509 2 0 0 0 0
510 2 0 0 0 0
511 2 0 0 0 0
512 2 0 0 0 0
513 2 0 0 0 0
514 2 0 0 0 0
515 2 0 0 0 0
516 2 0 0 0 0
517 2 0 0 0 0
518 2 0 0 0 0
519 2 0 0 0 0
520 2 0 0 0 0
521 2 0 0 0 0
522 2 0 0 0 0
523 2 0 0 0 0
524 2 0 0 0 0
525 2 0 0 0 0
526 2 0 0 0 0
527 2 0 0 0 0
528 2 0 0 0 0
529 2 0 0 0 0
530 2 0 0 0 0
531 2 0 0 0 0
532 2 0 0 0 0
533 2 0 0 0 0
534 2 0 0 0 0
535 2 0 0 0 0
536 2 0 0 0 0
537 2 0 0 0 0
538 2 0 0 0 0
539 2 0 0 0 0
540 2 0 0 0 0
541 2 0 0 0 0
542 2 0 0 0 0
543 2 0 0 0 0
544 2 0 0 0 0
545 2 0 0 0 0
546 2 0 0 0 0
547 2 0 0 0 0
548 2 0 0 0 0
549 2 0 0 0 0
550 2 0 0 0 0
551 2 0 0 0 0
552 2 0 0 0 0
553 2 0 0 0 0
554 2 0 0 0 0
555 2 0 0 0 0
556 2 0 0 0 0
557 2 0 0 0 0
558 2 0 0 0 0
559 2 0 0 0 0
560 2 0 0 0 0
561 2 0 0 0 0
562 2 0 0 0 0
563 2 0 0 0 0
564 2 0 0 0 0
565 2 0 0 0 0
566 2 0 0 0 0
567 2 0 0 0 0
568 2 0 0 0 0
569 2 0 0 0 0
570 2 0 0 0 0
571 2 0 0 0 0
572 2 0 0 0 0
573 2 0 0 0 0
574 2 0 0 0 0
575 2 0 0 0 0
576 2 0 0 0 0
577 2 0 0 0 0
578 2 0 0 0 0
579 2 0 0 0 0
580 2 0 0 0 0
581 2 0 0 0 0
582 2 0 0 0 0
583 2 0 0 0 0
584 2 0 0 0 0
585 2 0 0 0 0
586 2 0 0 0 0
587 2 0 0 0 0
588 2 0 0 0 0
589 2 0 0 0 0
590 2 0 0 0 0
591 2 0 0 0 0
592 2 0 0 0 0
593 2 0 0 0 0
594 2 0 0 0 0
595 2 0 0 0 0
596 2 0 0 0 0
597 2 0 0 0 0
598 2 0 0 0 0
599 2 0 0 0 0
600 2 0 0 0 0
601 2 0 0 0 0
602 2 0 0 0 0
603 2 0 0 0 0
604 2 0 0 0 0
605 2 0 0 0 0
606 2 0 0 0 0
607 2 0 0 0 0
608 2 0 0 0 0
609 2 0 0 0 0
610 2 0 0 0 0
611 2 0 0 0 0
612 2 0 0 0 0
613 2 0 0 0 0
614 2 0 0 0 0
615 2 0 0 0 0
616 2 0 0 0 0
617 2 0 0 0 0
618 2 0 0 0 0
619 2 0 0 0 0
620 2 0 0 0 0
621 2 0 0 0 0
622 2 0 0 0 0
623 2 0 0 0 0
624 2 0 0 0 0
625 2 0 0 0 0
626 2 0 0 0 0
627 2 0 0 0 0
628 2 0 0 0 0
629 2 0 0 0 0
630 2 0 0 0 0
631 2 0 0 0 0
632 2 0 0 0 0
633 2 0 0 0 0
634 2 0 0 0 0
635 2 0 0 0 0
636 2 0 0 0 0
637 2 0 0 0 0
638 2 0 0 0 0
639 2 0 0 0 0
640 2 0 2 0 0
641 2 0 2 0 0
642 2 0 2 0 0
643 2 0 2 0 0
644 2 0 2 0 0
645 2 0 2 0 0
646 2 0 2 0 0
647 2 0 2 0 0
648 2 0 2 0 0
649 2 0 2 0 0
650 0 2 2 0 0
651 0 2 2 0 0
652 0 2 2 0 0
653 0 2 2 0 0
654 0 2 2 0 0
655 0 2 2 0 0
656 0 2 2 0 0
657 0 2 2 0 0
658 0 2 2 0 0
659 0 2 2 0 0
660 0 2 2 0 0
661 0 2 2 0 0
662 0 2 2 0 0
663 0 2 2 0 0
664 0 2 2 0 0
665 0 2 2 0 0
666 0 2 2 0 0
667 0 2 2 0 0
668 0 2 2 0 0
669 0 2 2 0 0
670 0 2 2 0 0
671 0 2 2 0 0
672 0 2 2 0 0
673 0 2 2 0 0
674 0 2 2 0 0
675 0 2 2 0 0
676 0 2 2 0 0
677 0 2 2 0 0
678 0 2 2 0 0
679 0 2 2 0 0
680 0 0 2 0 0
681 0 0 2 0 0
682 0 0 2 0 0
683 0 0 2 0 0
684 0 0 2 0 0
685 0 0 2 0 0
686 0 0 2 0 0
687 0 0 2 0 0
688 0 0 2 0 0
689 0 0 2 0 0
690 0 0 2 0 0
691 0 0 2 0 0
692 0 0 2 0 0
693 0 0 2 0 0
694 0 0 2 0 0
695 0 0 2 0 0
696 0 0 2 0 0
697 0 0 2 0 0
698 0 0 2 0 0
699 0 0 2 0 0
700 0 0 2 0 0
701 0 0 2 0 0
702 0 0 2 0 0
703 0 0 2 0 0
704 0 0 2 0 0
705 0 0 2 0 0
706 0 0 2 0 0
707 0 0 2 0 0
708 0 0 2 0 0
709 0 0 2 0 0
710 0 0 2 0 0
711 0 0 2 0 0
712 0 0 2 0 0
713 0 0 2 0 0
714 0 0 2 0 0
715 0 0 2 0 0
716 0 0 2 0 0
717 0 0 2 0 0
718 0 0 2 0 0
719 0 0 2 0 0
720 0 0 2 0 0
721 0 0 2 0 0
722 0 0 2 0 0
723 0 0 2 0 0
724 0 0 2 0 0
725 0 0 2 0 0
726 0 0 2 0 0
727 0 0 2 0 0
728 0 0 2 0 0
729 0 0 2 0 0
730 0 0 2 0 0
731 0 0 2 0 0
732 0 0 2 0 0
733 0 0 2 0 0
734 0 0 2 0 0
735 0 0 2 0 0
736 0 0 2 0 0
737 0 0 2 0 0
738 0 0 2 0 0
739 0 0 2 0 0
740 0 0 2 0 0
741 0 0 2 0 0
742 0 0 2 0 0
743 0 0 2 0 0
744 0 0 2 0 0
745 0 0 2 0 0
746 0 0 2 0 0
747 0 0 2 0 0
748 0 0 2 0 0
749 0 0 2 0 0
750 0 0 2 0 0
751 0 0 2 0 0
752 0 0 2 0 0
753 0 0 2 0 0
754 0 0 2 0 0
755 0 0 2 0 0
756 0 0 2 0 0
757 0 0 2 0 0
758 0 0 2 0 0
759 0 0 2 0 0
760 0 0 2 0 0
761 0 0 2 0 0
762 0 0 2 0 0
763 0 0 2 0 0
764 0 0 2 0 0
765 0 0 2 0 0
766 0 0 2 0 0
767 0 0 2 0 0
768 0 0 2 0 0
769 0 0 2 0 0
770 0 0 2 0 0
771 0 0 2 0 0
772 0 0 2 0 0
773 0 0 2 0 0
774 0 0 2 0 0
775 0 0 2 0 0
776 0 0 2 0 0
777 0 0 2 0 0
778 0 0 2 0 0
779 0 0 2 0 0
780 0 0 2 0 0
781 0 0 2 0 0
782 0 0 2 0 0
783 0 0 2 0 0
784 0 0 2 0 0
785 0 0 2 0 0
786 0 0 2 0 0
787 0 0 2 0 0
788 0 0 2 0 0
789 0 0 2 0 0
790 2 0 2 0 0
791 2 0 2 0 0
792 2 0 2 0 0
793 2 0 2 0 0
794 2 0 2 0 0
795 2 0 2 0 0
796 2 0 2 0 0
797 2 0 2 0 0
798 2 0 2 0 0
799 2 0 2 0 0
800 2 0 0 0 0
801 2 0 0 0 0
802 2 0 0 0 0
803 2 0 0 0 0
804 2 0 0 0 0
805 2 0 0 0 0
806 2 0 0 0 0
807 2 0 0 0 0
808 2 0 0 0 0
809 2 0 0 0 0
810 2 0 0 0 0
811 2 0 0 0 0
812 2 0 0 0 0
813 2 0 0 0 0
814 2 0 0 0 0
815 2 0 0 0 0
816 2 0 0 0 0
817 2 0 0 0 0
818 2 0 0 0 0
819 2 0 0 0 0
820 2 0 0 0 0
821 2 0 0 0 0
822 2 0 0 0 0
823 2 0 0 0 0
824 2 0 0 0 0
825 2 0 0 0 0
826 2 0 0 0 0
827 2 0 0 0 0
828 2 0 0 0 0
829 2 0 0 0 0
830 2 0 0 0 0
831 2 0 0 0 0
832 2 0 0 0 0
833 2 0 0 0 0
834 2 0 0 0 0
835 2 0 0 0 0
836 2 0 0 0 0
837 2 0 0 0 0
838 2 0 0 0 0
839 2 0 0 0 0
840 2 0 0 0 0
841 2 0 0 0 0
842 2 0 0 0 0
843 2 0 0 0 0
844 2 0 0 0 0
845 2 0 0 0 0
846 2 0 0 0 0
847 2 0 0 0 0
848 2 0 0 0 0
849 2 0 0 0 0
850 2 0 0 0 0
851 2 0 0 0 0
852 2 0 0 0 0
853 2 0 0 0 0
854 2 0 0 0 0
855 2 0 0 0 0
856 2 0 0 0 0
857 2 0 0 0 0
858 2 0 0 0 0
859 2 0 0 0 0
860 2 0 0 0 0
861 2 0 0 0 0
862 2 0 0 0 0
863 2 0 0 0 0
864 2 0 0 0 0
865 2 0 0 0 0
866 2 0 0 0 0
867 2 0 0 0 0
868 2 0 0 0 0
869 2 0 0 0 0
870 2 0 0 0 0
871 2 0 0 0 0
872 2 0 0 0 0
873 2 0 0 0 0
874 2 0 0 0 0
875 2 0 0 0 0
876 2 0 0 0 0
877 2 0 0 0 0
878 2 0 0 0 0
879 2 0 0 0 0
880 2 0 0 0 0
881 2 0 0 0 0
882 2 0 0 0 0
883 2 0 0 0 0
884 2 0 0 0 0
885 2 0 0 0 0
886 2 0 0 0 0
887 2 0 0 0 0
888 2 0 0 0 0
889 2 0 0 0 0
890 2 0 0 0 0
891 2 0 0 0 0
892 2 0 0 0 0
893 2 0 0 0 0
894 2 0 0 0 0
895 2 0 0 0 0
896 2 0 0 0 0
897 2 0 0 0 0
898 2 0 0 0 0
899 2 0 0 0 0
900 2 0 0 0 0
901 2 0 0 0 0
902 2 0 0 0 0
903 2 0 0 0 0
904 2 0 0 0 0
905 2 0 0 0 0
906 2 0 0 0 0
907 2 0 0 0 0
908 2 0 0 0 0
909 2 0 0 0 0
910 2 0 0 0 0
911 2 0 0 0 0
912 2 0 0 0 0
913 2 0 0 0 0
914 2 0 0 0 0
915 2 0 0 0 0
916 2 0 0 0 0
917 2 0 0 0 0
918 2 0 0 0 0
919 2 0 0 0 0
920 2 0 0 0 0
921 2 0 0 0 0
922 2 0 0 0 0
923 2 0 0 0 0
924 2 0 0 0 0
925 2 0 0 0 0
926 2 0 0 0 0
927 2 0 0 0 0
928 2 0 0 0 0
929 2 0 0 0 0
930 2 0 0 2 0
931 2 0 0 2 0
932 2 0 0 2 0
933 2 0 0 2 0
934 2 0 0 2 0
935 2 0 0 2 0
936 2 0 0 2 0
937 2 0 0 2 0
938 2 0 0 2 0
939 2 0 0 2 0
940 2 0 2 0 0
941 2 0 2 0 0
942 2 0 2 0 0
943 2 0 2 0 0
944 2 0 2 0 0
945 2 0 2 0 0
946 2 0 2 0 0
947 2 0 2 0 0
948 2 0 2 0 0
949 2 0 2 0 0
950 2 0 2 0 0
951 2 0 2 0 0
952 2 0 2 0 0
953 2 0 2 0 0
954 2 0 2 0 0
955 2 0 2 0 0
956 2 0 2 0 0
957 2 0 2 0 0
958 2 0 2 0 0
959 2 0 2 0 0
960 0 2 2 0 0
961 0 2 2 0 0
962 0 2 2 0 0
963 0 2 2 0 0
964 0 2 2 0 0
965 0 2 2 0 0
966 0 2 2 0 0
967 0 2 2 0 0
968 0 2 2 0 0
969 0 2 2 0 0
970 0 2 2 0 0
971 0 2 2 0 0
972 0 2 2 0 0
973 0 2 2 0 0
974 0 2 2 0 0
975 0 2 2 0 0
976 0 2 2 0 0
977 0 2 2 0 0
978 0 2 2 0 0
979 0 2 2 0 0
980 0 2 2 0 0
981 0 2 2 0 0
982 0 2 2 0 0
983 0 2 2 0 0
984 0 2 2 0 0
985 0 2 2 0 0
986 0 2 2 0 0
987 0 2 2 0 0
988 0 2 2 0 0
989 0 2 2 0 0
990 0 2 2 0 0
991 0 2 2 0 0
992 0 2 2 0 0
993 0 2 2 0 0
994 0 2 2 0 0
995 0 2 2 0 0
996 0 2 2 0 0
997 0 2 2 0 0
998 0 2 2 0 0
999 0 2 2 0 0
1000 0 0 2 0 0
1001 0 0 2 0 0
1002 0 0 2 0 0
1003 0 0 2 0 0
1004 0 0 2 0 0
1005 0 0 2 0 0
1006 0 0 2 0 0
1007 0 0 2 0 0
1008 0 0 2 0 0
1009 0 0 2 0 0
1010 0 0 2 0 0
1011 0 0 2 0 0
1012 0 0 2 0 0
1013 0 0 2 0 0
1014 0 0 2 0 0
1015 0 0 2 0 0
1016 0 0 2 0 0
1017 0 0 2 0 0
1018 0 0 2 0 0
1019 0 0 2 0 0
1020 0 0 2 0 0
1021 0 0 2 0 0
1022 0 0 2 0 0
1023 0 0 2 0 0
1024 0 0 2 0 0
1025 0 0 2 0 0
1026 0 0 2 0 0
1027 0 0 2 0 0
1028 0 0 2 0 0
1029 0 0 2 0 0
1030 0 0 2 0 0
1031 0 0 2 0 0
1032 0 0 2 0 0
1033 0 0 2 0 0
1034 0 0 2 0 0
1035 0 0 2 0 0
1036 0 0 2 0 0
1037 0 0 2 0 0
1038 0 0 2 0 0
1039 0 0 2 0 0
1040 0 0 2 0 0
1041 0 0 2 0 0
1042 0 0 2 0 0
1043 0 0 2 0 0
1044 0 0 2 0 0
1045 0 0 2 0 0
1046 0 0 2 0 0
1047 0 0 2 0 0
1048 0 0 2 0 0
1049 0 0 2 0 0
1050 0 0 2 0 0
1051 0 0 2 0 0
1052 0 0 2 0 0
1053 0 0 2 0 0
1054 0 0 2 0 0
1055 0 0 2 0 0
1056 0 0 2 0 0
1057 0 0 2 0 0
1058 0 0 2 0 0
1059 0 0 2 0 0
1060 0 0 2 0 0
1061 0 0 2 0 0
1062 0 0 2 0 0
1063 0 0 2 0 0
1064 0 0 2 0 0
1065 0 0 2 0 0
1066 0 0 2 0 0
1067 0 0 2 0 0
1068 0 0 2 0 0
1069 0 0 2 0 0
1070 0 0 2 0 0
1071 0 0 2 0 0
1072 0 0 2 0 0
1073 0 0 2 0 0
1074 0 0 2 0 0
1075 0 0 2 0 0
1076 0 0 2 0 0
1077 0 0 2 0 0
1078 0 0 2 0 0
1079 0 0 2 0 0
1080 0 0 2 0 0
1081 0 0 2 0 0
1082 0 0 2 0 0
1083 0 0 2 0 0
1084 0 0 2 0 0
1085 0 0 2 0 0
1086 0 0 2 0 0
1087 0 0 2 0 0
1088 0 0 2 0 0
1089 0 0 2 0 0
1090 0 0 2 0 0
1091 0 0 2 0 0
1092 0 0 2 0 0
1093 0 0 2 0 0
1094 0 0 2 0 0
1095 0 0 2 0 0
1096 0 0 2 0 0
1097 0 0 2 0 0
1098 0 0 2 0 0
1099 0 0 2 0 0
1100 0 0 2 0 0
1101 0 0 2 0 0
1102 0 0 2 0 0
1103 0 0 2 0 0
1104 0 0 2 0 0
1105 0 0 2 0 0
1106 0 0 2 0 0
1107 0 0 2 0 0
1108 0 0 2 0 0
1109 0 0 2 0 0
1110 0 0 2 0 0
1111 0 0 2 0 0
1112 0 0 2 0 0
1113 0 0 2 0 0
1114 0 0 2 0 0
1115 0 0 2 0 0
1116 0 0 2 0 0
1117 0 0 2 0 0
1118 0 0 2 0 0
1119 0 0 2 0 0
1120 0 0 2 0 0
1121 0 0 2 0 0
1122 0 0 2 0 0
1123 0 0 2 0 0
1124 0 0 2 0 0
1125 0 0 2 0 0
1126 0 0 2 0 0
1127 0 0 2 0 0
1128 0 0 2 0 0
1129 0 0 2 0 0
1130 0 0 2 0 0
1131 0 0 2 0 0
1132 0 0 2 0 0
1133 0 0 2 0 0
1134 0 0 2 0 0
1135 0 0 2 0 0
1136 0 0 2 0 0
1137 0 0 2 0 0
1138 0 0 2 0 0
1139 0 0 2 0 0
1140 0 0 2 0 0
1141 0 0 2 0 0
1142 0 0 2 0 0
1143 0 0 2 0 0
1144 0 0 2 0 0
1145 0 0 2 0 0
1146 0 0 2 0 0
1147 0 0 2 0 0
1148 0 0 2 0 0
1149 0 0 2 0 0
1150 0 0 2 0 0
1151 0 0 2 0 0
1152 0 0 2 0 0
1153 0 0 2 0 0
1154 0 0 2 0 0
1155 0 0 2 0 0
1156 0 0 2 0 0
1157 0 0 2 0 0
1158 0 0 2 0 0
1159 0 0 2 0 0
1160 0 0 2 0 0
1161 0 0 2 0 0
1162 0 0 2 0 0
1163 0 0 2 0 0
1164 0 0 2 0 0
1165 0 0 2 0 0
1166 0 0 2 0 0
1167 0 0 2 0 0
1168 0 0 2 0 0
1169 0 0 2 0 0
1170 0 0 2 0 0
1171 0 0 2 0 0
1172 0 0 2 0 0
1173 0 0 2 0 0
1174 0 0 2 0 0
1175 0 0 2 0 0
1176 0 0 2 0 0
1177 0 0 2 0 0
1178 0 0 2 0 0
1179 0 0 2 0 0
1180 0 0 2 0 0
1181 0 0 2 0 0
1182 0 0 2 0 0
1183 0 0 2 0 0
1184 0 0 2 0 0
1185 0 0 2 0 0
1186 0 0 2 0 0
1187 0 0 2 0 0
1188 0 0 2 0 0
1189 0 0 2 0 0
1190 0 0 2 0 0
1191 0 0 2 0 0
1192 0 0 2 0 0
1193 0 0 2 0 0
1194 0 0 2 0 0
1195 0 0 2 0 0
1196 0 0 2 0 0
1197 0 0 2 0 0
1198 0 0 2 0 0
1199 0 0 2 0 0
1200 0 0 2 0 0
1201 0 0 2 0 0
1202 0 0 2 0 0
1203 0 0 2 0 0
1204 0 0 2 0 0
1205 0 0 2 0 0
1206 0 0 2 0 0
1207 0 0 2 0 0
1208 0 0 2 0 0
1209 0 0 2 0 0
1210 0 0 2 0 1
1211 0 0 2 0 1
1212 0 0 2 0 1
1213 0 0 2 0 1
1214 0 0 2 0 1
1215 0 0 2 0 1
1216 0 0 2 0 1
1217 0 0 2 0 1
1218 0 0 2 0 1
1219 0 0 2 0 1
1220 0 0 2 0 1
1221 0 0 2 0 1
1222 0 0 2 0 1
1223 0 0 2 0 1
1224 0 0 2 0 1
1225 0 0 2 0 1
1226 0 0 2 0 1
1227 0 0 2 0 1
1228 0 0 2 0 1
1229 0 0 2 0 1
1230 0 0 2 0 1
1231 0 0 2 0 1
1232 0 0 2 0 1
1233 0 0 2 0 1
1234 0 0 2 0 1
1235 0 0 2 0 1
1236 0 0 2 0 1
1237 0 0 2 0 1
1238 0 0 2 0 1
1239 0 0 2 0 1
1240 0 0 2 0 2
1241 0 0 2 0 2
1242 0 0 2 0 2
1243 0 0 2 0 2
1244 0 0 2 0 2
1245 0 0 2 0 2
1246 0 0 2 0 2
1247 0 0 2 0 2
1248 0 0 2 0 2
1249 0 0 2 0 2
1250 0 0 2 0 2
1251 0 0 2 0 2
1252 0 0 2 0 2
1253 0 0 2 0 2
1254 0 0 2 0 0
1255 0 0 2 0 0
1256 0 0 2 0 0
1257 0 0 2 0 0
1258 0 0 2 0 0
1259 0 0 2 0 0
1260 0 0 2 0 0
1261 0 0 2 0 0
1262 0 0 2 0 0
1263 0 0 2 0 0
1264 0 0 2 0 0
1265 0 0 2 0 0
1266 0 0 2 0 0
1267 0 0 2 0 0
1268 0 0 2 0 0
1269 0 0 2 0 0
1270 0 0 2 0 0
1271 0 0 2 0 0
1272 0 0 2 0 0
1273 0 0 2 0 0
1274 0 0 2 0 0
1275 0 0 2 0 0
1276 0 0 2 0 0
1277 0 0 2 0 0
1278 0 0 2 0 0
1279 0 0 2 0 0
1280 0 0 2 0 0
1281 0 0 2 0 0
1282 0 0 2 0 0
1283 0 0 2 0 0
1284 0 0 2 0 0
1285 0 0 2 0 0
1286 0 0 2 0 0
1287 0 0 2 0 0
1288 0 0 2 0 0
1289 0 0 2 0 0
1290 0 0 2 0 0
1291 0 0 2 0 0
1292 0 0 2 0 0
1293 0 0 2 0 0
1294 0 0 2 0 0
1295 0 0 2 0 0
1296 0 0 2 0 0
1297 0 0 2 0 0
1298 0 0 2 0 0
1299 0 0 2 0 0
1300 0 0 2 0 0
1301 0 0 2 0 0
1302 0 0 2 0 0
1303 0 0 2 0 0
1304 0 0 2 0 0
1305 0 0 2 0 0
1306 0 0 2 0 0
1307 0 0 2 0 0
1308 0 0 2 0 0
1309 0 0 2 0 0
1310 0 0 2 0 0
1311 0 0 2 0 0
1312 0 0 2 0 0
1313 0 0 2 0 0
1314 0 0 2 0 0
1315 0 0 2 0 0
1316 0 0 2 0 0
1317 0 0 2 0 0
1318 0 0 2 0 0
1319 0 0 2 0 0
1320 0 0 2 0 0
1321 0 0 2 0 0
1322 0 0 2 0 0
1323 0 0 2 0 0
1324 0 0 2 0 0
1325 0 0 2 0 0
1326 0 0 2 0 0
1327 0 0 2 0 0
1328 0 0 2 0 0
1329 0 0 2 0 2
1330 0 0 2 0 2
1331 0 0 2 0 2
1332 0 0 2 0 2
1333 0 0 2 0 2
1334 0 0 2 0 2
1335 0 0 2 0 2
1336 0 0 2 0 2
1337 0 0 2 0 2
1338 0 0 2 0 2
1339 0 0 2 0 2
1340 0 0 2 0 2
1341 0 0 2 0 2
1342 0 0 2 0 2
1343 0 0 2 0 2
1344 0 0 2 0 2
1345 0 0 2 0 2
1346 0 0 2 0 2
1347 0 0 2 0 2
1348 0 0 2 0 2
1349 0 0 2 0 2
1350 0 0 2 0 2
1351 0 0 2 0 2
1352 0 0 2 0 2
1353 0 0 2 0 2
1354 0 0 2 0 2
1355 0 0 2 0 2
1356 0 0 2 0 2
1357 0 0 2 0 2
1358 0 0 2 0 2
1359 0 0 2 0 0
1360 0 0 2 0 0
1361 0 0 2 0 0
1362 0 0 2 0 0
1363 0 0 2 0 0
1364 0 0 2 0 0
1365 0 0 2 0 0
1366 0 0 2 0 0
1367 0 0 2 0 0
1368 0 0 2 0 0
1369 0 0 2 0 0
1370 0 0 2 0 0
1371 0 0 2 0 0
1372 0 0 2 0 0
1373 0 0 2 0 0
1374 0 0 2 0 0
1375 0 0 2 0 0
1376 0 0 2 0 0
1377 0 0 2 0 0
1378 0 0 2 0 0
1379 0 0 2 0 0
1380 0 0 2 0 0
1381 0 0 2 0 0
1382 0 0 2 0 0
1383 0 0 2 0 0
1384 0 0 2 0 0
1385 0 0 2 0 0
1386 0 0 2 0 0
1387 0 0 2 0 0
1388 0 0 2 0 0
1389 0 0 2 0 0
1390 0 0 2 0 0
1391 0 0 2 0 0
1392 0 0 2 0 0
1393 0 0 2 0 0
1394 0 0 2 0 0
1395 0 0 2 0 0
1396 0 0 2 0 0
1397 0 0 2 0 0
1398 0 0 2 0 0
1399 0 0 2 0 0
1400 0 0 2 0 0
1401 0 0 2 0 0
1402 0 0 2 0 0
1403 0 0 2 0 0
1404 0 0 2 0 2
1405 0 0 2 0 2
1406 0 0 2 0 2
1407 0 0 2 0 2
1408 0 0 2 0 2
1409 0 0 2 0 2
1410 0 0 2 0 2
1411 0 0 2 0 2
1412 0 0 2 0 2
1413 0 0 2 0 2
1414 0 0 2 0 2
1415 0 0 2 0 2
1416 0 0 2 0 2
1417 0 0 2 0 2
1418 0 0 2 0 2
1419 0 0 2 0 0
1420 0 0 2 0 0
1421 0 0 2 0 0
1422 0 0 2 0 0
1423 0 0 2 0 0
1424 0 0 2 0 0
1425 0 0 2 0 0
1426 0 0 2 0 0
1427 0 0 2 0 0
1428 0 0 2 0 0
1429 0 0 2 0 0
1430 0 0 2 0 0
1431 0 0 2 0 0
1432 0 0 2 0 0
1433 0 0 2 0 0
1434 0 0 2 0 0
1435 0 0 2 0 0
1436 0 0 2 0 0
1437 0 0 2 0 0
1438 0 0 2 0 0
1439 0 0 2 0 0
1440 0 0 2 0 0
1441 0 0 2 0 0
1442 0 0 2 0 0
1443 0 0 2 0 0
1444 0 0 2 0 0
1445 0 0 2 0 0
1446 0 0 2 0 0
1447 0 0 2 0 0
1448 0 0 2 0 0
1449 0 0 2 0 0
1450 0 0 2 0 0
1451 0 0 2 0 0
1452 0 0 2 0 0
1453 0 0 2 0 0
1454 0 0 2 0 0
1455 0 0 2 0 0
1456 0 0 2 0 0
1457 0 0 2 0 0
1458 0 0 2 0 0
1459 0 0 2 0 0
1460 0 0 2 0 0
1461 0 0 2 0 0
1462 0 0 2 0 0
1463 0 0 2 0 0
1464 0 0 2 0 2
1465 0 0 2 0 2
1466 0 0 2 0 2
1467 0 0 2 0 2
1468 0 0 2 0 2
1469 0 0 2 0 2
1470 0 0 2 0 2
1471 0 0 2 0 2
1472 0 0 2 0 2
1473 0 0 2 0 2
1474 0 0 2 0 2
1475 0 0 2 0 2
1476 0 0 2 0 2
1477 0 0 2 0 2
1478 0 0 2 0 2
1479 0 0 2 0 2
1480 0 0 2 0 2
1481 0 0 2 0 2
1482 0 0 2 0 2
1483 0 0 2 0 2
1484 0 0 2 0 2
1485 0 0 2 0 2
1486 0 0 2 0 2
1487 0 0 2 0 2
1488 0 0 2 0 2
1489 0 0 2 0 2
1490 0 0 2 0 2
1491 0 0 2 0 2
1492 0 0 2 0 2
1493 0 0 2 0 2
1494 0 0 2 0 2
1495 0 0 2 0 2
1496 0 0 2 0 2
1497 0 0 2 0 2
1498 0 0 2 0 2
1499 0 0 2 0 2
1500 0 0 2 0 2
1501 0 0 2 0 2
1502 0 0 2 0 2
1503 0 0 2 0 2
1504 0 0 2 0 2
1505 0 0 2 0 2
1506 0 0 2 0 2
1507 0 0 2 0 2
1508 0 0 2 0 2
1509 0 0 2 0 2
1510 0 0 2 0 2
1511 0 0 2 0 2
1512 0 0 2 0 2
1513 0 0 2 0 2
1514 0 0 2 0 2
1515 0 0 2 0 2
1516 0 0 2 0 2
1517 0 0 2 0 2
1518 0 0 2 0 2
1519 0 0 2 0 2
1520 0 0 2 0 2
1521 0 0 2 0 2
1522 0 0 2 0 2
1523 0 0 2 0 2
1524 0 0 2 0 2
1525 0 0 2 0 2
1526 0 0 2 0 2
1527 0 0 2 0 2
1528 0 0 2 0 2
1529 0 0 2 0 2
1530 0 0 2 0 2
1531 0 0 2 0 2
1532 0 0 2 0 2
1533 0 0 2 0 2
1534 0 0 2 0 2
1535 0 0 2 0 2
1536 0 0 2 0 2
1537 0 0 2 0 2
1538 0 0 2 0 2
1539 0 0 2 0 2
1540 0 0 2 0 2
1541 0 0 2 0 2
1542 0 0 2 0 2
1543 0 0 2 0 2
1544 0 0 2 0 2
1545 0 0 2 0 2
1546 0 0 2 0 2
1547 0 0 2 0 2
1548 0 0 2 0 2
1549 0 0 2 0 2
1550 0 0 2 0 2
1551 0 0 2 0 2
1552 0 0 2 0 2
1553 0 0 2 0 2
1554 0 0 2 0 2
1555 0 0 2 0 2
1556 0 0 2 0 2
1557 0 0 2 0 2
1558 0 0 2 0 2
1559 0 0 2 0 2
1560 0 0 2 0 2
1561 0 0 2 0 2
1562 0 0 2 0 2
1563 0 0 2 0 2
1564 0 0 2 0 2
1565 0 0 2 0 2
1566 0 0 2 0 2
1567 0 0 2 0 2
1568 0 0 2 0 2
1569 0 0 2 0 2
1570 0 0 2 0 2
1571 0 0 2 0 2
1572 0 0 2 0 2
1573 0 0 2 0 2
1574 0 0 2 0 2
1575 0 0 2 0 2
1576 0 0 2 0 2
1577 0 0 2 0 2
1578 0 0 2 0 2
1579 0 0 2 0 2
1580 0 0 2 0 2
1581 0 0 2 0 2
1582 0 0 2 0 2
1583 0 0 2 0 2
1584 0 0 2 0 2
1585 0 0 2 0 2
1586 0 0 2 0 2
1587 0 0 2 0 2
1588 0 0 2 0 2
1589 0 0 2 0 2
1590 0 0 2 0 2
1591 0 0 2 0 2
1592 0 0 2 0 2
1593 0 0 2 0 2
1594 0 0 2 0 2
1595 0 0 2 0 2
1596 0 0 2 0 2
1597 0 0 2 0 2
1598 0 0 2 0 2
1599 0 0 2 0 2
1600 0 0 2 0 2
1601 0 0 2 0 2
1602 0 0 2 0 2
1603 0 0 2 0 2
1604 0 0 2 0 2
1605 0 0 2 0 2
1606 0 0 2 0 2
1607 0 0 2 0 2
1608 0 0 2 0 2
1609 0 0 2 0 2
1610 0 0 2 0 2
1611 0 0 2 0 2
1612 0 0 2 0 2
1613 0 0 2 0 2
1614 0 0 2 0 2
1615 0 0 2 0 2
1616 0 0 2 0 2
1617 0 0 2 0 2
1618 0 0 2 0 2
1619 0 0 2 0 2
1620 0 0 2 0 2
1621 0 0 2 0 2
1622 0 0 2 0 2
1623 0 0 2 0 2
1624 0 0 2 0 2
1625 0 0 2 0 2
1626 0 0 2 0 2
1627 0 0 2 0 2
1628 0 0 2 0 2
1629 0 0 2 0 2
1630 0 0 2 0 2
1631 0 0 2 0 2
1632 0 0 2 0 2
1633 0 0 2 0 2
1634 0 0 2 0 2
1635 0 0 2 0 2
1636 0 0 2 0 2
1637 0 0 2 0 2
1638 0 0 2 0 2
1639 0 0 2 0 2
1640 0 0 2 0 2
1641 0 0 2 0 2
1642 0 0 2 0 2
1643 0 0 2 0 2
1644 0 0 2 0 2
1645 0 0 2 0 2
1646 0 0 2 0 2
1647 0 0 2 0 2
1648 0 0 2 0 2
1649 0 0 2 0 2
1650 0 0 2 0 2
1651 0 0 2 0 2
1652 0 0 2 0 2
1653 0 0 2 0 2
1654 0 0 2 0 2
1655 0 0 2 0 2
1656 0 0 2 0 2
1657 0 0 2 0 2
1658 0 0 2 0 2
1659 0 0 2 0 2
1660 0 2 2 0 2
1661 0 2 2 0 2
1662 0 2 2 0 2
1663 0 2 2 0 2
1664 0 2 2 0 2
1665 0 2 2 0 2
1666 0 2 2 0 2
1667 0 2 2 0 2
1668 0 2 2 0 2
1669 0 2 2 0 2
1670 0 2 2 0 2
1671 0 2 2 0 2
1672 0 2 2 0 2
1673 0 2 2 0 2
1674 0 2 2 0 2
1675 0 0 2 0 2
1676 0 0 2 0 2
1677 0 0 2 0 2
1678 0 0 2 0 2
1679 0 0 2 0 2
1680 0 0 2 0 2
1681 0 0 2 0 2
1682 0 0 2 0 2
1683 0 0 2 0 2
1684 0 0 2 0 2
1685 0 0 2 0 2
1686 0 0 2 0 2
1687 0 0 2 0 2
1688 0 0 2 0 2
1689 0 0 2 0 2
1690 0 2 2 0 2
1691 0 2 2 0 2
1692 0 2 2 0 2
1693 0 2 2 0 2
1694 0 2 2 0 2
1695 0 2 2 0 2
1696 0 2 2 0 2
1697 0 2 2 0 2
1698 0 2 2 0 2
1699 0 2 2 0 2
1700 0 2 2 0 2
1701 0 2 2 0 2
1702 0 2 2 0 2
1703 0 2 2 0 2
1704 0 2 2 0 2
1705 0 2 2 0 2
1706 0 2 2 0 2
1707 0 2 2 0 2
1708 0 2 2 0 2
1709 0 2 2 0 2
1710 0 2 2 0 2
1711 0 2 2 0 2
1712 0 2 2 0 2
1713 0 2 2 0 2
1714 0 2 2 0 2
1715 0 2 2 0 2
1716 0 2 2 0 2
1717 0 2 2 0 2
1718 0 2 2 0 2
1719 0 2 2 0 2
1720 0 2 2 0 2
1721 0 2 2 0 2
1722 0 2 2 0 2
1723 0 2 2 0 2
1724 0 2 2 0 2
1725 0 2 2 0 2
1726 0 2 2 0 2
1727 0 2 2 0 2
1728 0 2 2 0 2
1729 0 2 2 0 2
1730 0 2 2 0 2
1731 0 2 2 0 2
1732 0 2 2 0 2
1733 0 2 2 0 2
1734 0 2 2 0 2
1735 0 0 2 0 2
1736 0 0 2 0 2
1737 0 0 2 0 2
1738 0 0 2 0 2
1739 0 0 2 0 2
1740 0 0 2 0 2
1741 0 0 2 0 2
1742 0 0 2 0 2
1743 0 0 2 0 2
1744 0 0 2 0 2
1745 0 0 2 0 2
1746 0 0 2 0 2
1747 0 0 2 0 2
1748 0 0 2 0 2
1749 0 0 2 0 2
1750 0 0 2 0 2
1751 0 0 2 0 2
1752 0 0 2 0 2
1753 0 0 2 0 2
1754 0 0 2 0 2
1755 0 0 2 0 2
1756 0 0 2 0 2
1757 0 0 2 0 2
1758 0 0 2 0 2
1759 0 0 2 0 2
1760 0 0 2 0 2
1761 0 0 2 0 2
1762 0 0 2 0 2
1763 0 0 2 0 2
1764 0 0 2 0 2
1765 0 0 2 0 2
1766 0 0 2 0 2
1767 0 0 2 0 2
1768 0 0 2 0 2
1769 0 0 2 0 2
1770 0 0 2 0 2
1771 0 0 2 0 2
1772 0 0 2 0 2
1773 0 0 2 0 2
1774 0 0 2 0 2
1775 0 0 2 0 2
1776 0 0 2 0 2
1777 0 0 2 0 2
1778 0 0 2 0 2
1779 0 0 2 0 2
1780 0 0 2 0 2
1781 0 0 2 0 2
1782 0 0 2 0 2
1783 0 0 2 0 2
1784 0 0 2 0 2
1785 0 0 2 0 2
1786 0 0 2 0 2
1787 0 0 2 0 2
1788 0 0 2 0 2
1789 0 0 2 0 2
1790 2 0 2 0 2
1791 2 0 2 0 2
1792 2 0 2 0 2
1793 2 0 2 0 2
1794 2 0 2 0 2
1795 2 0 2 0 2
1796 2 0 2 0 2
1797 2 0 2 0 2
1798 2 0 2 0 2
1799 2 0 2 0 2
1800 2 0 0 2 2
1801 2 0 0 2 2
1802 2 0 0 2 2
1803 2 0 0 2 2
1804 2 0 0 2 2
1805 2 0 0 2 2
1806 2 0 0 2 2
1807 2 0 0 2 2
1808 2 0 0 2 2
1809 2 0 0 2 2
1810 2 0 0 2 2
1811 2 0 0 2 2
1812 2 0 0 0 2
1813 2 0 0 0 2
1814 2 0 0 0 2
1815 2 0 0 0 2
1816 2 0 0 0 2
1817 2 0 0 0 2
1818 2 0 0 0 2
1819 2 0 0 0 2
1820 2 0 0 0 2
1821 2 0 0 0 2
1822 2 0 0 0 2
1823 2 0 0 0 2
1824 2 0 0 0 2
1825 2 0 0 0 2
1826 2 0 0 0 2
1827 2 0 0 0 2
1828 2 0 0 0 2
1829 2 0 0 0 2
1830 2 0 0 0 2
1831 2 0 0 0 2
1832 2 0 0 0 2
1833 2 0 0 0 2
1834 2 0 0 0 2
1835 2 0 0 0 2
1836 2 0 0 0 2
1837 2 0 0 0 2
1838 2 0 0 0 2
1839 2 0 0 0 2
1840 2 0 0 0 2
1841 2 0 0 0 2
1842 2 0 0 0 2
1843 2 0 0 0 2
1844 2 0 0 0 2
1845 2 0 0 0 2
1846 2 0 0 0 2
1847 2 0 0 0 2
1848 2 0 0 0 2
1849 2 0 0 0 2
1850 2 0 0 0 2
1851 2 0 0 0 2
1852 2 0 0 0 2
1853 2 0 0 0 2
1854 2 0 0 0 2
1855 2 0 0 0 2
1856 2 0 0 0 2
1857 2 0 0 0 2
1858 2 0 0 0 2
1859 2 0 0 0 2
1860 2 0 0 0 2
1861 2 0 0 0 2
1862 2 0 0 0 2
1863 2 0 0 0 2
1864 2 0 0 0 2
1865 2 0 0 0 2
1866 2 0 0 0 2
1867 2 0 0 0 2
1868 2 0 0 0 2
1869 2 0 0 0 2
1870 2 0 0 0 2
1871 2 0 0 0 2
1872 2 0 0 0 2
1873 2 0 0 0 2
1874 2 0 0 0 2
1875 2 0 0 0 2
1876 2 0 0 0 2
1877 2 0 0 0 2
1878 2 0 0 0 2
1879 2 0 0 0 2
1880 2 0 0 0 2
1881 2 0 0 0 2
1882 2 0 0 0 2
1883 2 0 0 0 2
1884 2 0 0 0 2
1885 2 0 0 0 2
1886 2 0 0 0 2
1887 2 0 0 0 2
1888 2 0 0 0 2
1889 2 0 0 0 2
1890 2 0 0 0 2
1891 2 0 0 0 2
1892 2 0 0 0 2
1893 2 0 0 0 2
1894 2 0 0 0 2
1895 2 0 0 0 2
1896 2 0 0 0 2
1897 2 0 0 0 2
1898 2 0 0 0 2
1899 2 0 0 0 2
1900 2 0 5 0 2
1901 2 0 5 0 2
1902 2 0 5 0 2
1903 2 0 5 0 2
1904 2 0 5 0 2
1905 2 0 5 0 2
1906 2 0 5 0 2
1907 2 0 5 0 2
1908 2 0 5 0 2
1909 2 0 5 0 2
1910 2 0 5 0 2
1911 2 0 5 0 2
1912 2 0 5 0 2
1913 2 0 5 0 2
1914 2 0 5 0 2
1915 2 0 5 0 2
1916 2 0 5 0 2
1917 2 0 5 0 2
1918 2 0 5 0 2
1919 2 0 5 0 2
1920 2 0 5 0 2
1921 2 0 5 0 2
1922 2 0 5 0 2
1923 2 0 5 0 2
1924 2 0 5 0 2
1925 2 0 5 0 2
1926 2 0 5 0 2
1927 2 0 5 0 2
1928 2 0 5 0 2
1929 2 0 5 0 2
1930 2 0 5 0 2
1931 2 0 5 0 2
1932 2 0 5 0 2
1933 2 0 5 0 2
1934 2 0 5 0 2
1935 2 0 5 0 2
1936 2 0 5 0 2
1937 2 0 5 0 2
1938 2 0 5 0 2
1939 2 0 5 0 2
1940 2 0 5 0 2
1941 2 0 5 0 2
1942 2 0 5 0 2
1943 2 0 5 0 2
1944 2 0 5 0 2
1945 2 0 5 0 2
1946 2 0 5 0 2
1947 2 0 5 0 2
1948 2 0 5 0 2
1949 2 0 5 0 2
1950 2 0 5 0 2
1951 2 0 5 0 2
1952 2 0 5 0 2
1953 2 0 5 0 2
1954 2 0 5 0 2
1955 2 0 5 0 2
1956 2 0 5 0 2
1957 2 0 5 0 2
1958 2 0 5 0 2
1959 2 0 5 0 2
1960 2 0 5 0 2
1961 2 0 5 0 2
1962 2 0 5 0 2
1963 2 0 5 0 2
1964 2 0 5 0 2
1965 2 0 5 0 2
1966 2 0 5 0 2
1967 2 0 5 0 2
1968 2 0 5 0 2
1969 2 0 5 0 2
1970 2 0 5 0 2
1971 2 0 5 0 2
1972 2 0 5 0 2
1973 2 0 5 0 2
1974 2 0 5 0 2
1975 2 0 5 0 2
1976 2 0 5 0 2
1977 2 0 5 0 2
1978 2 0 5 0 2
1979 2 0 5 0 2
1980 2 0 5 0 2
1981 2 0 5 0 2
1982 2 0 5 0 2
1983 2 0 5 0 2
1984 2 0 5 0 2
1985 2 0 5 0 2
1986 2 0 5 0 2
1987 2 0 5 0 2
1988 2 0 5 0 2
1989 2 0 5 0 2
1990 2 0 5 0 2
1991 2 0 5 0 2
1992 2 0 5 0 2
1993 2 0 5 0 2
1994 2 0 5 0 2
1995 2 0 5 0 2
1996 2 0 5 0 2
1997 2 0 5 0 2
1998 2 0 5 0 2
1999 2 0 5 0 2
2000 2 0 5 0 2
2001 2 0 5 0 2
2002 2 0 5 0 2
2003 2 0 5 0 2
2004 2 0 5 0 2
2005 2 0 5 0 2
2006 2 0 5 0 2
2007 2 0 5 0 2
2008 2 0 5 0 2
2009 2 0 5 0 2
2010 2 0 5 0 2
2011 2 0 5 0 2
2012 2 0 5 0 2
2013 2 0 5 0 2
2014 2 0 5 0 2
2015 2 0 5 0 2
2016 2 0 5 0 2
2017 2 0 5 0 2
2018 2 0 5 0 2
2019 2 0 5 0 2
2020 2 0 5 0 2
2021 2 0 5 0 2
2022 2 0 5 0 2
2023 2 0 5 0 2
2024 2 0 5 0 2
2025 2 0 5 0 2
2026 2 0 5 0 2
2027 2 0 5 0 2
2028 2 0 5 0 2
2029 2 0 5 0 2
2030 2 0 5 0 2
2031 2 0 5 0 2
2032 2 0 5 0 2
2033 2 0 5 0 2
2034 2 0 5 0 2
2035 2 0 5 0 2
2036 2 0 5 0 2
2037 2 0 5 0 2
2038 2 0 5 0 2
2039 2 0 5 0 2
2040 2 0 5 0 2
2041 2 0 5 0 2
2042 2 0 5 0 2
2043 2 0 5 0 2
2044 2 0 5 0 2
2045 2 0 5 0 2
2046 2 0 5 0 2
2047 2 0 5 0 2
2048 2 0 5 0 2
2049 2 0 5 0 2
2050 2 0 5 0 2
2051 2 0 5 0 2
2052 2 0 5 0 2
2053 2 0 5 0 2
2054 2 0 5 0 2
2055 2 0 5 0 2
2056 2 0 5 0 2
2057 2 0 5 0 2
2058 2 0 5 0 2
2059 2 0 5 0 2
2060 2 0 5 0 2
2061 2 0 5 0 2
2062 2 0 5 0 2
2063 2 0 5 0 2
2064 2 0 5 0 2
2065 2 0 5 0 2
2066 2 0 5 0 2
2067 2 0 5 0 2
2068 2 0 5 0 2
2069 2 0 5 0 2
2070 2 0 5 0 2
2071 2 0 5 0 2
2072 2 0 5 0 2
2073 2 0 5 0 2
2074 2 0 5 0 2
2075 2 0 5 0 2
2076 2 0 5 0 2
2077 2 0 5 0 2
2078 2 0 5 0 2
2079 2 0 5 0 2
2080 2 0 5 0 2
2081 2 0 5 0 2
2082 2 0 5 0 2
2083 2 0 5 0 2
2084 2 0 5 0 2
2085 2 0 5 0 2
2086 2 0 5 0 2
2087 2 0 5 0 2
2088 2 0 5 0 2
2089 2 0 5 0 2
2090 2 0 5 0 2
2091 2 0 5 0 2
2092 2 0 5 0 2
2093 2 0 5 0 2
2094 2 0 5 0 2
2095 2 0 5 0 2
2096 2 0 5 0 2
2097 2 0 5 0 2
2098 2 0 5 0 2
2099 2 0 5 0 2
2100 2 0 5 0 2
2101 2 0 5 0 2
2102 2 0 5 0 2
2103 2 0 5 0 2
2104 2 0 5 0 2
2105 2 0 5 0 2
2106 2 0 5 0 2
2107 2 0 5 0 2
2108 2 0 5 0 2
2109 2 0 5 0 2
2110 2 0 5 0 0
2111 2 0 5 0 0
2112 2 0 5 0 0
2113 2 0 5 0 0
2114 2 0 5 0 0
2115 2 0 5 0 0
2116 2 0 5 0 0
2117 2 0 5 0 0
2118 2 0 5 0 0
2119 2 0 5 0 0
2120 2 0 5 0 0
2121 2 0 5 0 0
2122 2 0 5 0 0
2123 2 0 5 0 0
2124 2 0 5 0 0
2125 2 0 5 0 0
2126 2 0 5 0 0
2127 2 0 5 0 0
2128 2 0 5 0 0
2129 2 0 5 0 0
2130 2 0 0 0 0
2131 2 0 0 0 0
2132 2 0 0 0 0
2133 2 0 0 0 0
2134 2 0 0 0 0
2135 2 0 0 0 0
2136 2 0 0 0 0
2137 2 0 0 0 0
2138 2 0 0 0 0
2139 2 0 0 0 0
2140 2 0 0 0 0
2141 2 0 0 0 0
2142 2 0 0 0 0
2143 2 0 0 0 0
2144 2 0 0 0 0
2145 2 0 0 0 0
2146 2 0 0 0 0
2147 2 0 0 0 0
2148 2 0 0 0 0
2149 2 0 0 0 0
2150 2 0 0 0 0
2151 2 0 0 0 0
2152 2 0 0 0 0
2153 2 0 0 0 0
2154 2 0 0 0 0
2155 2 0 0 0 0
2156 2 0 0 0 0
2157 2 0 0 0 0
2158 2 0 0 0 0
2159 2 0 0 0 0
2160 2 0 0 0 0
2161 2 0 0 0 0
2162 2 0 0 0 0
2163 2 0 0 0 0
2164 2 0 0 0 0
2165 2 0 0 0 0
2166 2 0 0 0 0
2167 2 0 0 0 0
2168 2 0 0 0 0
2169 2 0 0 0 0
2170 2 0 0 0 0
2171 2 0 0 0 0
2172 2 0 0 0 0
2173 2 0 0 0 0
2174 2 0 0 0 0
2175 2 0 0 0 0
2176 2 0 0 0 0
2177 2 0 0 0 0
2178 2 0 0 0 0
2179 2 0 0 0 0
2180 2 0 0 0 0
2181 2 0 0 0 0
2182 2 0 0 0 0
2183 2 0 0 0 0
2184 2 0 0 0 0
2185 2 0 0 0 0
2186 2 0 0 0 0
2187 2 0 0 0 0
2188 2 0 0 0 0
2189 2 0 0 0 0
2190 2 0 0 0 0
2191 2 0 0 0 0
2192 2 0 0 0 0
2193 2 0 0 0 0
2194 2 0 0 0 0
2195 2 0 0 0 0
2196 2 0 0 0 0
2197 2 0 0 0 0
2198 2 0 0 0 0
2199 2 0 0 0 0
2200 2 0 0 0 0
2201 2 0 0 0 0
2202 2 0 0 0 0
2203 2 0 0 0 0
2204 2 0 0 0 0
2205 2 0 0 0 0
2206 2 0 0 0 0
2207 2 0 0 0 0
2208 2 0 0 0 0
2209 2 0 0 0 0
2210 2 0 0 0 0
2211 2 0 0 0 0
2212 2 0 0 0 0
2213 2 0 0 0 0
2214 2 0 0 0 0
2215 2 0 0 0 0
2216 2 0 0 0 0
2217 2 0 0 0 0
2218 2 0 0 0 0
2219 2 0 0 0 0
2220 2 0 0 0 0
2221 2 0 0 0 0
2222 2 0 0 0 0
2223 2 0 0 0 0
2224 2 0 0 0 0
2225 2 0 0 0 0
2226 2 0 0 0 0
2227 2 0 0 0 0
2228 2 0 0 0 0
2229 2 0 0 0 0
2230 2 0 0 0 0
2231 2 0 0 0 0
2232 2 0 0 0 0
2233 2 0 0 0 0
2234 2 0 0 0 0
2235 2 0 0 0 0
2236 2 0 0 0 0
2237 2 0 0 0 0
2238 2 0 0 0 0
2239 2 0 0 0 0
2240 2 0 0 0 0
2241 2 0 0 0 0
2242 2 0 0 0 0
2243 2 0 0 0 0
2244 2 0 0 0 0
2245 2 0 0 0 0
2246 2 0 0 0 0
2247 2 0 0 0 0
2248 2 0 0 0 0
2249 2 0 0 0 0
2250 2 0 0 0 0
2251 2 0 0 0 0
2252 2 0 0 0 0
2253 2 0 0 2 0
2254 2 0 0 2 0
2255 2 0 0 2 0
2256 2 0 0 2 0
2257 2 0 0 2 0
2258 2 0 0 2 0
2259 2 0 0 2 0
2260 2 0 0 2 0
2261 2 0 0 2 0
2262 2 0 0 2 0
2263 2 0 0 2 0
2264 2 0 0 2 0
2265 2 0 0 2 0
2266 2 0 0 2 0
2267 2 0 0 2 0
2268 2 0 0 2 0
2269 2 0 0 2 0
2270 2 0 0 0 0
2271 2 0 0 0 0
2272 2 0 0 0 0
2273 2 0 0 0 0
2274 2 0 0 0 0
2275 2 0 0 0 0
2276 2 0 0 0 0
2277 2 0 0 0 0
2278 2 0 0 0 0
2279 2 0 0 0 0
2280 2 0 0 0 0
2281 2 0 0 0 0
2282 2 0 0 0 0
2283 2 0 0 0 0
2284 2 0 0 0 0
2285 2 0 0 0 0
2286 2 0 0 0 0
2287 2 0 0 0 0
2288 2 0 0 0 0
2289 2 0 0 0 0
2290 2 0 2 0 0
2291 2 0 2 0 0
2292 2 0 2 0 0
2293 2 0 2 0 0
2294 2 0 2 0 0
2295 2 0 2 0 0
2296 2 0 2 0 0
2297 2 0 2 0 0
2298 2 0 2 0 0
2299 2 0 2 0 0
2300 2 0 2 0 0
2301 2 0 2 0 0
2302 2 0 2 0 0
2303 2 0 2 0 0
2304 2 0 2 0 0
2305 2 0 2 0 0
2306 2 0 2 0 0
2307 2 0 2 0 0
2308 2 0 2 0 0
2309 2 0 2 0 0
2310 2 0 2 0 0
2311 2 0 2 0 0
2312 2 0 2 0 0
2313 2 0 2 0 0
2314 2 0 2 0 0
2315 2 0 2 0 0
2316 2 0 2 0 0
2317 2 0 2 0 0
2318 2 0 2 0 0
2319 2 0 2 0 0
2320 0 0 2 0 0
2321 0 0 2 0 0
2322 0 0 2 0 0
2323 0 0 2 0 0
2324 0 0 2 0 0
2325 0 0 2 0 0
2326 0 0 2 0 0
2327 0 0 2 0 0
2328 0 0 2 0 0
2329 0 0 2 0 0
2330 0 0 2 0 0
2331 0 0 2 0 0
2332 0 0 2 0 0
2333 0 0 2 0 0
2334 0 0 2 0 0
2335 0 0 2 0 0
2336 0 0 2 0 0
2337 0 0 2 0 0
2338 0 0 2 0 0
2339 0 0 2 0 0
2340 0 0 2 0 0
2341 0 0 2 0 0
2342 0 0 2 0 0
2343 0 0 2 0 0
2344 0 0 2 0 0
2345 0 0 2 0 0
2346 0 0 2 0 0
2347 0 0 2 0 0
2348 0 0 2 0 0
2349 0 0 2 0 0
2350 0 0 2 0 0
2351 0 0 2 0 0
2352 0 0 2 0 0
2353 0 0 2 0 0
2354 0 0 2 0 0
2355 0 0 2 0 0
2356 0 0 2 0 0
2357 0 0 2 0 0
2358 0 0 2 0 0
2359 0 0 2 0 0
2360 0 0 2 0 0
2361 0 0 2 0 0
2362 0 0 2 0 0
2363 0 0 2 0 0
2364 0 0 2 0 0
2365 0 0 2 0 0
2366 0 0 2 0 0
2367 0 0 2 0 0
2368 0 0 2 0 0
2369 0 0 2 0 0
2370 0 0 2 0 0
2371 0 0 2 0 0
2372 0 0 2 0 0
2373 0 0 2 0 0
2374 0 0 2 0 0
2375 0 0 2 0 0
2376 0 0 2 0 0
2377 0 0 2 0 0
2378 0 0 2 0 0
2379 0 0 2 0 0
2380 0 0 2 0 0
2381 0 0 2 0 0
2382 0 0 2 0 0
2383 0 0 2 0 0
2384 0 0 2 0 0
2385 0 0 2 0 0
2386 0 0 2 0 0
2387 0 0 2 0 0
2388 0 0 2 0 0
2389 0 0 2 0 0
2390 0 0 2 0 0
2391 0 0 2 0 0
2392 0 0 2 0 0
2393 0 0 2 0 0
2394 0 0 2 0 0
2395 0 0 2 0 0
2396 0 0 2 0 0
2397 0 0 2 0 0
2398 0 0 2 0 0
2399 0 0 2 0 0
2400 0 0 2 0 0
2401 0 0 2 0 0
2402 0 0 2 0 0
2403 0 0 2 0 0
2404 0 0 2 0 0
2405 0 0 2 0 0
2406 0 0 2 0 0
2407 0 0 2 0 0
2408 0 0 2 0 0
2409 0 0 2 0 0
2410 0 0 2 0 0
2411 0 0 2 0 0
2412 0 0 2 0 0
2413 0 0 2 0 0
2414 0 0 2 0 0
2415 0 0 2 0 0
2416 0 0 2 0 0
2417 0 0 2 0 0
2418 0 0 2 0 0
2419 0 0 2 0 0
2420 0 0 2 0 0
2421 0 0 2 0 0
2422 0 0 2 0 0
2423 0 0 2 0 0
2424 0 0 2 0 0
2425 0 0 2 0 0
2426 0 0 2 0 0
2427 0 0 2 0 0
2428 0 0 2 0 0
2429 0 0 2 0 0
2430 0 0 2 0 0
2431 0 0 2 0 0
2432 0 0 2 0 0
2433 0 0 2 0 0
2434 0 0 2 0 0
2435 0 0 2 0 0
2436 0 0 2 0 0
2437 0 0 2 0 0
2438 0 0 2 0 0
2439 0 0 2 0 0
2440 0 0 2 0 0
2441 0 0 2 0 0
2442 0 0 2 0 0
2443 0 0 2 0 0
2444 0 0 2 0 0
2445 0 0 2 0 0
2446 0 0 2 0 0
2447 0 0 2 0 0
2448 0 0 2 0 0
2449 0 0 2 0 0
2450 0 0 2 0 0
2451 0 0 2 0 0
2452 0 0 2 0 0
2453 0 0 2 0 0
2454 0 0 2 0 0
2455 0 0 2 0 0
2456 0 0 2 0 0
2457 0 0 2 0 0
2458 0 0 2 0 0
2459 0 0 2 0 0
2460 0 0 2 0 0
2461 0 0 2 0 0
2462 0 0 2 0 0
2463 0 0 2 0 0
2464 0 0 2 0 0
2465 0 0 2 0 0
2466 0 0 2 0 0
2467 0 0 2 0 0
2468 0 0 2 0 0
2469 0 0 2 0 0
2470 0 0 2 0 0
2471 0 0 2 0 0
2472 0 0 2 0 0
2473 0 0 2 0 0
2474 0 0 2 0 0
2475 0 0 2 0 0
2476 0 0 2 0 0
2477 0 0 2 0 0
2478 0 0 2 0 0
2479 0 0 2 0 0
2480 0 0 2 0 0
2481 0 0 2 0 0
2482 0 0 2 0 0
2483 0 0 2 0 0
2484 0 0 2 0 0
2485 0 0 2 0 0
2486 0 0 2 0 0
2487 0 0 2 0 0
2488 0 0 2 0 0
2489 0 0 2 0 0
2490 0 0 2 0 0
2491 0 0 2 0 0
2492 0 0 2 0 0
2493 0 0 2 0 0
2494 0 0 2 0 0
2495 0 0 2 0 0
2496 0 0 2 0 0
2497 0 0 2 0 0
2498 0 0 2 0 0
2499 0 0 2 0 0
2500 0 0 2 0 0
2501 0 0 2 0 0
2502 0 0 2 0 0
2503 0 0 2 0 0
2504 0 0 2 0 0
2505 0 0 2 0 0
2506 0 0 2 0 0
2507 0 0 2 0 0
2508 0 0 2 0 0
2509 0 0 2 0 0
2510 0 0 2 0 2
2511 0 0 2 0 2
2512 0 0 2 0 2
2513 0 0 2 0 2
2514 0 0 2 0 2
2515 0 0 2 0 2
2516 0 0 2 0 2
2517 0 0 2 0 2
2518 0 0 2 0 2
2519 0 0 2 0 2
2520 0 0 2 0 2
2521 0 0 2 0 2
2522 0 0 2 0 2
2523 0 0 2 0 2
2524 0 0 2 0 2
2525 0 0 2 0 2
2526 0 0 2 0 2
2527 0 0 2 0 2
2528 0 0 2 0 2
2529 0 0 2 0 2
2530 0 0 2 0 2
2531 0 0 2 0 2
2532 0 0 2 0 2
2533 0 0 2 0 2
2534 0 0 2 0 2
2535 0 0 2 0 2
2536 0 0 2 0 2
2537 0 0 2 0 2
2538 0 0 2 0 2
2539 0 0 2 0 2
2540 0 0 2 0 2
2541 0 0 2 0 2
2542 0 0 2 0 2
2543 0 0 2 0 2
2544 0 0 2 0 2
2545 0 0 2 0 2
2546 0 0 2 0 2
2547 0 0 2 0 2
2548 0 0 2 0 2
2549 0 0 2 0 2
2550 0 0 2 0 1
2551 0 0 2 0 1
2552 0 0 2 0 1
2553 0 0 2 0 1
2554 0 0 2 0 1
2555 0 0 2 0 1
2556 0 0 2 0 1
2557 0 0 2 0 1
2558 0 0 2 0 1
2559 0 0 2 0 1
2560 0 0 2 0 0
2561 0 0 2 0 0
2562 0 0 2 0 0
2563 0 0 2 0 0
2564 0 0 2 0 0
2565 0 0 2 0 0
2566 0 0 2 0 0
2567 0 0 2 0 0
2568 0 0 2 0 0
2569 0 0 2 0 0
2570 0 0 2 0 2
2571 0 0 2 0 2
2572 0 0 2 0 2
2573 0 0 2 0 2
2574 0 0 2 0 2
2575 0 0 2 0 2
2576 0 0 2 0 2
2577 0 0 2 0 2
2578 0 0 2 0 2
2579 0 0 2 0 2
2580 0 0 2 0 2
2581 0 0 2 0 2
2582 0 0 2 0 2
2583 0 0 2 0 2
2584 0 0 2 0 2
2585 0 0 2 0 2
2586 0 0 2 0 2
2587 0 0 2 0 2
2588 0 0 2 0 2
2589 0 0 2 0 2
2590 0 0 2 0 2
2591 0 0 2 0 2
2592 0 0 2 0 2
2593 0 0 2 0 2
2594 0 0 2 0 2
2595 0 0 2 0 2
2596 0 0 2 0 2
2597 0 0 2 0 2
2598 0 0 2 0 2
2599 0 0 2 0 2
2600 0 0 2 0 2
2601 0 0 2 0 2
2602 0 0 2 0 2
2603 0 0 2 0 2
2604 0 0 2 0 2
2605 0 0 2 0 2
2606 0 0 2 0 2
2607 0 0 2 0 2
2608 0 0 2 0 2
2609 0 0 2 0 2
2610 0 0 2 0 2
2611 0 0 2 0 2
2612 0 0 2 0 2
2613 0 0 2 0 2
2614 0 0 2 0 2
2615 0 0 2 0 2
2616 0 0 2 0 2
2617 0 0 2 0 2
2618 0 0 2 0 2
2619 0 0 2 0 2
2620 0 0 2 0 2
2621 0 0 2 0 2
2622 0 0 2 0 2
2623 0 0 2 0 2
2624 0 0 2 0 2
2625 0 0 2 0 2
2626 0 0 2 0 2
2627 0 0 2 0 2
2628 0 0 2 0 2
2629 0 0 2 0 2
2630 0 0 2 0 2
2631 0 0 2 0 2
2632 0 0 2 0 2
2633 0 0 2 0 2
2634 0 0 2 0 2
2635 0 0 2 0 2
2636 0 0 2 0 2
2637 0 0 2 0 2
2638 0 0 2 0 2
2639 0 0 2 0 2
2640 0 0 2 0 2
2641 0 0 2 0 2
2642 0 0 2 0 2
2643 0 0 2 0 2
2644 0 0 2 0 2
2645 0 0 2 0 2
2646 0 0 2 0 2
2647 0 0 2 0 2
2648 0 0 2 0 2
2649 0 0 2 0 2
2650 0 0 2 0 2
2651 0 0 2 0 2
2652 0 0 2 0 2
2653 0 0 2 0 2
2654 0 0 2 0 2
2655 0 0 2 0 2
2656 0 0 2 0 2
2657 0 0 2 0 2
2658 0 0 2 0 2
2659 0 0 2 0 2
2660 0 0 2 0 2
2661 0 0 2 0 2
2662 0 0 2 0 2
2663 0 0 2 0 2
2664 0 0 2 0 2
2665 0 0 2 0 2
2666 0 0 2 0 2
2667 0 0 2 0 2
2668 0 0 2 0 2
2669 0 0 2 0 2
2670 0 0 2 0 2
2671 0 0 2 0 2
2672 0 0 2 0 2
2673 0 0 2 0 2
2674 0 0 2 0 2
2675 0 0 2 0 2
2676 0 0 2 0 2
2677 0 0 2 0 2
2678 0 0 2 0 2
2679 0 0 2 0 2
2680 0 0 2 0 2
2681 0 0 2 0 2
2682 0 0 2 0 2
2683 0 0 2 0 2
2684 0 0 2 0 2
2685 0 0 2 0 2
2686 0 0 2 0 2
2687 0 0 2 0 2
2688 0 0 2 0 2
2689 0 0 2 0 2
2690 0 0 2 0 2
2691 0 0 2 0 2
2692 0 0 2 0 2
2693 0 0 2 0 2
2694 0 0 2 0 2
2695 0 0 2 0 2
2696 0 0 2 0 2
2697 0 0 2 0 2
2698 0 0 2 0 2
2699 0 0 2 0 2
2700 0 0 2 0 2
2701 0 0 2 0 2
2702 0 0 2 0 2
2703 0 0 2 0 2
2704 0 0 2 0 2
2705 0 0 2 0 2
2706 0 0 2 0 2
2707 0 0 2 0 2
2708 0 0 2 0 2
2709 0 0 2 0 2
2710 0 0 2 0 2
2711 0 0 2 0 2
2712 0 0 2 0 2
2713 0 0 2 0 2
2714 0 0 2 0 2
2715 0 0 2 0 2
2716 0 0 2 0 2
2717 0 0 2 0 2
2718 0 0 2 0 2
2719 0 0 2 0 2
2720 0 0 2 0 2
2721 0 0 2 0 2
2722 0 0 2 0 2
2723 0 0 2 0 2
2724 0 0 2 0 2
2725 0 0 2 0 2
2726 0 0 2 0 2
2727 0 0 2 0 2
2728 0 0 2 0 2
2729 0 0 2 0 2
2730 0 0 2 0 2
2731 0 0 2 0 2
2732 0 0 2 0 2
2733 0 0 2 0 2
2734 0 0 2 0 2
2735 0 0 2 0 2
2736 0 0 2 0 2
2737 0 0 2 0 2
2738 0 0 2 0 2
2739 0 0 2 0 2
2740 0 0 2 0 2
2741 0 0 2 0 2
2742 0 0 2 0 2
2743 0 0 2 0 2
2744 0 0 2 0 2
2745 0 0 2 0 2
2746 0 0 2 0 2
2747 0 0 2 0 2
2748 0 0 2 0 2
2749 0 0 2 0 2
2750 0 2 2 0 2
2751 0 2 2 0 2
2752 0 2 2 0 2
2753 0 2 2 0 2
2754 0 2 2 0 2
2755 0 2 2 0 2
2756 0 2 2 0 2
2757 0 2 2 0 2
2758 0 2 2 0 2
2759 0 2 2 0 2
2760 0 2 2 0 2
2761 0 2 2 0 2
2762 0 2 2 0 2
2763 0 2 2 0 2
2764 0 2 2 0 2
2765 0 2 2 0 2
2766 0 2 2 0 2
2767 0 2 2 0 2
2768 0 2 2 0 2
2769 0 2 2 0 2
2770 2 0 2 0 2
2771 2 0 2 0 2
2772 2 0 2 0 2
2773 2 0 2 0 2
2774 2 0 2 0 2
2775 2 0 2 0 2
2776 2 0 2 0 2
2777 2 0 2 0 2
2778 2 0 2 0 2
2779 2 0 2 0 2
2780 2 0 2 0 2
2781 2 0 2 0 2
2782 2 0 2 0 2
2783 2 0 2 0 2
2784 2 0 2 0 2
2785 2 0 2 0 2
2786 2 0 2 0 2
2787 2 0 2 0 2
2788 2 0 2 0 2
2789 2 0 2 0 2
2790 2 0 0 2 2
2791 2 0 0 2 2
2792 2 0 0 2 2
2793 2 0 0 2 2
2794 2 0 0 2 2
2795 2 0 0 2 2
2796 2 0 0 2 2
2797 2 0 0 2 2
2798 2 0 0 2 2
2799 2 0 0 2 2
2800 2 0 0 2 2
2801 2 0 0 2 2
2802 2 0 0 2 2
2803 2 0 0 2 2
2804 2 0 0 2 2
2805 2 0 0 2 2
2806 2 0 0 2 2
2807 2 0 0 2 2
2808 2 0 0 2 2
2809 2 0 0 2 2
2810 2 0 0 2 2
2811 2 0 0 2 2
2812 2 0 0 2 2
2813 2 0 0 2 2
2814 2 0 0 2 2
2815 2 0 0 2 2
2816 2 0 0 2 2
2817 2 0 0 2 2
2818 2 0 0 2 2
2819 2 0 0 2 2
2820 2 0 0 2 2
2821 2 0 0 2 2
2822 2 0 0 2 2
2823 2 0 0 0 2
2824 2 0 0 0 2
2825 2 0 0 0 2
2826 2 0 0 0 2
2827 2 0 0 0 2
2828 2 0 0 0 2
2829 2 0 0 0 2
2830 2 0 0 0 2
2831 2 0 0 0 2
2832 2 0 0 0 2
2833 2 0 0 0 2
2834 2 0 0 0 2
2835 2 0 0 0 2
2836 2 0 0 0 2
2837 2 0 0 0 2
2838 2 0 0 2 2
2839 2 0 0 2 2
2840 2 0 0 0 2
2841 2 0 0 0 2
2842 2 0 0 0 2
2843 2 0 0 0 2
2844 2 0 0 0 2
2845 2 0 0 0 2
2846 2 0 0 0 2
2847 2 0 0 0 2
2848 2 0 0 0 2
2849 2 0 0 0 2
2850 2 0 0 0 2
2851 2 0 0 0 2
2852 2 0 0 0 2
2853 2 0 0 0 2
2854 2 0 0 0 2
2855 2 0 0 0 2
2856 2 0 0 0 2
2857 2 0 0 0 2
2858 2 0 0 0 2
2859 2 0 0 0 2
2860 2 0 0 0 2
2861 2 0 0 0 2
2862 2 0 0 0 2
2863 2 0 0 0 2
2864 2 0 0 0 2
2865 2 0 0 0 2
2866 2 0 0 0 2
2867 2 0 0 0 2
2868 2 0 0 0 2
2869 2 0 0 0 2
2870 2 0 0 0 2
2871 2 0 0 0 2
2872 2 0 0 0 2
2873 2 0 0 0 2
2874 2 0 0 0 2
2875 2 0 0 0 2
2876 2 0 0 0 2
2877 2 0 0 0 2
2878 2 0 0 0 2
2879 2 0 0 0 2
2880 2 0 0 0 2
2881 2 0 0 0 2
2882 2 0 0 0 2
2883 2 0 0 0 2
2884 2 0 0 0 2
2885 2 0 0 0 2
2886 2 0 0 0 2
2887 2 0 0 0 2
2888 2 0 0 0 2
2889 2 0 0 0 2
2890 2 0 0 0 2
2891 2 0 0 0 2
2892 2 0 0 0 2
2893 2 0 0 0 2
2894 2 0 0 0 2
2895 2 0 0 0 2
2896 2 0 0 0 2
2897 2 0 0 0 2
2898 2 0 0 0 2
2899 2 0 0 0 2
2900 2 0 0 5 2
2901 2 0 0 5 2
2902 2 0 0 5 2
2903 2 0 0 5 2
2904 2 0 0 5 2
2905 2 0 0 5 2
2906 2 0 0 5 2
2907 2 0 0 5 2
2908 2 0 0 5 2
2909 2 0 0 5 2
2910 2 0 0 0 2
2911 2 0 0 0 2
2912 2 0 0 0 2
2913 2 0 0 2 2
2914 2 0 0 2 2
2915 2 0 0 2 2
2916 2 0 0 2 2
2917 2 0 0 2 2
2918 2 0 0 2 2
2919 2 0 0 2 2
2920 2 0 5 0 2
2921 2 0 5 0 2
2922 2 0 5 0 2
2923 2 0 5 0 2
2924 2 0 5 0 2
2925 2 0 5 0 2
2926 2 0 5 0 2
2927 2 0 5 0 2
2928 2 0 5 0 2
2929 2 0 5 0 2
2930 2 0 5 0 2
2931 2 0 5 0 2
2932 2 0 5 0 2
2933 2 0 5 0 2
2934 2 0 5 0 2
2935 2 0 5 0 2
2936 2 0 5 0 2
2937 2 0 5 0 2
2938 2 0 5 0 2
2939 2 0 5 0 2
2940 2 0 5 0 2
2941 2 0 5 0 2
2942 2 0 5 0 2
2943 2 0 5 0 2
2944 2 0 5 0 2
2945 2 0 5 0 2
2946 2 0 5 0 2
2947 2 0 5 0 2
2948 2 0 5 0 2
2949 2 0 5 0 2
2950 2 0 5 0 2
2951 2 0 5 0 2
2952 2 0 5 0 2
2953 2 0 5 0 2
2954 2 0 5 0 2
2955 2 0 5 0 2
2956 2 0 5 0 2
2957 2 0 5 0 2
2958 2 0 5 0 2
2959 2 0 5 0 2
2960 2 0 5 0 2
2961 2 0 5 0 2
2962 2 0 5 0 2
2963 2 0 5 0 2
2964 2 0 5 0 2
2965 2 0 5 0 2
2966 2 0 5 0 2
2967 2 0 5 0 2
2968 2 0 5 0 2
2969 2 0 5 0 2
2970 2 0 5 0 2
2971 2 0 5 0 2
2972 2 0 5 0 2
2973 2 0 5 0 2
2974 2 0 5 0 2
2975 2 0 5 0 2
2976 2 0 5 0 2
2977 2 0 5 0 2
2978 2 0 5 0 2
2979 2 0 5 0 2
2980 2 0 5 0 2
2981 2 0 5 0 2
2982 2 0 5 0 2
2983 2 0 5 0 2
2984 2 0 5 0 2
2985 2 0 5 0 2
2986 2 0 5 0 2
2987 2 0 5 0 2
2988 2 0 5 0 2
2989 2 0 5 0 2
2990 2 0 5 0 2
2991 2 0 5 0 2
2992 2 0 5 0 2
2993 2 0 5 0 2
2994 2 0 5 0 2
2995 2 0 5 0 2
2996 2 0 5 0 2
2997 2 0 5 0 2
2998 2 0 5 0 2
2999 2 0 5 0 2
3000 2 0 5 0 2
3001 2 0 5 0 2
3002 2 0 5 0 2
3003 2 0 5 0 2
3004 2 0 5 0 2
3005 2 0 5 0 2
3006 2 0 5 0 2
3007 2 0 5 0 2
3008 2 0 5 0 2
3009 2 0 5 0 2
3010 2 0 5 0 2
3011 2 0 5 0 2
3012 2 0 5 0 2
3013 2 0 5 0 2
3014 2 0 5 0 2
3015 2 0 5 0 2
3016 2 0 5 0 2
3017 2 0 5 0 2
3018 2 0 5 0 2
3019 2 0 5 0 2
3020 2 0 5 0 2
3021 2 0 5 0 2
3022 2 0 5 0 2
3023 2 0 5 0 2
3024 2 0 5 0 2
3025 2 0 5 0 2
3026 2 0 5 0 2
3027 2 0 5 0 2
3028 2 0 5 0 2
3029 2 0 5 0 2
3030 2 0 5 0 2
3031 2 0 5 0 2
3032 2 0 5 0 2
3033 2 0 5 0 2
3034 2 0 5 0 2
3035 2 0 5 0 2
3036 2 0 5 0 2
3037 2 0 5 0 2
3038 2 0 5 0 2
3039 2 0 5 0 2
3040 2 0 5 0 2
3041 2 0 5 0 2
3042 2 0 5 0 2
3043 2 0 5 0 2
3044 2 0 5 0 2
3045 2 0 5 0 2
3046 2 0 5 0 2
3047 2 0 5 0 2
3048 2 0 5 0 2
3049 2 0 5 0 2
3050 2 0 5 0 2
3051 2 0 5 0 2
3052 2 0 5 0 2
3053 2 0 5 0 2
3054 2 0 5 0 2
3055 2 0 5 0 2
3056 2 0 5 0 2
3057 2 0 5 0 2
3058 2 0 5 0 2
3059 2 0 5 0 2
3060 2 0 5 0 2
3061 2 0 5 0 2
3062 2 0 5 0 2
3063 2 0 5 0 2
3064 2 0 5 0 2
3065 2 0 5 0 2
3066 2 0 5 0 2
3067 2 0 5 0 2
3068 2 0 5 0 2
3069 2 0 5 0 2
3070 2 0 5 0 2
3071 2 0 5 0 2
3072 2 0 5 0 2
3073 2 0 5 0 2
3074 2 0 5 0 2
3075 2 0 5 0 2
3076 2 0 5 0 2
3077 2 0 5 0 2
3078 2 0 5 0 2
3079 2 0 5 0 2
3080 2 0 5 0 2
3081 2 0 5 0 2
3082 2 0 5 0 2
3083 2 0 5 0 2
3084 2 0 5 0 2
3085 2 0 5 0 2
3086 2 0 5 0 2
3087 2 0 5 0 2
3088 2 0 5 0 2
3089 2 0 5 0 2
3090 2 0 5 0 2
3091 2 0 5 0 2
3092 2 0 5 0 2
3093 2 0 5 0 2
3094 2 0 5 0 2
3095 2 0 5 0 2
3096 2 0 5 0 2
3097 2 0 5 0 2
3098 2 0 5 0 2
3099 2 0 5 0 2
3100 2 0 5 0 2
3101 2 0 5 0 2
3102 2 0 5 0 2
3103 2 0 5 0 2
3104 2 0 5 0 2
3105 2 0 5 0 2
3106 2 0 5 0 2
3107 2 0 5 0 2
3108 2 0 5 0 2
3109 2 0 5 0 2
3110 2 0 5 0 2
3111 2 0 5 0 2
3112 2 0 5 0 2
3113 2 0 5 0 2
3114 2 0 5 0 2
3115 2 0 5 0 2
3116 2 0 5 0 2
3117 2 0 5 0 2
3118 2 0 5 0 2
3119 2 0 5 0 2
3120 2 0 5 0 2
3121 2 0 5 0 2
3122 2 0 5 0 2
3123 2 0 5 0 2
3124 2 0 5 0 2
3125 2 0 5 0 2
3126 2 0 5 0 2
3127 2 0 5 0 2
3128 2 0 5 0 2
3129 2 0 5 0 2
3130 2 0 5 0 2
3131 2 0 5 0 2
3132 2 0 5 0 2
3133 2 0 5 0 2
3134 2 0 5 0 2
3135 2 0 5 0 2
3136 2 0 5 0 2
3137 2 0 5 0 2
3138 2 0 5 0 2
3139 2 0 5 0 2
3140 2 0 5 0 2
3141 2 0 5 0 2
3142 2 0 5 0 2
3143 2 0 5 0 2
3144 2 0 5 0 2
3145 2 0 5 0 2
3146 2 0 5 0 2
3147 2 0 5 0 2
3148 2 0 5 0 2
3149 2 0 5 0 2
3150 2 0 5 0 2
3151 2 0 5 0 2
3152 2 0 5 0 2
3153 2 0 5 0 2
3154 2 0 5 0 2
3155 2 0 5 0 2
3156 2 0 5 0 2
3157 2 0 5 0 2
3158 2 0 5 0 2
3159 2 0 5 0 2
3160 2 0 5 0 2
3161 2 0 5 0 2
3162 2 0 5 0 2
3163 2 0 5 0 2
3164 2 0 5 0 2
3165 2 0 5 0 2
3166 2 0 5 0 2
3167 2 0 5 0 2
3168 2 0 5 0 2
3169 2 0 5 0 2
3170 2 0 5 0 0
3171 2 0 5 0 0
3172 2 0 5 0 0
3173 2 0 5 0 0
3174 2 0 5 0 0
3175 2 0 5 0 0
3176 2 0 5 0 0
3177 2 0 5 0 0
3178 2 0 5 0 0
3179 2 0 5 0 0
3180 2 0 5 0 0
3181 2 0 5 0 0
3182 2 0 5 0 0
3183 2 0 5 0 0
3184 2 0 5 0 0
3185 2 0 5 0 0
3186 2 0 5 0 0
3187 2 0 5 0 0
3188 2 0 5 0 0
3189 2 0 5 0 0
3190 2 0 0 5 0
3191 2 0 0 5 0
3192 2 0 0 5 0
3193 2 0 0 5 0
3194 2 0 0 5 0
3195 2 0 0 5 0
3196 2 0 0 5 0
3197 2 0 0 5 0
3198 2 0 0 5 0
3199 2 0 0 5 0
3200 2 0 0 5 0
3201 2 0 0 5 0
3202 2 0 0 5 0
3203 2 0 0 5 0
3204 2 0 0 5 0
3205 2 0 0 5 0
3206 2 0 0 5 0
3207 2 0 0 5 0
3208 2 0 0 5 0
3209 2 0 0 5 0
3210 2 0 0 0 0
3211 2 0 0 0 0
3212 2 0 0 0 0
3213 2 0 0 0 0
3214 2 0 0 0 0
3215 2 0 0 0 0
3216 2 0 0 0 0
3217 2 0 0 0 0
3218 2 0 0 0 0
3219 2 0 0 0 0
3220 2 0 0 0 0
3221 2 0 0 0 0
3222 2 0 0 0 0
3223 2 0 0 0 0
3224 2 0 0 0 0
3225 2 0 0 0 0
3226 2 0 0 0 0
3227 2 0 0 0 0
3228 2 0 0 0 0
3229 2 0 0 0 0
3230 2 0 0 0 0
3231 2 0 0 0 0
3232 2 0 0 0 0
3233 2 0 0 0 0
3234 2 0 0 0 0
3235 2 0 0 0 0
3236 2 0 0 0 0
3237 2 0 0 0 0
3238 2 0 0 0 0
3239 2 0 0 0 0
3240 2 0 0 0 0
3241 2 0 0 0 0
3242 2 0 0 0 0
3243 2 0 0 0 0
3244 2 0 0 0 0
3245 2 0 0 0 0
3246 2 0 0 0 0
3247 2 0 0 0 0
3248 2 0 0 0 0
3249 2 0 0 0 0
3250 2 0 0 0 0
3251 2 0 0 0 0
3252 2 0 0 0 0
3253 2 0 0 0 0
3254 2 0 0 0 0
3255 2 0 0 0 0
3256 2 0 0 0 0
3257 2 0 0 0 0
3258 2 0 0 0 0
3259 2 0 0 0 0
3260 2 0 0 0 0
3261 2 0 0 0 0
3262 2 0 0 0 0
3263 2 0 0 0 0
3264 2 0 0 0 0
3265 2 0 0 0 0
3266 2 0 0 0 0
3267 2 0 0 0 0
3268 2 0 0 0 0
3269 2 0 0 0 0
3270 2 0 0 0 0
3271 2 0 0 0 0
3272 2 0 0 0 0
3273 2 0 0 0 0
3274 2 0 0 0 0
3275 2 0 0 0 0
3276 2 0 0 0 0
3277 2 0 0 0 0
3278 2 0 0 0 0
3279 2 0 0 0 0
3280 2 0 0 0 0
3281 2 0 0 0 0
3282 2 0 0 0 0
3283 2 0 0 0 0
3284 2 0 0 0 0
3285 2 0 0 0 0
3286 2 0 0 0 0
3287 2 0 0 0 0
3288 2 0 0 0 0
3289 2 0 0 0 0
3290 2 0 0 0 0
3291 2 0 0 0 0
3292 2 0 0 0 0
3293 2 0 0 0 0
3294 2 0 0 0 0
3295 2 0 0 0 0
3296 2 0 0 0 0
3297 2 0 0 0 0
3298 2 0 0 0 0
3299 2 0 0 0 0
3300 2 0 0 0 0
3301 2 0 0 0 0
3302 2 0 0 0 0
3303 2 0 0 0 0
3304 2 0 0 0 0
3305 2 0 0 0 0
3306 2 0 0 0 0
3307 2 0 0 0 0
3308 2 0 0 0 0
3309 2 0 0 0 0
3310 2 0 0 0 0
3311 2 0 0 0 0
3312 2 0 0 0 0
3313 2 0 0 0 0
3314 2 0 0 0 0
3315 2 0 0 0 0
3316 2 0 0 0 0
3317 2 0 0 0 0
3318 2 0 0 0 0
3319 2 0 0 0 0
3320 2 0 0 0 0
3321 2 0 0 0 0
3322 2 0 0 0 0
3323 2 0 0 0 0
3324 2 0 0 0 0
3325 2 0 0 0 0
3326 2 0 0 0 0
3327 2 0 0 0 0
3328 2 0 0 0 0
3329 2 0 0 0 0
3330 2 0 0 0 0
3331 2 0 0 0 0
3332 2 0 0 0 0
3333 2 0 0 0 0
3334 2 0 0 0 0
3335 2 0 0 0 0
3336 2 0 0 0 0
3337 2 0 0 0 0
3338 2 0 0 0 0
3339 2 0 0 0 0
3340 2 0 0 0 0
3341 2 0 0 0 0
3342 2 0 0 0 0
3343 2 0 0 0 0
3344 2 0 0 0 0
3345 2 0 0 0 0
3346 2 0 0 0 0
3347 2 0 0 0 0
3348 2 0 0 0 0
3349 2 0 0 0 0
3350 2 0 0 0 0
3351 2 0 0 0 0
3352 2 0 0 0 0
3353 2 0 0 0 0
3354 2 0 0 0 0
3355 2 0 0 0 0
3356 2 0 0 0 0
3357 2 0 0 0 0
3358 2 0 0 0 0
3359 2 0 0 0 0
3360 2 0 0 2 0
3361 2 0 0 2 0
3362 2 0 0 2 0
3363 2 0 0 2 0
3364 2 0 0 2 0
3365 2 0 0 2 0
3366 2 0 0 2 0
3367 2 0 0 2 0
3368 2 0 0 2 0
3369 2 0 0 2 0
3370 2 0 0 0 0
3371 2 0 0 0 0
3372 2 0 0 0 0
3373 2 0 0 0 0
3374 2 0 0 0 0
3375 2 0 0 0 0
3376 2 0 0 0 0
3377 2 0 0 0 0
3378 2 0 0 0 0
3379 2 0 0 0 0
3380 2 0 2 0 0
3381 2 0 2 0 0
3382 2 0 2 0 0
3383 2 0 2 0 0
3384 2 0 2 0 0
3385 2 0 2 0 0
3386 2 0 2 0 0
3387 2 0 2 0 0
3388 2 0 2 0 0
3389 2 0 2 0 0
3390 2 0 2 0 0
3391 2 0 2 0 0
3392 2 0 2 0 0
3393 2 0 2 0 0
3394 2 0 2 0 0
3395 2 0 2 0 0
3396 2 0 2 0 0
3397 2 0 2 0 0
3398 2 0 2 0 0
3399 2 0 2 0 0
3400 0 0 2 0 0
3401 0 0 2 0 0
3402 0 0 2 0 0
3403 0 0 2 0 0
3404 0 0 2 0 0
3405 0 0 2 0 0
3406 0 0 2 0 0
3407 0 0 2 0 0
3408 0 0 2 0 0
3409 0 0 2 0 0
3410 0 0 2 0 0
3411 0 0 2 0 0
3412 0 0 2 0 0
3413 0 0 2 0 0
3414 0 0 2 0 0
3415 0 0 2 0 0
3416 0 0 2 0 0
3417 0 0 2 0 0
3418 0 0 2 0 0
3419 0 0 2 0 0
3420 0 0 2 0 0
3421 0 0 2 0 0
3422 0 0 2 0 0
3423 0 0 2 0 0
3424 0 0 2 0 0
3425 0 0 2 0 0
3426 0 0 2 0 0
3427 0 0 2 0 0
3428 0 0 2 0 0
3429 0 0 2 0 0
3430 0 0 2 0 0
3431 0 0 2 0 0
3432 0 0 2 0 0
3433 0 0 2 0 0
3434 0 0 2 0 0
3435 0 0 2 0 0
3436 0 0 2 0 0
3437 0 0 2 0 0
3438 0 0 2 0 0
3439 0 0 2 0 0
3440 0 0 2 0 0
3441 0 0 2 0 0
3442 0 0 2 0 0
3443 0 0 2 0 0
3444 0 0 2 0 0
3445 0 0 2 0 0
3446 0 0 2 0 0
3447 0 0 2 0 0
3448 0 0 2 0 0
3449 0 0 2 0 0
3450 0 0 2 0 0
3451 0 0 2 0 0
3452 0 0 2 0 0
3453 0 0 2 0 0
3454 0 0 2 0 0
3455 0 0 2 0 0
3456 0 0 2 0 0
3457 0 0 2 0 0
3458 0 0 2 0 0
3459 0 0 2 0 0
3460 0 0 2 0 0
3461 0 0 2 0 0
3462 0 0 2 0 0
3463 0 0 2 0 0
3464 0 0 2 0 0
3465 0 0 2 0 0
3466 0 0 2 0 0
3467 0 0 2 0 0
3468 0 0 2 0 0
3469 0 0 2 0 0
3470 0 0 2 0 0
3471 0 0 2 0 0
3472 0 0 2 0 0
3473 0 0 2 0 0
3474 0 0 2 0 0
3475 0 0 2 0 0
3476 0 0 2 0 0
3477 0 0 2 0 0
3478 0 0 2 0 0
3479 0 0 2 0 0
3480 0 0 2 0 0
3481 0 0 2 0 0
3482 0 0 2 0 0
3483 0 0 2 0 0
3484 0 0 2 0 0
3485 0 0 2 0 0
3486 0 0 2 0 0
3487 0 0 2 0 0
3488 0 0 2 0 0
3489 0 0 2 0 0
3490 0 0 2 0 0
3491 0 0 2 0 0
3492 0 0 2 0 0
3493 0 0 2 0 0
3494 0 0 2 0 0
3495 0 0 2 0 0
3496 0 0 2 0 0
3497 0 0 2 0 0
3498 0 0 2 0 0
3499 0 0 2 0 0
3500 0 0 2 0 0
3501 0 0 2 0 0
3502 0 0 2 0 0
3503 0 0 2 0 0
3504 0 0 2 0 0
3505 0 0 2 0 0
3506 0 0 2 0 0
3507 0 0 2 0 0
3508 0 0 2 0 0
3509 0 0 2 0 0
3510 0 0 2 0 0
3511 0 0 2 0 0
3512 0 0 2 0 0
3513 0 0 2 0 0
3514 0 0 2 0 0
3515 0 0 2 0 0
3516 0 0 2 0 0
3517 0 0 2 0 0
3518 0 0 2 0 0
3519 0 0 2 0 0
3520 0 0 2 0 0
3521 0 0 2 0 0
3522 0 0 2 0 0
3523 0 0 2 0 0
3524 0 0 2 0 0
3525 0 0 2 0 0
3526 0 0 2 0 0
3527 0 0 2 0 0
3528 0 0 2 0 0
3529 0 0 2 0 0
3530 0 0 2 0 0
3531 0 0 2 0 0
3532 0 0 2 0 0
3533 0 0 2 0 0
3534 0 0 2 0 0
3535 0 0 2 0 0
3536 0 0 2 0 0
3537 0 0 2 0 0
3538 0 0 2 0 0
3539 0 0 2 0 0
3540 0 0 2 0 0
3541 0 0 2 0 0
3542 0 0 2 0 0
3543 0 0 2 0 0
3544 0 0 2 0 0
3545 0 0 2 0 0
3546 0 0 2 0 0
3547 0 0 2 0 0
3548 0 0 2 0 0
3549 0 0 2 0 0
3550 0 0 2 0 0
3551 0 0 2 0 0
3552 0 0 2 0 0
3553 0 0 2 0 0
3554 0 0 2 0 0
3555 0 0 2 0 0
3556 0 0 2 0 0
3557 0 0 2 0 0
3558 0 0 2 0 0
3559 0 0 2 0 0
3560 0 0 2 0 0
3561 0 0 2 0 0
3562 0 0 2 0 0
3563 0 0 2 0 0
3564 0 0 2 0 0
3565 0 0 2 0 0
3566 0 0 2 0 0
3567 0 0 2 0 0
3568 0 0 2 0 0
3569 0 0 2 0 0
3570 0 0 2 0 0
3571 0 0 2 0 0
3572 0 0 2 0 0
3573 0 0 2 0 0
3574 0 0 2 0 0
3575 0 0 2 0 0
3576 0 0 2 0 0
3577 0 0 2 0 0
3578 0 0 2 0 0
3579 0 0 2 0 0
3580 0 0 2 0 0
3581 0 0 2 0 0
3582 0 0 2 0 0
3583 0 0 2 0 0
3584 0 0 2 0 0
3585 0 0 2 0 0
3586 0 0 2 0 0
3587 0 0 2 0 0
3588 0 0 2 0 0
3589 0 0 2 0 0
3590 0 0 2 0 0
3591 0 0 2 0 0
3592 0 0 2 0 0
3593 0 0 2 0 0
3594 0 0 2 0 0
3595 0 0 2 0 0
3596 0 0 2 0 0
3597 0 0 2 0 0
3598 0 0 2 0 0
3599 0 0 2 0 0
3600 0 0 2 0 0
3601 0 0 2 0 0
3602 0 0 2 0 0
3603 0 0 2 0 0
3604 0 0 2 0 0
3605 0 0 2 0 0
3606 0 0 2 0 0
3607 0 0 2 0 0
3608 0 0 2 0 0
3609 0 0 2 0 0
3610 5 0 2 0 0
3611 5 0 2 0 0
3612 5 0 2 0 0
3613 5 0 2 0 0
3614 5 0 2 0 0
3615 5 0 2 0 0
3616 5 0 2 0 0
3617 5 0 2 0 0
3618 5 0 2 0 0
3619 5 0 2 0 0
3620 5 0 2 0 0
3621 5 0 2 0 0
3622 5 0 2 0 0
3623 5 0 2 0 0
3624 5 0 2 0 0
3625 5 0 2 0 0
3626 5 0 2 0 0
3627 5 0 2 0 0
3628 5 0 2 0 0
3629 5 0 2 0 0
3630 5 0 2 0 0
3631 5 0 2 0 0
3632 5 0 2 0 0
3633 5 0 2 0 0
3634 5 0 2 0 0
3635 5 0 2 0 0
3636 5 0 2 0 0
3637 5 0 2 0 0
3638 5 0 2 0 0
3639 5 0 2 0 0
3640 5 0 2 0 0
3641 5 0 2 0 0
3642 5 0 2 0 0
3643 5 0 2 0 0
3644 5 0 2 0 0
3645 5 0 2 0 0
3646 5 0 2 0 0
3647 5 0 2 0 0
3648 5 0 2 0 0
3649 5 0 2 0 0
3650 5 0 2 0 0
3651 5 0 2 0 0
3652 5 0 2 0 0
3653 5 0 2 0 0
3654 5 0 2 0 0
3655 5 0 2 0 0
3656 5 0 2 0 0
3657 5 0 2 0 0
3658 5 0 2 0 0
3659 5 0 2 0 0
3660 5 0 2 0 0
3661 5 0 2 0 0
3662 5 0 2 0 0
3663 5 0 2 0 0
3664 5 0 2 0 0
3665 5 0 2 0 0
3666 5 0 2 0 0
3667 5 0 2 0 0
3668 5 0 2 0 0
3669 5 0 2 0 0
3670 5 0 2 0 0
3671 5 0 2 0 0
3672 5 0 2 0 0
3673 5 0 2 0 0
3674 5 0 2 0 0
3675 5 0 2 0 0
3676 5 0 2 0 0
3677 5 0 2 0 0
3678 5 0 2 0 0
3679 5 0 2 0 0
3680 5 0 2 0 0
3681 5 0 2 0 0
3682 5 0 2 0 0
3683 5 0 2 0 0
3684 5 0 2 0 0
3685 5 0 2 0 0
3686 5 0 2 0 0
3687 5 0 2 0 0
3688 5 0 2 0 0
3689 5 0 2 0 0
3690 5 0 2 0 0
3691 5 0 2 0 0
3692 5 0 2 0 0
3693 5 0 2 0 0
3694 5 0 2 0 0
3695 5 0 2 0 0
3696 5 0 2 0 0
3697 5 0 2 0 0
3698 5 0 2 0 0
3699 5 0 2 0 0
3700 5 0 2 0 0
3701 5 0 2 0 0
3702 5 0 2 0 0
3703 5 0 2 0 0
3704 5 0 2 0 0
3705 5 0 2 0 0
3706 5 0 2 0 0
3707 5 0 2 0 0
3708 5 0 2 0 0
3709 5 0 2 0 0
3710 5 0 2 0 0
3711 5 0 2 0 0
3712 5 0 2 0 0
3713 5 0 2 0 0
3714 5 0 2 0 0
3715 5 0 2 0 0
3716 5 0 2 0 0
3717 5 0 2 0 0
3718 5 0 2 0 0
3719 5 0 2 0 0
3720 5 0 2 0 0
3721 5 0 2 0 0
3722 5 0 2 0 0
3723 5 0 2 0 0
3724 5 0 2 0 0
3725 5 0 2 0 0
3726 5 0 2 0 0
3727 5 0 2 0 0
3728 5 0 2 0 0
3729 5 0 2 0 0
3730 5 0 2 0 0
3731 5 0 2 0 0
3732 5 0 2 0 0
3733 5 0 2 0 0
3734 5 0 2 0 0
3735 5 0 2 0 0
3736 5 0 2 0 0
3737 5 0 2 0 0
3738 5 0 2 0 0
3739 5 0 2 0 0
3740 5 0 2 0 1
3741 5 0 2 0 1
3742 5 0 2 0 1
3743 5 0 2 0 1
3744 5 0 2 0 1
3745 5 0 2 0 1
3746 5 0 2 0 1
3747 5 0 2 0 1
3748 5 0 2 0 1
3749 5 0 2 0 1
3750 5 0 2 0 2
3751 5 0 2 0 2
3752 5 0 2 0 2
3753 5 0 2 0 2
3754 5 0 2 0 2
3755 5 0 2 0 2
3756 5 0 2 0 2
3757 5 0 2 0 2
3758 5 0 2 0 2
3759 5 0 2 0 2
3760 5 0 2 0 2
3761 5 0 2 0 2
3762 5 0 2 0 2
3763 5 0 2 0 2
3764 5 0 2 0 2
3765 5 0 2 0 2
3766 5 0 2 0 2
3767 5 0 2 0 2
3768 5 0 2 0 2
3769 5 0 2 0 2
3770 5 0 2 0 2
3771 5 0 2 0 2
3772 5 0 2 0 2
3773 5 0 2 0 2
3774 5 0 2 0 2
3775 5 0 2 0 2
3776 5 0 2 0 2
3777 5 0 2 0 2
3778 5 0 2 0 2
3779 5 0 2 0 2
3780 5 0 2 0 2
3781 5 0 2 0 2
3782 5 0 2 0 2
3783 5 0 2 0 2
3784 5 0 2 0 2
3785 5 0 2 0 2
3786 5 0 2 0 2
3787 5 0 2 0 2
3788 5 0 2 0 2
3789 5 0 2 0 2
3790 5 0 2 0 2
3791 5 0 2 0 2
3792 5 0 2 0 2
3793 5 0 2 0 2
3794 5 0 2 0 2
3795 5 0 2 0 2
3796 5 0 2 0 2
3797 5 0 2 0 2
3798 5 0 2 0 2
3799 5 0 2 0 2
3800 5 0 2 0 2
3801 5 0 2 0 2
3802 5 0 2 0 2
3803 5 0 2 0 2
3804 5 0 2 0 2
3805 5 0 2 0 2
3806 5 0 2 0 2
3807 5 0 2 0 2
3808 5 0 2 0 2
3809 5 0 2 0 2
3810 5 0 2 0 2
3811 5 0 2 0 2
3812 5 0 2 0 2
3813 5 0 2 0 2
3814 5 0 2 0 2
3815 5 0 2 0 2
3816 5 0 2 0 2
3817 5 0 2 0 2
3818 5 0 2 0 2
3819 5 0 2 0 2
3820 5 0 2 0 2
3821 5 0 2 0 2
3822 5 0 2 0 2
3823 5 0 2 0 2
3824 5 0 2 0 2
3825 5 0 2 0 2
3826 5 0 2 0 2
3827 5 0 2 0 2
3828 5 0 2 0 2
3829 5 0 2 0 2
3830 5 0 2 0 2
3831 5 0 2 0 2
3832 5 0 2 0 2
3833 5 0 2 0 2
3834 5 0 2 0 2
3835 5 0 2 0 2
3836 5 0 2 0 2
3837 5 0 2 0 2
3838 5 0 2 0 2
3839 5 0 2 0 2
3840 5 0 2 0 2
3841 5 0 2 0 2
3842 5 0 2 0 2
3843 5 0 2 0 2
3844 5 0 2 0 2
3845 5 0 2 0 2
3846 5 0 2 0 2
3847 5 0 2 0 2
3848 5 0 2 0 2
3849 5 0 2 0 2
3850 0 0 2 0 2
3851 0 0 2 0 2
3852 0 0 2 0 2
3853 0 0 2 0 2
3854 0 0 2 0 2
3855 0 0 2 0 2
3856 0 0 2 0 2
3857 0 0 2 0 2
3858 0 0 2 0 2
3859 0 0 2 0 2
3860 0 0 2 0 2
3861 0 0 2 0 2
3862 0 0 2 0 2
3863 0 0 2 0 2
3864 0 0 2 0 2
3865 0 0 2 0 2
3866 0 0 2 0 2
3867 0 0 2 0 2
3868 0 0 2 0 2
3869 0 0 2 0 2
3870 0 0 2 0 2
3871 0 0 2 0 2
3872 0 0 2 0 2
3873 0 0 2 0 2
3874 0 0 2 0 2
3875 0 0 2 0 2
3876 0 0 2 0 2
3877 0 0 2 0 2
3878 0 0 2 0 2
3879 0 0 2 0 2
3880 0 0 2 0 2
3881 0 0 2 0 2
3882 0 0 2 0 2
3883 0 0 2 0 2
3884 0 0 2 0 2
3885 0 0 2 0 2
3886 0 0 2 0 2
3887 0 0 2 0 2
3888 0 0 2 0 2
3889 0 0 2 0 2
3890 0 0 2 0 2
3891 0 0 2 0 2
3892 0 0 2 0 2
3893 0 0 2 0 2
3894 0 0 2 0 2
3895 0 0 2 0 2
3896 0 0 2 0 2
3897 0 0 2 0 2
3898 0 0 2 0 2
3899 0 0 2 0 2
3900 0 2 2 0 2
3901 0 2 2 0 2
3902 0 2 2 0 2
3903 0 2 2 0 2
3904 0 2 2 0 2
3905 0 2 2 0 2
3906 0 2 2 0 2
3907 0 2 2 0 2
3908 0 2 2 0 2
3909 0 2 2 0 2
3910 2 0 2 0 2
3911 2 0 2 0 2
3912 2 0 2 0 2
3913 2 0 2 0 2
3914 2 0 2 0 2
3915 2 0 2 0 2
3916 2 0 2 0 2
3917 2 0 2 0 2
3918 2 0 2 0 2
3919 2 0 2 0 2
3920 2 0 0 2 2
3921 2 0 0 2 2
3922 2 0 0 2 2
3923 2 0 0 2 2
3924 2 0 0 2 2
3925 2 0 0 2 2
3926 2 0 0 2 2
3927 2 0 0 2 2
3928 2 0 0 2 2
3929 2 0 0 2 2
3930 2 0 0 2 2
3931 2 0 0 2 2
3932 2 0 0 2 2
3933 2 0 0 2 2
3934 2 0 0 2 2
3935 2 0 0 2 2
3936 2 0 0 2 2
3937 2 0 0 2 2
3938 2 0 0 2 2
3939 2 0 0 2 2
3940 2 0 0 0 2
3941 2 0 0 0 2
3942 2 0 0 0 2
3943 2 0 0 0 2
3944 2 0 0 0 2
3945 2 0 0 0 2
3946 2 0 0 0 2
3947 2 0 0 0 2
3948 2 0 0 0 2
3949 2 0 0 0 2
3950 2 0 0 0 2
3951 2 0 0 0 2
3952 2 0 0 0 2
3953 2 0 0 0 2
3954 2 0 0 0 2
3955 2 0 0 0 2
3956 2 0 0 0 2
3957 2 0 0 0 2
3958 2 0 0 0 2
3959 2 0 0 0 2
3960 2 0 0 0 2
3961 2 0 0 0 2
3962 2 0 0 0 2
3963 2 0 0 0 2
3964 2 0 0 0 2
3965 2 0 0 0 2
3966 2 0 0 0 2
3967 2 0 0 0 2
3968 2 0 0 0 2
3969 2 0 0 0 2
3970 2 0 0 0 2
3971 2 0 0 0 2
3972 2 0 0 0 2
3973 2 0 0 0 2
3974 2 0 0 0 2
3975 2 0 0 0 2
3976 2 0 0 0 2
3977 2 0 0 0 2
3978 2 0 0 0 2
3979 2 0 0 0 2
3980 2 0 0 2 2
3981 2 0 0 2 2
3982 2 0 0 2 2
3983 2 0 0 2 2
3984 2 0 0 2 2
3985 2 0 0 2 2
3986 2 0 0 2 2
3987 2 0 0 2 2
3988 2 0 0 0 2
3989 2 0 0 0 2
3990 2 0 0 0 2
3991 2 0 0 0 2
3992 2 0 0 0 2
3993 2 0 0 0 2
3994 2 0 0 0 2
3995 2 0 0 0 2
3996 2 0 0 0 2
3997 2 0 0 0 2
3998 2 0 0 0 2
3999 2 0 0 0 2
4000 2 0 5 0 2
4001 2 0 5 0 2
4002 2 0 5 0 2
4003 2 0 5 0 2
4004 2 0 5 0 2
4005 2 0 5 0 2
4006 2 0 5 0 2
4007 2 0 5 0 2
4008 2 0 5 0 2
4009 2 0 5 0 2
4010 2 0 5 0 2
4011 2 0 5 0 2
4012 2 0 5 0 2
4013 2 0 5 0 2
4014 2 0 5 0 2
4015 2 0 5 0 2
4016 2 0 5 0 2
4017 2 0 5 0 2
4018 2 0 5 0 2
4019 2 0 5 0 2
4020 2 0 5 0 2
4021 2 0 5 0 2
4022 2 0 5 0 2
4023 2 0 5 0 2
4024 2 0 5 0 2
4025 2 0 5 0 2
4026 2 0 5 0 2
4027 2 0 5 0 2
4028 2 0 5 0 2
4029 2 0 5 0 2
4030 2 0 5 0 2
4031 2 0 5 0 2
4032 2 0 5 0 2
4033 2 0 5 0 2
4034 2 0 5 0 2
4035 2 0 5 0 2
4036 2 0 5 0 2
4037 2 0 5 0 2
4038 2 0 5 0 2
4039 2 0 5 0 2
4040 2 0 5 0 2
4041 2 0 5 0 2
4042 2 0 5 0 2
4043 2 0 5 0 2
4044 2 0 5 0 2
4045 2 0 5 0 2
4046 2 0 5 0 2
4047 2 0 5 0 2
4048 2 0 5 0 2
4049 2 0 5 0 2
4050 2 0 5 0 0
4051 2 0 5 0 0
4052 2 0 5 0 0
4053 2 0 5 0 0
4054 2 0 5 0 0
4055 2 0 5 0 0
4056 2 0 5 0 0
4057 2 0 5 0 0
4058 2 0 5 0 0
4059 2 0 5 0 0
4060 2 0 5 0 0
4061 2 0 5 0 0
4062 2 0 5 0 0
4063 2 0 5 0 0
4064 2 0 5 0 0
4065 2 0 5 0 0
4066 2 0 5 0 0
4067 2 0 5 0 0
4068 2 0 5 0 0
4069 2 0 5 0 0
4070 2 0 5 0 0
4071 2 0 5 0 0
4072 2 0 5 0 0
4073 2 0 5 0 0
4074 2 0 5 0 0
4075 2 0 5 0 0
4076 2 0 5 0 0
4077 2 0 5 0 0
4078 2 0 5 0 0
4079 2 0 5 0 0
4080 2 0 0 0 0
4081 2 0 0 0 0
4082 2 0 0 0 0
4083 2 0 0 0 0
4084 2 0 0 0 0
4085 2 0 0 0 0
4086 2 0 0 0 0
4087 2 0 0 0 0
4088 2 0 0 0 0
4089 2 0 0 0 0
4090 2 0 0 0 0
4091 2 0 0 0 0
4092 2 0 0 0 0
4093 2 0 0 0 0
4094 2 0 0 0 0
4095 2 0 0 0 0
4096 2 0 0 0 0
4097 2 0 0 0 0
4098 2 0 0 0 0
4099 2 0 0 0 0
4100 2 0 0 0 0
4101 2 0 0 0 0
4102 2 0 0 0 0
4103 2 0 0 0 0
4104 2 0 0 0 0
4105 2 0 0 0 0
4106 2 0 0 0 0
4107 2 0 0 0 0
4108 2 0 0 0 0
4109 2 0 0 0 0
4110 2 0 0 0 0
4111 2 0 0 0 0
4112 2 0 0 0 0
4113 2 0 0 0 0
4114 2 0 0 0 0
4115 2 0 0 0 0
4116 2 0 0 0 0
4117 2 0 0 0 0
4118 2 0 0 0 0
4119 2 0 0 0 0
4120 2 0 0 0 0
4121 2 0 0 0 0
4122 2 0 0 0 0
4123 2 0 0 0 0
4124 2 0 0 0 0
4125 2 0 0 0 0
4126 2 0 0 0 0
4127 2 0 0 0 0
4128 2 0 0 0 0
4129 2 0 0 0 0
4130 2 0 0 0 0
4131 2 0 0 0 0
4132 2 0 0 0 0
4133 2 0 0 0 0
4134 2 0 0 0 0
4135 2 0 0 0 0
4136 2 0 0 0 0
4137 2 0 0 0 0
4138 2 0 0 0 0
4139 2 0 0 0 0
4140 2 0 0 0 0
4141 2 0 0 0 0
4142 2 0 0 0 0
4143 2 0 0 0 0
4144 2 0 0 0 0
4145 2 0 0 0 0
4146 2 0 0 0 0
4147 2 0 0 0 0
4148 2 0 0 0 0
4149 2 0 0 0 0
4150 2 0 0 0 0
4151 2 0 0 0 0
4152 2 0 0 0 0
4153 2 0 0 0 0
4154 2 0 0 0 0
4155 2 0 0 0 0
4156 2 0 0 0 0
4157 2 0 0 0 0
4158 2 0 0 0 0
4159 2 0 0 0 0
4160 2 0 0 0 0
4161 2 0 0 0 0
4162 2 0 0 0 0
4163 2 0 0 0 0
4164 2 0 0 0 0
4165 2 0 0 0 0
4166 2 0 0 0 0
4167 2 0 0 0 0
4168 2 0 0 0 0
4169 2 0 0 0 0
4170 2 0 0 0 0
4171 2 0 0 0 0
4172 2 0 0 0 0
4173 2 0 0 0 0
4174 2 0 0 0 0
4175 2 0 0 0 0
4176 2 0 0 0 0
4177 2 0 0 0 0
4178 2 0 0 0 0
4179 2 0 0 0 0
4180 2 0 0 0 0
4181 2 0 0 0 0
4182 2 0 0 0 0
4183 2 0 0 0 0
4184 2 0 0 0 0
4185 2 0 0 0 0
4186 2 0 0 0 0
4187 2 0 0 0 0
4188 2 0 0 0 0
4189 2 0 0 0 0
4190 2 0 2 0 0
4191 2 0 2 0 0
4192 2 0 2 0 0
4193 2 0 2 0 0
4194 2 0 2 0 0
4195 2 0 2 0 0
4196 2 0 2 0 0
4197 2 0 2 0 0
4198 2 0 2 0 0
4199 2 0 2 0 0
4200 0 0 2 0 0
4201 0 0 2 0 0
4202 0 0 2 0 0
4203 0 0 2 0 0
4204 0 0 2 0 0
4205 0 0 2 0 0
4206 0 0 2 0 0
4207 0 0 2 0 0
4208 0 0 2 0 0
4209 0 0 2 0 0
4210 0 0 2 0 0
4211 0 0 2 0 0
4212 0 0 2 0 0
4213 0 0 2 0 0
4214 0 0 2 0 0
4215 0 0 2 0 0
4216 0 0 2 0 0
4217 0 0 2 0 0
4218 0 0 2 0 0
4219 0 0 2 0 0
4220 0 0 2 0 0
4221 0 0 2 0 0
4222 0 0 2 0 0
4223 0 0 2 0 0
4224 0 0 2 0 0
4225 0 0 2 0 0
4226 0 0 2 0 0
4227 0 0 2 0 0
4228 0 0 2 0 0
4229 0 0 2 0 0
4230 0 0 2 0 0
4231 0 0 2 0 0
4232 0 0 2 0 0
4233 0 0 2 0 0
4234 0 0 2 0 0
4235 0 0 2 0 0
4236 0 0 2 0 0
4237 0 0 2 0 0
4238 0 0 2 0 0
4239 0 0 2 0 0
4240 0 0 2 0 0
4241 0 0 2 0 0
4242 0 0 2 0 0
4243 0 0 2 0 0
4244 0 0 2 0 0
4245 0 0 2 0 0
4246 0 0 2 0 0
4247 0 0 2 0 0
4248 0 0 2 0 0
4249 0 0 2 0 0
4250 0 0 2 0 0
4251 0 0 2 0 0
4252 0 0 2 0 0
4253 0 0 2 0 0
4254 0 0 2 0 0
4255 0 0 2 0 0
4256 0 0 2 0 0
4257 0 0 2 0 0
4258 0 0 2 0 0
4259 0 0 2 0 0
4260 0 0 2 0 0
4261 0 0 2 0 0
4262 0 0 2 0 0
4263 0 0 2 0 0
4264 0 0 2 0 0
4265 0 0 2 0 0
4266 0 0 2 0 0
4267 0 0 2 0 0
4268 0 0 2 0 0
4269 0 0 2 0 0
4270 0 0 2 0 0
4271 0 0 2 0 0
4272 0 0 2 0 0
4273 0 0 2 0 0
4274 0 0 2 0 0
4275 0 0 2 0 0
4276 0 0 2 0 0
4277 0 0 2 0 0
4278 0 0 2 0 0
4279 0 0 2 0 0
4280 0 0 2 0 0
4281 0 0 2 0 0
4282 0 0 2 0 0
4283 0 0 2 0 0
4284 0 0 2 0 0
4285 0 0 2 0 0
4286 0 0 2 0 0
4287 0 0 2 0 0
4288 0 0 2 0 0
4289 0 0 2 0 0
4290 5 0 2 0 0
4291 5 0 2 0 0
4292 5 0 2 0 0
4293 5 0 2 0 0
4294 5 0 2 0 0
4295 5 0 2 0 0
4296 5 0 2 0 0
4297 5 0 2 0 0
4298 5 0 2 0 0
4299 5 0 2 0 0
4300 5 0 2 0 0
4301 5 0 2 0 0
4302 5 0 2 0 0
4303 5 0 2 0 0
4304 5 0 2 0 0
4305 5 0 2 0 0
4306 5 0 2 0 0
4307 5 0 2 0 0
4308 5 0 2 0 0
4309 5 0 2 0 0
4310 5 0 2 0 0
4311 5 0 2 0 0
4312 5 0 2 0 0
4313 5 0 2 0 0
4314 5 0 2 0 0
4315 5 0 2 0 0
4316 5 0 2 0 0
4317 5 0 2 0 0
4318 5 0 2 0 0
4319 5 0 2 0 0
4320 5 0 2 0 0
4321 5 0 2 0 0
4322 5 0 2 0 0
4323 5 0 2 0 0
4324 5 0 2 0 0
4325 5 0 2 0 0
4326 5 0 2 0 0
4327 5 0 2 0 0
4328 5 0 2 0 0
4329 5 0 2 0 0
4330 5 0 2 0 0
4331 5 0 2 0 0
4332 5 0 2 0 0
4333 5 0 2 0 0
4334 5 0 2 0 0
4335 5 0 2 0 0
4336 5 0 2 0 0
4337 5 0 2 0 0
4338 5 0 2 0 0
4339 5 0 2 0 0
4340 5 0 2 0 1
4341 5 0 2 0 1
4342 5 0 2 0 1
4343 5 0 2 0 1
4344 5 0 2 0 1
4345 5 0 2 0 1
4346 5 0 2 0 1
4347 5 0 2 0 1
4348 5 0 2 0 1
4349 5 0 2 0 1
4350 5 0 2 0 1
4351 5 0 2 0 1
4352 5 0 2 0 1
4353 5 0 2 0 1
4354 5 0 2 0 1
4355 5 0 2 0 1
4356 5 0 2 0 1
4357 5 0 2 0 1
4358 5 0 2 0 1
4359 5 0 2 0 1
4360 5 0 2 0 0
4361 5 0 2 0 0
4362 5 0 2 0 0
4363 5 0 2 0 0
4364 5 0 2 0 0
4365 5 0 2 0 0
4366 5 0 2 0 0
4367 5 0 2 0 0
4368 5 0 2 0 0
4369 5 0 2 0 0
4370 5 0 2 0 2
4371 5 0 2 0 2
4372 5 0 2 0 2
4373 5 0 2 0 2
4374 5 0 2 0 2
4375 5 0 2 0 2
4376 5 0 2 0 2
4377 5 0 2 0 2
4378 5 0 2 0 2
4379 5 0 2 0 2
4380 5 0 2 0 2
4381 5 0 2 0 2
4382 5 0 2 0 2
4383 5 0 2 0 2
4384 5 0 2 0 2
4385 5 0 2 0 2
4386 5 0 2 0 2
4387 5 0 2 0 2
4388 5 0 2 0 2
4389 5 0 2 0 2
4390 5 0 2 0 2
4391 5 0 2 0 2
4392 5 0 2 0 2
4393 5 0 2 0 2
4394 5 0 2 0 2
4395 5 0 2 0 2
4396 5 0 2 0 2
4397 5 0 2 0 2
4398 5 0 2 0 2
4399 5 0 2 0 2
4400 5 0 2 0 2
4401 5 0 2 0 2
4402 5 0 2 0 2
4403 5 0 2 0 2
4404 5 0 2 0 2
4405 5 0 2 0 2
4406 5 0 2 0 2
4407 5 0 2 0 2
4408 5 0 2 0 2
4409 5 0 2 0 2
4410 5 0 2 0 2
4411 5 0 2 0 2
4412 5 0 2 0 2
4413 5 0 2 0 2
4414 5 0 2 0 2
4415 5 0 2 0 2
4416 5 0 2 0 2
4417 5 0 2 0 2
4418 5 0 2 0 2
4419 5 0 2 0 2
4420 5 0 2 0 2
4421 5 0 2 0 2
4422 5 0 2 0 2
4423 5 0 2 0 2
4424 5 0 2 0 2
4425 5 0 2 0 2
4426 5 0 2 0 2
4427 5 0 2 0 2
4428 5 0 2 0 2
4429 5 0 2 0 2
4430 5 0 2 0 2
4431 5 0 2 0 2
4432 5 0 2 0 2
4433 5 0 2 0 2
4434 5 0 2 0 2
4435 5 0 2 0 2
4436 5 0 2 0 2
4437 5 0 2 0 2
4438 5 0 2 0 2
4439 5 0 2 0 2
4440 5 0 2 0 2
4441 5 0 2 0 2
4442 5 0 2 0 2
4443 5 0 2 0 2
4444 5 0 2 0 2
4445 5 0 2 0 2
4446 5 0 2 0 2
4447 5 0 2 0 2
4448 5 0 2 0 2
4449 5 0 2 0 2
4450 0 0 2 0 2
4451 0 0 2 0 2
4452 0 0 2 0 2
4453 0 0 2 0 2
4454 0 0 2 0 2
4455 0 0 2 0 2
4456 0 0 2 0 2
4457 0 0 2 0 2
4458 0 0 2 0 2
4459 0 0 2 0 2
4460 0 0 2 0 2
4461 0 0 2 0 2
4462 0 0 2 0 2
4463 0 0 2 0 2
4464 0 0 2 0 2
4465 0 0 2 0 2
4466 0 0 2 0 2
4467 0 0 2 0 2
4468 0 0 2 0 2
4469 0 0 2 0 2
4470 0 0 2 0 2
4471 0 0 2 0 2
4472 0 0 2 0 2
4473 0 0 2 0 2
4474 0 0 2 0 2
4475 0 0 2 0 2
4476 0 0 2 0 2
4477 0 0 2 0 2
4478 0 0 2 0 2
4479 0 0 2 0 2
4480 0 0 2 0 2
4481 0 0 2 0 2
4482 0 0 2 0 2
4483 0 0 2 0 2
4484 0 0 2 0 2
4485 0 0 2 0 2
4486 0 0 2 0 2
4487 0 0 2 0 2
4488 0 0 2 0 2
4489 0 0 2 0 2
4490 0 0 2 0 2
4491 0 0 2 0 2
4492 0 0 2 0 2
4493 0 0 2 0 2
4494 0 0 2 0 2
4495 0 0 2 0 2
4496 0 0 2 0 2
4497 0 0 2 0 2
4498 0 0 2 0 2
4499 0 0 2 0 2
4500 0 0 2 0 2
4501 0 0 2 0 2
4502 0 0 2 0 2
4503 0 0 2 0 2
4504 0 0 2 0 2
4505 0 0 2 0 2
4506 0 0 2 0 2
4507 0 0 2 0 2
4508 0 0 2 0 2
4509 0 0 2 0 2
4510 2 0 0 0 2
4511 2 0 0 0 2
4512 2 0 0 0 2
4513 2 0 0 0 2
4514 2 0 0 0 2
4515 2 0 0 0 2
4516 2 0 0 0 2
4517 2 0 0 0 2
4518 2 0 0 0 2
4519 2 0 0 0 2
4520 2 0 0 0 2
4521 2 0 0 0 2
4522 2 0 0 0 2
4523 2 0 0 0 2
4524 2 0 0 0 2
4525 2 0 0 0 2
4526 2 0 0 0 2
4527 2 0 0 0 2
4528 2 0 0 0 2
4529 2 0 0 0 2
4530 2 0 0 0 2
4531 2 0 0 0 2
4532 2 0 0 0 2
4533 2 0 0 0 2
4534 2 0 0 0 2
4535 2 0 0 0 2
4536 2 0 0 0 2
4537 2 0 0 0 2
4538 2 0 0 0 2
4539 2 0 0 0 2
4540 2 0 0 0 2
4541 2 0 0 0 2
4542 2 0 0 0 2
4543 2 0 0 0 2
4544 2 0 0 0 2
4545 2 0 0 0 2
4546 2 0 0 0 2
4547 2 0 0 0 2
4548 2 0 0 0 2
4549 2 0 0 0 2
4550 2 0 0 0 2
4551 2 0 0 0 2
4552 2 0 0 0 2
4553 2 0 0 0 2
4554 2 0 0 0 2
4555 2 0 0 0 2
4556 2 0 0 0 2
4557 2 0 0 0 2
4558 2 0 0 0 2
4559 2 0 0 0 2
4560 2 0 0 0 2
4561 2 0 0 0 2
4562 2 0 0 0 2
4563 2 0 0 0 2
4564 2 0 0 0 2
4565 2 0 0 0 2
4566 2 0 0 0 2
4567 2 0 0 0 2
4568 2 0 0 0 2
4569 2 0 0 0 2
4570 2 0 0 0 2
4571 2 0 0 0 2
4572 2 0 0 0 2
4573 2 0 0 0 2
4574 2 0 0 0 2
4575 2 0 0 0 2
4576 2 0 0 0 2
4577 2 0 0 0 2
4578 2 0 0 0 2
4579 2 0 0 0 2
4580 2 0 0 0 2
4581 2 0 0 0 2
4582 2 0 0 0 2
4583 2 0 0 0 2
4584 2 0 0 0 2
4585 2 0 0 0 2
4586 2 0 0 0 2
4587 2 0 0 0 2
4588 2 0 0 0 2
4589 2 0 0 0 2
4590 2 0 0 0 2
4591 2 0 0 0 2
4592 2 0 0 0 2
4593 2 0 0 0 2
4594 2 0 0 0 2
4595 2 0 0 0 2
4596 2 0 0 0 2
4597 2 0 0 0 2
4598 2 0 0 0 2
4599 2 0 0 0 2
4600 2 0 0 0 2
4601 2 0 0 0 2
4602 2 0 0 0 2
4603 2 0 0 0 2
4604 2 0 0 0 2
4605 2 0 0 0 2
4606 2 0 0 0 2
4607 2 0 0 0 2
4608 2 0 0 0 2
4609 2 0 0 0 2
4610 2 0 0 0 2
4611 2 0 0 0 2
4612 2 0 0 0 2
4613 2 0 0 0 2
4614 2 0 0 0 2
4615 2 0 0 0 2
4616 2 0 0 0 2
4617 2 0 0 0 2
4618 2 0 0 0 2
4619 2 0 0 0 2
4620 2 0 0 0 2
4621 2 0 0 0 2
4622 2 0 0 0 2
4623 2 0 0 0 2
4624 2 0 0 0 2
4625 2 0 0 0 2
4626 2 0 0 0 2
4627 2 0 0 0 2
4628 2 0 0 0 2
4629 2 0 0 0 2
4630 2 0 5 0 0
4631 2 0 5 0 0
4632 2 0 5 0 0
4633 2 0 5 0 0
4634 2 0 5 0 0
4635 2 0 5 0 0
4636 2 0 5 0 0
4637 2 0 5 0 0
4638 2 0 5 0 0
4639 2 0 5 0 0
4640 2 0 5 0 0
4641 2 0 5 0 0
4642 2 0 5 0 0
4643 2 0 5 0 0
4644 2 0 5 0 0
4645 2 0 5 0 0
4646 2 0 5 0 0
4647 2 0 5 0 0
4648 2 0 5 0 0
4649 2 0 5 0 0
4650 2 0 5 0 0
4651 2 0 5 0 0
4652 2 0 5 0 0
4653 2 0 5 0 0
4654 2 0 5 0 0
4655 2 0 5 0 0
4656 2 0 5 0 0
4657 2 0 5 0 0
4658 2 0 5 0 0
