0 0 0 0 0 0
1 0 0 0 0 0
2 0 0 0 0 0
3 0 0 0 0 0
4 0 0 0 0 0
5 0 0 0 0 0
6 0 0 0 0 0
7 0 0 0 0 0
8 0 0 0 0 0
9 0 0 0 0 0
10 0 0 2 0 0
11 0 0 2 0 0
12 0 0 2 0 0
13 0 0 2 0 0
14 0 0 2 0 0
15 0 0 2 0 0
16 0 0 2 0 0
17 0 0 2 0 0
18 0 0 2 0 0
19 0 0 2 0 0
20 0 0 2 0 0
21 0 0 2 0 0
22 0 0 2 0 0
23 0 0 2 0 0
24 0 0 2 0 0
25 0 0 2 0 0
26 0 0 2 0 0
27 0 0 2 0 0
28 0 0 2 0 0
29 0 0 2 0 0
30 0 0 2 0 0
31 0 0 2 0 0
32 0 0 2 0 0
33 0 0 2 0 0
34 0 0 2 0 0
35 0 0 2 0 0
36 0 0 2 0 0
37 0 0 2 0 0
38 0 0 2 0 0
39 0 0 2 0 0
40 0 0 2 0 0
41 0 0 2 0 0
42 0 0 2 0 0
43 0 0 2 0 0
44 0 0 2 0 0
45 0 0 2 0 0
46 0 0 2 0 0
47 0 0 2 0 0
48 0 0 2 0 0
49 0 0 2 0 0
50 0 0 2 0 0
51 0 0 2 0 0
52 0 0 2 0 0
53 0 0 2 0 0
54 0 0 2 0 0
55 0 0 2 0 0
56 0 0 2 0 0
57 0 0 2 0 0
58 0 0 2 0 0
59 0 0 2 0 0
60 0 0 2 0 0
61 0 0 2 0 0
62 0 0 2 0 0
63 0 0 2 0 0
64 0 0 2 0 0
65 0 0 2 0 0
66 0 0 2 0 0
67 0 0 2 0 0
68 0 0 2 0 0
69 0 0 2 0 0
70 2 0 2 0 0
71 2 0 2 0 0
72 2 0 2 0 0
73 2 0 2 0 0
74 2 0 2 0 0
75 2 0 2 0 0
76 2 0 2 0 0
77 2 0 2 0 0
78 2 0 2 0 0
79 2 0 2 0 0
80 2 0 0 0 0
81 2 0 0 0 0
82 2 0 0 0 0
83 2 0 0 0 0
84 2 0 0 0 0
85 2 0 0 0 0
86 2 0 0 0 0
87 2 0 0 0 0
88 2 0 0 0 0
89 2 0 0 0 0
90 2 0 0 0 0
91 2 0 0 0 0
92 2 0 0 0 0
93 2 0 0 0 0
94 2 0 0 0 0
95 2 0 0 0 0
96 2 0 0 0 0
97 2 0 0 0 0
98 2 0 0 0 0
99 2 0 0 0 0
100 2 0 0 0 0
101 2 0 0 0 0
102 2 0 0 0 0
103 2 0 0 0 0
104 2 0 0 0 0
105 2 0 0 0 0
106 2 0 0 0 0
107 2 0 0 0 0
108 2 0 0 0 0
109 2 0 0 0 0
110 2 0 0 0 0
111 2 0 0 0 0
112 2 0 0 0 0
113 2 0 0 0 0
114 2 0 0 0 0
115 2 0 0 0 0
116 2 0 0 0 0
117 2 0 0 0 0
118 2 0 0 0 0
119 2 0 0 0 0
120 2 0 0 0 0
121 2 0 0 0 0
122 2 0 0 0 0
123 2 0 0 0 0
124 2 0 0 0 0
125 2 0 0 0 0
126 2 0 0 0 0
127 2 0 0 0 0
128 2 0 0 0 0
129 2 0 0 0 0
130 2 0 0 0 0
131 2 0 0 0 0
132 2 0 0 0 0
133 2 0 0 0 0
134 2 0 0 0 0
135 2 0 0 0 0
136 2 0 0 0 0
137 2 0 0 0 0
138 2 0 0 0 0
139 2 0 0 0 0
140 2 0 2 0 0
141 2 0 2 0 0
142 2 0 2 0 0
143 2 0 2 0 0
144 2 0 2 0 0
145 2 0 2 0 0
146 2 0 2 0 0
147 2 0 2 0 0
148 2 0 2 0 0
149 2 0 2 0 0
150 0 0 2 0 0
151 0 0 2 0 0
152 0 0 2 0 0
153 0 0 2 0 0
154 0 0 2 0 0
155 0 0 2 0 0
156 0 0 2 0 0
157 0 0 2 0 0
158 0 0 2 0 0
159 0 0 2 0 0
160 0 0 2 0 0
161 0 0 2 0 0
162 0 0 2 0 0
163 0 0 2 0 0
164 0 0 2 0 0
165 0 0 2 0 0
166 0 0 2 0 0
167 0 0 2 0 0
168 0 0 2 0 0
169 0 0 2 0 0
170 0 0 2 0 0
171 0 0 2 0 0
172 0 0 2 0 0
173 0 0 2 0 0
174 0 0 2 0 0
175 0 0 2 0 0
176 0 0 2 0 0
177 0 0 2 0 0
178 0 0 2 0 0
179 0 0 2 0 0
180 0 0 2 0 0
181 0 0 2 0 0
182 0 0 2 0 0
183 0 0 2 0 0
184 0 0 2 0 0
185 0 0 2 0 0
186 0 0 2 0 0
187 0 0 2 0 0
188 0 0 2 0 0
189 0 0 2 0 0
190 0 0 2 0 0
191 0 0 2 0 0
192 0 0 2 0 0
193 0 0 2 0 0
194 0 0 2 0 0
195 0 0 2 0 0
196 0 0 2 0 0
197 0 0 2 0 0
198 0 0 2 0 0
199 0 0 2 0 0
200 0 0 2 0 0
201 0 0 2 0 0
202 0 0 2 0 0
203 0 0 2 0 0
204 0 0 2 0 0
205 0 0 2 0 0
206 0 0 2 0 0
207 0 0 2 0 0
208 0 0 2 0 0
209 0 0 2 0 0
210 0 0 2 0 0
211 0 0 2 0 0
212 0 0 2 0 0
213 0 0 2 0 0
214 0 0 2 0 0
215 0 0 2 0 0
216 0 0 2 0 0
217 0 0 2 0 0
218 0 0 2 0 0
219 0 0 2 0 0
220 0 0 2 0 0
221 0 0 2 0 0
222 0 0 2 0 0
223 0 0 2 0 0
224 0 0 2 0 0
225 0 0 2 0 0
226 0 0 2 0 0
227 0 0 2 0 0
228 0 0 2 0 0
229 0 0 2 0 0
230 0 0 2 0 0
231 0 0 2 0 0
232 0 0 2 0 0
233 0 0 2 0 0
234 0 0 2 0 0
235 0 0 2 0 0
236 0 0 2 0 0
237 0 0 2 0 0
238 0 0 2 0 0
239 0 0 2 0 0
240 0 0 2 0 0
241 0 0 2 0 0
242 0 0 2 0 0
243 0 0 2 0 0
244 0 0 2 0 0
245 0 0 2 0 0
246 0 0 2 0 0
247 0 0 2 0 0
248 0 0 2 0 0
249 0 0 2 0 0
250 0 0 2 0 0
251 0 0 2 0 0
252 0 0 2 0 0
253 0 0 2 0 0
254 0 0 2 0 0
255 0 0 2 0 0
256 0 0 2 0 0
257 0 0 2 0 0
258 0 0 2 0 0
259 0 0 2 0 0
260 0 0 2 0 0
261 0 0 2 0 0
262 0 0 2 0 0
263 0 0 2 0 0
264 0 0 2 0 0
265 0 0 2 0 0
266 0 0 2 0 0
267 0 0 2 0 0
268 0 0 2 0 0
269 0 0 2 0 0
270 0 0 2 0 0
271 0 0 2 0 0
272 0 0 2 0 0
273 0 0 2 0 0
274 0 0 2 0 0
275 0 0 2 0 0
276 0 0 2 0 0
277 0 0 2 0 0
278 0 0 2 0 0
279 0 0 2 0 0
280 0 0 2 0 0
281 0 0 2 0 0
282 0 0 2 0 0
283 0 0 2 0 2
284 0 0 2 0 2
285 0 0 2 0 2
286 0 0 2 0 2
287 0 0 2 0 2
288 0 0 2 0 2
289 0 0 2 0 2
290 0 0 2 0 2
291 0 0 2 0 2
292 0 0 2 0 2
293 0 0 2 0 2
294 0 0 2 0 2
295 0 0 2 0 2
296 0 0 2 0 2
297 0 0 2 0 2
298 0 0 2 0 0
299 0 0 2 0 0
300 0 0 2 0 0
301 0 0 2 0 0
302 0 0 2 0 0
303 0 0 2 0 0
304 0 0 2 0 0
305 0 0 2 0 0
306 0 0 2 0 0
307 0 0 2 0 0
308 0 0 2 0 0
309 0 0 2 0 0
310 0 0 2 0 0
311 0 0 2 0 0
312 0 0 2 0 0
313 0 0 2 0 2
314 0 0 2 0 2
315 0 0 2 0 2
316 0 0 2 0 2
317 0 0 2 0 2
318 0 0 2 0 2
319 0 0 2 0 2
320 0 0 2 0 2
321 0 0 2 0 2
322 0 0 2 0 2
323 0 0 2 0 2
324 0 0 2 0 2
325 0 0 2 0 2
326 0 0 2 0 2
327 0 0 2 0 2
328 0 0 2 0 2
329 0 0 2 0 2
330 0 0 2 0 1
331 0 0 2 0 1
332 0 0 2 0 1
333 0 0 2 0 1
334 0 0 2 0 1
335 0 0 2 0 1
336 0 0 2 0 1
337 0 0 2 0 1
338 0 0 2 0 1
339 0 0 2 0 1
340 0 0 2 0 2
341 0 0 2 0 2
342 0 0 2 0 2
343 0 0 2 0 2
344 0 0 2 0 2
345 0 0 2 0 2
346 0 0 2 0 2
347 0 0 2 0 2
348 0 0 2 0 2
349 0 0 2 0 2
350 0 0 2 0 2
351 0 0 2 0 2
352 0 0 2 0 2
353 0 0 2 0 2
354 0 0 2 0 2
355 0 0 2 0 2
356 0 0 2 0 2
357 0 0 2 0 2
358 0 0 2 0 2
359 0 0 2 0 2
360 0 0 2 0 2
361 0 0 2 0 2
362 0 0 2 0 2
363 0 0 2 0 2
364 0 0 2 0 2
365 0 0 2 0 2
366 0 0 2 0 2
367 0 0 2 0 2
368 0 0 2 0 2
369 0 0 2 0 2
370 0 0 2 0 2
371 0 0 2 0 2
372 0 0 2 0 2
373 0 0 2 0 2
374 0 0 2 0 2
375 0 0 2 0 2
376 0 0 2 0 2
377 0 0 2 0 2
378 0 0 2 0 2
379 0 0 2 0 2
380 0 0 2 0 2
381 0 0 2 0 2
382 0 0 2 0 2
383 0 0 2 0 2
384 0 0 2 0 2
385 0 0 2 0 2
386 0 0 2 0 2
387 0 0 2 0 2
388 0 0 2 0 2
389 0 0 2 0 2
390 0 0 2 0 2
391 0 0 2 0 2
392 0 0 2 0 2
393 0 0 2 0 2
394 0 0 2 0 2
395 0 0 2 0 2
396 0 0 2 0 2
397 0 0 2 0 2
398 0 0 2 0 2
399 0 0 2 0 2
400 0 0 2 0 2
401 0 0 2 0 2
402 0 0 2 0 2
403 0 0 2 0 2
404 0 0 2 0 2
405 0 0 2 0 2
406 0 0 2 0 2
407 0 0 2 0 2
408 0 0 2 0 2
409 0 0 2 0 2
410 0 2 2 0 2
411 0 2 2 0 2
412 0 2 2 0 2
413 0 2 2 0 2
414 0 2 2 0 2
415 0 2 2 0 2
416 0 2 2 0 2
417 0 2 2 0 2
418 0 2 2 0 2
419 0 2 2 0 2
420 2 0 2 0 2
421 2 0 2 0 2
422 2 0 2 0 2
423 2 0 2 0 2
424 2 0 2 0 2
425 2 0 2 0 2
426 2 0 2 0 2
427 2 0 2 0 2
428 2 0 2 0 2
429 2 0 2 0 2
430 2 0 0 0 2
431 2 0 0 0 2
432 2 0 0 0 2
433 2 0 0 0 2
434 2 0 0 0 2
435 2 0 0 0 2
436 2 0 0 0 2
437 2 0 0 0 2
438 2 0 0 0 2
439 2 0 0 0 2
440 2 0 0 0 2
441 2 0 0 0 2
442 2 0 0 0 2
443 2 0 0 0 2
444 2 0 0 0 2
445 2 0 0 0 2
446 2 0 0 0 2
447 2 0 0 0 2
448 2 0 0 0 2
449 2 0 0 0 2
450 2 0 0 0 2
451 2 0 0 0 2
452 2 0 0 0 2
453 2 0 0 0 2
454 2 0 0 0 2
455 2 0 0 0 2
456 2 0 0 0 2
457 2 0 0 0 2
458 2 0 0 0 2
459 2 0 0 0 2
460 2 0 0 0 2
461 2 0 0 0 2
462 2 0 0 0 2
463 2 0 0 0 2
464 2 0 0 0 2
465 2 0 0 0 2
466 2 0 0 0 2
467 2 0 0 0 2
468 2 0 0 0 2
469 2 0 0 0 2
470 2 0 0 0 0
471 2 0 0 0 0
472 2 0 0 0 0
473 2 0 0 0 0
474 2 0 0 0 0
475 2 0 0 0 0
476 2 0 0 0 0
477 2 0 0 0 0
478 2 0 0 0 0
479 2 0 0 0 0
480 2 0 0 0 0
481 2 0 0 0 0
482 2 0 0 0 0
483 2 0 0 0 0
484 2 0 0 0 0
485 2 0 0 0 0
486 2 0 0 0 0
487 2 0 0 0 0
488 2 0 0 0 0
489 2 0 0 0 0
490 2 0 0 0 0
491 2 0 0 0 0
492 2 0 0 0 0
493 2 0 0 0 0
494 2 0 0 0 0
495 2 0 0 0 0
496 2 0 0 0 0
497 2 0 0 0 0
498 2 0 0 0 0
499 2 0 0 0 0
500 2 0 0 0 0
501 2 0 0 0 0
502 2 0 0 0 0
503 2 0 0 0 0
504 2 0 0 0 0
505 2 0 0 0 0
506 2 0 0 0 0
507 2 0 0 0 0
508 2 0 0 0 0
509 2 0 0 0 0
510 2 0 0 0 0
511 2 0 0 0 0
512 2 0 0 0 0
513 2 0 0 0 0
514 2 0 0 0 0
515 2 0 0 0 0
516 2 0 0 0 0
517 2 0 0 0 0
518 2 0 0 0 0
519 2 0 0 0 0
520 2 0 0 0 0
521 2 0 0 0 0
522 2 0 0 0 0
523 2 0 0 0 0
524 2 0 0 0 0
525 2 0 0 0 0
526 2 0 0 0 0
527 2 0 0 0 0
528 2 0 0 0 0
529 2 0 0 0 0
530 2 0 0 0 0
531 2 0 0 0 0
532 2 0 0 0 0
533 2 0 0 0 0
534 2 0 0 0 0
535 2 0 0 0 0
536 2 0 0 0 0
537 2 0 0 0 0
538 2 0 0 0 0
539 2 0 0 0 0
540 2 0 0 0 0
541 2 0 0 0 0
542 2 0 0 0 0
543 2 0 0 0 0
544 2 0 0 0 0
545 2 0 0 0 0
546 2 0 0 0 0
547 2 0 0 0 0
548 2 0 0 0 0
549 2 0 0 0 0
550 2 0 0 0 0
551 2 0 0 0 0
552 2 0 0 0 0
553 2 0 0 0 0
554 2 0 0 0 0
555 2 0 0 0 0
556 2 0 0 0 0
557 2 0 0 0 0
558 2 0 0 0 0
559 2 0 0 0 0
560 2 0 0 0 0
561 2 0 0 0 0
562 2 0 0 0 0
563 2 0 0 0 0
564 2 0 0 0 0
565 2 0 0 0 0
566 2 0 0 0 0
567 2 0 0 0 0
568 2 0 0 0 0
569 2 0 0 0 0
570 2 0 2 0 0
571 2 0 2 0 0
572 2 0 2 0 0
573 2 0 2 0 0
574 2 0 2 0 0
575 2 0 2 0 0
576 2 0 2 0 0
577 2 0 2 0 0
578 2 0 2 0 0
579 2 0 2 0 0
580 0 0 2 0 0
581 0 0 2 0 0
582 0 0 2 0 0
583 0 0 2 0 0
584 0 0 2 0 0
585 0 0 2 0 0
586 0 0 2 0 0
587 0 0 2 0 0
588 0 0 2 0 0
589 0 0 2 0 0
590 0 0 2 0 0
591 0 0 2 0 0
592 0 0 2 0 0
593 0 0 2 0 0
594 0 0 2 0 0
595 0 0 2 0 0
596 0 0 2 0 0
597 0 0 2 0 0
598 0 0 2 0 0
599 0 0 2 0 0
600 0 0 2 0 0
601 0 0 2 0 0
602 0 0 2 0 0
603 0 0 2 0 0
604 0 0 2 0 0
605 0 0 2 0 0
606 0 0 2 0 0
607 0 0 2 0 0
608 0 0 2 0 0
609 0 0 2 0 0
610 0 0 2 0 0
611 0 0 2 0 0
612 0 0 2 0 0
613 0 0 2 0 0
614 0 0 2 0 0
615 0 0 2 0 0
616 0 0 2 0 0
617 0 0 2 0 0
618 0 0 2 0 0
619 0 0 2 0 0
620 0 0 2 0 0
621 0 0 2 0 0
622 0 0 2 0 0
623 0 0 2 0 0
624 0 0 2 0 0
625 0 0 2 0 0
626 0 0 2 0 0
627 0 0 2 0 0
628 0 0 2 0 0
629 0 0 2 0 0
630 0 0 2 0 0
631 0 0 2 0 0
632 0 0 2 0 0
633 0 0 2 0 0
634 0 0 2 0 0
635 0 0 2 0 0
636 0 0 2 0 0
637 0 0 2 0 0
638 0 0 2 0 0
639 0 0 2 0 0
640 0 0 2 0 1
641 0 0 2 0 1
642 0 0 2 0 1
643 0 0 2 0 1
644 0 0 2 0 1
645 0 0 2 0 1
646 0 0 2 0 1
647 0 0 2 0 1
648 0 0 2 0 1
649 0 0 2 0 1
650 0 0 2 0 1
651 0 0 2 0 1
652 0 0 2 0 1
653 0 0 2 0 1
654 0 0 2 0 1
655 0 0 2 0 1
656 0 0 2 0 1
657 0 0 2 0 1
658 0 0 2 0 1
659 0 0 2 0 1
660 0 0 2 0 1
661 0 0 2 0 1
662 0 0 2 0 1
663 0 0 2 0 1
664 0 0 2 0 1
665 0 0 2 0 1
666 0 0 2 0 1
667 0 0 2 0 1
668 0 0 2 0 1
669 0 0 2 0 1
670 0 0 2 0 1
671 0 0 2 0 1
672 0 0 2 0 1
673 0 0 2 0 1
674 0 0 2 0 1
675 0 0 2 0 1
676 0 0 2 0 1
677 0 0 2 0 1
678 0 0 2 0 1
679 0 0 2 0 1
680 0 0 2 0 0
681 0 0 2 0 0
682 0 0 2 0 0
683 0 0 2 0 0
684 0 0 2 0 0
685 0 0 2 0 0
686 0 0 2 0 0
687 0 0 2 0 0
688 0 0 2 0 0
689 0 0 2 0 0
690 0 0 2 0 0
691 0 0 2 0 0
692 0 0 2 0 0
693 0 0 2 0 0
694 0 0 2 0 0
695 0 0 2 0 0
696 0 0 2 0 0
697 0 0 2 0 0
698 0 0 2 0 0
699 0 0 2 0 0
700 0 0 2 0 0
701 0 0 2 0 0
702 0 0 2 0 0
703 0 0 2 0 0
704 0 0 2 0 0
705 0 0 2 0 0
706 0 0 2 0 0
707 0 0 2 0 0
708 0 0 2 0 0
709 0 0 2 0 0
710 0 0 2 0 0
711 0 0 2 0 0
712 0 0 2 0 0
713 0 0 2 0 0
714 0 0 2 0 0
715 0 0 2 0 0
716 0 0 2 0 0
717 0 0 2 0 0
718 0 0 2 0 0
719 0 0 2 0 0
720 0 0 2 0 2
721 0 0 2 0 2
722 0 0 2 0 2
723 0 0 2 0 2
724 0 0 2 0 2
725 0 0 2 0 2
726 0 0 2 0 2
727 0 0 2 0 2
728 0 0 2 0 2
729 0 0 2 0 2
730 0 0 2 0 1
731 0 0 2 0 1
732 0 0 2 0 1
733 0 0 2 0 1
734 0 0 2 0 1
735 0 0 2 0 1
736 0 0 2 0 1
737 0 0 2 0 1
738 0 0 2 0 1
739 0 0 2 0 1
740 0 0 2 0 1
741 0 0 2 0 1
742 0 0 2 0 1
743 0 0 2 0 1
744 0 0 2 0 1
745 0 0 2 0 1
746 0 0 2 0 1
747 0 0 2 0 1
748 0 0 2 0 1
749 0 0 2 0 1
750 0 0 2 0 1
751 0 0 2 0 1
752 0 0 2 0 1
753 0 0 2 0 1
754 0 0 2 0 1
755 0 0 2 0 1
756 0 0 2 0 1
757 0 0 2 0 1
758 0 0 2 0 1
759 0 0 2 0 1
760 0 0 2 0 1
761 0 0 2 0 1
762 0 0 2 0 1
763 0 0 2 0 1
764 0 0 2 0 1
765 0 0 2 0 1
766 0 0 2 0 1
767 0 0 2 0 1
768 0 0 2 0 1
769 0 0 2 0 1
770 0 0 2 0 1
771 0 0 2 0 1
772 0 0 2 0 1
773 0 0 2 0 1
774 0 0 2 0 1
775 0 0 2 0 1
776 0 0 2 0 1
777 0 0 2 0 1
778 0 0 2 0 1
779 0 0 2 0 1
780 0 0 2 0 2
781 0 0 2 0 2
782 0 0 2 0 2
783 0 0 2 0 2
784 0 0 2 0 2
785 0 0 2 0 2
786 0 0 2 0 2
787 0 0 2 0 2
788 0 0 2 0 2
789 0 0 2 0 2
790 0 0 2 0 2
791 0 0 2 0 2
792 0 0 2 0 2
793 0 0 2 0 2
794 0 0 2 0 2
795 0 0 2 0 2
796 0 0 2 0 2
797 0 0 2 0 2
798 0 0 2 0 2
799 0 0 2 0 2
800 0 0 2 0 2
801 0 0 2 0 2
802 0 0 2 0 2
803 0 0 2 0 2
804 0 0 2 0 2
805 0 0 2 0 2
806 0 0 2 0 2
807 0 0 2 0 2
808 0 0 2 0 2
809 0 0 2 0 2
810 0 0 2 0 2
811 0 0 2 0 2
812 0 0 2 0 2
813 0 0 2 0 2
814 0 0 2 0 2
815 0 0 2 0 2
816 0 0 2 0 2
817 0 0 2 0 2
818 0 0 2 0 2
819 0 0 2 0 2
820 0 0 2 0 2
821 0 0 2 0 2
822 0 0 2 0 2
823 0 0 2 0 2
824 0 0 2 0 2
825 0 0 2 0 2
826 0 0 2 0 2
827 0 0 2 0 2
828 0 0 2 0 2
829 0 0 2 0 2
830 0 0 2 0 2
831 0 0 2 0 2
832 0 0 2 0 2
833 0 0 2 0 2
834 0 0 2 0 2
835 0 0 2 0 2
836 0 0 2 0 2
837 0 0 2 0 2
838 0 0 2 0 2
839 0 0 2 0 2
840 0 0 2 0 2
841 0 0 2 0 2
842 0 0 2 0 2
843 0 0 2 0 2
844 0 0 2 0 2
845 0 0 2 0 2
846 0 0 2 0 2
847 0 0 2 0 2
848 0 0 2 0 2
849 0 0 2 0 2
850 0 0 2 0 2
851 0 0 2 0 2
852 0 0 2 0 2
853 0 0 2 0 2
854 0 0 2 0 2
855 0 0 2 0 2
856 0 0 2 0 2
857 0 0 2 0 2
858 0 0 2 0 2
859 0 0 2 0 2
860 0 2 2 0 2
861 0 2 2 0 2
862 0 2 2 0 2
863 0 2 2 0 2
864 0 2 2 0 2
865 0 2 2 0 2
866 0 2 2 0 2
867 0 2 2 0 2
868 0 2 2 0 2
869 0 2 2 0 2
870 0 2 2 0 2
871 0 2 2 0 2
872 0 2 2 0 2
873 0 2 2 0 2
874 0 2 2 0 2
875 0 2 2 0 2
876 0 2 2 0 2
877 0 2 2 0 2
878 0 2 2 0 2
879 0 2 2 0 2
880 2 0 2 0 2
881 2 0 2 0 2
882 2 0 2 0 2
883 2 0 2 0 2
884 2 0 2 0 2
885 2 0 2 0 2
886 2 0 2 0 2
887 2 0 2 0 2
888 2 0 2 0 2
889 2 0 2 0 2
890 2 0 0 0 2
891 2 0 0 0 2
892 2 0 0 0 2
893 2 0 0 0 2
894 2 0 0 0 2
895 2 0 0 0 2
896 2 0 0 0 2
897 2 0 0 0 2
898 2 0 0 0 2
899 2 0 0 0 2
900 2 0 0 0 2
901 2 0 0 0 2
902 2 0 0 0 2
903 2 0 0 0 2
904 2 0 0 0 2
905 2 0 0 0 2
906 2 0 0 0 2
907 2 0 0 0 2
908 2 0 0 0 2
909 2 0 0 0 2
910 2 0 0 0 2
911 2 0 0 0 2
912 2 0 0 0 2
913 2 0 0 0 2
914 2 0 0 0 2
915 2 0 0 0 2
916 2 0 0 0 2
917 2 0 0 0 2
918 2 0 0 0 2
919 2 0 0 0 2
920 2 0 0 0 2
921 2 0 0 0 2
922 2 0 0 0 2
923 2 0 0 0 2
924 2 0 0 0 2
925 2 0 0 0 2
926 2 0 0 0 2
927 2 0 0 0 2
928 2 0 0 0 2
929 2 0 0 0 2
930 2 0 0 0 0
931 2 0 0 0 0
932 2 0 0 0 0
933 2 0 0 0 0
934 2 0 0 0 0
935 2 0 0 0 0
936 2 0 0 0 0
937 2 0 0 0 0
938 2 0 0 0 0
939 2 0 0 0 0
940 2 0 0 0 0
941 2 0 0 0 0
942 2 0 0 0 0
943 2 0 0 0 0
944 2 0 0 0 0
945 2 0 0 0 0
946 2 0 0 0 0
947 2 0 0 0 0
948 2 0 0 0 0
949 2 0 0 0 0
950 2 0 0 0 0
951 2 0 0 0 0
952 2 0 0 0 0
953 2 0 0 0 0
954 2 0 0 0 0
955 2 0 0 0 0
956 2 0 0 0 0
957 2 0 0 0 0
958 2 0 0 0 0
959 2 0 0 0 0
960 2 0 0 0 0
961 2 0 0 0 0
962 2 0 0 0 0
963 2 0 0 0 0
964 2 0 0 0 0
965 2 0 0 0 0
966 2 0 0 0 0
967 2 0 0 0 0
968 2 0 0 0 0
969 2 0 0 0 0
970 2 0 0 0 0
971 2 0 0 0 0
972 2 0 0 0 0
973 2 0 0 0 0
974 2 0 0 0 0
975 2 0 0 0 0
976 2 0 0 0 0
977 2 0 0 0 0
978 2 0 0 0 0
979 2 0 0 0 0
980 2 0 0 0 0
981 2 0 0 0 0
982 2 0 0 0 0
983 2 0 0 0 0
984 2 0 0 0 0
985 2 0 0 0 0
986 2 0 0 0 0
987 2 0 0 0 0
988 2 0 0 0 0
989 2 0 0 0 0
990 2 0 0 0 0
991 2 0 0 0 0
992 2 0 0 0 0
993 2 0 0 0 0
994 2 0 0 0 0
995 2 0 0 0 0
996 2 0 0 0 0
997 2 0 0 0 0
998 2 0 0 0 0
999 2 0 0 0 0
1000 2 0 0 0 0
1001 2 0 0 0 0
1002 2 0 0 0 0
1003 2 0 0 0 0
1004 2 0 0 0 0
1005 2 0 0 0 0
1006 2 0 0 0 0
1007 2 0 0 0 0
1008 2 0 0 0 0
1009 2 0 0 0 0
1010 2 0 0 0 0
1011 2 0 0 0 0
1012 2 0 0 0 0
1013 2 0 0 0 0
1014 2 0 0 0 0
1015 2 0 0 0 0
1016 2 0 0 0 0
1017 2 0 0 0 0
1018 2 0 0 0 0
1019 2 0 0 0 0
1020 2 0 0 0 0
1021 2 0 0 0 0
1022 2 0 0 0 0
1023 2 0 0 0 0
1024 2 0 0 0 0
1025 2 0 0 0 0
1026 2 0 0 0 0
1027 2 0 0 0 0
1028 2 0 0 0 0
1029 2 0 0 0 0
1030 2 0 2 0 0
1031 2 0 2 0 0
1032 2 0 2 0 0
1033 2 0 2 0 0
1034 2 0 2 0 0
1035 2 0 2 0 0
1036 2 0 2 0 0
1037 2 0 2 0 0
1038 2 0 2 0 0
1039 2 0 2 0 0
1040 0 0 2 0 0
1041 0 0 2 0 0
1042 0 0 2 0 0
1043 0 0 2 0 0
1044 0 0 2 0 0
1045 0 0 2 0 0
1046 0 0 2 0 0
1047 0 0 2 0 0
1048 0 0 2 0 0
1049 0 0 2 0 0
1050 0 0 2 0 0
1051 0 0 2 0 0
1052 0 0 2 0 0
1053 0 0 2 0 0
1054 0 0 2 0 0
1055 0 0 2 0 0
1056 0 0 2 0 0
1057 0 0 2 0 0
1058 0 0 2 0 0
1059 0 0 2 0 0
1060 0 0 2 0 0
1061 0 0 2 0 0
1062 0 0 2 0 0
1063 0 0 2 0 0
1064 0 0 2 0 0
1065 0 0 2 0 0
1066 0 0 2 0 0
1067 0 0 2 0 0
1068 0 0 2 0 0
1069 0 0 2 0 0
1070 0 0 2 0 0
1071 0 0 2 0 0
1072 0 0 2 0 0
1073 0 0 2 0 0
1074 0 0 2 0 0
1075 0 0 2 0 0
1076 0 0 2 0 0
1077 0 0 2 0 0
1078 0 0 2 0 0
1079 0 0 2 0 0
1080 0 0 2 0 0
1081 0 0 2 0 0
1082 0 0 2 0 0
1083 0 0 2 0 0
1084 0 0 2 0 0
1085 0 0 2 0 0
1086 0 0 2 0 0
1087 0 0 2 0 0
1088 0 0 2 0 0
1089 0 0 2 0 0
1090 0 0 2 0 0
1091 0 0 2 0 0
1092 0 0 2 0 0
1093 0 0 2 0 0
1094 0 0 2 0 0
1095 0 0 2 0 0
1096 0 0 2 0 0
1097 0 0 2 0 0
1098 0 0 2 0 0
1099 0 0 2 0 0
1100 0 0 2 0 0
1101 0 0 2 0 0
1102 0 0 2 0 0
1103 0 0 2 0 0
1104 0 0 2 0 0
1105 0 0 2 0 0
1106 0 0 2 0 0
1107 0 0 2 0 0
1108 0 0 2 0 0
1109 0 0 2 0 0
1110 0 5 2 0 0
1111 0 5 2 0 0
1112 0 5 2 0 0
1113 0 5 2 0 0
1114 0 5 2 0 0
1115 0 5 2 0 0
1116 0 5 2 0 0
1117 0 5 2 0 0
1118 0 5 2 0 0
1119 0 5 2 0 0
1120 0 5 2 0 0
1121 0 5 2 0 0
1122 0 5 2 0 2
1123 0 5 2 0 2
1124 0 5 2 0 2
1125 0 5 2 0 2
1126 0 5 2 0 2
1127 0 5 2 0 2
1128 0 5 2 0 2
1129 0 5 2 0 2
1130 0 5 2 0 2
1131 0 5 2 0 2
1132 0 5 2 0 2
1133 0 5 2 0 2
1134 0 5 2 0 2
1135 0 5 2 0 2
1136 0 5 2 0 2
1137 0 5 2 0 0
1138 0 5 2 0 0
1139 0 5 2 0 0
1140 0 5 2 0 0
1141 0 5 2 0 0
1142 0 5 2 0 0
1143 0 5 2 0 0
1144 0 5 2 0 0
1145 0 5 2 0 0
1146 0 5 2 0 0
1147 0 5 2 0 0
1148 0 5 2 0 0
1149 0 5 2 0 0
1150 0 5 2 0 0
1151 0 5 2 0 0
1152 0 5 2 0 2
1153 0 5 2 0 2
1154 0 5 2 0 2
1155 0 5 2 0 2
1156 0 5 2 0 2
1157 0 5 2 0 2
1158 0 5 2 0 2
1159 0 5 2 0 2
1160 0 5 2 0 2
1161 0 5 2 0 2
1162 0 5 2 0 2
1163 0 5 2 0 2
1164 0 5 2 0 2
1165 0 5 2 0 2
1166 0 5 2 0 2
1167 0 5 2 0 0
1168 0 5 2 0 0
1169 0 5 2 0 0
1170 0 5 2 0 0
1171 0 5 2 0 0
1172 0 5 2 0 0
1173 0 5 2 0 0
1174 0 5 2 0 0
1175 0 5 2 0 0
1176 0 5 2 0 0
1177 0 5 2 0 0
1178 0 5 2 0 0
1179 0 5 2 0 0
1180 0 5 2 0 2
1181 0 5 2 0 2
1182 0 5 2 0 2
1183 0 5 2 0 2
1184 0 5 2 0 2
1185 0 5 2 0 2
1186 0 5 2 0 2
1187 0 5 2 0 2
1188 0 5 2 0 2
1189 0 5 2 0 2
1190 0 5 2 0 2
1191 0 5 2 0 2
1192 0 5 2 0 2
1193 0 5 2 0 2
1194 0 5 2 0 2
1195 0 5 2 0 2
1196 0 5 2 0 2
1197 0 5 2 0 2
1198 0 5 2 0 2
1199 0 5 2 0 2
1200 0 0 2 0 2
1201 0 0 2 0 2
1202 0 0 2 0 2
1203 0 0 2 0 2
1204 0 0 2 0 2
1205 0 0 2 0 2
1206 0 0 2 0 2
1207 0 0 2 0 2
1208 0 0 2 0 2
1209 0 0 2 0 2
1210 0 0 2 0 2
1211 0 0 2 0 2
1212 0 0 2 0 2
1213 0 0 2 0 2
1214 0 0 2 0 2
1215 0 0 2 0 2
1216 0 0 2 0 2
1217 0 0 2 0 2
1218 0 0 2 0 2
1219 0 0 2 0 2
1220 0 0 2 0 2
1221 0 0 2 0 2
1222 0 0 2 0 2
1223 0 0 2 0 2
1224 0 0 2 0 2
1225 0 0 2 0 2
1226 0 0 2 0 2
1227 0 0 2 0 2
1228 0 0 2 0 2
1229 0 0 2 0 2
1230 0 0 2 0 2
1231 0 0 2 0 2
1232 0 0 2 0 2
1233 0 0 2 0 2
1234 0 0 2 0 2
1235 0 0 2 0 2
1236 0 0 2 0 2
1237 0 0 2 0 2
1238 0 0 2 0 2
1239 0 0 2 0 2
1240 0 2 2 0 2
1241 0 2 2 0 2
1242 0 2 2 0 2
1243 0 2 2 0 2
1244 0 2 2 0 2
1245 0 2 2 0 2
1246 0 2 2 0 2
1247 0 2 2 0 2
1248 0 2 2 0 2
1249 0 2 2 0 2
1250 0 2 2 0 2
1251 0 2 2 0 2
1252 0 2 2 0 2
1253 0 2 2 0 2
1254 0 2 2 0 2
1255 0 2 2 0 2
1256 0 2 2 0 2
1257 0 2 2 0 2
1258 0 2 2 0 2
1259 0 2 2 0 2
1260 0 2 2 0 2
1261 0 2 2 0 2
1262 0 2 2 0 2
1263 0 2 2 0 2
1264 0 2 2 0 2
1265 0 2 2 0 2
1266 0 2 2 0 2
1267 0 2 2 0 2
1268 0 2 2 0 2
1269 0 2 2 0 2
1270 0 2 2 0 2
1271 0 2 2 0 2
1272 0 2 2 0 2
1273 0 2 2 0 2
1274 2 0 2 0 2
1275 2 0 2 0 2
1276 2 0 2 0 2
1277 2 0 2 0 2
1278 2 0 2 0 2
1279 2 0 2 0 2
1280 2 0 2 0 2
1281 2 0 2 0 2
1282 2 0 2 0 2
1283 2 0 2 0 2
1284 2 0 2 0 2
1285 2 0 2 0 2
1286 2 0 2 0 2
1287 2 0 2 0 2
1288 2 0 2 0 2
1289 0 2 2 0 2
1290 0 2 2 0 2
1291 0 2 2 0 2
1292 0 2 2 0 2
1293 0 2 2 0 2
1294 0 2 2 0 2
1295 0 2 2 0 2
1296 0 2 2 0 2
1297 0 2 2 0 2
1298 0 2 2 0 2
1299 0 2 2 0 2
1300 0 2 2 0 2
1301 0 2 2 0 2
1302 0 2 2 0 2
1303 0 2 2 0 2
1304 0 2 2 0 2
1305 0 2 2 0 2
1306 0 2 2 0 2
1307 0 2 2 0 2
1308 0 2 2 0 2
1309 0 2 2 0 2
1310 0 2 2 0 2
1311 0 2 2 0 2
1312 0 2 2 0 2
1313 0 2 2 0 2
1314 0 2 2 0 2
1315 0 2 2 0 2
1316 0 2 2 0 2
1317 0 2 2 0 2
1318 0 2 2 0 2
1319 0 2 2 0 2
1320 0 2 2 0 2
1321 0 2 2 0 2
1322 0 2 2 0 2
1323 0 2 2 0 2
1324 0 2 2 0 2
1325 0 2 2 0 2
1326 0 2 2 0 2
1327 0 2 2 0 2
1328 0 2 2 0 2
1329 0 2 2 0 2
1330 2 0 2 0 2
1331 2 0 2 0 2
1332 2 0 2 0 2
1333 2 0 2 0 2
1334 2 0 2 0 2
1335 2 0 2 0 2
1336 2 0 2 0 2
1337 2 0 2 0 2
1338 2 0 2 0 2
1339 2 0 2 0 2
1340 2 0 0 0 2
1341 2 0 0 0 2
1342 2 0 0 0 2
1343 2 0 0 0 2
1344 2 0 0 0 2
1345 2 0 0 0 2
1346 2 0 0 0 2
1347 2 0 0 0 2
1348 2 0 0 0 2
1349 2 0 0 0 2
1350 2 0 0 0 2
1351 2 0 0 0 2
1352 2 0 0 0 2
1353 2 0 0 0 2
1354 2 0 0 0 2
1355 2 0 0 0 2
1356 2 0 0 0 2
1357 2 0 0 0 2
1358 2 0 0 0 2
1359 2 0 0 0 2
1360 2 0 0 0 0
1361 2 0 0 0 0
1362 2 0 0 0 0
1363 2 0 0 0 0
1364 2 0 0 0 0
1365 2 0 0 0 0
1366 2 0 0 0 0
1367 2 0 0 0 0
1368 2 0 0 0 0
1369 2 0 0 0 0
1370 2 0 0 0 0
1371 2 0 0 0 0
1372 2 0 0 0 0
1373 2 0 0 0 0
1374 2 0 0 0 0
1375 2 0 0 0 0
1376 2 0 0 0 0
1377 2 0 0 0 0
1378 2 0 0 0 0
1379 2 0 0 0 0
1380 2 0 0 0 0
1381 2 0 0 0 0
1382 2 0 0 0 0
1383 2 0 0 0 0
1384 2 0 0 0 0
1385 2 0 0 0 0
1386 2 0 0 0 0
1387 2 0 0 0 0
1388 2 0 0 0 0
1389 2 0 0 0 0
1390 2 0 0 0 0
1391 2 0 0 0 0
1392 2 0 0 0 0
1393 2 0 0 0 0
1394 2 0 0 0 0
1395 2 0 0 0 0
1396 2 0 0 0 0
1397 2 0 0 0 0
1398 2 0 0 0 0
1399 2 0 0 0 0
1400 2 0 0 0 0
1401 2 0 0 0 0
1402 2 0 0 0 0
1403 2 0 0 0 0
1404 2 0 0 0 0
1405 2 0 0 0 0
1406 2 0 0 0 0
1407 2 0 0 0 0
1408 2 0 0 0 0
1409 2 0 0 0 0
1410 2 0 0 0 0
1411 2 0 0 0 0
1412 2 0 0 0 0
1413 2 0 0 0 0
1414 2 0 0 0 0
1415 2 0 0 0 0
1416 2 0 0 0 0
1417 2 0 0 0 0
1418 2 0 0 0 0
1419 2 0 0 0 0
1420 2 0 0 0 0
1421 2 0 0 0 0
1422 2 0 0 0 0
1423 2 0 0 0 0
1424 2 0 0 0 0
1425 2 0 0 0 0
1426 2 0 0 0 0
1427 2 0 0 0 0
1428 2 0 0 0 0
1429 2 0 0 0 0
1430 2 0 0 0 0
1431 2 0 0 0 0
1432 2 0 0 0 0
1433 2 0 0 0 0
1434 2 0 0 0 0
1435 2 0 0 0 0
1436 2 0 0 0 0
1437 2 0 0 0 0
1438 2 0 0 0 0
1439 2 0 0 0 0
1440 2 0 0 0 0
1441 2 0 0 0 0
1442 2 0 0 0 0
1443 2 0 0 0 0
1444 2 0 0 0 0
1445 2 0 0 0 0
1446 2 0 0 0 0
1447 2 0 0 0 0
1448 2 0 0 0 0
1449 2 0 0 0 0
1450 2 0 0 2 0
1451 2 0 0 2 0
1452 2 0 0 2 0
1453 2 0 0 2 0
1454 2 0 0 2 0
1455 2 0 0 2 0
1456 2 0 0 2 0
1457 2 0 0 2 0
1458 2 0 0 2 0
1459 2 0 0 2 0
1460 2 0 2 0 0
1461 2 0 2 0 0
1462 2 0 2 0 0
1463 2 0 2 0 0
1464 2 0 2 0 0
1465 2 0 2 0 0
1466 2 0 2 0 0
1467 2 0 2 0 0
1468 2 0 2 0 0
1469 2 0 2 0 0
1470 0 0 2 0 0
1471 0 0 2 0 0
1472 0 0 2 0 0
1473 0 0 2 0 0
1474 0 0 2 0 0
1475 0 0 2 0 0
1476 0 0 2 0 0
1477 0 0 2 0 0
1478 0 0 2 0 0
1479 0 0 2 0 0
1480 0 0 2 0 0
1481 0 0 2 0 0
1482 0 0 2 0 0
1483 0 0 2 0 0
1484 0 0 2 0 0
1485 0 0 2 0 0
1486 0 0 2 0 0
1487 0 0 2 0 0
1488 0 0 2 0 0
1489 0 0 2 0 0
1490 0 0 2 0 0
1491 0 0 2 0 0
1492 0 0 2 0 0
1493 0 0 2 0 0
1494 0 0 2 0 0
1495 0 0 2 0 0
1496 0 0 2 0 0
1497 0 0 2 0 0
1498 0 0 2 0 0
1499 0 0 2 0 0
1500 0 0 2 0 1
1501 0 0 2 0 1
1502 0 0 2 0 1
1503 0 0 2 0 1
1504 0 0 2 0 1
1505 0 0 2 0 1
1506 0 0 2 0 1
1507 0 0 2 0 1
1508 0 0 2 0 1
1509 0 0 2 0 1
1510 0 0 2 0 1
1511 0 0 2 0 1
1512 0 0 2 0 1
1513 0 0 2 0 1
1514 0 0 2 0 1
1515 0 0 2 0 1
1516 0 0 2 0 1
1517 0 0 2 0 1
1518 0 0 2 0 1
1519 0 0 2 0 1
1520 0 0 2 0 2
1521 0 0 2 0 2
1522 0 0 2 0 0
1523 0 0 2 0 0
1524 0 0 2 0 0
1525 0 0 2 0 0
1526 0 0 2 0 0
1527 0 0 2 0 0
1528 0 0 2 0 0
1529 0 0 2 0 0
1530 0 0 2 0 0
1531 0 0 2 0 0
1532 0 0 2 0 0
1533 0 0 2 0 0
1534 0 0 2 0 0
1535 0 0 2 0 0
1536 0 0 2 0 0
1537 0 0 2 0 0
1538 0 0 2 0 0
1539 0 0 2 0 0
1540 0 5 2 0 0
1541 0 5 2 0 0
1542 0 5 2 0 0
1543 0 5 2 0 0
1544 0 5 2 0 0
1545 0 5 2 0 0
1546 0 5 2 0 0
1547 0 5 2 0 0
1548 0 5 2 0 0
1549 0 5 2 0 0
1550 0 5 2 0 0
1551 0 5 2 0 0
1552 0 5 2 0 0
1553 0 5 2 0 0
1554 0 5 2 0 0
1555 0 5 2 0 0
1556 0 5 2 0 0
1557 0 5 2 0 0
1558 0 5 2 0 0
1559 0 5 2 0 0
1560 0 5 2 0 2
1561 0 5 2 0 2
1562 0 5 2 0 2
1563 0 5 2 0 2
1564 0 5 2 0 2
1565 0 5 2 0 2
1566 0 5 2 0 2
1567 0 5 2 0 2
1568 0 5 2 0 2
1569 0 5 2 0 2
1570 0 5 2 0 2
1571 0 5 2 0 2
1572 0 5 2 0 2
1573 0 5 2 0 2
1574 0 5 2 0 2
1575 0 5 2 0 2
1576 0 5 2 0 2
1577 0 5 2 0 2
1578 0 5 2 0 2
1579 0 5 2 0 2
1580 0 0 2 0 2
1581 0 0 2 0 2
1582 0 0 2 0 2
1583 0 0 2 0 2
1584 0 0 2 0 2
1585 0 0 2 0 2
1586 0 0 2 0 2
1587 0 0 2 0 2
1588 0 0 2 0 2
1589 0 0 2 0 2
1590 0 0 2 0 2
1591 0 0 2 0 2
1592 0 0 2 0 2
1593 0 0 2 0 2
1594 0 0 2 0 2
1595 0 0 2 0 2
1596 0 0 2 0 2
1597 0 0 2 0 2
1598 0 0 2 0 2
1599 0 0 2 0 2
1600 0 0 2 0 2
1601 0 0 2 0 2
1602 0 0 2 0 2
1603 0 0 2 0 2
1604 0 0 2 0 2
1605 0 0 2 0 2
1606 0 0 2 0 2
1607 0 0 2 0 2
1608 0 0 2 0 2
1609 0 0 2 0 2
1610 0 0 2 0 2
1611 0 0 2 0 2
1612 0 0 2 0 2
1613 0 0 2 0 2
1614 0 0 2 0 2
1615 0 0 2 0 2
1616 0 0 2 0 2
1617 0 0 2 0 2
1618 0 0 2 0 2
1619 0 0 2 0 2
1620 0 0 2 0 2
1621 0 0 2 0 2
1622 0 0 2 0 2
1623 0 0 2 0 2
1624 0 0 2 0 2
1625 0 0 2 0 2
1626 0 0 2 0 2
1627 0 0 2 0 2
1628 0 0 2 0 2
1629 0 0 2 0 2
1630 2 0 2 0 2
1631 2 0 2 0 2
1632 2 0 2 0 2
1633 2 0 2 0 2
1634 2 0 2 0 2
1635 2 0 2 0 2
1636 2 0 2 0 2
1637 2 0 2 0 2
1638 2 0 2 0 2
1639 2 0 2 0 2
1640 2 0 2 0 2
1641 2 0 2 0 2
1642 2 0 2 0 2
1643 2 0 2 0 2
1644 2 0 2 0 2
1645 2 0 2 0 2
1646 2 0 2 0 2
1647 2 0 2 0 2
1648 2 0 2 0 2
1649 2 0 2 0 2
1650 2 0 2 0 2
1651 2 0 2 0 2
1652 2 0 2 0 2
1653 2 0 2 0 2
1654 2 0 2 0 2
1655 2 0 2 0 2
1656 2 0 2 0 2
1657 2 0 2 0 2
1658 2 0 2 0 2
1659 2 0 2 0 2
1660 2 0 0 0 2
1661 2 0 0 0 2
1662 2 0 0 0 2
1663 2 0 0 0 2
1664 2 0 0 0 2
1665 2 0 0 0 2
1666 2 0 0 0 2
1667 2 0 0 0 2
1668 2 0 0 0 2
1669 2 0 0 0 2
1670 2 0 0 0 2
1671 2 0 0 0 2
1672 2 0 0 0 2
1673 2 0 0 0 2
1674 2 0 0 0 2
1675 2 0 0 0 2
1676 2 0 0 0 2
1677 2 0 0 0 2
1678 2 0 0 0 2
1679 2 0 0 0 2
1680 2 0 0 0 2
1681 2 0 0 0 2
1682 2 0 0 0 2
1683 2 0 0 0 2
1684 2 0 0 0 2
1685 2 0 0 0 2
1686 2 0 0 0 2
1687 2 0 0 0 2
1688 2 0 0 0 2
1689 2 0 0 0 2
1690 2 0 0 0 0
1691 2 0 0 0 0
1692 2 0 0 0 0
1693 2 0 0 0 0
1694 2 0 0 0 0
1695 2 0 0 0 0
1696 2 0 0 0 0
1697 2 0 0 0 0
1698 2 0 0 0 0
1699 2 0 0 0 0
1700 2 0 0 0 0
1701 2 0 0 0 0
1702 2 0 0 0 0
1703 2 0 0 0 0
1704 2 0 0 0 0
1705 2 0 0 0 0
1706 2 0 0 0 0
1707 2 0 0 0 0
1708 2 0 0 0 0
1709 2 0 0 0 0
1710 2 0 0 0 0
1711 2 0 0 0 0
1712 2 0 0 0 0
1713 2 0 0 0 0
1714 2 0 0 0 0
1715 2 0 0 0 0
1716 2 0 0 0 0
1717 2 0 0 0 0
1718 2 0 0 0 0
1719 2 0 0 0 0
1720 2 0 0 0 0
