0 0 0 0 0 0
1 0 0 0 0 0
2 0 0 0 0 0
3 0 0 0 0 0
4 0 0 0 0 0
5 0 0 0 0 0
6 0 0 0 0 0
7 0 0 0 0 0
8 0 0 0 0 0
9 0 0 0 0 0
10 0 0 0 0 0
11 0 0 0 0 0
12 0 0 0 0 0
13 0 0 0 0 0
14 0 0 0 0 0
15 0 0 0 0 0
16 0 0 0 0 0
17 0 0 0 0 0
18 0 0 0 0 0
19 0 0 0 0 0
20 0 0 0 0 0
21 0 0 0 0 0
22 0 0 0 0 0
23 0 0 0 0 0
24 0 0 0 0 0
25 0 0 0 0 0
26 0 0 0 0 0
27 0 0 0 0 0
28 0 0 0 0 0
29 0 0 0 0 0
30 0 0 0 0 0
31 0 0 0 0 0
32 0 0 0 0 0
33 0 0 0 0 0
34 0 0 0 0 0
35 0 0 0 0 0
36 0 0 0 0 0
37 0 0 0 0 0
38 0 0 0 0 0
39 0 0 0 0 0
40 0 0 0 0 0
41 0 0 0 0 0
42 0 0 0 0 0
43 0 0 0 0 0
44 0 0 0 0 0
45 0 0 0 0 0
46 0 0 0 0 0
47 0 0 0 0 0
48 0 0 0 0 0
49 0 0 0 0 0
50 0 0 0 0 0
51 0 0 0 0 0
52 0 0 0 0 0
53 0 0 0 0 0
54 0 0 0 0 0
55 0 0 0 0 0
56 0 0 0 0 0
57 0 0 0 0 0
58 0 0 0 0 0
59 0 0 0 0 0
60 0 0 0 0 0
61 0 0 0 0 0
62 0 0 0 0 0
63 0 0 0 0 0
64 0 0 0 0 0
65 0 0 0 0 0
66 0 0 0 0 0
67 0 0 0 0 0
68 0 0 0 0 0
69 0 0 0 0 0
70 0 0 0 0 0
71 0 0 0 0 0
72 0 0 0 0 0
73 0 0 0 0 0
74 0 0 0 0 0
75 0 0 0 0 0
76 0 0 0 0 0
77 0 0 0 0 0
78 0 0 0 0 0
79 0 0 0 0 0
80 0 0 0 0 0
81 0 0 0 0 0
82 0 0 0 0 0
83 0 0 0 0 0
84 0 0 0 0 0
85 0 0 0 0 0
86 0 0 0 0 0
87 0 0 0 0 0
88 0 0 0 0 0
89 0 0 0 0 0
90 0 0 0 0 0
91 0 0 0 0 0
92 0 0 0 0 0
93 0 0 0 0 0
94 0 0 0 0 0
95 0 0 0 0 0
96 0 0 0 0 0
97 0 0 0 0 0
98 0 0 0 0 0
99 0 0 0 0 0
100 0 0 0 0 0
101 0 0 0 0 0
102 0 0 0 0 0
103 0 0 0 0 0
104 0 0 0 0 0
105 0 0 0 0 0
106 0 0 0 0 0
107 0 0 0 0 0
108 0 0 0 0 0
109 0 0 0 0 0
110 0 0 0 0 0
111 0 0 0 0 0
112 0 0 0 0 0
113 0 0 0 0 0
114 0 0 0 0 0
115 0 0 0 0 0
116 0 0 0 0 0
117 0 0 0 0 0
118 0 0 0 0 0
119 0 0 0 0 0
120 0 0 0 0 0
121 0 0 0 0 0
122 0 0 0 0 0
123 0 0 0 0 0
124 0 0 0 0 0
125 0 0 0 0 0
126 0 0 0 0 0
127 0 0 0 0 0
128 0 0 0 0 0
129 0 0 0 0 0
130 0 0 0 2 0
131 0 0 0 2 0
132 0 0 0 2 0
133 0 0 0 2 0
134 0 0 0 2 0
135 0 0 0 2 0
136 0 0 0 2 0
137 0 0 0 2 0
138 0 0 0 2 0
139 0 0 0 2 0
140 0 0 0 0 0
141 0 0 0 0 0
142 0 0 0 0 0
143 0 0 0 0 0
144 0 0 0 0 0
145 0 0 0 0 0
146 0 0 0 0 0
147 0 0 0 0 0
148 0 0 0 0 0
149 0 0 0 0 0
150 0 0 0 0 0
151 0 0 0 0 0
152 0 0 0 0 0
153 0 0 0 0 0
154 0 0 0 0 0
155 0 0 0 0 0
156 0 0 0 0 0
157 0 0 0 0 0
158 0 0 0 0 0
159 0 0 0 0 0
160 0 0 0 0 0
161 0 0 0 0 0
162 0 0 0 0 0
163 0 0 0 0 0
164 0 0 0 0 0
165 0 0 0 0 0
166 0 0 0 0 0
167 0 0 0 0 0
168 0 0 0 0 0
169 0 0 0 0 0
170 0 0 0 2 0
171 0 0 0 2 0
172 0 0 0 2 0
173 0 0 0 2 0
174 0 0 0 2 0
175 0 0 0 2 0
176 0 0 0 2 0
177 0 0 0 2 0
178 0 0 0 2 0
179 0 0 0 2 0
180 0 0 0 2 0
181 0 0 0 2 0
182 0 0 0 2 0
183 0 0 0 2 0
184 0 0 0 2 0
185 0 0 0 2 0
186 0 0 0 2 0
187 0 0 0 2 0
188 0 0 0 2 0
189 0 0 0 2 0
190 0 0 0 2 0
191 0 0 0 2 0
192 0 0 0 2 0
193 0 0 0 2 0
194 0 0 0 2 0
195 0 0 0 2 0
196 0 0 0 2 0
197 0 0 0 2 0
198 0 0 0 2 0
199 0 0 0 2 0
200 0 0 0 2 0
201 0 0 0 2 0
202 0 0 0 2 0
203 0 0 0 2 0
204 0 0 0 2 0
205 0 0 0 2 0
206 0 0 0 2 0
207 0 0 0 2 0
208 0 0 0 2 0
209 0 0 0 2 0
210 0 0 0 2 0
211 0 0 0 2 0
212 0 0 0 2 0
213 0 0 0 0 0
214 0 0 0 0 0
215 0 0 0 0 0
216 0 0 0 0 0
217 0 0 0 0 0
218 0 0 0 0 0
219 0 0 0 0 0
220 0 0 2 0 0
221 0 0 2 0 0
222 0 0 2 0 0
223 0 0 2 0 0
224 0 0 2 0 0
225 0 0 2 0 0
226 0 0 2 0 0
227 0 0 2 0 0
228 0 0 2 0 0
229 0 0 2 0 0
230 0 0 2 0 0
231 0 0 2 0 0
232 0 0 2 0 0
233 0 0 2 0 0
234 0 0 2 0 0
235 0 0 2 0 0
236 0 0 2 0 0
237 0 0 2 0 0
238 0 0 2 0 0
239 0 0 2 0 0
240 0 0 2 0 0
241 0 0 2 0 0
242 0 0 2 0 0
243 0 0 2 0 0
244 0 0 2 0 0
245 0 0 2 0 0
246 0 0 2 0 0
247 0 0 2 0 0
248 0 0 2 0 0
249 0 0 2 0 0
250 0 0 2 0 0
251 0 0 2 0 0
252 0 0 2 0 0
253 0 0 2 0 0
254 0 0 2 0 0
255 0 0 2 0 0
256 0 0 2 0 0
257 0 0 2 0 0
258 0 0 2 0 0
259 0 0 2 0 0
260 0 0 2 0 0
261 0 0 2 0 0
262 0 0 2 0 0
263 0 0 2 0 0
264 0 0 2 0 0
265 0 0 2 0 0
266 0 0 2 0 0
267 0 0 2 0 0
268 0 0 2 0 0
269 0 0 2 0 0
270 0 0 2 0 0
271 0 0 2 0 0
272 0 0 2 0 0
273 0 0 2 0 0
274 0 0 2 0 0
275 0 0 2 0 0
276 0 0 2 0 0
277 0 0 2 0 0
278 0 0 2 0 0
279 0 0 2 0 0
280 0 0 2 0 0
281 0 0 2 0 0
282 0 0 2 0 0
283 0 0 2 0 0
284 0 0 2 0 0
285 0 0 2 0 0
286 0 0 2 0 0
287 0 0 2 0 0
288 0 0 2 0 0
289 0 0 2 0 0
290 0 0 2 0 0
291 0 0 2 0 0
292 0 0 2 0 0
293 0 0 2 0 0
294 0 0 2 0 0
295 0 0 2 0 0
296 0 0 2 0 0
297 0 0 2 0 0
298 0 0 2 0 0
299 0 0 2 0 0
300 0 0 2 0 0
301 0 0 2 0 0
302 0 0 2 0 0
303 0 0 2 0 0
304 0 0 2 0 0
305 0 0 2 0 0
306 0 0 2 0 0
307 0 0 2 0 0
308 0 0 2 0 0
309 0 0 2 0 0
310 0 0 2 0 0
311 0 0 2 0 0
312 0 0 2 0 0
313 0 0 2 0 0
314 0 0 2 0 0
315 0 0 2 0 0
316 0 0 2 0 0
317 0 0 2 0 0
318 0 0 2 0 0
319 0 0 2 0 0
320 0 0 2 0 0
321 0 0 2 0 0
322 0 0 2 0 0
323 0 0 2 0 0
324 0 0 2 0 0
325 0 0 2 0 0
326 0 0 2 0 0
327 0 0 2 0 0
328 0 0 2 0 0
329 0 0 2 0 0
330 2 0 2 0 0
331 2 0 2 0 0
332 2 0 2 0 0
333 2 0 2 0 0
334 2 0 2 0 0
335 2 0 2 0 0
336 2 0 2 0 0
337 2 0 2 0 0
338 2 0 2 0 0
339 2 0 2 0 0
340 2 0 0 0 0
341 2 0 0 0 0
342 2 0 0 0 0
343 2 0 0 0 0
344 2 0 0 0 0
345 2 0 0 0 0
346 2 0 0 0 0
347 2 0 0 0 0
348 2 0 0 0 0
349 2 0 0 0 0
350 2 0 0 0 0
351 2 0 0 0 0
352 2 0 0 0 0
353 2 0 0 0 0
354 2 0 0 0 0
355 2 0 0 0 0
356 2 0 0 0 0
357 2 0 0 0 0
358 2 0 0 0 0
359 2 0 0 0 0
360 2 0 0 0 0
361 2 0 0 0 0
362 2 0 0 0 0
363 2 0 0 0 0
364 2 0 0 0 0
365 2 0 0 0 0
366 2 0 0 0 0
367 2 0 0 0 0
368 2 0 0 0 0
369 2 0 0 0 0
370 2 0 0 0 0
371 2 0 0 0 0
372 2 0 0 0 0
373 2 0 0 0 0
374 2 0 0 0 0
375 2 0 0 0 0
376 2 0 0 0 0
377 2 0 0 0 0
378 2 0 0 0 0
379 2 0 0 0 0
380 2 0 0 0 0
381 2 0 0 0 0
382 2 0 0 0 0
383 2 0 0 0 0
384 2 0 0 0 0
385 2 0 0 0 0
386 2 0 0 0 0
387 2 0 0 0 0
388 2 0 0 0 0
389 2 0 0 0 0
390 2 0 0 0 0
391 2 0 0 0 0
392 2 0 0 0 0
393 2 0 0 0 0
394 2 0 0 0 0
395 2 0 0 0 0
396 2 0 0 0 0
397 2 0 0 0 0
398 2 0 0 0 0
399 2 0 0 0 0
400 2 0 2 0 0
401 2 0 2 0 0
402 2 0 2 0 0
403 2 0 2 0 0
404 2 0 2 0 0
405 2 0 2 0 0
406 2 0 2 0 0
407 2 0 2 0 0
408 2 0 2 0 0
409 2 0 2 0 0
410 0 0 2 0 0
411 0 0 2 0 0
412 0 0 2 0 0
413 0 0 2 0 0
414 0 0 2 0 0
415 0 0 2 0 0
416 0 0 2 0 0
417 0 0 2 0 0
418 0 0 2 0 0
419 0 0 2 0 0
420 0 0 2 0 0
421 0 0 2 0 0
422 0 0 2 0 0
423 0 0 2 0 0
424 0 0 2 0 0
425 0 0 2 0 0
426 0 0 2 0 0
427 0 0 2 0 0
428 0 0 2 0 0
429 0 0 2 0 0
430 0 0 2 0 0
431 0 0 2 0 0
432 0 0 2 0 0
433 0 0 2 0 0
434 0 0 2 0 0
435 0 0 2 0 0
436 0 0 2 0 0
437 0 0 2 0 0
438 0 0 2 0 0
439 0 0 2 0 0
440 0 0 2 0 0
441 0 0 2 0 0
442 0 0 2 0 0
443 0 0 2 0 0
444 0 0 2 0 0
445 0 0 2 0 0
446 0 0 2 0 0
447 0 0 2 0 0
448 0 0 2 0 0
449 0 0 2 0 0
450 5 0 2 0 0
451 5 0 2 0 0
452 5 0 2 0 0
453 5 0 2 0 0
454 5 0 2 0 0
455 5 0 2 0 0
456 5 0 2 0 0
457 5 0 2 0 0
458 5 0 2 0 0
459 5 0 2 0 0
460 5 0 2 0 0
461 5 0 2 0 0
462 5 0 2 0 0
463 5 0 2 0 0
464 5 0 2 0 0
465 5 0 2 0 0
466 5 0 2 0 0
467 5 0 2 0 0
468 5 0 2 0 0
469 5 0 2 0 0
470 5 0 2 0 0
471 5 0 2 0 0
472 5 0 2 0 0
473 5 0 2 0 0
474 5 0 2 0 0
475 5 0 2 0 0
476 5 0 2 0 0
477 5 0 2 0 0
478 5 0 2 0 0
479 5 0 2 0 0
480 5 0 2 0 0
481 5 0 2 0 0
482 5 0 2 0 0
483 5 0 2 0 0
484 5 0 2 0 0
485 5 0 2 0 0
486 5 0 2 0 0
487 5 0 2 0 0
488 5 0 2 0 0
489 5 0 2 0 0
490 5 0 2 0 0
491 5 0 2 0 0
492 5 0 2 0 0
493 5 0 2 0 0
494 5 0 2 0 0
495 5 0 2 0 0
496 5 0 2 0 0
497 5 0 2 0 0
498 5 0 2 0 0
499 5 0 2 0 0
500 5 0 2 0 0
501 5 0 2 0 0
502 5 0 2 0 0
503 5 0 2 0 0
504 5 0 2 0 0
505 5 0 2 0 0
506 5 0 2 0 0
507 5 0 2 0 0
508 5 0 2 0 0
509 5 0 2 0 0
510 5 0 2 0 0
511 5 0 2 0 0
512 5 0 2 0 0
513 5 0 2 0 0
514 5 0 2 0 0
515 5 0 2 0 0
516 5 0 2 0 0
517 5 0 2 0 0
518 5 0 2 0 0
519 5 0 2 0 0
520 5 0 2 0 0
521 5 0 2 0 0
522 5 0 2 0 0
523 5 0 2 0 0
524 5 0 2 0 0
525 5 0 2 0 0
526 5 0 2 0 0
527 5 0 2 0 0
528 5 0 2 0 0
529 5 0 2 0 0
530 5 0 2 0 0
531 5 0 2 0 0
532 5 0 2 0 0
533 5 0 2 0 0
534 5 0 2 0 0
535 5 0 2 0 0
536 5 0 2 0 0
537 5 0 2 0 0
538 5 0 2 0 0
539 5 0 2 0 0
540 5 0 2 0 0
541 5 0 2 0 0
542 5 0 2 0 0
543 5 0 2 0 0
544 5 0 2 0 0
545 5 0 2 0 0
546 5 0 2 0 0
547 5 0 2 0 0
548 5 0 2 0 0
549 5 0 2 0 0
550 5 0 2 0 0
551 5 0 2 0 0
552 5 0 2 0 0
553 5 0 2 0 0
554 5 0 2 0 0
555 5 0 2 0 0
556 5 0 2 0 0
557 5 0 2 0 0
558 5 0 2 0 0
559 5 0 2 0 0
560 5 0 2 0 0
561 5 0 2 0 0
562 5 0 2 0 0
563 5 0 2 0 0
564 5 0 2 0 0
565 5 0 2 0 0
566 5 0 2 0 0
567 5 0 2 0 0
568 5 0 2 0 0
569 5 0 2 0 0
570 5 0 2 0 0
571 5 0 2 0 0
572 5 0 2 0 0
573 5 0 2 0 0
574 5 0 2 0 0
575 5 0 2 0 0
576 5 0 2 0 0
577 5 0 2 0 0
578 5 0 2 0 0
579 5 0 2 0 0
580 5 0 2 0 0
581 5 0 2 0 0
582 5 0 2 0 0
583 5 0 2 0 0
584 5 0 2 0 0
585 5 0 2 0 0
586 5 0 2 0 0
587 5 0 2 0 0
588 5 0 2 0 0
589 5 0 2 0 0
590 5 0 2 0 0
591 5 0 2 0 0
592 5 0 2 0 0
593 5 0 2 0 0
594 5 0 2 0 0
595 5 0 2 0 0
596 5 0 2 0 0
597 5 0 2 0 0
598 5 0 2 0 0
599 5 0 2 0 0
600 5 0 2 0 0
601 5 0 2 0 0
602 5 0 2 0 0
603 5 0 2 0 0
604 5 0 2 0 0
605 5 0 2 0 0
606 5 0 2 0 0
607 5 0 2 0 0
608 5 0 2 0 0
609 5 0 2 0 0
610 5 0 2 0 1
611 5 0 2 0 1
612 5 0 2 0 1
613 5 0 2 0 1
614 5 0 2 0 1
615 5 0 2 0 1
616 5 0 2 0 1
617 5 0 2 0 1
618 5 0 2 0 1
619 5 0 2 0 1
620 5 0 2 0 2
621 5 0 2 0 2
622 5 0 2 0 2
623 5 0 2 0 2
624 5 0 2 0 2
625 5 0 2 0 2
626 5 0 2 0 2
627 5 0 2 0 2
628 5 0 2 0 2
629 5 0 2 0 2
630 0 5 2 0 2
631 0 5 2 0 2
632 0 5 2 0 2
633 0 5 2 0 2
634 0 5 2 0 2
635 0 5 2 0 2
636 0 5 2 0 2
637 0 5 2 0 2
638 0 5 2 0 2
639 0 5 2 0 2
640 0 0 2 0 2
641 0 0 2 0 2
642 0 0 2 0 2
643 0 0 2 0 2
644 0 0 2 0 2
645 0 0 2 0 2
646 0 0 2 0 2
647 0 0 2 0 2
648 0 0 2 0 2
649 0 0 2 0 2
650 0 0 2 0 2
651 0 0 2 0 2
652 0 0 2 0 2
653 0 0 2 0 2
654 0 0 2 0 2
655 0 0 2 0 2
656 0 0 2 0 2
657 0 0 2 0 2
658 0 0 2 0 2
659 0 0 2 0 2
660 0 0 2 0 2
661 0 0 2 0 2
662 0 0 2 0 2
663 0 0 2 0 2
664 0 0 2 0 2
665 0 0 2 0 2
666 0 0 2 0 2
667 0 0 2 0 2
668 0 0 2 0 2
669 0 0 2 0 2
670 0 5 2 0 2
671 0 5 2 0 2
672 0 5 2 0 2
673 0 5 2 0 2
674 0 5 2 0 2
675 0 5 2 0 2
676 0 5 2 0 2
677 0 5 2 0 2
678 0 5 2 0 2
679 0 5 2 0 2
680 0 5 2 0 2
681 0 5 2 0 2
682 0 5 2 0 2
683 0 5 2 0 2
684 0 5 2 0 2
685 0 5 2 0 2
686 0 5 2 0 2
687 0 5 2 0 2
688 0 5 2 0 2
689 0 5 2 0 2
690 0 2 2 0 2
691 0 2 2 0 2
692 0 2 2 0 2
693 0 2 2 0 2
694 0 2 2 0 2
695 0 2 2 0 2
696 0 2 2 0 2
697 0 2 2 0 2
698 0 2 2 0 2
699 0 2 2 0 2
700 0 2 2 0 2
701 0 2 2 0 2
702 0 2 2 0 2
703 0 2 2 0 2
704 0 2 2 0 2
705 0 2 2 0 2
706 0 2 2 0 2
707 0 2 2 0 2
708 0 2 2 0 2
709 0 2 2 0 2
710 0 0 2 0 2
711 0 0 2 0 2
712 0 0 2 0 2
713 0 0 2 0 2
714 0 0 2 0 2
715 0 0 2 0 2
716 0 0 2 0 2
717 0 0 2 0 2
718 0 0 2 0 2
719 0 0 2 0 2
720 0 0 2 0 2
721 0 0 2 0 2
722 0 0 2 0 2
723 0 0 2 0 2
724 0 0 2 0 2
725 0 0 2 0 2
726 0 0 2 0 2
727 0 0 2 0 2
728 0 0 2 0 2
729 0 0 2 0 2
730 0 0 2 0 2
731 0 0 2 0 2
732 0 0 2 0 2
733 0 0 2 0 2
734 0 0 2 0 2
735 0 0 2 0 2
736 0 0 2 0 2
737 0 0 2 0 2
738 0 0 2 0 2
739 0 0 2 0 2
740 0 0 2 0 2
741 0 0 2 0 2
742 0 0 2 0 2
743 0 0 2 0 2
744 0 0 2 0 2
745 0 0 2 0 2
746 0 0 2 0 2
747 0 0 2 0 2
748 0 0 2 0 2
749 0 0 2 0 2
750 2 0 2 0 2
751 2 0 2 0 2
752 2 0 2 0 2
753 2 0 2 0 2
754 2 0 2 0 2
755 2 0 2 0 2
756 2 0 2 0 2
757 2 0 2 0 2
758 2 0 2 0 2
759 2 0 2 0 2
760 2 0 0 0 2
761 2 0 0 0 2
762 2 0 0 0 2
763 2 0 0 0 2
764 2 0 0 0 2
765 2 0 0 0 2
766 2 0 0 0 2
767 2 0 0 0 2
768 2 0 0 0 2
769 2 0 0 0 2
770 2 0 0 0 2
771 2 0 0 0 2
772 2 0 0 0 2
773 2 0 0 0 2
774 2 0 0 0 2
775 2 0 0 0 2
776 2 0 0 0 2
777 2 0 0 0 2
778 2 0 0 0 2
779 2 0 0 0 2
780 2 0 0 0 2
781 2 0 0 0 2
782 2 0 0 0 2
783 2 0 0 0 2
784 2 0 0 0 2
785 2 0 0 0 2
786 2 0 0 0 2
787 2 0 0 0 2
788 2 0 0 0 2
789 2 0 0 0 2
790 2 0 0 0 2
791 2 0 0 0 2
792 2 0 0 0 2
793 2 0 0 0 2
794 2 0 0 0 2
795 2 0 0 0 2
796 2 0 0 0 2
797 2 0 0 0 2
798 2 0 0 0 2
799 2 0 0 0 2
800 2 0 0 0 2
801 2 0 0 0 2
802 2 0 0 0 2
803 2 0 0 0 2
804 2 0 0 0 2
805 2 0 0 0 2
806 2 0 0 0 2
807 2 0 0 0 2
808 2 0 0 0 2
809 2 0 0 0 2
810 2 0 0 0 2
811 2 0 0 0 2
812 2 0 0 0 2
813 2 0 0 0 2
814 2 0 0 0 2
815 2 0 0 0 2
816 2 0 0 0 2
817 2 0 0 0 2
818 2 0 0 0 2
819 2 0 0 0 2
820 0 0 0 0 0
821 0 0 0 0 0
822 0 0 0 0 0
823 0 0 0 0 0
824 0 0 0 0 0
825 0 0 0 0 0
826 0 0 0 0 0
827 0 0 0 0 0
828 0 0 0 0 0
829 0 0 0 0 0
830 0 0 0 0 0
831 0 0 0 0 0
832 0 0 0 0 0
833 0 0 0 0 0
834 0 0 0 0 0
835 0 0 0 0 0
836 0 0 0 0 0
837 0 0 0 0 0
838 0 0 0 0 0
839 0 0 0 0 0
840 0 0 0 0 0
841 0 0 0 0 0
842 0 0 0 0 0
843 0 0 0 0 0
844 0 0 0 0 0
845 0 0 0 0 0
846 0 0 0 0 0
847 0 0 0 0 0
848 0 0 0 0 0
849 0 0 0 0 0
850 0 0 0 0 0
851 0 0 0 0 0
852 0 0 0 0 0
853 0 0 0 0 0
854 0 0 0 0 0
855 0 0 0 0 0
856 0 0 0 0 0
857 0 0 0 0 0
858 0 0 0 0 0
859 0 0 0 0 0
860 0 0 0 0 0
861 0 0 0 0 0
862 0 0 0 0 0
863 0 0 0 0 0
864 0 0 0 0 0
865 0 0 0 0 0
866 0 0 0 0 0
867 0 0 0 0 0
868 0 0 0 0 0
869 0 0 0 0 0
870 0 0 0 0 0
871 0 0 0 0 0
872 0 0 0 0 0
873 0 0 0 0 0
874 0 0 0 0 0
875 0 0 0 0 0
876 0 0 0 0 0
877 0 0 0 0 0
878 0 0 0 0 0
879 0 0 0 0 0
880 0 0 0 2 0
881 0 0 0 2 0
882 0 0 0 2 0
883 0 0 0 2 0
884 0 0 0 2 0
885 0 0 0 2 0
886 0 0 0 2 0
887 0 0 0 2 0
888 0 0 0 2 0
889 0 0 0 2 0
890 0 0 0 2 0
891 0 0 0 2 0
892 0 0 0 2 0
893 0 0 0 2 0
894 0 0 0 2 0
895 0 0 0 2 0
896 0 0 0 2 0
897 0 0 0 2 0
898 0 0 0 2 0
899 0 0 0 2 0
900 0 0 0 2 0
901 0 0 0 2 0
902 0 0 0 2 0
903 0 0 0 2 0
904 0 0 0 2 0
905 0 0 0 2 0
906 0 0 0 2 0
907 0 0 0 2 0
908 0 0 0 2 0
909 0 0 0 2 0
910 0 0 0 0 0
911 0 0 0 0 0
912 0 0 0 0 0
913 0 0 0 0 0
914 0 0 0 0 0
915 0 0 0 0 0
916 0 0 0 0 0
917 0 0 0 0 0
918 0 0 0 0 0
919 0 0 0 0 0
920 0 0 0 0 0
921 0 0 0 0 0
922 0 0 0 0 0
923 0 0 0 0 0
924 0 0 0 0 0
925 0 0 0 0 0
926 0 0 0 0 0
927 0 0 0 0 0
928 0 0 0 0 0
929 0 0 0 0 0
930 0 0 0 0 0
931 0 0 0 0 0
932 0 0 0 0 0
933 0 0 0 0 0
934 0 0 0 0 0
935 0 0 0 0 0
936 0 0 0 0 0
937 0 0 0 0 0
938 0 0 0 0 0
939 0 0 0 0 0
940 0 0 0 3 0
941 0 0 0 3 0
942 0 0 0 3 0
943 0 0 0 3 0
944 0 0 0 3 0
945 0 0 0 3 0
946 0 0 0 3 0
947 0 0 0 3 0
948 0 0 0 3 0
949 0 0 0 3 0
950 0 0 0 0 0
951 0 0 0 0 0
952 0 0 0 0 0
953 0 0 0 0 0
954 0 0 0 0 0
955 0 0 0 0 0
956 0 0 0 0 0
957 0 0 0 0 0
958 0 0 0 0 0
959 0 0 0 0 0
960 0 0 0 0 0
961 0 0 0 0 0
962 0 0 0 0 0
963 0 0 0 0 0
964 0 0 0 0 0
965 0 0 0 0 0
966 0 0 0 0 0
967 0 0 0 0 0
968 0 0 0 0 0
969 0 0 0 0 0
970 0 0 0 0 0
971 0 0 0 0 0
972 0 0 0 0 0
973 0 0 0 0 0
974 0 0 0 0 0
975 0 0 0 0 0
976 0 0 0 0 0
977 0 0 0 0 0
978 0 0 0 0 0
979 0 0 0 0 0
980 0 0 0 0 0
981 0 0 0 0 0
982 0 0 0 0 0
983 0 0 0 0 0
984 0 0 0 0 0
985 0 0 0 0 0
986 0 0 0 0 0
987 0 0 0 0 0
988 0 0 0 0 0
989 0 0 0 0 0
990 0 2 0 0 0
991 0 2 0 0 0
992 0 2 0 0 0
993 0 2 0 0 0
994 0 2 0 0 0
995 0 2 0 0 0
996 0 2 0 0 0
997 0 2 0 0 0
998 0 2 0 0 0
999 0 2 0 0 0
1000 2 0 0 0 0
1001 2 0 0 0 0
1002 2 0 0 0 0
1003 2 0 0 0 0
1004 2 0 0 0 0
1005 2 0 0 0 0
1006 2 0 0 0 0
1007 2 0 0 0 0
1008 2 0 0 0 0
1009 2 0 0 0 0
1010 2 0 0 0 0
1011 2 0 0 0 0
1012 2 0 0 0 0
1013 2 0 0 0 0
1014 2 0 0 0 0
1015 2 0 0 0 0
1016 2 0 0 0 0
1017 2 0 0 0 0
1018 2 0 0 0 0
1019 2 0 0 0 0
1020 2 0 0 0 0
1021 2 0 0 0 0
1022 2 0 0 0 0
1023 2 0 0 0 0
1024 2 0 0 0 0
1025 2 0 0 0 0
1026 2 0 0 0 0
1027 2 0 0 0 0
1028 2 0 0 0 0
1029 2 0 0 0 0
1030 2 0 0 0 0
1031 2 0 0 0 0
1032 2 0 0 0 0
1033 2 0 0 0 0
1034 2 0 0 0 0
1035 2 0 0 0 0
1036 2 0 0 0 0
1037 2 0 0 0 0
1038 2 0 0 0 0
1039 2 0 0 0 0
1040 2 0 0 0 0
1041 2 0 0 0 0
1042 2 0 0 0 0
1043 2 0 0 0 0
1044 2 0 0 0 0
1045 2 0 0 0 0
1046 2 0 0 0 0
1047 2 0 0 0 0
1048 2 0 0 0 0
1049 2 0 0 0 0
1050 2 0 0 0 0
1051 2 0 0 0 0
1052 2 0 0 0 0
1053 2 0 0 0 0
1054 2 0 0 0 0
1055 2 0 0 0 0
1056 2 0 0 0 0
1057 2 0 0 0 0
1058 2 0 0 0 0
1059 2 0 0 0 0
1060 2 0 0 0 0
1061 2 0 0 0 0
1062 2 0 0 0 0
1063 2 0 0 0 0
1064 2 0 0 0 0
1065 2 0 0 0 0
1066 2 0 0 0 0
1067 2 0 0 0 0
1068 2 0 0 0 0
1069 2 0 0 0 0
1070 2 0 0 0 0
1071 2 0 0 0 0
1072 2 0 0 0 0
1073 2 0 0 0 0
1074 2 0 0 0 0
1075 2 0 0 0 0
1076 2 0 0 0 0
1077 2 0 0 0 0
1078 2 0 0 0 0
1079 2 0 0 0 0
1080 2 0 0 0 0
1081 2 0 0 0 0
1082 2 0 0 0 0
1083 2 0 0 0 0
1084 2 0 0 0 0
1085 2 0 0 0 0
1086 2 0 0 0 0
1087 2 0 0 0 0
1088 2 0 0 0 0
1089 2 0 0 0 0
1090 2 0 0 0 0
1091 2 0 0 0 0
1092 2 0 0 0 0
1093 2 0 0 0 0
1094 2 0 0 0 0
1095 2 0 0 0 0
1096 2 0 0 0 0
1097 2 0 0 0 0
1098 2 0 0 0 0
1099 2 0 0 0 0
1100 2 0 0 0 0
1101 2 0 0 0 0
1102 2 0 0 0 0
1103 2 0 0 0 0
1104 2 0 0 0 0
1105 2 0 0 0 0
1106 2 0 0 0 0
1107 2 0 0 0 0
1108 2 0 0 0 0
1109 2 0 0 0 0
1110 2 0 2 0 0
1111 2 0 2 0 0
1112 2 0 2 0 0
1113 2 0 2 0 0
1114 2 0 2 0 0
1115 2 0 2 0 0
1116 2 0 2 0 0
1117 2 0 2 0 0
1118 2 0 2 0 0
1119 2 0 2 0 0
1120 0 0 2 0 0
1121 0 0 2 0 0
1122 0 0 2 0 0
1123 0 0 2 0 0
1124 0 0 2 0 0
1125 0 0 2 0 0
1126 0 0 2 0 0
1127 0 0 2 0 0
1128 0 0 2 0 0
1129 0 0 2 0 0
1130 0 0 2 0 0
1131 0 0 2 0 0
1132 0 0 2 0 0
1133 0 0 2 0 0
1134 0 0 2 0 0
1135 0 0 2 0 0
1136 0 0 2 0 0
1137 0 0 2 0 0
1138 0 0 2 0 0
1139 0 0 2 0 0
1140 0 0 2 0 0
1141 0 0 2 0 0
1142 0 0 2 0 0
1143 0 0 2 0 0
1144 0 0 2 0 0
1145 0 0 2 0 0
1146 0 0 2 0 0
1147 0 0 2 0 0
1148 0 0 2 0 0
1149 0 0 2 0 0
1150 0 0 2 0 0
1151 0 0 2 0 0
1152 0 0 2 0 0
1153 0 0 2 0 0
1154 0 0 2 0 0
1155 0 0 2 0 0
1156 0 0 2 0 0
1157 0 0 2 0 0
1158 0 0 2 0 0
1159 0 0 2 0 0
1160 0 0 2 0 0
1161 0 0 2 0 0
1162 0 0 2 0 0
1163 0 0 2 0 0
1164 0 0 2 0 0
1165 0 0 2 0 0
1166 0 0 2 0 0
1167 0 0 2 0 0
1168 0 0 2 0 0
1169 0 0 2 0 0
1170 0 0 2 0 0
1171 0 0 2 0 0
1172 0 0 2 0 0
1173 0 0 2 0 2
1174 0 0 2 0 2
1175 0 0 2 0 2
1176 0 0 2 0 2
1177 0 0 2 0 2
1178 0 0 2 0 2
1179 0 0 2 0 2
1180 0 0 2 0 2
1181 0 0 2 0 2
1182 0 0 2 0 2
1183 0 0 2 0 2
1184 0 0 2 0 2
1185 0 0 2 0 2
1186 0 0 2 0 2
1187 0 0 2 0 2
1188 0 0 2 0 2
1189 0 0 2 0 2
1190 0 0 2 0 1
1191 0 0 2 0 1
1192 0 0 2 0 1
1193 0 0 2 0 1
1194 0 0 2 0 1
1195 0 0 2 0 1
1196 0 0 2 0 1
1197 0 0 2 0 1
1198 0 0 2 0 1
1199 0 0 2 0 1
1200 0 0 2 0 1
1201 0 0 2 0 1
1202 0 0 2 0 1
1203 0 0 2 0 1
1204 0 0 2 0 1
1205 0 0 2 0 1
1206 0 0 2 0 1
1207 0 0 2 0 1
1208 0 0 2 0 1
1209 0 0 2 0 1
1210 0 0 2 0 1
1211 0 0 2 0 1
1212 0 0 2 0 1
1213 0 0 2 0 1
1214 0 0 2 0 1
1215 0 0 2 0 1
1216 0 0 2 0 1
1217 0 0 2 0 1
1218 0 0 2 0 1
1219 0 0 2 0 1
1220 0 0 2 0 2
1221 0 0 2 0 2
1222 0 0 2 0 2
1223 0 0 2 0 2
1224 0 0 2 0 2
1225 0 0 2 0 2
1226 0 0 2 0 2
1227 0 0 2 0 2
1228 0 0 2 0 2
1229 0 0 2 0 2
1230 0 0 2 0 2
1231 0 0 2 0 2
1232 0 0 2 0 2
1233 0 0 2 0 2
1234 0 0 2 0 2
1235 0 0 2 0 2
1236 0 0 2 0 2
1237 0 0 2 0 2
1238 0 0 2 0 2
1239 0 0 2 0 2
1240 0 0 2 0 2
1241 0 0 2 0 2
1242 0 0 2 0 2
1243 0 0 2 0 2
1244 0 0 2 0 2
1245 0 0 2 0 2
1246 0 0 2 0 2
1247 0 0 2 0 2
1248 0 0 2 0 2
1249 0 0 2 0 2
1250 0 0 2 0 2
1251 0 0 2 0 2
1252 0 0 2 0 2
1253 0 0 2 0 2
1254 0 0 2 0 2
1255 0 0 2 0 2
1256 0 0 2 0 2
1257 0 0 2 0 2
1258 0 0 2 0 2
1259 0 0 2 0 2
1260 0 0 2 0 2
1261 0 0 2 0 2
1262 0 0 2 0 2
1263 0 0 2 0 2
1264 0 0 2 0 2
1265 0 0 2 0 2
1266 0 0 2 0 2
1267 0 0 2 0 2
1268 0 0 2 0 2
1269 0 0 2 0 2
1270 0 0 2 0 2
1271 0 0 2 0 2
1272 0 0 2 0 2
1273 0 0 2 0 2
1274 0 0 2 0 2
1275 0 0 2 0 2
1276 0 0 2 0 2
1277 0 0 2 0 2
1278 0 0 2 0 2
1279 0 0 2 0 2
1280 0 0 2 0 2
1281 0 0 2 0 2
1282 0 0 2 0 2
1283 0 0 2 0 2
1284 0 0 2 0 2
1285 0 0 2 0 2
1286 0 2 2 0 2
1287 0 2 2 0 2
1288 0 2 2 0 2
1289 0 2 2 0 2
1290 0 2 2 0 2
1291 0 2 2 0 2
1292 0 2 2 0 2
1293 0 2 2 0 2
1294 0 2 2 0 2
1295 0 2 2 0 2
1296 0 2 2 0 2
1297 0 2 2 0 2
1298 0 2 2 0 2
1299 0 2 2 0 2
1300 2 0 2 0 2
1301 2 0 2 0 2
1302 2 0 2 0 2
1303 2 0 2 0 2
1304 2 0 2 0 2
1305 2 0 2 0 2
1306 2 0 2 0 2
1307 2 0 2 0 2
1308 2 0 2 0 2
1309 2 0 2 0 2
1310 2 0 0 0 2
1311 2 0 0 0 2
1312 2 0 0 0 2
1313 2 0 0 0 2
1314 2 0 0 0 2
1315 2 0 0 0 2
1316 2 0 0 0 2
1317 2 0 0 0 2
1318 2 0 0 0 2
1319 2 0 0 0 2
1320 2 0 0 0 2
1321 2 0 0 0 2
1322 2 0 0 0 2
1323 2 0 0 0 2
1324 2 0 0 0 2
1325 2 0 0 0 2
1326 2 0 0 0 2
1327 2 0 0 0 2
1328 2 0 0 0 2
1329 2 0 0 0 2
1330 2 0 0 0 2
1331 2 0 0 0 2
1332 2 0 0 0 2
1333 2 0 0 0 2
1334 2 0 0 0 2
1335 2 0 0 0 2
1336 2 0 0 0 2
1337 2 0 0 0 2
1338 2 0 0 0 2
1339 2 0 0 0 2
1340 2 0 0 0 0
1341 2 0 0 0 0
1342 2 0 0 0 0
1343 2 0 0 0 0
1344 2 0 0 0 0
1345 2 0 0 0 0
1346 2 0 0 0 0
1347 2 0 0 0 0
1348 2 0 0 0 0
1349 2 0 0 0 0
1350 2 0 0 0 0
1351 2 0 0 0 0
1352 2 0 0 0 0
1353 2 0 0 0 0
1354 2 0 0 0 0
1355 2 0 0 0 0
1356 2 0 0 0 0
1357 2 0 0 0 0
1358 2 0 0 0 0
1359 2 0 0 0 0
1360 2 0 0 0 0
1361 2 0 0 0 0
1362 2 0 0 0 0
1363 2 0 0 0 0
1364 2 0 0 0 0
1365 2 0 0 0 0
1366 2 0 0 0 0
1367 2 0 0 0 0
1368 2 0 0 0 0
1369 2 0 0 0 0
1370 2 0 0 0 0
1371 2 0 0 0 0
1372 2 0 0 0 0
1373 2 0 0 0 0
1374 2 0 0 0 0
1375 2 0 0 0 0
1376 2 0 0 0 0
1377 2 0 0 0 0
1378 2 0 0 0 0
1379 2 0 0 0 0
1380 2 0 0 2 0
1381 2 0 0 2 0
1382 2 0 0 2 0
1383 2 0 0 2 0
1384 2 0 0 2 0
1385 2 0 0 2 0
1386 2 0 0 2 0
1387 2 0 0 2 0
1388 2 0 0 2 0
1389 2 0 0 2 0
1390 2 0 0 2 0
1391 2 0 0 2 0
1392 2 0 0 2 0
1393 2 0 0 2 0
1394 2 0 0 2 0
1395 2 0 0 2 0
1396 2 0 0 2 0
1397 2 0 2 0 0
1398 2 0 2 0 0
1399 2 0 2 0 0
1400 0 0 2 0 0
1401 0 0 2 0 0
1402 0 0 2 0 0
1403 0 0 2 0 0
1404 0 0 2 0 0
1405 0 0 2 0 0
1406 0 0 2 0 0
1407 0 0 2 0 0
1408 0 0 2 0 0
1409 0 0 2 0 0
1410 0 0 2 0 0
1411 0 0 2 0 0
1412 0 0 2 0 0
1413 0 0 2 0 0
1414 0 0 2 0 0
1415 0 0 2 0 0
1416 0 0 2 0 0
1417 0 0 2 0 0
1418 0 0 2 0 0
1419 0 0 2 0 0
1420 0 0 2 0 0
1421 0 0 2 0 0
1422 0 0 2 0 0
1423 0 0 2 0 0
1424 0 0 2 0 0
1425 0 0 2 0 0
1426 0 0 2 0 0
1427 0 0 2 0 0
1428 0 0 2 0 0
1429 0 0 2 0 0
1430 0 0 2 0 0
1431 0 0 2 0 0
1432 0 0 2 0 0
1433 0 0 2 0 0
1434 0 0 2 0 0
1435 0 0 2 0 0
1436 0 0 2 0 0
1437 0 0 2 0 0
1438 0 0 2 0 0
1439 0 0 2 0 0
1440 0 0 2 0 0
1441 0 0 2 0 0
1442 0 0 2 0 0
1443 0 0 2 0 0
1444 0 0 2 0 0
1445 0 0 2 0 0
1446 0 0 2 0 0
1447 0 0 2 0 0
1448 0 0 2 0 0
1449 0 0 2 0 0
1450 0 0 2 0 0
1451 0 0 2 0 0
1452 0 0 2 0 0
1453 0 0 2 0 0
1454 0 0 2 0 0
1455 0 0 2 0 0
1456 0 0 2 0 0
1457 0 0 2 0 0
1458 0 0 2 0 0
1459 0 0 2 0 0
1460 0 0 2 0 0
1461 0 0 2 0 0
1462 0 0 2 0 0
1463 0 0 2 0 0
1464 0 0 2 0 0
1465 0 0 2 0 0
1466 0 0 2 0 0
1467 0 0 2 0 0
1468 0 0 2 0 0
1469 0 0 2 0 0
1470 0 0 2 0 0
1471 0 0 2 0 0
1472 0 0 2 0 0
1473 0 0 2 0 0
1474 0 0 2 0 0
1475 0 0 2 0 0
1476 0 0 2 0 0
1477 0 0 2 0 0
1478 0 0 2 0 0
1479 0 0 2 0 0
1480 0 0 2 0 0
1481 0 0 2 0 0
1482 0 0 2 0 0
1483 0 0 2 0 0
1484 0 0 2 0 0
1485 0 0 2 0 0
1486 0 0 2 0 0
1487 0 0 2 0 0
1488 0 0 2 0 0
1489 0 0 2 0 0
1490 0 0 2 0 1
1491 0 0 2 0 1
1492 0 0 2 0 1
1493 0 0 2 0 1
1494 0 0 2 0 1
1495 0 0 2 0 1
1496 0 0 2 0 1
1497 0 0 2 0 1
1498 0 0 2 0 1
1499 0 0 2 0 1
1500 0 0 2 0 1
1501 0 0 2 0 1
1502 0 0 2 0 1
1503 0 0 2 0 1
1504 0 0 2 0 1
1505 0 0 2 0 1
1506 0 0 2 0 1
1507 0 0 2 0 1
1508 0 0 2 0 1
1509 0 0 2 0 1
1510 0 0 2 0 1
1511 0 0 2 0 1
1512 0 0 2 0 1
1513 0 0 2 0 1
1514 0 0 2 0 1
1515 0 0 2 0 1
1516 0 0 2 0 1
1517 0 0 2 0 1
1518 0 0 2 0 1
1519 0 0 2 0 1
1520 0 0 2 0 1
1521 0 0 2 0 1
1522 0 0 2 0 1
1523 0 0 2 0 1
1524 0 0 2 0 1
1525 0 0 2 0 1
1526 0 0 2 0 1
1527 0 0 2 0 1
1528 0 0 2 0 1
1529 0 0 2 0 1
1530 0 0 2 0 2
1531 0 0 2 0 2
1532 0 0 2 0 2
1533 0 0 2 0 2
1534 0 0 2 0 2
1535 0 0 2 0 2
1536 0 0 2 0 2
1537 0 0 2 0 2
1538 0 0 2 0 2
1539 0 0 2 0 2
1540 0 0 2 0 2
1541 0 0 2 0 2
1542 0 0 2 0 2
1543 0 0 2 0 2
1544 0 0 2 0 2
1545 0 0 2 0 2
1546 0 0 2 0 2
1547 0 0 2 0 2
1548 0 0 2 0 2
1549 0 0 2 0 2
1550 0 0 2 0 2
1551 0 0 2 0 2
1552 0 0 2 0 2
1553 0 0 2 0 2
1554 0 0 2 0 2
1555 0 0 2 0 2
1556 0 0 2 0 2
1557 0 0 2 0 2
1558 0 0 2 0 2
1559 0 0 2 0 2
1560 0 0 2 0 2
1561 0 0 2 0 2
1562 0 0 2 0 2
1563 0 0 2 0 2
1564 0 0 2 0 2
1565 0 0 2 0 2
1566 0 0 2 0 2
1567 0 0 2 0 2
1568 0 0 2 0 2
1569 0 0 2 0 2
1570 0 0 2 0 2
1571 0 0 2 0 2
1572 0 0 2 0 2
1573 0 0 2 0 2
1574 0 0 2 0 2
1575 0 0 2 0 2
1576 0 0 2 0 2
1577 0 0 2 0 2
1578 0 0 2 0 2
1579 0 0 2 0 2
1580 0 0 2 0 2
1581 0 2 2 0 2
1582 0 2 2 0 2
1583 0 2 2 0 2
1584 0 2 2 0 2
1585 0 2 2 0 2
1586 0 2 2 0 2
1587 0 2 2 0 2
1588 0 2 2 0 2
1589 0 2 2 0 2
1590 2 0 2 0 2
1591 2 0 2 0 2
1592 2 0 2 0 2
1593 2 0 2 0 2
1594 2 0 2 0 2
1595 2 0 2 0 2
1596 2 0 2 0 2
1597 2 0 2 0 2
1598 2 0 2 0 2
1599 2 0 2 0 2
1600 2 0 0 2 2
1601 2 0 0 2 2
1602 2 0 0 2 2
1603 2 0 0 2 2
1604 2 0 0 2 2
1605 2 0 0 2 2
1606 2 0 0 2 2
1607 2 0 0 2 2
1608 2 0 0 2 2
1609 2 0 0 2 2
1610 2 0 0 0 2
1611 2 0 0 0 2
1612 2 0 0 0 2
1613 2 0 0 0 2
1614 2 0 0 0 2
1615 2 0 0 0 2
1616 2 0 0 0 2
1617 2 0 0 0 2
1618 2 0 0 0 2
1619 2 0 0 0 2
1620 2 0 0 0 0
1621 2 0 0 0 0
1622 2 0 0 0 0
1623 2 0 0 0 0
1624 2 0 0 0 0
1625 2 0 0 0 0
1626 2 0 0 0 0
1627 2 0 0 0 0
1628 2 0 0 0 0
1629 2 0 0 0 0
1630 2 0 0 0 0
1631 2 0 0 0 0
1632 2 0 0 0 0
1633 2 0 0 0 0
1634 2 0 0 0 0
1635 2 0 0 0 0
1636 2 0 0 0 0
1637 2 0 0 0 0
1638 2 0 0 0 0
1639 2 0 0 0 0
1640 2 0 0 0 0
1641 2 0 0 0 0
1642 2 0 0 0 0
1643 2 0 0 0 0
1644 2 0 0 0 0
1645 2 0 0 0 0
1646 2 0 0 0 0
1647 2 0 0 0 0
1648 2 0 0 0 0
1649 2 0 0 0 0
1650 2 0 0 0 0
1651 2 0 0 0 0
1652 2 0 0 0 0
1653 2 0 0 0 0
1654 2 0 0 0 0
1655 2 0 0 0 0
1656 2 0 0 0 0
1657 2 0 0 0 0
1658 2 0 0 0 0
1659 2 0 0 0 0
1660 2 0 0 0 0
1661 2 0 0 0 0
1662 2 0 0 0 0
1663 2 0 0 0 0
1664 2 0 0 0 0
1665 2 0 0 0 0
1666 2 0 0 0 0
1667 2 0 0 0 0
1668 2 0 0 0 0
1669 2 0 0 0 0
1670 2 0 0 0 0
1671 2 0 0 0 0
1672 2 0 0 0 0
1673 2 0 0 0 0
1674 2 0 0 0 0
1675 2 0 0 0 0
1676 2 0 0 0 0
1677 2 0 0 0 0
1678 2 0 0 0 0
1679 2 0 0 0 0
1680 2 0 2 0 0
1681 2 0 2 0 0
1682 2 0 2 0 0
1683 2 0 2 0 0
1684 2 0 2 0 0
1685 2 0 2 0 0
1686 2 0 2 0 0
1687 2 0 2 0 0
1688 2 0 2 0 0
1689 2 0 2 0 0
1690 0 0 2 0 0
1691 0 0 2 0 0
1692 0 0 2 0 0
1693 0 0 2 0 0
1694 0 0 2 0 0
1695 0 0 2 0 0
1696 0 0 2 0 0
1697 0 0 2 0 0
1698 0 0 2 0 0
1699 0 0 2 0 0
1700 0 0 2 0 0
1701 0 0 2 0 0
1702 0 0 2 0 0
1703 0 0 2 0 0
1704 0 0 2 0 0
1705 0 0 2 0 0
1706 0 0 2 0 0
1707 0 0 2 0 0
1708 0 0 2 0 0
1709 0 0 2 0 0
1710 0 0 2 0 0
1711 0 0 2 0 0
1712 0 0 2 0 0
1713 0 0 2 0 0
1714 0 0 2 0 0
1715 0 0 2 0 0
1716 0 0 2 0 0
1717 0 0 2 0 0
1718 0 0 2 0 0
1719 0 0 2 0 0
1720 0 0 2 0 0
1721 0 0 2 0 0
1722 0 0 2 0 0
1723 0 0 2 0 0
1724 0 0 2 0 0
1725 0 0 2 0 0
1726 0 0 2 0 0
1727 0 0 2 0 0
1728 0 0 2 0 0
1729 0 0 2 0 0
1730 0 0 2 0 0
1731 0 0 2 0 0
1732 0 0 2 0 0
1733 0 0 2 0 0
1734 0 0 2 0 0
1735 0 0 2 0 0
1736 0 0 2 0 0
1737 0 0 2 0 0
1738 0 0 2 0 0
1739 0 0 2 0 0
1740 0 5 2 0 0
1741 0 5 2 0 0
1742 0 5 2 0 0
1743 0 5 2 0 0
1744 0 5 2 0 0
1745 0 5 2 0 0
1746 0 5 2 0 0
1747 0 5 2 0 0
1748 0 5 2 0 0
1749 0 5 2 0 0
1750 0 0 2 0 0
1751 0 0 2 0 0
1752 0 0 2 0 0
1753 0 0 2 0 0
1754 0 0 2 0 0
1755 0 0 2 0 0
1756 0 0 2 0 0
1757 0 0 2 0 0
1758 0 0 2 0 0
1759 0 0 2 0 0
1760 5 0 2 0 0
1761 5 0 2 0 0
1762 5 0 2 0 0
1763 5 0 2 0 0
1764 5 0 2 0 0
1765 5 0 2 0 0
1766 5 0 2 0 0
1767 5 0 2 0 0
1768 5 0 2 0 0
1769 5 0 2 0 0
1770 5 0 2 0 0
1771 5 0 2 0 0
1772 5 0 2 0 0
1773 5 0 2 0 0
1774 5 0 2 0 0
1775 5 0 2 0 0
1776 5 0 2 0 0
1777 5 0 2 0 0
1778 5 0 2 0 0
1779 5 0 2 0 0
1780 5 0 2 0 0
1781 5 0 2 0 0
1782 5 0 2 0 0
1783 5 0 2 0 0
1784 5 0 2 0 0
1785 5 0 2 0 0
1786 5 0 2 0 0
1787 5 0 2 0 0
1788 5 0 2 0 0
1789 5 0 2 0 0
1790 5 0 2 0 0
1791 5 0 2 0 0
1792 5 0 2 0 0
1793 5 0 2 0 0
1794 5 0 2 0 0
1795 5 0 2 0 0
1796 5 0 2 0 0
1797 5 0 2 0 0
1798 5 0 2 0 0
1799 5 0 2 0 0
1800 5 0 2 0 0
1801 5 0 2 0 0
1802 5 0 2 0 0
1803 5 0 2 0 0
1804 5 0 2 0 0
1805 5 0 2 0 0
1806 5 0 2 0 0
1807 5 0 2 0 0
1808 5 0 2 0 0
1809 5 0 2 0 0
1810 5 0 2 0 0
1811 5 0 2 0 0
1812 5 0 2 0 0
1813 5 0 2 0 0
1814 5 0 2 0 0
1815 5 0 2 0 0
1816 5 0 2 0 0
1817 5 0 2 0 0
1818 5 0 2 0 0
1819 5 0 2 0 0
1820 5 0 2 0 0
1821 5 0 2 0 0
1822 5 0 2 0 0
1823 5 0 2 0 0
1824 5 0 2 0 0
1825 5 0 2 0 0
1826 5 0 2 0 0
1827 5 0 2 0 0
1828 5 0 2 0 0
1829 5 0 2 0 0
1830 5 0 2 0 0
1831 5 0 2 0 0
1832 5 0 2 0 0
1833 5 0 2 0 0
1834 5 0 2 0 0
1835 5 0 2 0 0
1836 5 0 2 0 0
1837 5 0 2 0 0
1838 5 0 2 0 0
1839 5 0 2 0 0
1840 5 0 2 0 0
1841 5 0 2 0 0
1842 5 0 2 0 0
1843 5 0 2 0 0
1844 5 0 2 0 0
1845 5 0 2 0 0
1846 5 0 2 0 0
1847 5 0 2 0 0
1848 5 0 2 0 0
1849 5 0 2 0 0
1850 5 0 2 0 0
1851 5 0 2 0 0
1852 5 0 2 0 0
1853 5 0 2 0 0
1854 5 0 2 0 0
1855 5 0 2 0 0
1856 5 0 2 0 0
1857 5 0 2 0 0
1858 5 0 2 0 0
1859 5 0 2 0 0
1860 5 0 2 0 0
1861 5 0 2 0 0
1862 5 0 2 0 0
1863 5 0 2 0 0
1864 5 0 2 0 0
1865 5 0 2 0 0
1866 5 0 2 0 0
1867 5 0 2 0 0
1868 5 0 2 0 0
1869 5 0 2 0 0
1870 5 0 2 0 0
1871 5 0 2 0 0
1872 5 0 2 0 0
1873 5 0 2 0 0
1874 5 0 2 0 0
1875 5 0 2 0 0
1876 5 0 2 0 0
1877 5 0 2 0 0
1878 5 0 2 0 0
1879 5 0 2 0 0
1880 5 0 2 0 0
1881 5 0 2 0 0
1882 5 0 2 0 0
1883 5 0 2 0 0
1884 5 0 2 0 0
1885 5 0 2 0 0
1886 5 0 2 0 0
1887 5 0 2 0 0
1888 5 0 2 0 0
1889 5 0 2 0 0
1890 5 0 2 0 0
1891 5 0 2 0 0
1892 5 0 2 0 0
1893 5 0 2 0 0
1894 5 0 2 0 0
1895 5 0 2 0 0
1896 5 0 2 0 0
1897 5 0 2 0 0
1898 5 0 2 0 0
1899 5 0 2 0 0
1900 5 0 2 0 0
1901 5 0 2 0 0
1902 5 0 2 0 0
1903 5 0 2 0 0
1904 5 0 2 0 0
1905 5 0 2 0 0
1906 5 0 2 0 0
1907 5 0 2 0 0
1908 5 0 2 0 0
1909 5 0 2 0 0
1910 5 0 2 0 0
1911 5 0 2 0 0
1912 5 0 2 0 0
1913 5 0 2 0 0
1914 5 0 2 0 0
1915 5 0 2 0 0
1916 5 0 2 0 0
1917 5 0 2 0 0
1918 5 0 2 0 0
1919 5 0 2 0 0
1920 5 0 2 0 0
1921 5 0 2 0 0
1922 5 0 2 0 0
1923 5 0 2 0 0
1924 5 0 2 0 0
1925 5 0 2 0 0
1926 5 0 2 0 0
1927 5 0 2 0 0
1928 5 0 2 0 0
1929 5 0 2 0 0
1930 5 0 2 0 1
1931 5 0 2 0 1
1932 5 0 2 0 1
1933 5 0 2 0 1
1934 5 0 2 0 1
1935 5 0 2 0 1
1936 5 0 2 0 1
1937 5 0 2 0 1
1938 5 0 2 0 1
1939 5 0 2 0 1
1940 5 0 2 0 1
1941 5 0 2 0 1
1942 5 0 2 0 1
1943 5 0 2 0 1
1944 5 0 2 0 1
1945 5 0 2 0 1
1946 5 0 2 0 1
1947 5 0 2 0 1
1948 5 0 2 0 1
1949 5 0 2 0 1
1950 5 0 2 0 1
1951 5 0 2 0 1
1952 5 0 2 0 1
1953 5 0 2 0 1
1954 5 0 2 0 1
1955 5 0 2 0 1
1956 5 0 2 0 1
1957 5 0 2 0 1
1958 5 0 2 0 1
1959 5 0 2 0 1
1960 5 0 2 0 1
1961 5 0 2 0 1
1962 5 0 2 0 1
1963 5 0 2 0 1
1964 5 0 2 0 1
1965 5 0 2 0 1
1966 5 0 2 0 1
1967 5 0 2 0 1
1968 5 0 2 0 1
1969 5 0 2 0 1
1970 5 0 2 0 1
1971 5 0 2 0 1
1972 5 0 2 0 1
1973 5 0 2 0 1
1974 5 0 2 0 1
1975 5 0 2 0 1
1976 5 0 2 0 1
1977 5 0 2 0 1
1978 5 0 2 0 1
1979 5 0 2 0 1
1980 5 0 2 0 1
1981 5 0 2 0 1
1982 5 0 2 0 1
1983 5 0 2 0 1
1984 5 0 2 0 1
1985 5 0 2 0 1
1986 5 0 2 0 1
1987 5 0 2 0 1
1988 5 0 2 0 1
1989 5 0 2 0 1
1990 5 0 2 0 1
1991 5 0 2 0 1
1992 5 0 2 0 1
1993 5 0 2 0 1
1994 5 0 2 0 1
1995 5 0 2 0 1
1996 5 0 2 0 1
1997 5 0 2 0 1
1998 5 0 2 0 1
1999 5 0 2 0 1
2000 5 0 2 0 2
2001 5 0 2 0 2
2002 5 0 2 0 2
2003 5 0 2 0 2
2004 5 0 2 0 2
2005 5 0 2 0 2
2006 5 0 2 0 2
2007 5 0 2 0 2
2008 5 0 2 0 2
2009 5 0 2 0 2
2010 5 0 2 0 2
2011 5 0 2 0 2
2012 5 0 2 0 2
2013 5 0 2 0 2
2014 5 0 2 0 2
2015 5 0 2 0 2
2016 5 0 2 0 2
2017 5 0 2 0 2
2018 5 0 2 0 2
2019 5 0 2 0 2
2020 0 0 2 0 2
2021 0 0 2 0 2
2022 0 0 2 0 2
2023 0 0 2 0 2
2024 0 0 2 0 2
2025 0 0 2 0 2
2026 0 0 2 0 2
2027 0 0 2 0 2
2028 0 0 2 0 2
2029 0 0 2 0 2
2030 0 0 2 0 2
2031 0 0 2 0 2
2032 0 0 2 0 2
2033 0 0 2 0 2
2034 0 0 2 0 2
2035 0 0 2 0 2
2036 0 0 2 0 2
2037 0 0 2 0 2
2038 0 0 2 0 2
2039 0 0 2 0 2
2040 0 0 2 0 2
2041 0 0 2 0 2
2042 0 0 2 0 2
2043 0 0 2 0 2
2044 0 0 2 0 2
2045 0 0 2 0 2
2046 0 0 2 0 2
2047 0 0 2 0 2
2048 0 0 2 0 2
2049 0 0 2 0 2
2050 0 0 2 0 2
2051 0 0 2 0 2
2052 0 0 2 0 2
2053 0 0 2 0 2
2054 0 0 2 0 2
2055 0 0 2 0 2
2056 0 0 2 0 2
2057 0 0 2 0 2
2058 0 0 2 0 2
2059 0 0 2 0 2
2060 0 0 2 0 2
2061 0 0 2 0 2
2062 0 0 2 0 2
2063 0 0 2 0 2
2064 0 0 2 0 2
2065 0 0 2 0 2
2066 0 0 2 0 2
2067 0 0 2 0 2
2068 0 0 2 0 2
2069 0 0 2 0 2
2070 0 0 2 0 2
2071 0 0 2 0 2
2072 0 0 2 0 2
2073 0 0 2 0 2
2074 0 0 2 0 2
2075 0 0 2 0 2
2076 0 0 2 0 2
2077 0 0 2 0 2
2078 0 0 2 0 2
2079 0 0 2 0 2
2080 0 0 2 0 2
2081 0 0 2 0 2
2082 0 0 2 0 2
2083 0 0 2 0 2
2084 0 0 2 0 2
2085 0 0 2 0 2
2086 0 0 2 0 2
2087 0 0 2 0 2
2088 0 0 2 0 2
2089 0 0 2 0 2
2090 0 0 2 0 2
2091 0 0 2 0 2
2092 0 0 2 0 2
2093 0 0 2 0 2
2094 0 0 2 0 2
2095 0 0 2 0 2
2096 0 0 2 0 2
2097 0 0 2 0 2
2098 0 0 2 0 2
2099 0 0 2 0 2
2100 0 0 2 0 2
2101 0 0 2 0 2
2102 0 0 2 0 2
2103 0 0 2 0 2
2104 0 0 2 0 2
2105 0 0 2 0 2
2106 0 0 2 0 2
2107 0 0 2 0 2
2108 0 0 2 0 2
2109 0 0 2 0 2
2110 2 0 2 0 2
2111 2 0 2 0 2
2112 2 0 2 0 2
2113 2 0 2 0 2
2114 2 0 2 0 2
2115 2 0 2 0 2
2116 2 0 2 0 2
2117 2 0 2 0 2
2118 2 0 2 0 2
2119 2 0 2 0 2
2120 2 0 2 0 2
2121 2 0 2 0 2
2122 2 0 2 0 2
2123 2 0 2 0 2
2124 2 0 2 0 2
2125 2 0 2 0 2
2126 2 0 2 0 2
2127 2 0 2 0 2
2128 2 0 2 0 2
2129 2 0 2 0 2
2130 2 0 2 0 2
2131 2 0 2 0 2
2132 2 0 2 0 2
2133 2 0 2 0 2
2134 2 0 2 0 2
2135 2 0 2 0 2
2136 2 0 2 0 2
2137 2 0 2 0 2
2138 2 0 2 0 2
2139 2 0 2 0 2
2140 2 0 0 2 2
2141 2 0 0 2 2
2142 2 0 0 2 2
2143 2 0 0 2 2
2144 2 0 0 2 2
2145 2 0 0 2 2
2146 2 0 0 2 2
2147 2 0 0 2 2
2148 2 0 0 2 2
2149 2 0 0 2 2
2150 2 0 0 2 2
2151 2 0 0 2 2
2152 2 0 0 2 2
2153 2 0 0 2 2
2154 2 0 0 2 2
2155 2 0 0 2 2
2156 2 0 0 2 2
2157 2 0 0 2 2
2158 2 0 0 2 2
2159 2 0 0 0 2
2160 2 0 0 0 2
2161 2 0 0 0 2
2162 2 0 0 0 2
2163 2 0 0 0 2
2164 2 0 0 0 2
2165 2 0 0 0 2
2166 2 0 0 0 2
2167 2 0 0 0 2
2168 2 0 0 0 2
2169 2 0 0 0 2
2170 2 0 0 0 2
2171 2 0 0 0 2
2172 2 0 0 0 2
2173 2 0 0 0 2
2174 2 0 0 0 2
2175 2 0 0 0 2
2176 2 0 0 0 2
2177 2 0 0 0 2
2178 2 0 0 0 2
2179 2 0 0 0 2
2180 2 0 0 0 2
2181 2 0 0 0 2
2182 2 0 0 0 2
2183 2 0 0 0 2
2184 2 0 0 0 2
2185 2 0 0 0 2
2186 2 0 0 0 2
2187 2 0 0 0 2
2188 2 0 0 0 2
2189 2 0 0 0 2
2190 2 0 0 0 2
2191 2 0 0 0 2
2192 2 0 0 0 2
2193 2 0 0 0 2
2194 2 0 0 0 2
2195 2 0 0 0 2
2196 2 0 0 0 2
2197 2 0 0 0 2
2198 2 0 0 0 2
2199 2 0 0 0 2
2200 2 0 0 0 2
2201 2 0 0 0 2
2202 2 0 0 0 2
2203 2 0 0 0 2
2204 2 0 0 0 2
2205 2 0 0 0 2
2206 2 0 0 0 2
2207 2 0 0 0 2
2208 2 0 0 0 2
2209 2 0 0 0 2
2210 2 0 0 0 2
2211 2 0 0 0 2
2212 2 0 0 0 2
2213 2 0 0 0 2
2214 2 0 0 0 2
2215 2 0 0 0 2
2216 2 0 0 0 2
2217 2 0 0 0 2
2218 2 0 0 0 2
2219 2 0 0 0 2
2220 2 0 0 0 2
2221 2 0 0 0 2
2222 2 0 0 0 2
2223 2 0 0 0 2
2224 2 0 0 0 2
2225 2 0 0 0 2
2226 2 0 0 0 2
2227 2 0 0 0 2
2228 2 0 0 0 2
2229 2 0 0 0 2
2230 2 0 0 0 2
2231 2 0 0 0 2
2232 2 0 0 0 2
2233 2 0 0 0 2
2234 2 0 0 0 2
2235 2 0 0 0 2
2236 2 0 0 0 2
2237 2 0 0 0 2
2238 2 0 0 0 2
2239 2 0 0 0 2
2240 2 0 0 0 2
2241 2 0 0 0 2
2242 2 0 0 0 2
2243 2 0 0 0 2
2244 2 0 0 0 2
2245 2 0 0 0 2
2246 2 0 0 0 2
2247 2 0 0 0 2
2248 2 0 0 0 2
2249 2 0 0 0 2
2250 2 0 0 0 2
2251 2 0 0 0 2
2252 2 0 0 0 2
2253 2 0 0 0 2
2254 2 0 0 0 2
2255 2 0 0 0 2
2256 2 0 0 0 2
2257 2 0 0 0 2
2258 2 0 0 0 2
2259 2 0 0 0 2
2260 2 0 0 0 2
2261 2 0 0 0 2
2262 2 0 0 0 2
2263 2 0 0 0 2
2264 2 0 0 0 2
2265 2 0 0 0 2
2266 2 0 0 0 2
2267 2 0 0 0 2
2268 2 0 0 0 2
2269 2 0 0 0 2
2270 2 0 0 0 2
2271 2 0 0 0 2
2272 2 0 0 0 2
2273 2 0 0 0 2
2274 2 0 0 0 2
2275 2 0 0 0 2
2276 2 0 0 0 2
2277 2 0 0 0 2
2278 2 0 0 0 2
2279 2 0 0 0 2
2280 2 0 0 0 2
2281 2 0 0 0 2
2282 2 0 0 0 2
2283 2 0 0 0 2
2284 2 0 0 0 2
2285 2 0 0 0 2
2286 2 0 0 0 2
2287 2 0 0 0 2
2288 2 0 0 0 2
2289 2 0 0 0 2
2290 2 0 0 0 2
2291 2 0 0 0 2
2292 2 0 0 0 2
2293 2 0 0 0 2
2294 2 0 0 0 2
2295 2 0 0 0 2
2296 2 0 0 0 2
2297 2 0 0 0 2
2298 2 0 0 0 2
2299 2 0 0 0 2
2300 2 0 0 0 2
2301 2 0 0 0 2
2302 2 0 0 0 2
2303 2 0 0 0 2
2304 2 0 0 0 2
2305 2 0 0 0 2
2306 2 0 0 0 2
2307 2 0 0 0 2
2308 2 0 0 0 2
2309 2 0 0 0 2
2310 2 0 0 0 2
2311 2 0 0 0 2
2312 2 0 0 0 2
2313 2 0 0 0 2
2314 2 0 0 0 2
2315 2 0 0 0 2
2316 2 0 0 0 2
2317 2 0 0 0 2
2318 2 0 0 0 2
2319 2 0 0 0 2
2320 2 0 0 0 2
2321 2 0 0 0 2
2322 2 0 0 0 2
2323 2 0 0 0 2
2324 2 0 0 0 2
2325 2 0 0 0 2
2326 2 0 0 0 2
2327 2 0 0 0 2
2328 2 0 0 0 2
2329 2 0 0 0 2
2330 2 0 0 0 2
2331 2 0 0 0 2
2332 2 0 0 0 2
2333 2 0 0 0 2
2334 2 0 0 0 2
2335 2 0 0 0 2
2336 2 0 0 0 2
2337 2 0 0 0 2
2338 2 0 0 0 2
2339 2 0 0 0 2
2340 2 0 0 0 2
2341 2 0 0 0 2
2342 2 0 0 0 2
2343 2 0 0 0 2
2344 2 0 0 0 2
2345 2 0 0 0 2
2346 2 0 0 0 2
2347 2 0 0 0 2
2348 2 0 0 0 2
2349 2 0 0 0 2
2350 2 0 0 0 2
2351 2 0 0 0 2
2352 2 0 0 0 2
2353 2 0 0 0 2
2354 2 0 0 0 2
2355 2 0 0 0 2
2356 2 0 0 0 2
2357 2 0 0 0 2
2358 2 0 0 0 2
2359 2 0 0 0 2
2360 2 0 0 0 2
2361 2 0 0 0 2
2362 2 0 0 0 2
2363 2 0 0 0 2
2364 2 0 0 0 2
2365 2 0 0 0 2
2366 2 0 0 0 2
2367 2 0 0 0 2
2368 2 0 0 0 2
2369 2 0 0 0 2
2370 2 0 0 0 2
2371 2 0 0 0 2
2372 2 0 0 0 2
2373 2 0 0 0 2
2374 2 0 0 0 2
2375 2 0 0 0 2
2376 2 0 0 0 2
2377 2 0 0 0 2
2378 2 0 0 0 2
2379 2 0 0 0 2
2380 2 0 0 0 2
2381 2 0 0 0 2
2382 2 0 0 0 2
2383 2 0 0 0 2
2384 2 0 0 0 2
2385 2 0 0 0 2
2386 2 0 0 0 2
2387 2 0 0 0 2
2388 2 0 0 0 2
2389 2 0 0 0 2
2390 2 0 0 0 2
2391 2 0 0 0 2
2392 2 0 0 0 2
2393 2 0 0 0 2
2394 2 0 0 0 2
2395 2 0 0 0 2
2396 2 0 0 0 2
2397 2 0 0 0 2
2398 2 0 0 0 2
2399 2 0 0 0 2
2400 2 0 0 0 2
2401 2 0 0 0 2
2402 2 0 0 0 2
2403 2 0 0 0 2
2404 2 0 0 0 2
2405 2 0 0 0 2
2406 2 0 0 0 2
2407 2 0 0 0 2
2408 2 0 0 0 2
2409 2 0 0 0 2
2410 2 0 0 0 2
2411 2 0 0 0 2
2412 2 0 0 0 2
2413 2 0 0 0 2
2414 2 0 0 0 2
2415 2 0 0 0 2
2416 2 0 0 0 2
2417 2 0 0 0 2
2418 2 0 0 0 2
2419 2 0 0 0 2
2420 2 0 5 0 2
2421 2 0 5 0 2
2422 2 0 5 0 2
2423 2 0 5 0 2
2424 2 0 5 0 2
2425 2 0 5 0 2
2426 2 0 5 0 2
2427 2 0 5 0 2
2428 2 0 5 0 2
2429 2 0 5 0 2
2430 2 0 5 0 2
2431 2 0 5 0 2
2432 2 0 5 0 2
2433 2 0 5 0 2
2434 2 0 5 0 2
2435 2 0 5 0 2
2436 2 0 5 0 2
2437 2 0 5 0 2
2438 2 0 5 0 2
2439 2 0 5 0 2
2440 2 0 5 0 2
2441 2 0 5 0 2
2442 2 0 5 0 2
2443 2 0 5 0 2
2444 2 0 5 0 2
2445 2 0 5 0 2
2446 2 0 5 0 2
2447 2 0 5 0 2
2448 2 0 5 0 2
2449 2 0 5 0 2
2450 2 0 5 0 0
2451 2 0 5 0 0
2452 2 0 5 0 0
2453 2 0 5 0 0
2454 2 0 5 0 0
2455 2 0 5 0 0
2456 2 0 5 0 0
