0 0 0 0 0 0
1 0 0 0 0 0
2 0 0 0 0 0
3 0 0 0 0 0
4 0 0 0 0 0
5 0 0 0 0 0
6 0 0 0 0 0
7 0 0 0 0 0
8 0 0 0 0 0
9 0 0 0 0 0
10 0 0 0 0 0
11 0 0 0 0 0
12 0 0 0 0 0
13 0 0 0 0 0
14 0 0 0 0 0
15 0 0 0 0 0
16 0 0 0 0 0
17 0 0 0 0 0
18 0 0 0 0 0
19 0 0 0 0 0
20 0 0 0 0 0
21 0 0 0 0 0
22 0 0 0 0 0
23 0 0 0 0 0
24 0 0 0 0 0
25 0 0 0 0 0
26 0 0 0 0 0
27 0 0 0 0 0
28 0 0 0 0 0
29 0 0 0 0 0
30 0 0 0 0 0
31 0 0 0 0 0
32 0 0 0 0 0
33 0 0 0 0 0
34 0 0 0 0 0
35 0 0 0 0 0
36 0 0 0 0 0
37 0 0 0 0 0
38 0 0 0 0 0
39 0 0 0 0 0
40 0 0 0 0 0
41 0 0 0 0 0
42 0 0 0 0 0
43 0 0 0 0 0
44 0 0 0 0 0
45 0 0 0 0 0
46 0 0 0 0 0
47 0 0 0 0 0
48 0 0 0 0 0
49 0 0 0 0 0
50 0 0 0 0 0
51 0 0 0 0 0
52 0 0 0 0 0
53 0 0 0 0 0
54 0 0 0 0 0
55 0 0 0 0 0
56 0 0 0 0 0
57 0 0 0 0 0
58 0 0 0 0 0
59 0 0 0 0 0
60 0 0 0 0 0
61 0 0 0 0 0
62 0 0 0 0 0
63 0 0 0 0 0
64 0 0 0 0 0
65 0 0 0 0 0
66 0 0 0 0 0
67 0 0 0 0 0
68 0 0 0 0 0
69 0 0 0 0 0
70 0 0 0 0 0
71 0 0 0 0 0
72 0 0 0 0 0
73 0 0 0 0 0
74 0 0 0 0 0
75 0 0 0 0 0
76 0 0 0 0 0
77 0 0 0 0 0
78 0 0 0 0 0
79 0 0 0 0 0
80 0 0 0 0 0
81 0 0 0 0 0
82 0 0 0 0 0
83 0 0 0 0 0
84 0 0 0 0 0
85 0 0 0 0 0
86 0 0 0 0 0
87 0 0 0 0 0
88 0 0 0 0 0
89 0 0 0 0 0
90 0 0 0 0 0
91 0 0 0 0 0
92 0 0 0 0 0
93 0 0 0 0 0
94 0 0 0 0 0
95 0 0 0 0 0
96 0 0 0 0 0
97 0 0 0 0 0
98 0 0 0 0 0
99 0 0 0 0 0
100 0 0 0 0 0
101 0 0 0 0 0
102 0 0 0 0 0
103 0 0 0 0 0
104 0 0 0 0 0
105 0 0 0 0 0
106 0 0 0 0 0
107 0 0 0 0 0
108 0 0 0 0 0
109 0 0 0 0 0
110 0 0 0 2 0
111 0 0 0 2 0
112 0 0 0 2 0
113 0 0 0 2 0
114 0 0 0 2 0
115 0 0 0 2 0
116 0 0 0 2 0
117 0 0 0 2 0
118 0 0 0 2 0
119 0 0 0 2 0
120 0 0 0 2 0
121 0 0 0 2 0
122 0 0 0 2 0
123 0 0 0 2 0
124 0 0 0 2 0
125 0 0 0 2 0
126 0 0 0 2 0
127 0 0 0 2 0
128 0 0 0 2 0
129 0 0 0 2 0
130 0 0 0 2 0
131 0 0 0 2 0
132 0 0 0 2 0
133 0 0 0 2 0
134 0 0 0 2 0
135 0 0 0 2 0
136 0 0 0 2 0
137 0 0 0 2 0
138 0 0 0 2 0
139 0 0 0 2 0
140 0 0 0 2 0
141 0 0 0 2 0
142 0 0 0 2 0
143 0 0 0 2 0
144 0 0 0 2 0
145 0 0 0 2 0
146 0 0 0 2 0
147 0 0 0 2 0
148 0 0 0 2 0
149 0 0 0 2 0
150 0 0 0 2 0
151 0 0 0 2 0
152 0 0 0 2 0
153 0 0 0 2 0
154 0 0 0 2 0
155 0 0 0 2 0
156 0 0 0 2 0
157 0 0 0 2 0
158 0 0 0 2 0
159 0 0 0 2 0
160 0 0 0 2 0
161 0 0 0 2 0
162 0 0 0 0 0
163 0 0 0 0 0
164 0 0 0 0 0
165 0 0 0 0 0
166 0 0 0 0 0
167 0 0 0 0 0
168 0 0 0 0 0
169 0 0 0 0 0
170 0 0 2 0 0
171 0 0 2 0 0
172 0 0 2 0 0
173 0 0 2 0 0
174 0 0 2 0 0
175 0 0 2 0 0
176 0 0 2 0 0
177 0 0 2 0 0
178 0 0 2 0 0
179 0 0 2 0 0
180 0 0 2 0 0
181 0 0 2 0 0
182 0 0 2 0 0
183 0 0 2 0 0
184 0 0 2 0 0
185 0 0 2 0 0
186 0 0 2 0 0
187 0 0 2 0 0
188 0 0 2 0 0
189 0 0 2 0 0
190 0 0 2 0 0
191 0 0 2 0 0
192 0 0 2 0 0
193 0 0 2 0 0
194 0 0 2 0 0
195 0 0 2 0 0
196 0 0 2 0 0
197 0 0 2 0 0
198 0 0 2 0 0
199 0 0 2 0 0
200 0 0 2 0 0
201 0 0 2 0 0
202 0 0 2 0 0
203 0 0 2 0 0
204 0 0 2 0 0
205 0 0 2 0 0
206 0 0 2 0 0
207 0 0 2 0 0
208 0 0 2 0 0
209 0 0 2 0 0
210 0 0 2 0 0
211 0 0 2 0 0
212 0 0 2 0 0
213 0 0 2 0 0
214 0 0 2 0 0
215 0 0 2 0 0
216 0 0 2 0 0
217 0 0 2 0 0
218 0 0 2 0 0
219 0 0 2 0 0
220 0 0 2 0 0
221 0 0 2 0 0
222 0 0 2 0 0
223 0 0 2 0 0
224 0 0 2 0 0
225 0 0 2 0 0
226 0 0 2 0 0
227 0 0 2 0 0
228 0 0 2 0 0
229 0 0 2 0 0
230 0 0 2 0 0
231 0 0 2 0 0
232 0 0 2 0 0
233 0 0 2 0 0
234 0 0 2 0 0
235 0 0 2 0 0
236 0 0 2 0 0
237 0 0 2 0 0
238 0 0 2 0 0
239 0 0 2 0 0
240 0 0 2 0 0
241 0 0 2 0 0
242 0 0 2 0 0
243 0 0 2 0 0
244 0 0 2 0 0
245 0 0 2 0 0
246 0 0 2 0 0
247 0 0 2 0 0
248 0 0 2 0 0
249 0 0 2 0 0
250 0 0 2 0 0
251 0 0 2 0 0
252 0 0 2 0 0
253 0 0 2 0 0
254 0 0 2 0 0
255 0 0 2 0 0
256 0 0 2 0 0
257 0 0 2 0 0
258 0 0 2 0 0
259 0 0 2 0 0
260 0 0 2 0 0
261 0 0 2 0 0
262 0 0 2 0 0
263 0 0 2 0 0
264 0 0 2 0 0
265 0 0 2 0 0
266 0 0 2 0 0
267 0 0 2 0 0
268 0 0 2 0 0
269 0 0 2 0 0
270 0 0 2 0 0
271 0 0 2 0 0
272 0 0 2 0 0
273 0 0 2 0 0
274 0 0 2 0 0
275 0 0 2 0 0
276 0 0 2 0 0
277 0 0 2 0 0
278 0 0 2 0 0
279 0 0 2 0 0
280 0 0 2 0 0
281 0 0 2 0 0
282 0 0 2 0 0
283 0 0 2 0 0
284 0 0 2 0 0
285 0 0 2 0 0
286 0 0 2 0 0
287 0 0 2 0 0
288 0 0 2 0 0
289 0 0 2 0 0
290 0 0 2 0 0
291 0 0 2 0 0
292 0 0 2 0 0
293 0 0 2 0 0
294 0 0 2 0 0
295 0 0 2 0 0
296 0 0 2 0 0
297 0 0 2 0 0
298 0 0 2 0 0
299 0 0 2 0 0
300 0 0 2 0 0
301 0 0 2 0 0
302 0 0 2 0 0
303 0 0 2 0 0
304 0 0 2 0 0
305 0 0 2 0 0
306 0 0 2 0 0
307 0 0 2 0 0
308 0 0 2 0 0
309 0 0 2 0 0
310 0 0 2 0 0
311 0 0 2 0 0
312 0 0 2 0 0
313 0 0 2 0 0
314 0 0 2 0 0
315 0 0 2 0 0
316 0 0 2 0 0
317 0 0 2 0 0
318 0 0 2 0 0
319 0 0 2 0 0
320 0 0 2 0 0
321 0 0 2 0 0
322 0 0 2 0 0
323 0 0 2 0 0
324 0 0 2 0 0
325 0 0 2 0 0
326 0 0 2 0 0
327 0 0 2 0 0
328 0 0 2 0 0
329 0 0 2 0 0
330 2 0 2 0 0
331 2 0 2 0 0
332 2 0 2 0 0
333 2 0 2 0 0
334 2 0 2 0 0
335 2 0 2 0 0
336 2 0 2 0 0
337 2 0 2 0 0
338 2 0 2 0 0
339 2 0 2 0 0
340 2 0 0 0 0
341 2 0 0 0 0
342 2 0 0 0 0
343 2 0 0 0 0
344 2 0 0 0 0
345 2 0 0 0 0
346 2 0 0 0 0
347 2 0 0 0 0
348 2 0 0 0 0
349 2 0 0 0 0
350 2 0 0 0 0
351 2 0 0 0 0
352 2 0 0 0 0
353 2 0 0 0 0
354 2 0 0 0 0
355 2 0 0 0 0
356 2 0 0 0 0
357 2 0 0 0 0
358 2 0 0 0 0
359 2 0 0 0 0
360 2 0 0 0 0
361 2 0 0 0 0
362 2 0 0 0 0
363 2 0 0 0 0
364 2 0 0 0 0
365 2 0 0 0 0
366 2 0 0 0 0
367 2 0 0 0 0
368 2 0 0 0 0
369 2 0 0 0 0
370 2 0 0 0 0
371 2 0 0 0 0
372 2 0 0 0 0
373 2 0 0 0 0
374 2 0 0 0 0
375 2 0 0 0 0
376 2 0 0 0 0
377 2 0 0 0 0
378 2 0 0 0 0
379 2 0 0 0 0
380 2 0 0 0 0
381 2 0 0 0 0
382 2 0 0 0 0
383 2 0 0 0 0
384 2 0 0 0 0
385 2 0 0 0 0
386 2 0 0 0 0
387 2 0 0 0 0
388 2 0 0 0 0
389 2 0 0 0 0
390 2 0 0 0 0
391 2 0 0 0 0
392 2 0 0 0 0
393 2 0 0 0 0
394 2 0 0 0 0
395 2 0 0 0 0
396 2 0 0 0 0
397 2 0 0 0 0
398 2 0 0 0 0
399 2 0 0 0 0
400 2 0 0 0 0
401 2 0 0 0 0
402 2 0 0 0 0
403 2 0 0 0 0
404 2 0 0 0 0
405 2 0 0 0 0
406 2 0 0 0 0
407 2 0 0 0 0
408 2 0 0 0 0
409 2 0 0 0 0
410 2 0 2 0 0
411 2 0 2 0 0
412 2 0 2 0 0
413 2 0 2 0 0
414 2 0 2 0 0
415 2 0 2 0 0
416 2 0 2 0 0
417 2 0 2 0 0
418 2 0 2 0 0
419 2 0 2 0 0
420 2 0 2 0 0
421 2 0 2 0 0
422 2 0 2 0 0
423 2 0 2 0 0
424 2 0 2 0 0
425 2 0 2 0 0
426 2 0 2 0 0
427 2 0 2 0 0
428 2 0 2 0 0
429 2 0 2 0 0
430 0 0 2 0 0
431 0 0 2 0 0
432 0 0 2 0 0
433 0 0 2 0 0
434 0 0 2 0 0
435 0 0 2 0 0
436 0 0 2 0 0
437 0 0 2 0 0
438 0 0 2 0 0
439 0 0 2 0 0
440 0 0 2 0 0
441 0 0 2 0 0
442 0 0 2 0 0
443 0 0 2 0 0
444 0 0 2 0 0
445 0 0 2 0 0
446 0 0 2 0 0
447 0 0 2 0 0
448 0 0 2 0 0
449 0 0 2 0 0
450 0 0 2 0 0
451 0 0 2 0 0
452 0 0 2 0 0
453 0 0 2 0 0
454 0 0 2 0 0
455 0 0 2 0 0
456 0 0 2 0 0
457 0 0 2 0 0
458 0 0 2 0 0
459 0 0 2 0 0
460 0 0 2 0 0
461 0 0 2 0 0
462 0 0 2 0 0
463 0 0 2 0 0
464 0 0 2 0 0
465 0 0 2 0 0
466 0 0 2 0 0
467 0 0 2 0 0
468 0 0 2 0 0
469 0 0 2 0 0
470 0 0 2 0 0
471 0 0 2 0 0
472 0 0 2 0 0
473 0 0 2 0 0
474 0 0 2 0 0
475 0 0 2 0 0
476 0 0 2 0 0
477 0 0 2 0 0
478 0 0 2 0 0
479 0 0 2 0 0
480 0 0 2 0 0
481 0 0 2 0 0
482 0 0 2 0 0
483 0 0 2 0 0
484 0 0 2 0 0
485 0 0 2 0 0
486 0 0 2 0 0
487 0 0 2 0 0
488 0 0 2 0 0
489 0 0 2 0 0
490 0 0 2 0 0
491 0 0 2 0 0
492 0 0 2 0 0
493 0 0 2 0 0
494 0 0 2 0 0
495 0 0 2 0 0
496 0 0 2 0 0
497 0 0 2 0 0
498 0 0 2 0 0
499 0 0 2 0 0
500 0 0 2 0 0
501 0 0 2 0 0
502 0 0 2 0 0
503 0 0 2 0 0
504 0 0 2 0 0
505 0 0 2 0 0
506 0 0 2 0 0
507 0 0 2 0 0
508 0 0 2 0 0
509 0 0 2 0 0
510 0 0 2 0 0
511 0 0 2 0 0
512 0 0 2 0 0
513 0 0 2 0 0
514 0 0 2 0 0
515 0 0 2 0 0
516 0 0 2 0 0
517 0 0 2 0 0
518 0 0 2 0 0
519 0 0 2 0 0
520 0 5 2 0 0
521 0 5 2 0 0
522 0 5 2 0 0
523 0 5 2 0 0
524 0 5 2 0 0
525 0 5 2 0 0
526 0 5 2 0 0
527 0 5 2 0 0
528 0 5 2 0 0
529 0 5 2 0 0
530 0 5 2 0 0
531 0 5 2 0 0
532 0 5 2 0 0
533 0 5 2 0 0
534 0 5 2 0 0
535 0 5 2 0 0
536 0 5 2 0 0
537 0 5 2 0 0
538 0 5 2 0 0
539 0 5 2 0 0
540 0 5 2 0 0
541 0 5 2 0 0
542 0 5 2 0 0
543 0 5 2 0 0
544 0 5 2 0 0
545 0 5 2 0 0
546 0 5 2 0 0
547 0 5 2 0 0
548 0 5 2 0 0
549 0 5 2 0 0
550 0 5 2 0 0
551 0 5 2 0 0
552 0 5 2 0 0
553 0 5 2 0 0
554 0 5 2 0 0
555 0 5 2 0 0
556 0 5 2 0 0
557 0 5 2 0 0
558 0 5 2 0 0
559 0 5 2 0 2
560 0 5 2 0 1
561 0 5 2 0 1
562 0 5 2 0 1
563 0 5 2 0 1
564 0 5 2 0 1
565 0 5 2 0 1
566 0 5 2 0 1
567 0 5 2 0 1
568 0 5 2 0 1
569 0 5 2 0 1
570 0 5 2 0 1
571 0 5 2 0 1
572 0 5 2 0 1
573 0 5 2 0 1
574 0 5 2 0 1
575 0 5 2 0 1
576 0 5 2 0 1
577 0 5 2 0 1
578 0 5 2 0 1
579 0 5 2 0 1
580 0 5 2 0 1
581 0 5 2 0 1
582 0 5 2 0 1
583 0 5 2 0 1
584 0 5 2 0 1
585 0 5 2 0 1
586 0 5 2 0 1
587 0 5 2 0 1
588 0 5 2 0 1
589 0 5 2 0 1
590 0 5 2 0 1
591 0 5 2 0 1
592 0 5 2 0 1
593 0 5 2 0 1
594 0 5 2 0 1
595 0 5 2 0 1
596 0 5 2 0 1
597 0 5 2 0 1
598 0 5 2 0 1
599 0 5 2 0 1
600 0 5 2 0 1
601 0 5 2 0 1
602 0 5 2 0 1
603 0 5 2 0 1
604 0 5 2 0 1
605 0 5 2 0 1
606 0 5 2 0 1
607 0 5 2 0 1
608 0 5 2 0 1
609 0 5 2 0 1
610 0 5 2 0 1
611 0 5 2 0 1
612 0 5 2 0 1
613 0 5 2 0 1
614 0 5 2 0 1
615 0 5 2 0 1
616 0 5 2 0 1
617 0 5 2 0 1
618 0 5 2 0 1
619 0 5 2 0 1
620 0 5 2 0 1
621 0 5 2 0 1
622 0 5 2 0 1
623 0 5 2 0 1
624 0 5 2 0 1
625 0 5 2 0 1
626 0 5 2 0 1
627 0 5 2 0 1
628 0 5 2 0 1
629 0 5 2 0 1
630 0 5 2 0 2
631 0 5 2 0 2
632 0 5 2 0 2
633 0 5 2 0 2
634 0 5 2 0 2
635 0 5 2 0 2
636 0 5 2 0 2
637 0 5 2 0 2
638 0 5 2 0 2
639 0 5 2 0 2
640 0 5 2 0 2
641 0 5 2 0 2
642 0 5 2 0 2
643 0 5 2 0 2
644 0 5 2 0 2
645 0 5 2 0 2
646 0 5 2 0 2
647 0 5 2 0 2
648 0 5 2 0 2
649 0 5 2 0 2
650 0 5 2 0 2
651 0 5 2 0 2
652 0 5 2 0 2
653 0 5 2 0 2
654 0 5 2 0 2
655 0 5 2 0 2
656 0 5 2 0 2
657 0 5 2 0 2
658 0 5 2 0 2
659 0 5 2 0 2
660 0 5 2 0 2
661 0 5 2 0 2
662 0 5 2 0 2
663 0 5 2 0 2
664 0 5 2 0 2
665 0 5 2 0 2
666 0 5 2 0 2
667 0 5 2 0 2
668 0 5 2 0 2
669 0 5 2 0 2
670 0 0 2 0 2
671 0 0 2 0 2
672 0 0 2 0 2
673 0 0 2 0 2
674 0 0 2 0 2
675 0 0 2 0 2
676 0 0 2 0 2
677 0 0 2 0 2
678 0 0 2 0 2
679 0 0 2 0 2
680 0 0 2 0 2
681 0 0 2 0 2
682 0 0 2 0 2
683 0 0 2 0 2
684 0 0 2 0 2
685 0 0 2 0 2
686 0 0 2 0 2
687 0 0 2 0 2
688 0 0 2 0 2
689 0 0 2 0 2
690 0 0 2 0 2
691 0 0 2 0 2
692 0 0 2 0 2
693 0 0 2 0 2
694 0 0 2 0 2
695 0 0 2 0 2
696 0 0 2 0 2
697 0 0 2 0 2
698 0 0 2 0 2
699 0 0 2 0 2
700 0 0 2 0 2
701 0 0 2 0 2
702 0 0 2 0 2
703 0 0 2 0 2
704 0 0 2 0 2
705 0 0 2 0 2
706 0 0 2 0 2
707 0 0 2 0 2
708 0 0 2 0 2
709 0 0 2 0 2
710 0 0 2 0 2
711 0 0 2 0 2
712 0 0 2 0 2
713 0 0 2 0 2
714 0 0 2 0 2
715 0 0 2 0 2
716 0 0 2 0 2
717 0 0 2 0 2
718 0 0 2 0 2
719 0 0 2 0 2
720 0 0 2 0 2
721 0 0 2 0 2
722 0 0 2 0 2
723 0 0 2 0 2
724 0 0 2 0 2
725 0 0 2 0 2
726 0 0 2 0 2
727 0 0 2 0 2
728 0 0 2 0 2
729 0 0 2 0 2
730 0 0 2 0 2
731 0 0 2 0 2
732 0 0 2 0 2
733 0 0 2 0 2
734 0 0 2 0 2
735 0 0 2 0 2
736 0 0 2 0 2
737 0 0 2 0 2
738 0 0 2 0 2
739 0 0 2 0 2
740 0 0 2 0 2
741 0 0 2 0 2
742 0 0 2 0 2
743 0 0 2 0 2
744 0 0 2 0 2
745 0 0 2 0 2
746 0 0 2 0 2
747 0 0 2 0 2
748 0 0 2 0 2
749 0 0 2 0 2
750 2 0 2 0 2
751 2 0 2 0 2
752 2 0 2 0 2
753 2 0 2 0 2
754 2 0 2 0 2
755 2 0 2 0 2
756 2 0 2 0 2
757 2 0 2 0 2
758 2 0 2 0 2
759 2 0 2 0 2
760 2 0 2 0 2
761 2 0 2 0 2
762 2 0 2 0 2
763 2 0 2 0 2
764 2 0 2 0 2
765 2 0 2 0 2
766 2 0 2 0 2
767 2 0 2 0 2
768 2 0 2 0 2
769 2 0 2 0 2
770 2 0 0 2 2
771 2 0 0 2 2
772 2 0 0 2 2
773 2 0 0 2 2
774 2 0 0 2 2
775 2 0 0 2 2
776 2 0 0 2 2
777 2 0 0 0 2
778 2 0 0 0 2
779 2 0 0 0 2
780 2 0 0 0 2
781 2 0 0 0 2
782 2 0 0 0 2
783 2 0 0 0 2
784 2 0 0 0 2
785 2 0 0 0 2
786 2 0 0 0 2
787 2 0 0 0 2
788 2 0 0 0 2
789 2 0 0 0 2
790 2 0 0 0 2
791 2 0 0 0 2
792 2 0 0 0 2
793 2 0 0 0 2
794 2 0 0 0 2
795 2 0 0 0 2
796 2 0 0 0 2
797 2 0 0 0 2
798 2 0 0 0 2
799 2 0 0 0 2
800 2 0 0 0 2
801 2 0 0 0 2
802 2 0 0 0 2
803 2 0 0 0 2
804 2 0 0 0 2
805 2 0 0 0 2
806 2 0 0 0 2
807 2 0 0 0 2
808 2 0 0 0 2
809 2 0 0 0 2
810 2 0 0 0 2
811 2 0 0 0 2
812 2 0 0 0 2
813 2 0 0 0 2
814 2 0 0 0 2
815 2 0 0 0 2
816 2 0 0 0 2
817 2 0 0 0 2
818 2 0 0 0 2
819 2 0 0 0 2
820 2 0 0 0 0
821 2 0 0 0 0
822 2 0 0 0 0
823 2 0 0 0 0
824 2 0 0 0 0
825 2 0 0 0 0
826 2 0 0 0 0
827 2 0 0 0 0
828 2 0 0 0 0
829 2 0 0 0 0
830 2 0 0 0 0
831 2 0 0 0 0
832 2 0 0 0 0
833 2 0 0 0 0
834 2 0 0 0 0
835 2 0 0 0 0
836 2 0 0 0 0
837 2 0 0 0 0
838 2 0 0 0 0
839 2 0 0 0 0
840 2 0 0 2 0
841 2 0 0 2 0
842 2 0 0 2 0
843 2 0 0 2 0
844 2 0 0 2 0
845 2 0 0 2 0
846 2 0 0 2 0
847 2 0 0 2 0
848 2 0 0 2 0
849 2 0 0 2 0
850 2 0 0 2 0
851 2 0 0 2 0
852 2 0 0 2 0
853 2 0 0 2 0
854 2 0 0 2 0
855 2 0 0 2 0
856 2 0 0 2 0
857 2 0 0 2 0
858 2 0 0 2 0
859 2 0 0 2 0
860 2 0 0 2 0
861 2 0 0 2 0
862 2 0 0 2 0
863 2 0 0 2 0
864 2 0 0 2 0
865 2 0 0 2 0
866 2 0 0 0 0
867 2 0 0 0 0
868 2 0 0 0 0
869 2 0 0 0 0
870 2 0 0 0 0
871 2 0 0 0 0
872 2 0 0 0 0
873 2 0 0 0 0
874 2 0 0 0 0
875 2 0 0 0 0
876 2 0 0 0 0
877 2 0 0 0 0
878 2 0 0 0 0
879 2 0 0 0 0
880 2 0 2 0 0
881 2 0 2 0 0
882 2 0 2 0 0
883 2 0 2 0 0
884 2 0 2 0 0
885 2 0 2 0 0
886 2 0 2 0 0
887 2 0 2 0 0
888 2 0 2 0 0
889 2 0 2 0 0
890 2 0 2 0 0
891 2 0 2 0 0
892 2 0 2 0 0
893 2 0 2 0 0
894 2 0 2 0 0
895 2 0 2 0 0
896 2 0 2 0 0
897 2 0 2 0 0
898 2 0 2 0 0
899 2 0 2 0 0
900 0 0 2 0 0
901 0 0 2 0 0
902 0 0 2 0 0
903 0 0 2 0 0
904 0 0 2 0 0
905 0 0 2 0 0
906 0 0 2 0 0
907 0 0 2 0 0
908 0 0 2 0 0
909 0 0 2 0 0
910 0 0 2 0 0
911 0 0 2 0 0
912 0 0 2 0 0
913 0 0 2 0 0
914 0 0 2 0 0
915 0 0 2 0 0
916 0 0 2 0 0
917 0 0 2 0 0
918 0 0 2 0 0
919 0 0 2 0 0
920 0 0 2 0 0
921 0 0 2 0 0
922 0 0 2 0 0
923 0 0 2 0 0
924 0 0 2 0 0
925 0 0 2 0 0
926 0 0 2 0 0
927 0 0 2 0 0
928 0 0 2 0 0
929 0 0 2 0 0
930 0 0 2 0 0
931 0 0 2 0 0
932 0 0 2 0 0
933 0 0 2 0 0
934 0 0 2 0 0
935 0 0 2 0 0
936 0 0 2 0 0
937 0 0 2 0 0
938 0 0 2 0 0
939 0 0 2 0 0
940 0 0 2 0 0
941 0 0 2 0 0
942 0 0 2 0 0
943 0 0 2 0 0
944 0 0 2 0 0
945 0 0 2 0 0
946 0 0 2 0 0
947 0 0 2 0 0
948 0 0 2 0 0
949 0 0 2 0 0
950 0 0 2 0 0
951 0 0 2 0 0
952 0 0 2 0 0
953 0 0 2 0 0
954 0 0 2 0 0
955 0 0 2 0 0
956 0 0 2 0 0
957 0 0 2 0 0
958 0 0 2 0 0
959 0 0 2 0 0
960 0 0 2 0 0
961 0 0 2 0 0
962 0 0 2 0 0
963 0 0 2 0 0
964 0 0 2 0 0
965 0 0 2 0 0
966 0 0 2 0 0
967 0 0 2 0 0
968 0 0 2 0 0
969 0 0 2 0 0
970 0 0 2 0 0
971 0 0 2 0 0
972 0 0 2 0 0
973 0 0 2 0 0
974 0 0 2 0 0
975 0 0 2 0 0
976 0 0 2 0 0
977 0 0 2 0 0
978 0 0 2 0 0
979 0 0 2 0 0
980 0 0 2 0 0
981 0 0 2 0 0
982 0 0 2 0 0
983 0 0 2 0 0
984 0 0 2 0 0
985 0 0 2 0 0
986 0 0 2 0 0
987 0 0 2 0 0
988 0 0 2 0 0
989 0 0 2 0 0
990 0 0 2 0 0
991 0 0 2 0 0
992 0 0 2 0 0
993 0 0 2 0 0
994 0 0 2 0 0
995 0 0 2 0 0
996 0 0 2 0 0
997 0 0 2 0 0
998 0 0 2 0 0
999 0 0 2 0 0
1000 0 0 2 0 0
1001 0 0 2 0 0
1002 0 0 2 0 0
1003 0 0 2 0 0
1004 0 0 2 0 0
1005 0 0 2 0 0
1006 0 0 2 0 0
1007 0 0 2 0 0
1008 0 0 2 0 0
1009 0 0 2 0 0
1010 0 0 2 0 0
1011 0 0 2 0 0
1012 0 0 2 0 0
1013 0 0 2 0 0
1014 0 0 2 0 0
1015 0 0 2 0 0
1016 0 0 2 0 0
1017 0 0 2 0 0
1018 0 0 2 0 0
1019 0 0 2 0 0
1020 0 0 2 0 0
1021 0 0 2 0 0
1022 0 0 2 0 0
1023 0 0 2 0 0
1024 0 0 2 0 0
1025 0 0 2 0 0
1026 0 0 2 0 0
1027 0 0 2 0 0
1028 0 0 2 0 0
1029 0 0 2 0 0
1030 0 0 2 0 0
1031 0 0 2 0 0
1032 0 0 2 0 0
1033 0 0 2 0 0
1034 0 0 2 0 0
1035 0 0 2 0 0
1036 0 0 2 0 0
1037 0 0 2 0 0
1038 0 0 2 0 0
1039 0 0 2 0 0
1040 0 0 2 0 0
1041 0 0 2 0 0
1042 0 0 2 0 0
1043 0 0 2 0 0
1044 0 0 2 0 0
1045 0 0 2 0 0
1046 0 0 2 0 0
1047 0 0 2 0 0
1048 0 0 2 0 0
1049 0 0 2 0 0
1050 0 0 2 0 0
1051 0 0 2 0 0
1052 0 0 2 0 0
1053 0 0 2 0 0
1054 0 0 2 0 0
1055 0 0 2 0 0
1056 0 0 2 0 0
1057 0 0 2 0 0
1058 0 0 2 0 0
1059 0 0 2 0 0
1060 0 0 2 0 0
1061 0 0 2 0 0
1062 0 0 2 0 0
1063 0 0 2 0 0
1064 0 0 2 0 0
1065 0 0 2 0 0
1066 0 0 2 0 0
1067 0 0 2 0 0
1068 0 0 2 0 0
1069 0 0 2 0 0
1070 0 0 2 0 2
1071 0 0 2 0 2
1072 0 0 2 0 2
1073 0 0 2 0 2
1074 0 0 2 0 2
1075 0 0 2 0 2
1076 0 0 2 0 2
1077 0 0 2 0 2
1078 0 0 2 0 2
1079 0 0 2 0 2
1080 0 0 2 0 2
1081 0 0 2 0 2
1082 0 0 2 0 2
1083 0 0 2 0 2
1084 0 0 2 0 2
1085 0 0 2 0 2
1086 0 0 2 0 2
1087 0 0 2 0 2
1088 0 0 2 0 2
1089 0 0 2 0 2
1090 0 0 2 0 2
1091 0 0 2 0 2
1092 0 0 2 0 2
1093 0 0 2 0 2
1094 0 0 2 0 2
1095 0 0 2 0 2
1096 0 0 2 0 2
1097 0 0 2 0 2
1098 0 0 2 0 2
1099 0 0 2 0 2
1100 0 0 2 0 2
1101 0 0 2 0 2
1102 0 0 2 0 2
1103 0 0 2 0 2
1104 0 0 2 0 2
1105 0 0 2 0 2
1106 0 0 2 0 2
1107 0 0 2 0 2
1108 0 0 2 0 2
1109 0 0 2 0 2
1110 0 0 2 0 2
1111 0 0 2 0 2
1112 0 0 2 0 2
1113 0 0 2 0 2
1114 0 0 2 0 2
1115 0 0 2 0 2
1116 0 0 2 0 2
1117 0 0 2 0 2
1118 0 0 2 0 2
1119 0 0 2 0 2
1120 0 0 2 0 2
1121 0 0 2 0 2
1122 0 0 2 0 2
1123 0 0 2 0 2
1124 0 0 2 0 2
1125 0 0 2 0 2
1126 0 0 2 0 2
1127 0 0 2 0 2
1128 0 0 2 0 2
1129 0 0 2 0 2
1130 0 0 2 0 2
1131 0 0 2 0 2
1132 2 0 2 0 2
1133 2 0 2 0 2
1134 2 0 2 0 2
1135 0 0 2 2 2
1136 0 0 2 2 2
1137 0 0 2 2 2
1138 0 0 2 2 2
1139 0 0 2 2 2
1140 2 0 2 2 2
1141 2 0 2 2 2
1142 2 0 2 2 2
1143 2 0 2 2 2
1144 2 0 2 2 2
1145 2 0 2 2 2
1146 2 0 2 2 2
1147 2 0 2 2 2
1148 2 0 2 2 2
1149 2 0 2 2 2
1150 2 0 0 0 2
1151 2 0 0 0 2
1152 2 0 0 0 2
1153 2 0 0 0 2
1154 2 0 0 0 2
1155 2 0 0 0 2
1156 2 0 0 0 2
1157 2 0 0 0 2
1158 2 0 0 0 2
1159 2 0 0 0 2
1160 2 0 0 0 2
1161 2 0 0 0 2
1162 2 0 0 0 2
1163 2 0 0 0 2
1164 2 0 0 0 2
1165 2 0 0 0 2
1166 2 0 0 0 2
1167 2 0 0 0 2
1168 2 0 0 0 2
1169 2 0 0 0 2
1170 2 0 0 0 2
1171 2 0 0 0 2
1172 2 0 0 0 2
1173 2 0 0 0 2
1174 2 0 0 0 2
1175 2 0 0 0 2
1176 2 0 0 0 2
1177 2 0 0 0 2
1178 2 0 0 0 2
1179 2 0 0 0 2
1180 2 0 0 0 2
1181 2 0 0 0 2
1182 2 0 0 0 2
1183 2 0 0 0 2
1184 2 0 0 0 2
1185 2 0 0 0 2
1186 2 0 0 0 2
1187 2 0 0 0 2
1188 2 0 0 0 2
1189 2 0 0 0 2
1190 2 0 0 0 2
1191 2 0 0 0 2
1192 2 0 0 0 2
1193 2 0 0 0 2
1194 2 0 0 0 2
1195 2 0 0 0 2
1196 2 0 0 0 2
1197 2 0 0 0 2
1198 2 0 0 0 2
1199 2 0 0 0 2
1200 2 0 0 0 2
1201 2 0 0 0 2
1202 2 0 0 0 2
1203 2 0 0 0 2
1204 2 0 0 0 2
1205 2 0 0 0 2
1206 2 0 0 0 2
1207 2 0 0 0 2
1208 2 0 0 0 2
1209 2 0 0 0 2
1210 2 0 0 0 0
1211 2 0 0 0 0
1212 2 0 0 0 0
1213 2 0 0 0 0
1214 2 0 0 0 0
1215 2 0 0 0 0
1216 2 0 0 0 0
1217 2 0 0 0 0
1218 2 0 0 0 0
1219 2 0 0 0 0
1220 2 0 0 0 0
1221 2 0 0 0 0
1222 2 0 0 0 0
1223 2 0 0 0 0
1224 2 0 0 0 0
1225 2 0 0 0 0
1226 2 0 0 0 0
1227 2 0 0 0 0
1228 2 0 0 0 0
1229 2 0 0 0 0
1230 2 0 0 0 0
1231 2 0 0 0 0
1232 2 0 0 0 0
1233 2 0 0 0 0
1234 2 0 0 0 0
1235 2 0 0 0 0
1236 2 0 0 0 0
1237 2 0 0 0 0
1238 2 0 0 0 0
1239 2 0 0 0 0
1240 2 0 0 0 0
1241 2 0 0 0 0
1242 2 0 0 0 0
1243 2 0 0 0 0
1244 2 0 0 0 0
1245 2 0 0 0 0
1246 2 0 0 0 0
1247 2 0 0 0 0
1248 2 0 0 0 0
1249 2 0 0 0 0
1250 2 0 0 0 0
1251 2 0 0 0 0
1252 2 0 0 0 0
1253 2 0 0 0 0
1254 2 0 0 0 0
1255 2 0 0 0 0
1256 2 0 0 0 0
1257 2 0 0 0 0
1258 2 0 0 0 0
1259 2 0 0 0 0
1260 2 0 0 0 0
1261 2 0 0 0 0
1262 2 0 0 0 0
1263 2 0 0 0 0
1264 2 0 0 0 0
1265 2 0 0 0 0
1266 2 0 0 0 0
1267 2 0 0 0 0
1268 2 0 0 0 0
1269 2 0 0 0 0
1270 2 0 0 0 0
1271 2 0 0 0 0
1272 2 0 0 0 0
1273 2 0 0 0 0
1274 2 0 0 0 0
1275 2 0 0 0 0
1276 2 0 0 0 0
1277 2 0 0 0 0
1278 2 0 0 0 0
1279 2 0 0 0 0
1280 2 0 0 0 0
1281 2 0 0 0 0
1282 2 0 0 0 0
1283 2 0 0 0 0
1284 2 0 0 0 0
1285 2 0 0 0 0
1286 2 0 0 0 0
1287 2 0 0 0 0
1288 2 0 0 0 0
1289 2 0 0 0 0
1290 2 0 0 2 0
1291 2 0 0 2 0
1292 2 0 0 2 0
1293 2 0 0 2 0
1294 2 0 0 2 0
1295 2 0 0 2 0
1296 2 0 0 2 0
1297 2 0 0 2 0
1298 2 0 0 2 0
1299 2 0 0 2 0
1300 2 0 0 2 0
1301 2 0 0 2 0
1302 2 0 0 2 0
1303 2 0 0 2 0
1304 2 0 0 2 0
1305 2 0 0 2 0
1306 2 0 0 2 0
1307 2 0 0 2 0
1308 2 0 0 2 0
1309 2 0 0 2 0
1310 2 0 2 0 0
1311 2 0 2 0 0
1312 2 0 2 0 0
1313 2 0 2 0 0
1314 2 0 2 0 0
1315 2 0 2 0 0
1316 2 0 2 0 0
1317 2 0 2 0 0
1318 2 0 2 0 0
1319 2 0 2 0 0
1320 2 0 2 0 0
1321 2 0 2 0 0
1322 2 0 2 0 0
1323 2 0 2 0 0
1324 2 0 2 0 0
1325 2 0 2 0 0
1326 2 0 2 0 0
1327 2 0 2 0 0
1328 2 0 2 0 0
1329 2 0 2 0 0
1330 0 0 2 0 0
1331 0 0 2 0 0
1332 0 0 2 0 0
1333 0 0 2 0 0
1334 0 0 2 0 0
1335 0 0 2 0 0
1336 0 0 2 0 0
1337 0 0 2 0 0
1338 0 0 2 0 0
1339 0 0 2 0 0
1340 0 0 2 0 0
1341 0 0 2 0 0
1342 0 0 2 0 0
1343 0 0 2 0 0
1344 0 0 2 0 0
1345 0 0 2 0 0
1346 0 0 2 0 0
1347 0 0 2 0 0
1348 0 0 2 0 0
1349 0 0 2 0 0
1350 0 0 2 0 0
1351 0 0 2 0 0
1352 0 0 2 0 0
1353 0 0 2 0 0
1354 0 0 2 0 0
1355 0 0 2 0 0
1356 0 0 2 0 0
1357 0 0 2 0 0
1358 0 0 2 0 0
1359 0 0 2 0 0
1360 0 0 2 0 0
1361 0 0 2 0 0
1362 0 0 2 0 0
1363 0 0 2 0 0
1364 0 0 2 0 0
1365 0 0 2 0 0
1366 0 0 2 0 0
1367 0 0 2 0 0
1368 0 0 2 0 0
1369 0 0 2 0 0
1370 0 0 2 0 0
1371 0 0 2 0 0
1372 0 0 2 0 0
1373 0 0 2 0 0
1374 0 0 2 0 0
1375 0 0 2 0 0
1376 0 0 2 0 0
1377 0 0 2 0 0
1378 0 0 2 0 0
1379 0 0 2 0 0
1380 0 5 2 0 0
1381 0 5 2 0 0
1382 0 5 2 0 0
1383 0 5 2 0 0
1384 0 5 2 0 0
1385 0 5 2 0 0
1386 0 5 2 0 0
1387 0 5 2 0 0
1388 0 5 2 0 0
1389 0 5 2 0 0
1390 0 0 2 0 0
1391 0 0 2 0 0
1392 0 0 2 0 0
1393 0 0 2 0 0
1394 0 0 2 0 0
1395 0 0 2 0 0
1396 0 0 2 0 0
1397 0 0 2 0 0
1398 0 0 2 0 0
1399 0 0 2 0 0
1400 0 0 2 0 0
1401 0 0 2 0 0
1402 0 0 2 0 0
1403 0 0 2 0 0
1404 0 0 2 0 0
1405 0 0 2 0 0
1406 0 0 2 0 0
1407 0 0 2 0 0
1408 0 0 2 0 0
1409 0 0 2 0 0
1410 0 0 2 0 0
1411 0 0 2 0 0
1412 0 0 2 0 0
1413 0 0 2 0 0
1414 0 0 2 0 0
1415 0 0 2 0 0
1416 0 0 2 0 0
1417 0 0 2 0 0
1418 0 0 2 0 0
1419 0 0 2 0 0
1420 5 0 2 0 0
1421 5 0 2 0 0
1422 5 0 2 0 0
1423 5 0 2 0 0
1424 5 0 2 0 0
1425 5 0 2 0 0
1426 5 0 2 0 0
1427 5 0 2 0 0
1428 5 0 2 0 0
1429 5 0 2 0 0
1430 5 0 2 0 0
1431 5 0 2 0 0
1432 5 0 2 0 0
1433 5 0 2 0 0
1434 5 0 2 0 0
1435 5 0 2 0 0
1436 5 0 2 0 0
1437 5 0 2 0 0
1438 5 0 2 0 0
1439 5 0 2 0 0
1440 5 0 2 0 0
1441 5 0 2 0 0
1442 5 0 2 0 0
1443 5 0 2 0 0
1444 5 0 2 0 0
1445 5 0 2 0 0
1446 5 0 2 0 0
1447 5 0 2 0 0
1448 5 0 2 0 0
1449 5 0 2 0 0
1450 5 0 2 0 0
1451 5 0 2 0 0
1452 5 0 2 0 0
1453 5 0 2 0 0
1454 5 0 2 0 0
1455 5 0 2 0 0
1456 5 0 2 0 0
1457 5 0 2 0 0
1458 5 0 2 0 0
1459 5 0 2 0 0
1460 5 0 2 0 0
1461 5 0 2 0 0
1462 5 0 2 0 0
1463 5 0 2 0 0
1464 5 0 2 0 0
1465 5 0 2 0 0
1466 5 0 2 0 0
1467 5 0 2 0 0
1468 5 0 2 0 0
1469 5 0 2 0 0
1470 5 0 2 0 1
1471 5 0 2 0 1
1472 5 0 2 0 1
1473 5 0 2 0 1
1474 5 0 2 0 1
1475 5 0 2 0 1
1476 5 0 2 0 1
1477 5 0 2 0 1
1478 5 0 2 0 1
1479 5 0 2 0 1
1480 5 0 2 0 1
1481 5 0 2 0 1
1482 5 0 2 0 1
1483 5 0 2 0 1
1484 5 0 2 0 1
1485 5 0 2 0 1
1486 5 0 2 0 1
1487 5 0 2 0 1
1488 5 0 2 0 1
1489 5 0 2 0 1
1490 5 0 2 0 1
1491 5 0 2 0 1
1492 5 0 2 0 1
1493 5 0 2 0 1
1494 5 0 2 0 1
1495 5 0 2 0 1
1496 5 0 2 0 1
1497 5 0 2 0 1
1498 5 0 2 0 1
1499 5 0 2 0 1
1500 5 0 2 0 1
1501 5 0 2 0 1
1502 5 0 2 0 1
1503 5 0 2 0 1
1504 5 0 2 0 1
1505 5 0 2 0 1
1506 5 0 2 0 1
1507 5 0 2 0 1
1508 5 0 2 0 1
1509 5 0 2 0 1
1510 5 0 2 0 1
1511 5 0 2 0 1
1512 5 0 2 0 1
1513 5 0 2 0 1
1514 5 0 2 0 1
1515 5 0 2 0 1
1516 5 0 2 0 1
1517 5 0 2 0 1
1518 5 0 2 0 1
1519 5 0 2 0 1
1520 5 0 2 0 1
1521 5 0 2 0 1
1522 5 0 2 0 1
1523 5 0 2 0 1
1524 5 0 2 0 1
1525 5 0 2 0 1
1526 5 0 2 0 1
1527 5 0 2 0 1
1528 5 0 2 0 1
1529 5 0 2 0 1
1530 5 0 2 0 0
1531 5 0 2 0 0
1532 5 0 2 0 0
1533 5 0 2 0 0
1534 5 0 2 0 0
1535 5 0 2 0 0
1536 5 0 2 0 0
1537 5 0 2 0 0
1538 5 0 2 0 0
1539 5 0 2 0 0
1540 5 0 2 0 0
1541 5 0 2 0 0
1542 5 0 2 0 0
1543 5 0 2 0 0
1544 5 0 2 0 0
1545 5 0 2 0 0
1546 5 0 2 0 0
1547 5 0 2 0 0
1548 5 0 2 0 0
1549 5 0 2 0 0
1550 5 0 2 0 0
1551 5 0 2 0 0
1552 5 0 2 0 0
1553 5 0 2 0 0
1554 5 0 2 0 0
1555 5 0 2 0 0
1556 5 0 2 0 0
1557 5 0 2 0 0
1558 5 0 2 0 0
1559 5 0 2 0 0
1560 5 0 2 0 0
1561 5 0 2 0 0
1562 5 0 2 0 0
1563 5 0 2 0 0
1564 5 0 2 0 0
1565 5 0 2 0 0
1566 5 0 2 0 0
1567 5 0 2 0 0
1568 5 0 2 0 0
1569 5 0 2 0 0
1570 5 0 2 0 0
1571 5 0 2 0 0
1572 5 0 2 0 0
1573 5 0 2 0 0
1574 5 0 2 0 0
1575 5 0 2 0 0
1576 5 0 2 0 0
1577 5 0 2 0 0
1578 5 0 2 0 0
1579 5 0 2 0 0
1580 5 0 2 0 0
1581 5 0 2 0 0
1582 5 0 2 0 0
1583 5 0 2 0 0
1584 5 0 2 0 0
1585 5 0 2 0 0
1586 5 0 2 0 0
1587 5 0 2 0 0
1588 5 0 2 0 0
1589 5 0 2 0 0
1590 5 0 2 0 0
1591 5 0 2 0 0
1592 5 0 2 0 0
1593 5 0 2 0 0
1594 5 0 2 0 0
1595 5 0 2 0 0
1596 5 0 2 0 0
1597 5 0 2 0 0
1598 5 0 2 0 0
1599 5 0 2 0 0
1600 5 0 2 0 0
1601 5 0 2 0 0
1602 5 0 2 0 0
1603 5 0 2 0 0
1604 5 0 2 0 0
1605 5 0 2 0 0
1606 5 0 2 0 0
1607 5 0 2 0 0
1608 5 0 2 0 0
1609 5 0 2 0 0
1610 5 0 2 0 0
1611 5 0 2 0 0
1612 5 0 2 0 0
1613 5 0 2 0 0
1614 5 0 2 0 0
1615 5 0 2 0 0
1616 5 0 2 0 0
1617 5 0 2 0 0
1618 5 0 2 0 0
1619 5 0 2 0 2
1620 5 0 2 0 2
1621 5 0 2 0 2
1622 5 0 2 0 2
1623 5 0 2 0 2
1624 5 0 2 0 2
1625 5 0 2 0 2
1626 5 0 2 0 2
1627 5 0 2 0 2
1628 5 0 2 0 2
1629 5 0 2 0 2
1630 5 0 2 0 2
1631 5 0 2 0 2
1632 5 0 2 0 2
1633 5 0 2 0 2
1634 5 0 2 0 0
1635 5 0 2 0 0
1636 5 0 2 0 0
1637 5 0 2 0 0
1638 5 0 2 0 0
1639 5 0 2 0 0
1640 5 0 2 0 0
1641 5 0 2 0 0
1642 5 0 2 0 0
1643 5 0 2 0 0
1644 5 0 2 0 0
1645 5 0 2 0 0
1646 5 0 2 0 0
1647 5 0 2 0 0
1648 5 0 2 0 0
1649 5 0 2 0 0
1650 5 0 2 0 0
1651 5 0 2 0 0
1652 5 0 2 0 0
1653 5 0 2 0 0
1654 5 0 2 0 0
1655 5 0 2 0 0
1656 5 0 2 0 0
1657 5 0 2 0 0
1658 5 0 2 0 0
1659 5 0 2 0 0
1660 5 0 2 0 0
1661 5 0 2 0 0
1662 5 0 2 0 0
1663 5 0 2 0 0
1664 5 0 2 0 0
1665 5 0 2 0 0
1666 5 0 2 0 0
1667 5 0 2 0 0
1668 5 0 2 0 0
1669 5 0 2 0 0
1670 5 0 2 0 0
1671 5 0 2 0 0
1672 5 0 2 0 0
1673 5 0 2 0 0
1674 5 0 2 0 0
1675 5 0 2 0 0
1676 5 0 2 0 0
1677 5 0 2 0 0
1678 5 0 2 0 0
1679 5 0 2 0 0
1680 5 0 2 0 0
1681 5 0 2 0 0
1682 5 0 2 0 0
1683 5 0 2 0 0
1684 5 0 2 0 0
1685 5 0 2 0 0
1686 5 0 2 0 0
1687 5 0 2 0 0
1688 5 0 2 0 0
1689 5 0 2 0 0
1690 5 0 2 0 0
1691 5 0 2 0 0
1692 5 0 2 0 0
1693 5 0 2 0 0
1694 5 0 2 0 0
1695 5 0 2 0 0
1696 5 0 2 0 0
1697 5 0 2 0 0
1698 5 0 2 0 0
1699 5 0 2 0 0
1700 5 0 2 0 0
1701 5 0 2 0 0
1702 5 0 2 0 0
1703 5 0 2 0 0
1704 5 0 2 0 0
1705 5 0 2 0 0
1706 5 0 2 0 0
1707 5 0 2 0 0
1708 5 0 2 0 0
1709 5 0 2 0 0
1710 5 0 2 0 0
1711 5 0 2 0 0
1712 5 0 2 0 0
1713 5 0 2 0 0
1714 5 0 2 0 0
1715 5 0 2 0 0
1716 5 0 2 0 0
1717 5 0 2 0 0
1718 5 0 2 0 0
1719 5 0 2 0 0
1720 5 0 2 0 0
1721 5 0 2 0 0
1722 5 0 2 0 0
1723 5 0 2 0 0
1724 5 0 2 0 0
1725 5 0 2 0 0
1726 5 0 2 0 0
1727 5 0 2 0 0
1728 5 0 2 0 0
1729 5 0 2 0 0
1730 5 0 2 0 0
1731 5 0 2 0 0
1732 5 0 2 0 0
1733 5 0 2 0 0
1734 5 0 2 0 0
1735 5 0 2 0 0
1736 5 0 2 0 0
1737 5 0 2 0 0
1738 5 0 2 0 0
1739 5 0 2 0 0
1740 5 0 2 0 0
1741 5 0 2 0 0
1742 5 0 2 0 0
1743 5 0 2 0 0
1744 5 0 2 0 0
1745 5 0 2 0 0
1746 5 0 2 0 0
1747 5 0 2 0 0
1748 5 0 2 0 0
1749 5 0 2 0 0
1750 5 0 2 0 0
1751 5 0 2 0 0
1752 5 0 2 0 0
1753 5 0 2 0 0
1754 5 0 2 0 2
1755 5 0 2 0 2
1756 5 0 2 0 2
1757 5 0 2 0 2
1758 5 0 2 0 2
1759 5 0 2 0 2
1760 5 0 2 0 2
1761 5 0 2 0 2
1762 5 0 2 0 2
1763 5 0 2 0 2
1764 5 0 2 0 2
1765 5 0 2 0 2
1766 5 0 2 0 2
1767 5 0 2 0 2
1768 5 0 2 0 2
1769 5 0 2 0 2
1770 5 0 2 0 2
1771 5 0 2 0 2
1772 5 0 2 0 2
1773 5 0 2 0 2
1774 5 0 2 0 2
1775 5 0 2 0 2
1776 5 0 2 0 2
1777 5 0 2 0 2
1778 5 0 2 0 2
1779 5 0 2 0 2
1780 5 0 2 0 2
1781 5 0 2 0 2
1782 5 0 2 0 2
1783 5 0 2 0 2
1784 5 0 2 0 2
1785 5 0 2 0 2
1786 5 0 2 0 2
1787 5 0 2 0 2
1788 5 0 2 0 2
1789 5 0 2 0 2
1790 5 0 2 0 2
1791 5 0 2 0 2
1792 5 0 2 0 2
1793 5 0 2 0 2
1794 5 0 2 0 2
1795 5 0 2 0 2
1796 5 0 2 0 2
1797 5 0 2 0 2
1798 5 0 2 0 2
1799 5 0 2 0 2
1800 5 0 2 0 2
1801 5 0 2 0 2
1802 5 0 2 0 2
1803 5 0 2 0 2
1804 5 0 2 0 2
1805 5 0 2 0 2
1806 5 0 2 0 2
1807 5 0 2 0 2
1808 5 0 2 0 2
1809 5 0 2 0 2
1810 5 0 2 0 2
1811 5 0 2 0 2
1812 5 0 2 0 2
1813 5 0 2 0 2
1814 5 0 2 0 2
1815 5 0 2 0 2
1816 5 0 2 0 2
1817 5 0 2 0 2
1818 5 0 2 0 2
1819 5 0 2 0 2
1820 0 0 2 0 2
1821 0 0 2 0 2
1822 0 0 2 0 2
1823 0 0 2 0 2
1824 0 0 2 0 2
1825 0 0 2 0 2
1826 0 0 2 0 2
1827 0 0 2 0 2
1828 0 0 2 0 2
1829 0 0 2 0 2
1830 0 0 2 0 2
1831 0 0 2 0 2
1832 0 0 2 0 2
1833 0 0 2 0 2
1834 0 0 2 0 2
1835 0 0 2 0 2
1836 0 0 2 0 2
1837 0 0 2 0 2
1838 0 0 2 0 2
1839 0 0 2 0 2
1840 0 0 2 0 2
1841 0 0 2 0 2
1842 0 0 2 0 2
1843 0 0 2 0 2
1844 0 0 2 0 2
1845 0 0 2 0 2
1846 0 0 2 0 2
1847 0 0 2 0 2
1848 0 0 2 0 2
1849 0 0 2 0 2
1850 0 0 2 0 2
1851 0 0 2 0 2
1852 0 0 2 0 2
1853 0 0 2 0 2
1854 0 0 2 0 2
1855 0 0 2 0 2
1856 0 0 2 0 2
1857 0 0 2 0 2
1858 0 0 2 0 2
1859 0 0 2 0 2
1860 0 0 2 0 2
1861 0 0 2 0 2
1862 0 0 2 0 2
1863 0 0 2 0 2
1864 0 0 2 0 2
1865 0 0 2 0 2
1866 0 0 2 0 2
1867 0 0 2 0 2
1868 0 0 2 0 2
1869 0 0 2 0 2
1870 0 0 2 0 2
1871 0 0 2 0 2
1872 0 0 2 0 2
1873 0 0 2 0 2
1874 0 0 2 0 2
1875 0 0 2 0 2
1876 0 0 2 0 2
1877 0 0 2 0 2
1878 0 0 2 0 2
1879 0 0 2 0 2
1880 2 0 2 0 2
1881 2 0 2 0 2
1882 2 0 2 0 2
1883 2 0 2 0 2
1884 2 0 2 0 2
1885 2 0 2 0 2
1886 2 0 2 0 2
1887 2 0 2 0 2
1888 2 0 2 0 2
1889 2 0 2 0 2
1890 2 0 2 0 2
1891 2 0 2 0 2
1892 2 0 2 0 2
1893 2 0 2 0 2
1894 2 0 2 0 2
1895 2 0 2 0 2
1896 2 0 2 0 2
1897 2 0 2 0 2
1898 2 0 2 0 2
1899 2 0 2 0 2
1900 2 0 0 2 2
1901 2 0 0 2 2
1902 2 0 0 2 2
1903 2 0 0 2 2
1904 2 0 0 2 2
1905 2 0 0 2 2
1906 2 0 0 2 2
1907 2 0 0 2 2
1908 2 0 0 2 2
1909 2 0 0 2 2
1910 2 0 0 2 2
1911 2 0 0 2 2
1912 2 0 0 0 2
1913 2 0 0 0 2
1914 2 0 0 0 2
1915 2 0 0 0 2
1916 2 0 0 0 2
1917 2 0 0 0 2
1918 2 0 0 0 2
1919 2 0 0 0 2
1920 2 0 0 0 2
1921 2 0 0 0 2
1922 2 0 0 0 2
1923 2 0 0 0 2
1924 2 0 0 0 2
1925 2 0 0 0 2
1926 2 0 0 0 2
1927 2 0 0 0 2
1928 2 0 0 0 2
1929 2 0 0 0 2
1930 2 0 0 0 2
1931 2 0 0 0 2
1932 2 0 0 0 2
1933 2 0 0 0 2
1934 2 0 0 0 2
1935 2 0 0 0 2
1936 2 0 0 0 2
1937 2 0 0 0 2
1938 2 0 0 0 2
1939 2 0 0 0 2
1940 2 0 0 0 2
1941 2 0 0 0 2
1942 2 0 0 0 2
1943 2 0 0 0 2
1944 2 0 0 0 2
1945 2 0 0 0 2
1946 2 0 0 0 2
1947 2 0 0 0 2
1948 2 0 0 0 2
1949 2 0 0 0 2
1950 2 0 0 0 2
1951 2 0 0 0 2
1952 2 0 0 0 2
1953 2 0 0 0 2
1954 2 0 0 0 2
1955 2 0 0 0 2
1956 2 0 0 0 2
1957 2 0 0 0 2
1958 2 0 0 0 2
1959 2 0 0 0 2
1960 2 0 0 5 2
1961 2 0 0 5 2
1962 2 0 0 5 2
1963 2 0 0 5 2
1964 2 0 0 5 2
1965 2 0 0 5 2
1966 2 0 0 5 2
1967 2 0 0 5 2
1968 2 0 0 5 2
1969 2 0 0 5 2
1970 2 0 0 5 0
1971 2 0 0 5 0
1972 2 0 0 5 0
1973 2 0 0 5 0
1974 2 0 0 5 0
1975 2 0 0 5 0
1976 2 0 0 5 0
1977 2 0 0 5 0
1978 2 0 0 5 0
1979 2 0 0 5 0
1980 2 0 0 5 0
1981 2 0 0 5 0
1982 2 0 0 5 0
1983 2 0 0 5 0
1984 2 0 0 5 0
1985 2 0 0 5 0
1986 2 0 0 5 0
1987 2 0 0 5 0
1988 2 0 0 5 0
1989 2 0 0 5 0
1990 2 0 0 0 0
1991 2 0 0 0 0
1992 2 0 0 0 0
1993 2 0 0 0 0
1994 2 0 0 0 0
1995 2 0 0 0 0
1996 2 0 0 0 0
1997 2 0 0 0 0
1998 2 0 0 0 0
1999 2 0 0 0 0
2000 2 0 0 0 0
2001 2 0 0 0 0
2002 2 0 0 0 0
2003 2 0 0 0 0
2004 2 0 0 0 0
2005 2 0 0 0 0
2006 2 0 0 0 0
2007 2 0 0 0 0
2008 2 0 0 0 0
2009 2 0 0 0 0
2010 2 0 0 5 0
2011 2 0 0 5 0
2012 2 0 0 5 0
2013 2 0 0 5 0
2014 2 0 0 5 0
2015 2 0 0 5 0
2016 2 0 0 5 0
2017 2 0 0 5 0
2018 2 0 0 5 0
2019 2 0 0 5 0
2020 2 0 0 0 0
2021 2 0 0 0 0
2022 2 0 0 0 0
2023 2 0 0 0 0
2024 2 0 0 0 0
2025 2 0 0 0 0
2026 2 0 0 0 0
2027 2 0 0 0 0
2028 2 0 0 0 0
2029 2 0 0 0 0
2030 2 0 0 0 0
2031 2 0 0 0 0
2032 2 0 0 0 0
2033 2 0 0 0 0
2034 2 0 0 0 0
2035 2 0 0 0 0
2036 2 0 0 0 0
2037 2 0 0 0 0
2038 2 0 0 0 0
2039 2 0 0 0 0
2040 2 0 0 0 0
2041 2 0 0 0 0
2042 2 0 0 0 0
2043 2 0 0 0 0
2044 2 0 0 0 0
2045 2 0 0 0 0
2046 2 0 0 0 0
2047 2 0 0 0 0
2048 2 0 0 0 0
2049 2 0 0 0 0
2050 2 0 0 2 0
2051 2 0 0 2 0
2052 2 0 0 2 0
2053 2 0 0 2 0
2054 2 0 0 2 0
2055 2 0 0 2 0
2056 2 0 0 2 0
2057 2 0 0 2 0
2058 2 0 0 2 0
2059 2 0 0 2 0
2060 2 0 0 2 0
2061 2 0 0 2 0
2062 2 0 0 2 0
2063 2 0 0 2 0
2064 2 0 0 2 0
2065 2 0 0 2 0
2066 2 0 2 0 0
2067 2 0 2 0 0
2068 2 0 2 0 0
2069 2 0 2 0 0
2070 2 0 2 0 0
2071 2 0 2 0 0
2072 2 0 2 0 0
2073 2 0 2 0 0
2074 2 0 2 0 0
2075 2 0 2 0 0
2076 2 0 2 0 0
2077 2 0 2 0 0
2078 2 0 2 0 0
2079 2 0 2 0 0
2080 0 2 2 0 0
2081 0 2 2 0 0
2082 0 2 2 0 0
2083 0 2 2 0 0
2084 0 0 2 0 0
2085 0 0 2 0 0
2086 0 0 2 0 0
2087 0 0 2 0 0
2088 0 0 2 0 0
2089 0 0 2 0 0
2090 0 0 2 0 0
2091 0 0 2 0 0
2092 0 0 2 0 0
2093 0 0 2 0 0
2094 0 0 2 0 0
2095 0 0 2 0 0
2096 0 0 2 0 0
2097 0 0 2 0 0
2098 0 0 2 0 0
2099 0 0 2 0 0
2100 0 0 2 0 0
2101 0 0 2 0 0
2102 0 0 2 0 0
2103 0 0 2 0 0
2104 0 0 2 0 0
2105 0 0 2 0 0
2106 0 0 2 0 0
2107 0 0 2 0 0
2108 0 0 2 0 0
2109 0 0 2 0 0
2110 0 0 2 0 0
2111 0 0 2 0 0
2112 0 0 2 0 0
2113 0 0 2 0 0
2114 0 0 2 0 0
2115 0 0 2 0 0
2116 0 0 2 0 0
2117 0 0 2 0 0
2118 0 0 2 0 0
2119 0 0 2 0 0
2120 0 0 2 0 0
2121 0 0 2 0 0
2122 0 0 2 0 0
2123 0 0 2 0 0
2124 0 0 2 0 0
2125 0 0 2 0 0
2126 0 0 2 0 0
2127 0 0 2 0 0
2128 0 0 2 0 0
2129 0 0 2 0 0
2130 0 0 2 0 0
2131 0 0 2 0 0
2132 0 0 2 0 0
2133 0 0 2 0 0
2134 0 0 2 0 0
2135 0 0 2 0 0
2136 0 0 2 0 0
2137 0 0 2 0 0
2138 0 0 2 0 0
2139 0 0 2 0 0
2140 0 5 2 0 2
2141 0 5 2 0 2
2142 0 5 2 0 2
2143 0 5 2 0 2
2144 0 5 2 0 2
2145 0 5 2 0 2
2146 0 5 2 0 2
2147 0 5 2 0 2
2148 0 5 2 0 2
2149 0 5 2 0 2
2150 0 5 2 0 2
2151 0 5 2 0 2
2152 0 5 2 0 2
2153 0 5 2 0 2
2154 0 5 2 0 2
2155 0 5 2 0 2
2156 0 5 2 0 2
2157 0 5 2 0 2
2158 0 5 2 0 2
2159 0 5 2 0 2
2160 0 5 2 0 1
2161 0 5 2 0 1
2162 0 5 2 0 1
2163 0 5 2 0 1
2164 0 5 2 0 1
2165 0 5 2 0 1
2166 0 5 2 0 1
2167 0 5 2 0 1
2168 0 5 2 0 1
2169 0 5 2 0 1
2170 0 5 2 0 1
2171 0 5 2 0 1
2172 0 5 2 0 1
2173 0 5 2 0 1
2174 0 5 2 0 1
2175 0 5 2 0 1
2176 0 5 2 0 1
2177 0 5 2 0 1
2178 0 5 2 0 1
2179 0 5 2 0 1
2180 0 5 2 0 1
2181 0 5 2 0 1
2182 0 5 2 0 1
2183 0 5 2 0 1
2184 0 5 2 0 1
2185 0 5 2 0 1
2186 0 5 2 0 1
2187 0 5 2 0 1
2188 0 5 2 0 1
2189 0 5 2 0 1
2190 0 0 2 0 1
2191 0 0 2 0 1
2192 0 0 2 0 1
2193 0 0 2 0 1
2194 0 0 2 0 1
2195 0 0 2 0 1
2196 0 0 2 0 1
2197 0 0 2 0 1
2198 0 0 2 0 1
2199 0 0 2 0 1
2200 0 0 2 0 1
2201 0 0 2 0 1
2202 0 0 2 0 1
2203 0 0 2 0 1
2204 0 0 2 0 1
2205 0 0 2 0 1
2206 0 0 2 0 1
2207 0 0 2 0 1
2208 0 0 2 0 1
2209 0 0 2 0 1
2210 0 0 2 0 1
2211 0 0 2 0 1
2212 0 0 2 0 1
2213 0 0 2 0 1
2214 0 0 2 0 1
2215 0 0 2 0 1
2216 0 0 2 0 1
2217 0 0 2 0 1
2218 0 0 2 0 1
2219 0 0 2 0 1
2220 5 0 2 0 1
2221 5 0 2 0 1
2222 5 0 2 0 1
2223 5 0 2 0 1
2224 5 0 2 0 1
2225 5 0 2 0 1
2226 5 0 2 0 1
2227 5 0 2 0 1
2228 5 0 2 0 1
2229 5 0 2 0 1
2230 5 0 2 0 2
2231 5 0 2 0 2
2232 5 0 2 0 2
2233 5 0 2 0 2
2234 5 0 2 0 0
2235 5 0 2 0 0
2236 5 0 2 0 0
2237 5 0 2 0 0
2238 5 0 2 0 0
2239 5 0 2 0 0
2240 5 0 2 0 0
2241 5 0 2 0 0
2242 5 0 2 0 0
2243 5 0 2 0 0
2244 5 0 2 0 0
2245 5 0 2 0 0
2246 5 0 2 0 0
2247 5 0 2 0 0
2248 5 0 2 0 0
2249 5 0 2 0 2
2250 5 0 2 0 2
2251 5 0 2 0 2
2252 5 0 2 0 2
2253 5 0 2 0 2
2254 5 0 2 0 2
2255 5 0 2 0 2
2256 5 0 2 0 2
2257 5 0 2 0 2
2258 5 0 2 0 2
2259 5 0 2 0 2
2260 5 0 2 0 2
2261 5 0 2 0 2
2262 5 0 2 0 2
2263 5 0 2 0 2
2264 5 0 2 0 2
2265 5 0 2 0 2
2266 5 0 2 0 2
2267 5 0 2 0 2
2268 5 0 2 0 2
2269 5 0 2 0 2
2270 5 0 2 0 2
2271 5 0 2 0 2
2272 5 0 2 0 2
2273 5 0 2 0 2
2274 5 0 2 0 2
2275 5 0 2 0 2
2276 5 0 2 0 2
2277 5 0 2 0 2
2278 5 0 2 0 2
2279 5 0 2 0 2
2280 5 0 2 0 2
2281 5 0 2 0 2
2282 5 0 2 0 2
2283 5 0 2 0 2
2284 5 0 2 0 2
2285 5 0 2 0 2
2286 5 0 2 0 2
2287 5 0 2 0 2
2288 5 0 2 0 2
2289 5 0 2 0 2
2290 5 0 2 0 1
2291 5 0 2 0 1
2292 5 0 2 0 1
2293 5 0 2 0 1
2294 5 0 2 0 1
2295 5 0 2 0 1
2296 5 0 2 0 1
2297 5 0 2 0 1
2298 5 0 2 0 1
2299 5 0 2 0 1
2300 5 0 2 0 1
2301 5 0 2 0 1
2302 5 0 2 0 1
2303 5 0 2 0 1
2304 5 0 2 0 1
2305 5 0 2 0 1
2306 5 0 2 0 1
2307 5 0 2 0 1
2308 5 0 2 0 1
2309 5 0 2 0 1
2310 5 0 2 0 1
2311 5 0 2 0 1
2312 5 0 2 0 1
2313 5 0 2 0 1
2314 5 0 2 0 1
2315 5 0 2 0 1
2316 5 0 2 0 1
2317 5 0 2 0 1
2318 5 0 2 0 1
2319 5 0 2 0 1
2320 5 0 2 0 1
2321 5 0 2 0 1
2322 5 0 2 0 1
2323 5 0 2 0 1
2324 5 0 2 0 1
2325 5 0 2 0 1
2326 5 0 2 0 1
2327 5 0 2 0 1
2328 5 0 2 0 1
2329 5 0 2 0 1
2330 5 0 2 0 1
2331 5 0 2 0 1
2332 5 0 2 0 1
2333 5 0 2 0 1
2334 5 0 2 0 1
2335 5 0 2 0 1
2336 5 0 2 0 1
2337 5 0 2 0 1
2338 5 0 2 0 1
2339 5 0 2 0 1
2340 5 0 2 0 1
2341 5 0 2 0 1
2342 5 0 2 0 1
2343 5 0 2 0 1
2344 5 0 2 0 1
2345 5 0 2 0 1
2346 5 0 2 0 1
2347 5 0 2 0 1
2348 5 0 2 0 1
2349 5 0 2 0 1
2350 5 0 2 0 1
2351 5 0 2 0 1
2352 5 0 2 0 1
2353 5 0 2 0 1
2354 5 0 2 0 1
2355 5 0 2 0 1
2356 5 0 2 0 1
2357 5 0 2 0 1
2358 5 0 2 0 1
2359 5 0 2 0 1
2360 5 0 2 0 1
2361 5 0 2 0 1
2362 5 0 2 0 1
2363 5 0 2 0 1
2364 5 0 2 0 1
2365 5 0 2 0 1
2366 5 0 2 0 1
2367 5 0 2 0 1
2368 5 0 2 0 1
2369 5 0 2 0 1
2370 5 0 2 0 1
2371 5 0 2 0 1
2372 5 0 2 0 1
2373 5 0 2 0 1
2374 5 0 2 0 1
2375 5 0 2 0 1
2376 5 0 2 0 1
2377 5 0 2 0 1
2378 5 0 2 0 1
2379 5 0 2 0 1
2380 5 0 2 0 1
2381 5 0 2 0 1
2382 5 0 2 0 1
2383 5 0 2 0 1
2384 5 0 2 0 1
2385 5 0 2 0 1
2386 5 0 2 0 1
2387 5 0 2 0 1
2388 5 0 2 0 1
2389 5 0 2 0 1
2390 5 0 2 0 1
2391 5 0 2 0 1
2392 5 0 2 0 1
2393 5 0 2 0 1
2394 5 0 2 0 1
2395 5 0 2 0 1
2396 5 0 2 0 1
2397 5 0 2 0 1
2398 5 0 2 0 1
2399 5 0 2 0 1
2400 5 0 2 0 0
2401 5 0 2 0 0
2402 5 0 2 0 0
2403 5 0 2 0 0
2404 5 0 2 0 0
2405 5 0 2 0 0
2406 5 0 2 0 0
2407 5 0 2 0 0
2408 5 0 2 0 0
2409 5 0 2 0 0
2410 0 0 2 0 0
2411 0 0 2 0 0
2412 0 0 2 0 0
2413 0 0 2 0 0
2414 0 0 2 0 0
2415 0 0 2 0 0
2416 0 0 2 0 0
2417 0 0 2 0 0
2418 0 0 2 0 0
2419 0 0 2 0 0
2420 0 0 2 0 0
2421 0 0 2 0 0
2422 0 0 2 0 0
2423 0 0 2 0 0
2424 0 0 2 0 0
2425 0 0 2 0 0
2426 0 0 2 0 0
2427 0 0 2 0 0
2428 0 0 2 0 0
2429 0 0 2 0 0
2430 0 0 2 0 0
2431 0 0 2 0 0
2432 0 0 2 0 0
2433 0 0 2 0 0
2434 0 0 2 0 0
2435 0 0 2 0 0
2436 0 0 2 0 0
2437 0 0 2 0 0
2438 0 0 2 0 0
2439 0 0 2 0 0
2440 0 0 2 0 0
2441 0 0 2 0 0
2442 0 0 2 0 0
2443 0 0 2 0 0
2444 0 0 2 0 0
2445 0 0 2 0 0
2446 0 0 2 0 0
2447 0 0 2 0 0
2448 0 0 2 0 0
2449 0 0 2 0 0
2450 0 0 2 0 0
2451 0 0 2 0 0
2452 0 0 2 0 0
2453 0 0 2 0 0
2454 0 0 2 0 0
2455 0 0 2 0 0
2456 0 0 2 0 0
2457 0 0 2 0 0
2458 0 0 2 0 0
2459 0 0 2 0 0
2460 0 0 2 0 0
2461 0 0 2 0 0
2462 0 0 2 0 0
2463 0 0 2 0 0
2464 0 0 2 0 0
2465 0 0 2 0 0
2466 0 0 2 0 0
2467 0 0 2 0 0
2468 0 0 2 0 0
2469 0 0 2 0 0
2470 0 0 2 0 0
2471 0 0 2 0 0
2472 0 0 2 0 0
2473 0 0 2 0 0
2474 0 0 2 0 0
2475 0 0 2 0 0
2476 0 0 2 0 0
2477 0 0 2 0 0
2478 0 0 2 0 0
2479 0 0 2 0 0
2480 0 0 2 0 0
2481 0 0 2 0 0
2482 0 0 2 0 0
2483 0 0 2 0 0
2484 0 0 2 0 0
2485 0 0 2 0 0
2486 0 0 2 0 0
2487 0 0 2 0 0
2488 0 0 2 0 0
2489 0 0 2 0 0
2490 0 0 2 0 0
2491 0 0 2 0 0
2492 0 0 2 0 0
2493 0 0 2 0 0
2494 0 0 2 0 0
2495 0 0 2 0 0
2496 0 0 2 0 0
2497 0 0 2 0 0
2498 0 0 2 0 0
2499 0 0 2 0 0
2500 0 0 2 0 0
2501 0 0 2 0 0
2502 0 0 2 0 0
2503 0 0 2 0 0
2504 0 0 2 0 0
2505 0 0 2 0 0
2506 0 0 2 0 0
2507 0 0 2 0 0
2508 0 0 2 0 0
2509 0 0 2 0 0
2510 0 0 2 0 0
2511 0 0 2 0 0
2512 0 0 2 0 0
2513 0 0 2 0 0
2514 0 0 2 0 0
2515 0 0 2 0 0
2516 0 0 2 0 0
2517 0 0 2 0 0
2518 0 0 2 0 0
2519 0 0 2 0 0
2520 0 0 2 0 0
2521 0 0 2 0 0
2522 0 0 2 0 0
2523 0 0 2 0 0
2524 0 0 2 0 0
2525 0 0 2 0 0
2526 0 0 2 0 0
2527 0 0 2 0 0
2528 0 0 2 0 0
2529 0 0 2 0 0
2530 0 0 2 0 0
2531 0 0 2 0 0
2532 0 0 2 0 0
2533 0 0 2 0 0
2534 0 0 2 0 0
2535 0 0 2 0 0
2536 0 0 2 0 0
2537 0 0 2 0 0
2538 0 0 2 0 0
2539 0 0 2 0 0
2540 0 2 2 0 0
2541 0 2 2 0 0
2542 0 2 2 0 0
2543 0 2 2 0 0
2544 0 2 2 0 0
2545 0 2 2 0 0
2546 0 2 2 0 0
2547 0 0 2 0 0
2548 0 0 2 0 0
2549 0 0 2 0 0
2550 2 0 2 0 0
2551 2 0 2 0 0
2552 2 0 2 0 0
2553 2 0 2 0 0
2554 2 0 2 0 0
2555 2 0 2 0 0
2556 2 0 2 0 0
2557 2 0 2 0 0
2558 2 0 2 0 0
2559 2 0 2 0 0
2560 2 0 2 0 0
2561 2 0 2 0 0
2562 2 0 2 0 0
2563 2 0 2 0 0
2564 2 0 2 0 0
2565 2 0 2 0 0
2566 2 0 2 0 0
2567 2 0 2 0 0
2568 2 0 2 0 0
2569 2 0 2 0 0
2570 2 0 2 0 0
2571 2 0 2 0 0
2572 2 0 2 0 0
2573 2 0 2 0 0
2574 2 0 2 0 0
2575 2 0 2 0 0
2576 2 0 2 0 0
2577 2 0 2 0 0
2578 2 0 2 0 0
2579 2 0 2 0 0
2580 2 0 0 0 0
2581 2 0 0 0 0
2582 2 0 0 0 0
2583 2 0 0 0 0
2584 2 0 0 0 0
2585 2 0 0 0 0
2586 2 0 0 0 0
2587 2 0 0 0 0
2588 2 0 0 0 0
2589 2 0 0 0 0
2590 2 0 0 2 0
2591 2 0 0 2 0
2592 2 0 0 2 0
2593 2 0 0 2 0
2594 2 0 0 2 0
2595 2 0 0 2 0
2596 2 0 0 2 0
2597 2 0 0 2 0
2598 2 0 0 2 0
2599 2 0 0 2 0
2600 2 0 2 0 0
2601 2 0 2 0 0
2602 2 0 2 0 0
2603 2 0 2 0 0
2604 2 0 2 0 0
2605 2 0 2 0 0
2606 2 0 2 0 0
2607 2 0 2 0 0
2608 2 0 2 0 0
2609 2 0 2 0 0
2610 2 0 2 0 0
2611 2 0 2 0 0
2612 2 0 2 0 0
2613 2 0 2 0 0
2614 2 0 2 0 0
2615 2 0 2 0 0
2616 2 0 2 0 0
2617 2 0 2 0 0
2618 2 0 2 0 0
2619 2 0 2 0 0
2620 0 0 2 0 0
2621 0 0 2 0 0
2622 0 0 2 0 0
2623 0 0 2 0 0
2624 0 0 2 0 0
2625 0 0 2 0 0
2626 0 0 2 0 0
2627 0 0 2 0 0
2628 0 0 2 0 0
2629 0 0 2 0 0
2630 0 0 2 0 0
2631 0 0 2 0 0
2632 0 0 2 0 0
2633 0 0 2 0 0
2634 0 0 2 0 0
2635 0 0 2 0 0
2636 0 0 2 0 0
2637 0 0 2 0 0
2638 0 0 2 0 0
2639 0 0 2 0 0
2640 0 0 2 0 0
2641 0 0 2 0 0
2642 0 0 2 0 0
2643 0 0 2 0 0
2644 0 0 2 0 0
2645 0 0 2 0 0
2646 0 0 2 0 0
2647 0 0 2 0 0
2648 0 0 2 0 0
2649 0 0 2 0 0
2650 0 0 2 0 0
2651 0 0 2 0 0
2652 0 0 2 0 0
2653 0 0 2 0 0
2654 0 0 2 0 0
2655 0 0 2 0 0
2656 0 0 2 0 0
2657 0 0 2 0 0
2658 0 0 2 0 0
2659 0 0 2 0 0
2660 0 0 2 0 0
2661 0 0 2 0 0
2662 0 0 2 0 0
2663 0 0 2 0 0
2664 0 0 2 0 0
2665 0 0 2 0 0
2666 0 0 2 0 0
2667 0 0 2 0 0
2668 0 0 2 0 0
2669 0 0 2 0 0
2670 5 0 2 0 0
2671 5 0 2 0 0
2672 5 0 2 0 0
2673 5 0 2 0 0
2674 5 0 2 0 0
2675 5 0 2 0 0
2676 5 0 2 0 0
2677 5 0 2 0 0
2678 5 0 2 0 0
2679 5 0 2 0 0
2680 5 0 2 0 0
2681 5 0 2 0 0
2682 5 0 2 0 0
2683 5 0 2 0 0
2684 5 0 2 0 0
2685 5 0 2 0 0
2686 5 0 2 0 0
2687 5 0 2 0 0
2688 5 0 2 0 0
2689 5 0 2 0 0
2690 5 0 2 0 0
2691 5 0 2 0 0
2692 5 0 2 0 0
2693 5 0 2 0 0
2694 5 0 2 0 0
2695 5 0 2 0 0
2696 5 0 2 0 0
2697 5 0 2 0 0
2698 5 0 2 0 0
2699 5 0 2 0 0
2700 5 0 2 0 0
2701 5 0 2 0 0
2702 5 0 2 0 0
2703 5 0 2 0 0
2704 5 0 2 0 0
2705 5 0 2 0 0
2706 5 0 2 0 0
2707 5 0 2 0 0
2708 5 0 2 0 0
2709 5 0 2 0 0
2710 5 0 2 0 0
2711 5 0 2 0 0
2712 5 0 2 0 0
2713 5 0 2 0 0
2714 5 0 2 0 0
2715 5 0 2 0 0
2716 5 0 2 0 0
2717 5 0 2 0 0
2718 5 0 2 0 0
2719 5 0 2 0 0
2720 5 0 2 0 0
2721 5 0 2 0 0
2722 5 0 2 0 0
2723 5 0 2 0 0
2724 5 0 2 0 0
2725 5 0 2 0 0
2726 5 0 2 0 0
2727 5 0 2 0 0
2728 5 0 2 0 0
2729 5 0 2 0 0
2730 5 0 2 0 0
2731 5 0 2 0 0
2732 5 0 2 0 0
2733 5 0 2 0 0
2734 5 0 2 0 0
2735 5 0 2 0 0
2736 5 0 2 0 0
2737 5 0 2 0 0
2738 5 0 2 0 0
2739 5 0 2 0 0
2740 5 0 2 0 2
2741 5 0 2 0 2
2742 5 0 2 0 2
2743 5 0 2 0 2
2744 5 0 2 0 2
2745 5 0 2 0 2
2746 5 0 2 0 2
2747 5 0 2 0 2
2748 5 0 2 0 2
2749 5 0 2 0 2
2750 5 0 2 0 2
2751 5 0 2 0 2
2752 5 0 2 0 2
2753 5 0 2 0 2
2754 5 0 2 0 2
2755 5 0 2 0 2
2756 5 0 2 0 2
2757 5 0 2 0 2
2758 5 0 2 0 2
2759 5 0 2 0 2
2760 5 0 2 0 2
2761 5 0 2 0 2
2762 5 0 2 0 2
2763 5 0 2 0 2
2764 5 0 2 0 2
2765 5 0 2 0 2
2766 5 0 2 0 2
2767 5 0 2 0 2
2768 5 0 2 0 2
2769 5 0 2 0 2
2770 5 0 2 0 2
2771 5 0 2 0 2
2772 5 0 2 0 2
2773 5 0 2 0 2
2774 5 0 2 0 2
2775 5 0 2 0 2
2776 5 0 2 0 2
2777 5 0 2 0 2
2778 5 0 2 0 2
2779 5 0 2 0 2
2780 5 0 2 0 2
2781 5 0 2 0 2
2782 5 0 2 0 2
2783 5 0 2 0 2
2784 5 0 2 0 2
2785 5 0 2 0 2
2786 5 0 2 0 2
2787 5 0 2 0 2
2788 5 0 2 0 2
2789 5 0 2 0 2
2790 5 0 2 0 2
2791 5 0 2 0 2
2792 5 0 2 0 2
2793 5 0 2 0 2
2794 5 0 2 0 2
2795 5 0 2 0 2
2796 5 0 2 0 2
2797 5 0 2 0 2
2798 5 0 2 0 2
2799 5 0 2 0 2
2800 5 0 2 0 2
2801 5 0 2 0 2
2802 5 0 2 0 2
2803 5 0 2 0 2
2804 5 0 2 0 2
2805 5 0 2 0 2
2806 5 0 2 0 2
2807 5 0 2 0 2
2808 5 0 2 0 2
2809 5 0 2 0 2
2810 5 0 2 0 2
2811 5 0 2 0 2
2812 5 0 2 0 2
2813 5 0 2 0 2
2814 5 0 2 0 2
2815 5 0 2 0 2
2816 5 0 2 0 2
2817 5 0 2 0 2
2818 5 0 2 0 2
2819 5 0 2 0 2
2820 5 0 2 0 2
2821 5 0 2 0 2
2822 5 0 2 0 2
2823 5 0 2 0 2
2824 5 0 2 0 2
2825 5 0 2 0 2
2826 5 0 2 0 2
2827 5 0 2 0 2
2828 5 0 2 0 2
2829 5 0 2 0 2
2830 5 0 2 0 2
2831 5 0 2 0 2
2832 5 0 2 0 2
2833 5 0 2 0 2
2834 5 0 2 0 2
2835 5 0 2 0 2
2836 5 0 2 0 2
2837 5 0 2 0 2
2838 5 0 2 0 2
2839 5 0 2 0 2
2840 5 0 2 0 2
2841 5 0 2 0 2
2842 5 0 2 0 2
2843 5 0 2 0 2
2844 5 0 2 0 2
2845 5 0 2 0 2
2846 5 0 2 0 2
2847 5 0 2 0 2
2848 5 0 2 0 2
2849 5 0 2 0 2
2850 5 0 2 0 2
2851 5 0 2 0 2
2852 5 0 2 0 2
2853 5 0 2 0 2
2854 5 0 2 0 2
2855 5 0 2 0 2
2856 5 0 2 0 2
2857 5 0 2 0 2
2858 5 0 2 0 2
2859 5 0 2 0 2
2860 0 0 2 0 2
2861 0 0 2 0 2
2862 0 0 2 0 2
2863 0 0 2 0 2
2864 0 0 2 0 2
2865 0 0 2 0 2
2866 0 0 2 0 2
2867 0 0 2 0 2
2868 0 0 2 0 2
2869 0 0 2 0 2
2870 0 0 2 0 2
2871 0 0 2 0 2
2872 0 0 2 0 2
2873 0 0 2 0 2
2874 0 0 2 0 2
2875 0 0 2 0 2
2876 0 0 2 0 2
2877 0 0 2 0 2
2878 0 0 2 0 2
2879 0 0 2 0 2
2880 0 0 2 0 2
2881 0 0 2 0 2
2882 0 0 2 0 2
2883 0 0 2 0 2
2884 0 0 2 0 2
2885 0 0 2 0 2
2886 0 0 2 0 2
2887 0 0 2 0 2
2888 0 0 2 0 2
2889 0 0 2 0 2
2890 0 0 2 0 2
2891 0 0 2 0 2
2892 0 0 2 0 2
2893 0 0 2 0 2
2894 0 0 2 0 2
2895 0 0 2 0 2
2896 0 0 2 0 2
2897 0 0 2 0 2
2898 0 0 2 0 2
2899 0 0 2 0 2
2900 0 0 2 0 2
2901 0 0 2 0 2
2902 0 0 2 0 2
2903 0 0 2 0 2
2904 0 0 2 0 2
2905 0 0 2 0 2
2906 0 0 2 0 2
2907 0 0 2 0 2
2908 0 0 2 0 2
2909 0 0 2 0 2
2910 0 0 2 0 2
2911 0 0 2 0 2
2912 0 0 2 0 2
2913 0 0 2 0 2
2914 0 0 2 0 2
2915 0 0 2 0 2
2916 0 0 2 0 2
2917 0 0 2 0 2
2918 0 0 2 0 2
2919 0 0 2 0 2
2920 0 0 2 0 2
2921 0 0 2 0 2
2922 0 0 2 0 2
2923 0 0 2 0 2
2924 0 0 2 0 2
2925 0 0 2 0 2
2926 0 0 2 0 2
2927 0 0 2 0 2
2928 0 0 2 0 2
2929 0 0 2 0 2
2930 0 0 2 0 2
2931 0 0 2 0 2
2932 0 0 2 0 2
2933 0 0 2 0 2
2934 0 0 2 0 2
2935 0 0 2 0 2
2936 0 0 2 0 2
2937 0 0 2 0 2
2938 0 0 2 0 2
2939 0 0 2 0 2
2940 0 0 2 0 2
2941 0 2 2 0 2
2942 0 2 2 0 2
2943 0 2 2 0 2
2944 0 2 2 0 2
2945 0 2 2 0 2
2946 0 2 2 0 2
2947 0 2 2 0 2
2948 0 2 2 0 2
2949 0 2 2 0 2
2950 0 2 2 0 2
2951 0 2 2 0 2
2952 0 2 2 0 2
2953 0 2 2 0 2
2954 0 2 2 0 2
2955 0 0 2 0 2
2956 0 0 2 0 2
2957 0 0 2 0 2
2958 0 2 2 0 2
2959 0 2 2 0 2
2960 0 2 2 0 2
2961 0 2 2 0 2
2962 0 2 2 0 2
2963 0 2 2 0 2
2964 0 2 2 0 2
2965 0 2 2 0 2
2966 0 2 2 0 2
2967 0 2 2 0 2
2968 0 2 2 0 2
2969 0 2 2 0 2
2970 0 0 2 0 2
2971 0 0 2 0 2
2972 0 0 2 0 2
2973 2 0 2 0 2
2974 2 0 2 0 2
2975 2 0 2 0 2
2976 2 0 2 0 2
2977 2 0 2 0 2
2978 2 0 2 0 2
2979 2 0 2 0 2
2980 2 0 2 0 2
2981 2 0 2 0 2
2982 2 0 2 0 2
2983 2 0 2 0 2
2984 2 0 2 0 2
2985 2 0 2 0 2
2986 2 0 2 0 2
2987 2 0 2 0 2
2988 2 0 2 0 2
2989 2 0 2 0 2
2990 2 0 2 0 2
2991 2 0 2 0 2
2992 2 0 2 0 2
2993 2 0 2 0 2
2994 2 0 2 0 2
2995 2 0 2 0 2
2996 2 0 2 0 2
2997 2 0 2 0 2
2998 2 0 2 0 2
2999 2 0 2 0 2
3000 2 0 2 0 2
3001 2 0 2 0 2
3002 2 0 2 0 2
3003 2 0 2 0 2
3004 2 0 2 0 2
3005 2 0 2 0 2
3006 2 0 2 0 2
3007 2 0 2 0 2
3008 2 0 2 0 2
3009 2 0 2 0 2
3010 2 0 0 0 2
3011 2 0 0 0 2
3012 2 0 0 0 2
3013 2 0 0 0 2
3014 2 0 0 0 2
3015 2 0 0 0 2
3016 2 0 0 0 2
3017 2 0 0 0 2
3018 2 0 0 0 2
3019 2 0 0 0 2
3020 2 0 0 0 2
3021 2 0 0 0 2
3022 2 0 0 0 2
3023 2 0 0 0 2
3024 2 0 0 0 2
3025 2 0 0 0 2
3026 2 0 0 0 2
3027 2 0 0 0 2
3028 2 0 0 0 2
3029 2 0 0 0 2
3030 2 0 0 0 0
3031 2 0 0 0 0
3032 2 0 0 0 0
3033 2 0 0 0 0
3034 2 0 0 0 0
