0 0 0 0 0 0
1 0 0 0 0 0
2 0 0 0 0 0
3 0 0 0 0 0
4 0 0 0 0 0
5 0 0 0 0 0
6 0 0 0 0 0
7 0 0 0 0 0
8 0 0 0 0 0
9 0 0 0 0 0
10 0 0 0 0 0
11 0 0 0 0 0
12 0 0 0 0 0
13 0 0 0 0 0
14 0 0 0 0 0
15 0 0 0 0 0
16 0 0 0 0 0
17 0 0 0 0 0
18 0 0 0 0 0
19 0 0 0 0 0
20 0 0 0 0 0
21 0 0 0 0 0
22 0 0 0 0 0
23 0 0 0 0 0
24 0 0 0 0 0
25 0 0 0 0 0
26 0 0 0 0 0
27 0 0 0 0 0
28 0 0 0 0 0
29 0 0 0 0 0
30 0 0 0 0 0
31 0 0 0 0 0
32 0 0 0 0 0
33 0 0 0 0 0
34 0 0 0 0 0
35 0 0 0 0 0
36 0 0 0 0 0
37 0 0 0 0 0
38 0 0 0 0 0
39 0 0 0 0 0
40 0 0 0 0 0
41 0 0 0 0 0
42 0 0 0 0 0
43 0 0 0 0 0
44 0 0 0 0 0
45 0 0 0 0 0
46 0 0 0 0 0
47 0 0 0 0 0
48 0 0 0 0 0
49 0 0 0 0 0
50 0 0 0 0 0
51 0 0 0 0 0
52 0 0 0 0 0
53 0 0 0 0 0
54 0 0 0 0 0
55 0 0 0 0 0
56 0 0 0 0 0
57 0 0 0 0 0
58 0 0 0 0 0
59 0 0 0 0 0
60 0 0 0 0 0
61 0 0 0 0 0
62 0 0 0 0 0
63 0 0 0 0 0
64 0 0 0 0 0
65 0 0 0 0 0
66 0 0 0 0 0
67 0 0 0 0 0
68 0 0 0 0 0
69 0 0 0 0 0
70 0 0 0 0 0
71 0 0 0 0 0
72 0 0 0 0 0
73 0 0 0 0 0
74 0 0 0 0 0
75 0 0 0 0 0
76 0 0 0 0 0
77 0 0 0 0 0
78 0 0 0 0 0
79 0 0 0 0 0
80 0 0 0 0 0
81 0 0 0 0 0
82 0 0 0 0 0
83 0 0 0 0 0
84 0 0 0 0 0
85 0 0 0 0 0
86 0 0 0 0 0
87 0 0 0 0 0
88 0 0 0 0 0
89 0 0 0 0 0
90 0 0 0 0 0
91 0 0 0 0 0
92 0 0 0 0 0
93 0 0 0 0 0
94 0 0 0 0 0
95 0 0 0 0 0
96 0 0 0 0 0
97 0 0 0 0 0
98 0 0 0 0 0
99 0 0 0 0 0
100 0 0 0 0 0
101 0 0 0 0 0
102 0 0 0 0 0
103 0 0 0 0 0
104 0 0 0 0 0
105 0 0 0 0 0
106 0 0 0 0 0
107 0 0 0 0 0
108 0 0 0 0 0
109 0 0 0 0 0
110 0 0 0 0 0
111 0 0 0 0 0
112 0 0 0 0 0
113 0 0 0 0 0
114 0 0 0 0 0
115 0 0 0 0 0
116 0 0 0 0 0
117 0 0 0 0 0
118 0 0 0 0 0
119 0 0 0 0 0
120 0 0 0 0 0
121 0 0 0 0 0
122 0 0 0 0 0
123 0 0 0 0 0
124 0 0 0 0 0
125 0 0 0 0 0
126 0 0 0 0 0
127 0 0 0 0 0
128 0 0 0 0 0
129 0 0 0 0 0
130 0 0 0 2 0
131 0 0 0 2 0
132 0 0 0 2 0
133 0 0 0 2 0
134 0 0 0 2 0
135 0 0 0 2 0
136 0 0 0 2 0
137 0 0 0 2 0
138 0 0 0 2 0
139 0 0 0 2 0
140 0 0 0 0 0
141 0 0 0 0 0
142 0 0 2 0 0
143 0 0 2 0 0
144 0 0 2 0 0
145 0 0 2 0 0
146 0 0 2 0 0
147 0 0 2 0 0
148 0 0 2 0 0
149 0 0 2 0 0
150 0 0 2 0 0
151 0 0 2 0 0
152 0 0 2 0 0
153 0 0 2 0 0
154 0 0 2 0 0
155 0 0 2 0 0
156 0 0 2 0 0
157 0 0 2 0 0
158 0 0 2 0 0
159 0 0 2 0 0
160 0 0 2 0 0
161 0 0 2 0 0
162 0 0 2 0 0
163 0 0 2 0 0
164 0 0 2 0 0
165 0 0 2 0 0
166 0 0 2 0 0
167 0 0 2 0 0
168 0 0 2 0 0
169 0 0 2 0 0
170 0 0 2 0 0
171 0 0 2 0 0
172 0 0 2 0 0
173 0 0 2 0 0
174 0 0 2 0 0
175 0 0 2 0 0
176 0 0 2 0 0
177 0 0 2 0 0
178 0 0 2 0 0
179 0 0 2 0 0
180 0 0 2 0 0
181 0 0 2 0 0
182 0 0 2 0 0
183 0 0 2 0 0
184 0 0 2 0 0
185 0 0 2 0 0
186 0 0 2 0 0
187 0 0 2 0 0
188 0 0 2 0 0
189 0 0 2 0 0
190 0 0 2 0 0
191 0 0 2 0 0
192 0 0 2 0 0
193 0 0 2 0 0
194 0 0 2 0 0
195 0 0 2 0 0
196 0 0 2 0 0
197 0 0 2 0 0
198 0 0 2 0 0
199 0 0 2 0 0
200 0 0 2 0 0
201 0 0 2 0 0
202 0 0 2 0 0
203 0 0 2 0 0
204 0 0 2 0 0
205 0 0 2 0 0
206 0 0 2 0 0
207 0 0 2 0 0
208 0 0 2 0 0
209 0 0 2 0 0
210 0 0 2 0 0
211 0 0 2 0 0
212 0 0 2 0 0
213 0 0 2 0 0
214 0 0 2 0 0
215 0 0 2 0 0
216 0 0 2 0 0
217 0 0 2 0 0
218 0 0 2 0 0
219 0 0 2 0 0
220 0 0 2 0 0
221 0 0 2 0 0
222 0 0 2 0 0
223 0 0 2 0 0
224 0 0 2 0 0
225 0 0 2 0 0
226 0 0 2 0 0
227 0 0 2 0 0
228 0 0 2 0 0
229 0 0 2 0 0
230 0 0 2 0 0
231 0 0 2 0 0
232 0 0 2 0 0
233 0 0 2 0 0
234 0 0 2 0 0
235 0 0 2 0 0
236 0 0 2 0 0
237 0 0 2 0 0
238 0 0 2 0 0
239 0 0 2 0 0
240 0 0 2 0 0
241 0 0 2 0 0
242 0 0 2 0 0
243 0 0 2 0 0
244 0 0 2 0 0
245 0 0 2 0 0
246 0 0 2 0 0
247 0 0 2 0 0
248 0 0 2 0 0
249 0 0 2 0 0
250 0 0 2 0 0
251 0 0 2 0 0
252 0 0 2 0 0
253 0 0 2 0 0
254 0 0 2 0 0
255 0 0 2 0 0
256 0 0 2 0 0
257 0 0 2 0 0
258 0 0 2 0 0
259 0 0 2 0 0
260 0 2 2 0 0
261 0 2 2 0 0
262 0 2 2 0 0
263 0 2 2 0 0
264 0 2 2 0 0
265 0 2 2 0 0
266 0 2 2 0 0
267 0 2 2 0 0
268 0 2 2 0 0
269 0 2 2 0 0
270 2 0 2 0 0
271 2 0 2 0 0
272 2 0 2 0 0
273 2 0 2 0 0
274 2 0 2 0 0
275 2 0 2 0 0
276 2 0 2 0 0
277 2 0 2 0 0
278 2 0 2 0 0
279 2 0 2 0 0
280 2 0 2 0 0
281 2 0 2 0 0
282 2 0 2 0 0
283 2 0 2 0 0
284 2 0 2 0 0
285 2 0 2 0 0
286 2 0 2 0 0
287 2 0 2 0 0
288 2 0 2 0 0
289 2 0 2 0 0
290 2 0 2 0 0
291 2 0 2 0 0
292 2 0 2 0 0
293 2 0 0 2 0
294 2 0 0 2 0
295 2 0 0 2 0
296 2 0 0 2 0
297 2 0 0 2 0
298 2 0 0 2 0
299 2 0 0 2 0
300 2 0 0 0 0
301 2 0 0 0 0
302 2 0 0 0 0
303 2 0 0 0 0
304 2 0 0 0 0
305 2 0 0 0 0
306 2 0 0 0 0
307 2 0 0 0 0
308 2 0 0 0 0
309 2 0 0 0 0
310 2 0 0 0 0
311 2 0 0 0 0
312 2 0 0 0 0
313 2 0 0 0 0
314 2 0 0 0 0
315 2 0 0 0 0
316 2 0 0 0 0
317 2 0 0 0 0
318 2 0 0 0 0
319 2 0 0 0 0
320 2 0 0 0 0
321 2 0 0 0 0
322 2 0 0 0 0
323 2 0 0 0 0
324 2 0 0 0 0
325 2 0 0 0 0
326 2 0 0 0 0
327 2 0 0 0 0
328 2 0 0 0 0
329 2 0 0 0 0
330 2 0 0 0 0
331 2 0 0 0 0
332 2 0 0 0 0
333 2 0 0 0 0
334 2 0 0 0 0
335 2 0 0 0 0
336 2 0 0 0 0
337 2 0 0 0 0
338 2 0 0 0 0
339 2 0 0 0 0
340 2 0 0 0 0
341 2 0 0 0 0
342 2 0 0 0 0
343 2 0 0 0 0
344 2 0 0 0 0
345 2 0 0 0 0
346 2 0 0 0 0
347 2 0 0 0 0
348 2 0 0 0 0
349 2 0 0 0 0
350 2 0 0 0 0
351 2 0 0 0 0
352 2 0 0 0 0
353 2 0 0 0 0
354 2 0 0 0 0
355 2 0 0 0 0
356 2 0 0 0 0
357 2 0 0 0 0
358 2 0 0 0 0
359 2 0 0 0 0
360 2 0 0 0 0
361 2 0 0 0 0
362 2 0 0 0 0
363 2 0 0 0 0
364 2 0 0 0 0
365 2 0 0 0 0
366 2 0 0 0 0
367 2 0 0 0 0
368 2 0 0 0 0
369 2 0 0 0 0
370 2 0 0 0 0
371 2 0 0 0 0
372 2 0 0 0 0
373 2 0 0 0 0
374 2 0 0 0 0
375 2 0 0 0 0
376 2 0 0 0 0
377 2 0 0 0 0
378 2 0 0 0 0
379 2 0 0 0 0
380 2 0 0 0 0
381 2 0 0 0 0
382 2 0 0 0 0
383 2 0 0 0 0
384 2 0 0 0 0
385 2 0 0 0 0
386 2 0 0 0 0
387 2 0 0 0 0
388 2 0 0 0 0
389 2 0 0 0 0
390 2 0 0 0 0
391 2 0 0 0 0
392 2 0 0 0 0
393 2 0 0 0 0
394 2 0 0 0 0
395 2 0 0 0 0
396 2 0 0 0 0
397 2 0 0 0 0
398 2 0 0 0 0
399 2 0 0 0 0
400 2 0 0 2 0
401 2 0 0 2 0
402 2 0 0 2 0
403 2 0 0 2 0
404 2 0 0 2 0
405 2 0 0 2 0
406 2 0 0 2 0
407 2 0 0 2 0
408 2 0 0 2 0
409 2 0 0 2 0
410 2 0 0 2 0
411 2 0 0 2 0
412 2 0 0 2 0
413 2 0 0 2 0
414 2 0 0 2 0
415 2 0 0 2 0
416 2 0 0 2 0
417 2 0 0 2 0
418 2 0 0 2 0
419 2 0 0 2 0
420 2 0 0 2 0
421 2 0 0 2 0
422 2 0 0 2 0
423 2 0 0 2 0
424 2 0 0 2 0
425 2 0 0 2 0
426 2 0 0 2 0
427 2 0 0 2 0
428 2 0 0 0 0
429 2 0 0 0 0
430 2 0 0 0 0
431 2 0 0 0 0
432 2 0 0 0 0
433 2 0 0 0 0
434 2 0 0 0 0
435 2 0 0 0 0
436 2 0 0 0 0
437 2 0 0 0 0
438 2 0 0 0 0
439 2 0 0 0 0
440 2 0 0 0 0
441 2 0 0 0 0
442 2 0 0 0 0
443 2 0 0 2 0
444 2 0 0 2 0
445 2 0 0 2 0
446 2 0 0 2 0
447 2 0 0 2 0
448 2 0 0 2 0
449 2 0 0 2 0
450 2 0 0 2 0
451 2 0 0 2 0
452 2 0 0 2 0
453 2 0 0 2 0
454 2 0 0 2 0
455 2 0 0 2 0
456 2 0 0 2 0
457 2 0 0 2 0
458 2 0 0 2 0
459 2 0 0 2 0
460 2 0 0 2 0
461 2 0 0 2 0
462 2 0 0 2 0
463 2 0 0 2 0
464 2 0 0 2 0
465 2 0 0 2 0
466 2 0 0 2 0
467 2 0 0 2 0
468 2 0 0 2 0
469 2 0 0 2 0
470 2 0 2 0 0
471 2 0 2 0 0
472 2 0 2 0 0
473 2 0 2 0 0
474 2 0 2 0 0
475 2 0 2 0 0
476 2 0 2 0 0
477 2 0 2 0 0
478 2 0 2 0 0
479 2 0 2 0 0
480 0 0 2 0 0
481 0 0 2 0 0
482 0 0 2 0 0
483 0 0 2 0 0
484 0 0 2 0 0
485 0 0 2 0 0
486 0 0 2 0 0
487 0 0 2 0 0
488 0 0 2 0 0
489 0 0 2 0 0
490 0 0 2 0 0
491 0 0 2 0 0
492 0 0 2 0 0
493 0 0 2 0 0
494 0 0 2 0 0
495 0 0 2 0 0
496 0 0 2 0 0
497 0 0 2 0 0
498 0 0 2 0 0
499 0 0 2 0 0
500 0 0 2 0 0
501 0 0 2 0 0
502 0 0 2 0 0
503 0 0 2 0 0
504 0 0 2 0 0
505 0 0 2 0 0
506 0 0 2 0 0
507 0 0 2 0 0
508 0 0 2 0 0
509 0 0 2 0 0
510 5 0 2 0 0
511 5 0 2 0 0
512 5 0 2 0 0
513 5 0 2 0 0
514 5 0 2 0 0
515 5 0 2 0 0
516 5 0 2 0 0
517 5 0 2 0 0
518 5 0 2 0 0
519 5 0 2 0 0
520 5 0 2 0 0
521 5 0 2 0 0
522 5 0 2 0 0
523 5 0 2 0 0
524 5 0 2 0 0
525 5 0 2 0 0
526 5 0 2 0 0
527 5 0 2 0 0
528 5 0 2 0 0
529 5 0 2 0 0
530 5 0 2 0 0
531 5 0 2 0 0
532 5 0 2 0 0
533 5 0 2 0 0
534 5 0 2 0 0
535 5 0 2 0 0
536 5 0 2 0 0
537 5 0 2 0 0
538 5 0 2 0 0
539 5 0 2 0 0
540 5 0 2 0 0
541 5 0 2 0 0
542 5 0 2 0 0
543 5 0 2 0 0
544 5 0 2 0 0
545 5 0 2 0 0
546 5 0 2 0 0
547 5 0 2 0 0
548 5 0 2 0 0
549 5 0 2 0 0
550 5 0 2 0 0
551 5 0 2 0 0
552 5 0 2 0 0
553 5 0 2 0 0
554 5 0 2 0 0
555 5 0 2 0 0
556 5 0 2 0 0
557 5 0 2 0 0
558 5 0 2 0 0
559 5 0 2 0 0
560 5 0 2 0 0
561 5 0 2 0 0
562 5 0 2 0 0
563 5 0 2 0 0
564 5 0 2 0 0
565 5 0 2 0 0
566 5 0 2 0 0
567 5 0 2 0 0
568 5 0 2 0 0
569 5 0 2 0 0
570 5 0 2 0 0
571 5 0 2 0 0
572 5 0 2 0 0
573 5 0 2 0 0
574 5 0 2 0 0
575 5 0 2 0 0
576 5 0 2 0 0
577 5 0 2 0 0
578 5 0 2 0 0
579 5 0 2 0 0
580 5 0 2 0 0
581 5 0 2 0 0
582 5 0 2 0 0
583 5 0 2 0 0
584 5 0 2 0 0
585 5 0 2 0 0
586 5 0 2 0 0
587 5 0 2 0 0
588 5 0 2 0 0
589 5 0 2 0 0
590 5 0 2 0 0
591 5 0 2 0 0
592 5 0 2 0 0
593 5 0 2 0 0
594 5 0 2 0 0
595 5 0 2 0 0
596 5 0 2 0 0
597 5 0 2 0 0
598 5 0 2 0 0
599 5 0 2 0 0
600 5 0 2 0 2
601 5 0 2 0 2
602 5 0 2 0 2
603 5 0 2 0 2
604 5 0 2 0 2
605 5 0 2 0 2
606 5 0 2 0 2
607 5 0 2 0 2
608 5 0 2 0 2
609 5 0 2 0 2
610 5 0 2 0 2
611 5 0 2 0 2
612 5 0 2 0 2
613 5 0 2 0 2
614 5 0 2 0 2
615 5 0 2 0 2
616 5 0 2 0 2
617 5 0 2 0 2
618 5 0 2 0 2
619 5 0 2 0 2
620 0 5 2 0 2
621 0 5 2 0 2
622 0 5 2 0 2
623 0 5 2 0 2
624 0 5 2 0 2
625 0 5 2 0 2
626 0 5 2 0 2
627 0 5 2 0 2
628 0 5 2 0 2
629 0 5 2 0 2
630 0 0 2 0 2
631 0 0 2 0 2
632 0 0 2 0 2
633 0 0 2 0 2
634 0 0 2 0 2
635 0 0 2 0 2
636 0 0 2 0 2
637 0 0 2 0 2
638 0 0 2 0 2
639 0 0 2 0 2
640 0 0 2 0 2
641 0 0 2 0 2
642 0 0 2 0 2
643 0 0 2 0 2
644 0 0 2 0 2
645 0 0 2 0 2
646 0 0 2 0 2
647 0 0 2 0 2
648 0 0 2 0 2
649 0 0 2 0 2
650 0 0 2 0 2
651 0 0 2 0 2
652 0 0 2 0 2
653 0 0 2 0 2
654 0 0 2 0 2
655 0 0 2 0 2
656 0 0 2 0 2
657 0 0 2 0 2
658 0 0 2 0 2
659 0 0 2 0 2
660 0 0 2 0 2
661 0 0 2 0 2
662 0 0 2 0 2
663 0 0 2 0 2
664 0 0 2 0 2
665 0 0 2 0 2
666 0 0 2 0 2
667 0 0 2 0 2
668 0 0 2 0 2
669 0 0 2 0 2
670 0 0 2 0 2
671 0 0 2 0 2
672 0 0 2 0 2
673 0 0 2 0 2
674 0 0 2 0 2
675 0 0 2 0 2
676 0 0 2 0 2
677 0 0 2 0 2
678 0 0 2 0 2
679 0 0 2 0 2
680 0 0 2 0 2
681 0 0 2 0 2
682 0 0 2 0 2
683 0 0 2 0 2
684 0 0 2 0 2
685 0 0 2 0 2
686 0 0 2 0 2
687 0 0 2 0 2
688 0 0 2 0 2
689 0 0 2 0 2
690 0 0 2 0 2
691 0 0 2 0 2
692 0 0 2 0 2
693 0 0 2 0 2
694 0 0 2 0 2
695 0 0 2 0 2
696 0 0 2 0 2
697 0 0 2 0 2
698 0 0 2 0 2
699 0 0 2 0 2
700 0 0 2 0 2
701 0 0 2 0 2
702 0 0 2 0 2
703 0 0 2 0 2
704 0 0 2 0 2
705 0 0 2 0 2
706 0 0 2 0 2
707 0 0 2 0 2
708 0 0 2 0 2
709 0 0 2 0 2
710 0 0 2 0 2
711 0 0 2 0 2
712 0 0 2 0 2
713 0 0 2 0 2
714 0 0 2 0 2
715 0 0 2 0 2
716 0 0 2 0 2
717 0 0 2 0 2
718 0 0 2 0 2
719 0 0 2 0 2
720 0 0 2 0 2
721 0 0 2 0 2
722 0 0 2 0 2
723 0 0 2 0 2
724 0 0 2 0 2
725 0 0 2 0 2
726 0 0 2 0 2
727 0 0 2 0 2
728 0 0 2 0 2
729 0 0 2 0 2
730 0 0 2 0 2
731 0 0 2 0 2
732 0 0 2 0 2
733 0 0 2 0 2
734 0 0 2 0 2
735 0 0 2 0 2
736 0 0 2 0 2
737 0 0 2 0 2
738 0 0 2 0 2
739 0 0 2 0 2
740 0 0 2 0 2
741 0 0 2 0 2
742 0 0 2 0 2
743 0 0 2 0 2
744 0 0 2 0 2
745 0 0 2 0 2
746 0 0 2 0 2
747 0 0 2 0 2
748 0 0 2 0 2
749 0 0 2 0 2
750 0 0 2 0 2
751 0 0 2 0 2
752 0 0 2 0 2
753 0 0 2 0 2
754 0 0 2 0 2
755 0 0 2 0 2
756 0 0 2 0 2
757 0 0 2 0 2
758 0 0 2 0 2
759 0 0 2 0 2
760 2 0 2 2 2
761 2 0 2 2 2
762 2 0 2 2 2
763 2 0 2 2 2
764 2 0 2 2 2
765 2 0 2 2 2
766 2 0 2 2 2
767 2 0 2 2 2
768 2 0 2 2 2
769 2 0 2 2 2
770 2 0 0 2 2
771 2 0 0 2 2
772 2 0 0 2 2
773 2 0 0 2 2
774 2 0 0 2 2
775 2 0 0 2 2
776 2 0 0 2 2
777 2 0 0 2 2
778 2 0 0 2 2
779 2 0 0 2 2
780 2 0 0 2 2
781 2 0 0 2 2
782 2 0 0 2 2
783 2 0 0 2 2
784 2 0 0 2 2
785 2 0 0 2 2
786 2 0 0 2 2
787 2 0 0 2 2
788 2 0 0 2 2
789 2 0 0 2 2
790 2 0 0 0 2
791 2 0 0 0 2
792 2 0 0 0 2
793 2 0 0 0 2
794 2 0 0 0 2
795 2 0 0 0 2
796 2 0 0 0 2
797 2 0 0 0 2
798 2 0 0 0 2
799 2 0 0 0 2
800 2 0 0 0 2
801 2 0 0 0 2
802 2 0 0 0 2
803 2 0 0 0 2
804 2 0 0 0 2
805 2 0 0 0 2
806 2 0 0 0 2
807 2 0 0 0 2
808 2 0 0 0 2
809 2 0 0 0 2
810 2 0 0 0 2
811 2 0 0 0 2
812 2 0 0 0 2
813 2 0 0 0 2
814 2 0 0 0 2
815 2 0 0 0 2
816 2 0 0 0 2
817 2 0 0 0 2
818 2 0 0 0 2
819 2 0 0 0 2
820 2 0 0 0 2
821 2 0 0 0 2
822 2 0 0 0 2
823 2 0 0 0 2
824 2 0 0 0 2
825 2 0 0 0 2
826 2 0 0 0 2
827 2 0 0 0 2
828 2 0 0 0 2
829 2 0 0 0 2
830 2 0 0 0 2
831 2 0 0 0 2
832 2 0 0 0 2
833 2 0 0 0 2
834 2 0 0 0 2
835 2 0 0 0 2
836 2 0 0 0 2
837 2 0 0 0 2
838 2 0 0 0 2
839 2 0 0 0 2
840 2 0 0 0 2
841 2 0 0 0 2
842 2 0 0 0 2
843 2 0 0 0 2
844 2 0 0 0 2
845 2 0 0 0 2
846 2 0 0 0 2
847 2 0 0 0 2
848 2 0 0 0 2
849 2 0 0 0 2
850 2 0 0 0 2
851 2 0 0 0 2
852 2 0 0 0 2
853 2 0 0 0 2
854 2 0 0 0 2
855 2 0 0 0 2
856 2 0 0 0 2
857 2 0 0 0 2
858 2 0 0 0 2
859 2 0 0 0 2
860 2 0 0 0 2
861 2 0 0 0 2
862 2 0 0 0 2
863 2 0 0 0 2
864 2 0 0 0 2
865 2 0 0 0 2
866 2 0 0 0 2
867 2 0 0 0 2
868 2 0 0 0 2
869 2 0 0 0 2
870 2 0 0 0 2
871 2 0 0 0 2
872 2 0 0 0 2
873 2 0 0 0 2
874 2 0 0 0 2
875 2 0 0 0 2
876 2 0 0 0 2
877 2 0 0 0 2
878 2 0 0 0 2
879 2 0 0 0 2
880 2 0 0 0 2
881 2 0 0 0 2
882 2 0 0 0 2
883 2 0 0 0 2
884 2 0 0 0 2
885 2 0 0 0 2
886 2 0 0 0 2
887 2 0 0 0 2
888 2 0 0 0 2
889 2 0 0 0 2
890 2 0 0 0 2
891 2 0 0 0 2
892 2 0 0 0 2
893 2 0 0 0 2
894 2 0 0 0 2
895 2 0 0 0 2
896 2 0 0 0 2
897 2 0 0 0 2
898 2 0 0 0 2
899 2 0 0 0 2
900 2 0 0 0 2
901 2 0 0 0 2
902 2 0 0 0 2
903 2 0 0 0 2
904 2 0 0 0 2
905 2 0 0 0 2
906 2 0 0 0 2
907 2 0 0 0 2
908 2 0 0 0 2
909 2 0 0 0 2
910 2 0 0 0 2
911 2 0 0 0 2
912 2 0 0 0 2
913 2 0 0 0 2
914 2 0 0 0 2
915 2 0 0 0 2
916 2 0 0 0 2
917 2 0 0 0 2
918 2 0 0 0 2
919 2 0 0 0 2
920 2 0 0 0 2
921 2 0 0 0 2
922 2 0 0 0 2
923 2 0 0 0 2
924 2 0 0 0 2
925 2 0 0 0 2
926 2 0 0 0 2
927 2 0 0 0 2
928 2 0 0 0 2
929 2 0 0 0 2
930 2 0 0 0 2
931 2 0 0 0 2
932 2 0 0 0 2
933 2 0 0 0 2
934 2 0 0 0 2
935 2 0 0 0 2
936 2 0 0 0 2
937 2 0 0 0 2
938 2 0 0 0 2
939 2 0 0 0 2
940 2 0 0 0 2
941 2 0 0 0 2
942 2 0 0 0 2
943 2 0 0 0 2
944 2 0 0 0 2
945 2 0 0 0 2
946 2 0 0 0 2
947 2 0 0 0 2
948 2 0 0 0 2
949 2 0 0 0 2
950 2 0 0 0 0
951 2 0 0 0 0
952 2 0 0 0 0
953 2 0 0 0 0
954 2 0 0 0 0
955 2 0 0 0 0
956 2 0 0 0 0
957 2 0 0 0 0
958 2 0 0 0 0
959 2 0 0 0 0
960 2 0 0 0 0
961 2 0 0 0 0
962 2 0 0 0 0
963 2 0 0 0 0
964 2 0 0 0 0
965 2 0 0 0 0
966 2 0 0 0 0
967 2 0 0 0 0
968 2 0 0 0 0
969 2 0 0 0 0
970 2 0 0 0 0
971 2 0 0 0 0
972 2 0 0 0 0
973 2 0 0 0 0
974 2 0 0 0 0
975 2 0 0 0 0
976 2 0 0 0 0
977 2 0 0 0 0
978 2 0 0 0 0
979 2 0 0 0 0
980 2 0 0 0 0
981 2 0 0 0 0
982 2 0 0 0 0
983 2 0 0 0 0
984 2 0 0 0 0
985 2 0 0 0 0
986 2 0 0 0 0
987 2 0 0 0 0
988 2 0 0 0 0
989 2 0 0 0 0
990 2 0 0 0 0
991 2 0 0 0 0
992 2 0 0 0 0
993 2 0 0 0 0
994 2 0 0 0 0
995 2 0 0 0 0
996 2 0 0 0 0
997 2 0 0 0 0
998 2 0 0 0 0
999 2 0 0 0 0
1000 2 0 0 0 0
1001 2 0 0 0 0
1002 2 0 0 0 0
1003 2 0 0 0 0
1004 2 0 0 0 0
1005 2 0 0 0 0
1006 2 0 0 0 0
1007 2 0 0 0 0
1008 2 0 0 0 0
1009 2 0 0 0 0
1010 2 0 0 0 0
1011 2 0 0 0 0
1012 2 0 0 0 0
1013 2 0 0 0 0
1014 2 0 0 0 0
1015 2 0 0 0 0
1016 2 0 0 0 0
1017 2 0 0 0 0
1018 2 0 0 0 0
1019 2 0 0 0 0
1020 2 0 0 2 0
1021 2 0 0 2 0
1022 2 0 0 2 0
1023 2 0 0 2 0
1024 2 0 0 2 0
1025 2 0 0 2 0
1026 2 0 0 2 0
1027 2 0 2 0 0
1028 2 0 2 0 0
1029 2 0 2 0 0
1030 2 0 2 0 0
1031 2 0 2 0 0
1032 2 0 2 0 0
1033 2 0 2 0 0
1034 2 0 2 0 0
1035 2 0 2 0 0
1036 2 0 2 0 0
1037 2 0 2 0 0
1038 2 0 2 0 0
1039 2 0 2 0 0
1040 0 0 2 0 0
1041 0 0 2 0 0
1042 0 0 2 0 0
1043 0 0 2 0 0
1044 0 0 2 0 0
1045 0 0 2 0 0
1046 0 0 2 0 0
1047 0 0 2 0 0
1048 0 0 2 0 0
1049 0 0 2 0 0
1050 0 0 2 0 0
1051 0 0 2 0 0
1052 0 0 2 0 0
1053 0 0 2 0 0
1054 0 0 2 0 0
1055 0 0 2 0 0
1056 0 0 2 0 0
1057 0 0 2 0 0
1058 0 0 2 0 0
1059 0 0 2 0 0
1060 0 0 2 0 0
1061 0 0 2 0 0
1062 0 0 2 0 0
1063 0 0 2 0 0
1064 0 0 2 0 0
1065 0 0 2 0 0
1066 0 0 2 0 0
1067 0 0 2 0 0
1068 0 0 2 0 0
1069 0 0 2 0 0
1070 0 0 2 0 0
1071 0 0 2 0 0
1072 0 0 2 0 0
1073 0 0 2 0 0
1074 0 0 2 0 0
1075 0 0 2 0 0
1076 0 0 2 0 0
1077 0 0 2 0 0
1078 0 0 2 0 0
1079 0 0 2 0 0
1080 0 0 2 0 0
1081 0 0 2 0 0
1082 0 0 2 0 0
1083 0 0 2 0 0
1084 0 0 2 0 0
1085 0 0 2 0 0
1086 0 0 2 0 0
1087 0 0 2 0 0
1088 0 0 2 0 0
1089 0 0 2 0 0
1090 0 0 2 0 0
1091 0 0 2 0 0
1092 0 0 2 0 0
1093 0 0 2 0 0
1094 0 0 2 0 0
1095 0 0 2 0 0
1096 0 0 2 0 0
1097 0 0 2 0 0
1098 0 0 2 0 0
1099 0 0 2 0 0
1100 0 0 2 0 0
1101 0 0 2 0 0
1102 0 0 2 0 0
1103 0 0 2 0 0
1104 0 0 2 0 0
1105 0 0 2 0 0
1106 0 0 2 0 0
1107 0 0 2 0 0
1108 0 0 2 0 0
1109 0 0 2 0 0
1110 0 0 2 0 0
1111 0 0 2 0 0
1112 0 0 2 0 0
1113 0 0 2 0 0
1114 0 0 2 0 0
1115 0 0 2 0 0
1116 0 0 2 0 0
1117 0 0 2 0 0
1118 0 0 2 0 0
1119 0 0 2 0 0
1120 5 0 2 0 0
1121 5 0 2 0 0
1122 5 0 2 0 0
1123 5 0 2 0 0
1124 5 0 2 0 0
1125 5 0 2 0 0
1126 5 0 2 0 0
1127 5 0 2 0 0
1128 5 0 2 0 0
1129 5 0 2 0 0
1130 5 0 2 0 0
1131 5 0 2 0 0
1132 5 0 2 0 0
1133 5 0 2 0 0
1134 5 0 2 0 0
1135 5 0 2 0 0
1136 5 0 2 0 0
1137 5 0 2 0 0
1138 5 0 2 0 0
1139 5 0 2 0 0
1140 5 0 2 0 0
1141 5 0 2 0 0
1142 5 0 2 0 0
1143 5 0 2 0 0
1144 5 0 2 0 0
1145 5 0 2 0 0
1146 5 0 2 0 0
1147 5 0 2 0 0
1148 5 0 2 0 0
1149 5 0 2 0 0
1150 5 0 2 0 0
1151 5 0 2 0 0
1152 5 0 2 0 0
1153 5 0 2 0 0
1154 5 0 2 0 0
1155 5 0 2 0 0
1156 5 0 2 0 0
1157 5 0 2 0 0
1158 5 0 2 0 0
1159 5 0 2 0 0
1160 5 0 2 0 0
1161 5 0 2 0 0
1162 5 0 2 0 0
1163 5 0 2 0 0
1164 5 0 2 0 0
1165 5 0 2 0 0
1166 5 0 2 0 0
1167 5 0 2 0 0
1168 5 0 2 0 0
1169 5 0 2 0 0
1170 5 0 2 0 0
1171 5 0 2 0 0
1172 5 0 2 0 0
1173 5 0 2 0 0
1174 5 0 2 0 0
1175 5 0 2 0 0
1176 5 0 2 0 0
1177 5 0 2 0 0
1178 5 0 2 0 0
1179 5 0 2 0 0
1180 5 0 2 0 0
1181 5 0 2 0 0
1182 5 0 2 0 0
1183 5 0 2 0 0
1184 5 0 2 0 0
1185 5 0 2 0 0
1186 5 0 2 0 0
1187 5 0 2 0 0
1188 5 0 2 0 0
1189 5 0 2 0 0
1190 5 0 2 0 0
1191 5 0 2 0 0
1192 5 0 2 0 0
1193 5 0 2 0 0
1194 5 0 2 0 0
1195 5 0 2 0 2
1196 5 0 2 0 2
1197 5 0 2 0 2
1198 5 0 2 0 2
1199 5 0 2 0 2
1200 5 0 2 0 2
1201 5 0 2 0 2
1202 5 0 2 0 2
1203 5 0 2 0 2
1204 5 0 2 0 2
1205 5 0 2 0 2
1206 5 0 2 0 2
1207 5 0 2 0 2
1208 5 0 2 0 2
1209 5 0 2 0 2
1210 5 0 2 0 2
1211 5 0 2 0 2
1212 5 0 2 0 2
1213 5 0 2 0 2
1214 5 0 2 0 2
1215 5 0 2 0 2
1216 5 0 2 0 2
1217 5 0 2 0 2
1218 5 0 2 0 2
1219 5 0 2 0 2
1220 5 0 2 0 2
1221 5 0 2 0 2
1222 5 0 2 0 2
1223 5 0 2 0 2
1224 5 0 2 0 2
1225 5 0 2 0 2
1226 5 0 2 0 2
1227 5 0 2 0 2
1228 5 0 2 0 2
1229 5 0 2 0 2
1230 5 0 2 0 2
1231 5 0 2 0 2
1232 5 0 2 0 2
1233 5 0 2 0 2
1234 5 0 2 0 2
1235 5 0 2 0 2
1236 5 0 2 0 2
1237 5 0 2 0 2
1238 5 0 2 0 2
1239 5 0 2 0 2
1240 5 0 2 0 2
1241 5 0 2 0 2
1242 5 0 2 0 2
1243 5 0 2 0 2
1244 5 0 2 0 2
1245 5 0 2 0 2
1246 5 0 2 0 2
1247 5 0 2 0 2
1248 5 0 2 0 2
1249 5 0 2 0 2
1250 5 0 2 0 2
1251 5 0 2 0 2
1252 5 0 2 0 2
1253 5 0 2 0 2
1254 5 0 2 0 2
1255 5 0 2 0 2
1256 5 0 2 0 2
1257 5 0 2 0 2
1258 5 0 2 0 2
1259 5 0 2 0 2
1260 0 2 2 0 2
1261 0 2 2 0 2
1262 0 2 2 0 2
1263 0 2 2 0 2
1264 0 2 2 0 2
1265 0 2 2 0 2
1266 0 2 2 0 2
1267 0 2 2 0 2
1268 0 2 2 0 2
1269 0 2 2 0 2
1270 0 0 2 0 2
1271 0 0 2 0 2
1272 0 0 2 0 2
1273 0 0 2 0 2
1274 0 0 2 0 2
1275 0 0 2 0 2
1276 0 0 2 0 2
1277 0 0 2 0 2
1278 0 0 2 0 2
1279 0 0 2 0 2
1280 0 0 2 0 2
1281 0 0 2 0 2
1282 0 0 2 0 2
1283 0 0 2 0 2
1284 0 0 2 0 2
1285 0 0 2 0 2
1286 0 0 2 0 2
1287 0 0 2 0 2
1288 0 0 2 0 2
1289 0 0 2 0 2
1290 0 0 2 0 2
1291 0 0 2 0 2
1292 0 0 2 0 2
1293 0 0 2 0 2
1294 0 0 2 0 2
1295 0 0 2 0 2
1296 0 0 2 0 2
1297 0 0 2 0 2
1298 0 0 2 0 2
1299 0 0 2 0 2
1300 0 0 2 0 2
1301 0 0 2 0 2
1302 0 0 2 0 2
1303 0 0 2 0 2
1304 0 0 2 0 2
1305 0 0 2 0 2
1306 0 0 2 0 2
1307 0 0 2 0 2
1308 0 0 2 0 2
1309 0 0 2 0 2
1310 0 0 2 0 2
1311 0 0 2 0 2
1312 0 0 2 0 2
1313 0 0 2 0 2
1314 0 0 2 0 2
1315 0 0 2 0 2
1316 0 0 2 0 2
1317 0 0 2 0 2
1318 0 0 2 0 2
1319 0 0 2 0 2
1320 0 0 2 0 2
1321 0 0 2 0 2
1322 0 0 2 0 2
1323 0 0 2 0 2
1324 0 0 2 0 2
1325 0 0 2 0 2
1326 0 0 2 0 2
1327 0 0 2 0 2
1328 0 0 2 0 2
1329 0 0 2 0 2
1330 0 0 2 0 2
1331 0 0 2 0 2
1332 0 0 2 0 2
1333 0 0 2 0 2
1334 0 0 2 0 2
1335 0 0 2 0 2
1336 0 0 2 0 2
1337 0 0 2 0 2
1338 0 0 2 0 2
1339 0 0 2 0 2
1340 0 0 2 0 2
1341 0 0 2 0 2
1342 0 0 2 0 2
1343 0 0 2 0 2
1344 0 0 2 0 2
1345 0 0 2 0 2
1346 0 0 2 0 2
1347 0 0 2 0 2
1348 0 0 2 0 2
1349 0 0 2 0 2
1350 0 0 2 0 2
1351 0 0 2 0 2
1352 0 0 2 0 2
1353 0 0 2 0 2
1354 0 0 2 0 2
1355 0 0 2 0 2
1356 0 0 2 0 2
1357 0 0 2 0 2
1358 0 0 2 0 2
1359 0 0 2 0 2
1360 0 0 2 0 2
1361 0 0 2 0 2
1362 0 0 2 0 2
1363 0 0 2 0 2
1364 0 0 2 0 2
1365 0 0 2 0 2
1366 0 0 2 0 2
1367 0 0 2 0 2
1368 0 0 2 0 2
1369 0 0 2 0 2
1370 0 0 2 0 2
1371 0 0 2 0 2
1372 0 0 2 0 2
1373 0 0 2 0 2
1374 0 0 2 0 2
1375 0 0 2 0 2
1376 0 0 2 0 2
1377 0 0 2 0 2
1378 0 0 2 0 2
1379 0 0 2 0 2
1380 0 0 2 0 2
1381 0 0 2 0 2
1382 0 0 2 0 2
1383 0 0 2 0 2
1384 0 0 2 0 2
1385 0 0 2 0 2
1386 0 0 2 0 2
1387 0 0 2 0 2
1388 0 0 2 0 2
1389 0 0 2 0 2
1390 0 0 2 0 2
1391 0 0 2 0 2
1392 0 0 2 0 2
1393 0 0 2 0 2
1394 0 0 2 0 2
1395 0 0 2 0 2
1396 0 0 2 0 2
1397 0 0 2 0 2
1398 0 0 2 0 2
1399 0 0 2 0 2
1400 0 0 2 0 2
1401 0 0 2 0 2
1402 0 0 2 0 2
1403 0 0 2 0 2
1404 0 0 2 0 2
1405 0 0 2 0 2
1406 0 0 2 0 2
1407 0 0 2 0 2
1408 0 0 2 0 2
1409 0 0 2 0 2
1410 0 0 2 0 2
1411 0 0 2 0 2
1412 0 0 2 0 2
1413 0 0 2 0 2
1414 0 0 2 0 2
1415 0 0 2 0 2
1416 0 0 2 0 2
1417 0 0 2 0 2
1418 0 0 2 0 2
1419 0 0 2 0 2
1420 0 0 2 0 2
1421 0 0 2 0 2
1422 0 0 2 0 2
1423 0 0 2 0 2
1424 0 0 2 0 2
1425 0 0 2 0 2
1426 0 0 2 0 2
1427 0 0 2 0 2
1428 0 0 2 0 2
1429 0 0 2 0 2
1430 2 0 2 0 2
1431 2 0 2 0 2
1432 2 0 2 0 2
1433 2 0 2 0 2
1434 2 0 2 0 2
1435 2 0 2 0 2
1436 2 0 2 0 2
1437 2 0 2 0 2
1438 2 0 2 0 2
1439 2 0 2 0 2
1440 2 0 2 0 2
1441 2 0 2 0 2
1442 2 0 2 0 2
1443 2 0 2 0 2
1444 2 0 2 0 2
1445 2 0 2 0 2
1446 2 0 2 0 2
1447 2 0 2 0 2
1448 2 0 2 0 2
1449 2 0 2 0 2
1450 2 0 0 0 2
1451 2 0 0 0 2
1452 2 0 0 0 2
1453 2 0 0 0 2
1454 2 0 0 0 2
1455 2 0 0 0 2
1456 2 0 0 0 2
1457 2 0 0 0 2
1458 2 0 0 0 2
1459 2 0 0 0 2
1460 2 0 0 0 2
1461 2 0 0 0 2
1462 2 0 0 0 2
1463 2 0 0 0 2
1464 2 0 0 0 2
1465 2 0 0 0 2
1466 2 0 0 0 2
1467 2 0 0 0 2
1468 2 0 0 0 2
1469 2 0 0 0 2
1470 2 0 0 0 2
1471 2 0 0 0 2
1472 2 0 0 0 2
1473 2 0 0 0 2
1474 2 0 0 0 2
1475 2 0 0 0 2
1476 2 0 0 0 2
1477 2 0 0 0 2
1478 2 0 0 0 2
1479 2 0 0 0 2
1480 2 0 0 0 0
1481 2 0 0 0 0
1482 2 0 0 0 0
1483 2 0 0 0 0
1484 2 0 0 0 0
1485 2 0 0 0 0
1486 2 0 0 0 0
1487 2 0 0 0 0
1488 2 0 0 0 0
1489 2 0 0 0 0
1490 2 0 0 0 0
1491 2 0 0 0 0
1492 2 0 0 0 0
1493 2 0 0 0 0
1494 2 0 0 0 0
1495 2 0 0 0 0
1496 2 0 0 0 0
1497 2 0 0 0 0
1498 2 0 0 0 0
1499 2 0 0 0 0
1500 2 0 0 0 0
1501 2 0 0 0 0
1502 2 0 0 0 0
1503 2 0 0 0 0
1504 2 0 0 0 0
1505 2 0 0 0 0
1506 2 0 0 0 0
1507 2 0 0 0 0
1508 2 0 0 0 0
1509 2 0 0 0 0
1510 2 0 0 0 0
1511 2 0 0 0 0
1512 2 0 0 0 0
1513 2 0 0 0 0
1514 2 0 0 0 0
1515 2 0 0 0 0
1516 2 0 0 0 0
1517 2 0 0 0 0
1518 2 0 0 0 0
1519 2 0 0 0 0
1520 2 0 0 0 0
1521 2 0 0 0 0
1522 2 0 0 0 0
1523 2 0 0 0 0
1524 2 0 0 0 0
1525 2 0 0 0 0
1526 2 0 0 0 0
1527 2 0 0 0 0
1528 2 0 0 0 0
1529 2 0 0 0 0
1530 2 0 0 0 0
1531 2 0 0 0 0
1532 2 0 0 0 0
1533 2 0 0 0 0
1534 2 0 0 0 0
1535 2 0 0 0 0
1536 2 0 0 0 0
1537 2 0 0 0 0
1538 2 0 0 0 0
1539 2 0 0 0 0
1540 2 0 0 0 0
1541 2 0 0 0 0
1542 2 0 0 0 0
1543 2 0 0 0 0
1544 2 0 0 0 0
1545 2 0 0 0 0
1546 2 0 0 0 0
1547 2 0 0 0 0
1548 2 0 0 0 0
1549 2 0 0 0 0
1550 2 0 0 0 0
1551 2 0 0 0 0
1552 2 0 0 0 0
1553 2 0 0 0 0
1554 2 0 0 0 0
1555 2 0 0 0 0
1556 2 0 0 0 0
1557 2 0 0 0 0
1558 2 0 0 0 0
1559 2 0 0 0 0
1560 2 0 0 0 0
1561 2 0 0 0 0
1562 2 0 0 0 0
1563 2 0 0 0 0
1564 2 0 0 0 0
1565 2 0 0 0 0
1566 2 0 0 0 0
1567 2 0 0 0 0
1568 2 0 0 0 0
1569 2 0 0 0 0
1570 2 0 0 0 0
1571 2 0 0 0 0
1572 2 0 0 0 0
1573 2 0 0 0 0
1574 2 0 0 0 0
1575 2 0 0 0 0
1576 2 0 0 0 0
1577 2 0 0 0 0
1578 2 0 0 0 0
1579 2 0 0 0 0
1580 2 0 0 0 0
1581 2 0 0 0 0
1582 2 0 0 0 0
1583 2 0 0 0 0
1584 2 0 0 0 0
1585 2 0 0 0 0
1586 2 0 0 0 0
1587 2 0 0 0 0
1588 2 0 0 0 0
1589 2 0 0 0 0
1590 2 0 0 0 0
1591 2 0 0 0 0
1592 2 0 0 0 0
1593 2 0 0 0 0
1594 2 0 0 0 0
1595 2 0 0 0 0
1596 2 0 0 0 0
1597 2 0 0 0 0
1598 2 0 0 0 0
1599 2 0 0 0 0
1600 2 0 0 0 0
1601 2 0 0 0 0
1602 2 0 0 0 0
1603 2 0 0 0 0
1604 2 0 0 0 0
1605 2 0 0 0 0
1606 2 0 0 0 0
1607 2 0 0 0 0
1608 2 0 0 0 0
1609 2 0 0 0 0
1610 2 0 0 2 0
1611 2 0 0 2 0
1612 2 0 0 2 0
1613 2 0 0 2 0
1614 2 0 0 2 0
1615 2 0 0 2 0
1616 2 0 0 2 0
1617 2 0 0 2 0
1618 2 0 0 2 0
1619 2 0 0 2 0
1620 2 0 0 2 0
1621 2 0 0 2 0
1622 2 0 0 2 0
1623 2 0 0 2 0
1624 2 0 0 2 0
1625 2 0 0 2 0
1626 2 0 0 2 0
1627 2 0 0 2 0
1628 2 0 0 2 0
1629 2 0 0 2 0
1630 2 0 2 0 0
1631 2 0 2 0 0
1632 2 0 2 0 0
1633 2 0 2 0 0
1634 2 0 2 0 0
1635 2 0 2 0 0
1636 2 0 2 0 0
1637 2 0 2 0 0
1638 2 0 2 0 0
1639 2 0 2 0 0
1640 0 0 2 0 0
1641 0 0 2 0 0
1642 0 0 2 0 0
1643 0 0 2 0 0
1644 0 0 2 0 0
1645 0 0 2 0 0
1646 0 0 2 0 0
1647 0 0 2 0 0
1648 0 0 2 0 0
1649 0 0 2 0 0
1650 0 0 2 0 0
1651 0 0 2 0 0
1652 0 0 2 0 0
1653 0 0 2 0 0
1654 0 0 2 0 0
1655 0 0 2 0 0
1656 0 0 2 0 0
1657 0 0 2 0 0
1658 0 0 2 0 0
1659 0 0 2 0 0
1660 0 0 2 0 0
1661 0 0 2 0 0
1662 0 0 2 0 0
1663 0 0 2 0 0
1664 0 0 2 0 0
1665 0 0 2 0 0
1666 0 0 2 0 0
1667 0 0 2 0 0
1668 0 0 2 0 0
1669 0 0 2 0 0
1670 0 0 2 0 0
1671 0 0 2 0 0
1672 0 0 2 0 0
1673 0 0 2 0 0
1674 0 0 2 0 0
1675 0 0 2 0 0
1676 0 0 2 0 0
1677 0 0 2 0 0
1678 0 0 2 0 0
1679 0 0 2 0 0
1680 0 0 2 0 0
1681 0 0 2 0 0
1682 0 0 2 0 0
1683 0 0 2 0 0
1684 0 0 2 0 0
1685 0 0 2 0 0
1686 0 0 2 0 0
1687 0 0 2 0 0
1688 0 0 2 0 0
1689 0 0 2 0 0
1690 0 0 2 0 0
1691 0 0 2 0 0
1692 0 0 2 0 0
1693 0 0 2 0 0
1694 0 0 2 0 0
1695 0 0 2 0 0
1696 0 0 2 0 0
1697 0 0 2 0 0
1698 0 0 2 0 0
1699 0 0 2 0 0
1700 0 5 2 0 0
1701 0 5 2 0 0
1702 0 5 2 0 0
1703 0 5 2 0 0
1704 0 5 2 0 0
1705 0 5 2 0 0
1706 0 5 2 0 0
1707 0 5 2 0 0
1708 0 5 2 0 0
1709 0 5 2 0 0
1710 0 5 2 0 0
1711 0 5 2 0 0
1712 0 5 2 0 0
1713 0 5 2 0 0
1714 0 5 2 0 0
1715 0 5 2 0 0
1716 0 5 2 0 0
1717 0 5 2 0 0
1718 0 5 2 0 0
1719 0 5 2 0 0
1720 0 5 2 0 0
1721 0 5 2 0 0
1722 0 5 2 0 0
1723 0 5 2 0 0
1724 0 5 2 0 0
1725 0 5 2 0 0
1726 0 5 2 0 0
1727 0 5 2 0 0
1728 0 5 2 0 0
1729 0 5 2 0 0
1730 5 0 2 0 0
1731 5 0 2 0 0
1732 5 0 2 0 0
1733 5 0 2 0 0
1734 5 0 2 0 0
1735 5 0 2 0 0
1736 5 0 2 0 0
1737 5 0 2 0 0
1738 5 0 2 0 0
1739 5 0 2 0 2
1740 5 0 2 0 2
1741 5 0 2 0 2
1742 5 0 2 0 2
1743 5 0 2 0 2
1744 5 0 2 0 2
1745 5 0 2 0 2
1746 5 0 2 0 2
1747 5 0 2 0 2
1748 5 0 2 0 2
1749 5 0 2 0 2
1750 5 0 2 0 2
1751 5 0 2 0 2
1752 5 0 2 0 2
1753 5 0 2 0 2
1754 5 0 2 0 0
1755 5 0 2 0 0
1756 5 0 2 0 0
1757 5 0 2 0 0
1758 5 0 2 0 0
1759 5 0 2 0 0
1760 5 0 2 0 0
1761 5 0 2 0 0
1762 5 0 2 0 0
1763 5 0 2 0 0
1764 5 0 2 0 0
1765 5 0 2 0 0
1766 5 0 2 0 0
1767 5 0 2 0 0
1768 5 0 2 0 0
1769 5 0 2 0 2
1770 5 0 2 0 2
1771 5 0 2 0 2
1772 5 0 2 0 2
1773 5 0 2 0 2
1774 5 0 2 0 2
1775 5 0 2 0 2
1776 5 0 2 0 2
1777 5 0 2 0 2
1778 5 0 2 0 2
1779 5 0 2 0 2
1780 5 0 2 0 2
1781 5 0 2 0 2
1782 5 0 2 0 2
1783 5 0 2 0 2
1784 5 0 2 0 2
1785 5 0 2 0 2
1786 5 0 2 0 2
1787 5 0 2 0 2
1788 5 0 2 0 2
1789 5 0 2 0 2
1790 5 0 2 0 2
1791 5 0 2 0 2
1792 5 0 2 0 2
1793 5 0 2 0 2
1794 5 0 2 0 2
1795 5 0 2 0 2
1796 5 0 2 0 2
1797 5 0 2 0 2
1798 5 0 2 0 2
1799 5 0 2 0 2
1800 5 0 2 0 0
1801 5 0 2 0 0
1802 5 0 2 0 0
1803 5 0 2 0 0
1804 5 0 2 0 0
1805 5 0 2 0 0
1806 5 0 2 0 0
1807 5 0 2 0 0
1808 5 0 2 0 0
1809 5 0 2 0 0
1810 5 0 2 0 0
1811 5 0 2 0 0
1812 5 0 2 0 0
1813 5 0 2 0 0
1814 5 0 2 0 0
1815 5 0 2 0 0
1816 5 0 2 0 0
1817 5 0 2 0 0
1818 5 0 2 0 0
1819 5 0 2 0 0
1820 5 0 2 0 0
1821 5 0 2 0 0
1822 5 0 2 0 0
1823 5 0 2 0 0
1824 5 0 2 0 0
1825 5 0 2 0 0
1826 5 0 2 0 0
1827 5 0 2 0 0
1828 5 0 2 0 0
1829 5 0 2 0 0
1830 5 0 2 0 0
1831 5 0 2 0 0
1832 5 0 2 0 0
1833 5 0 2 0 0
1834 5 0 2 0 0
1835 5 0 2 0 0
1836 5 0 2 0 0
1837 5 0 2 0 0
1838 5 0 2 0 0
1839 5 0 2 0 0
1840 5 0 2 0 0
1841 5 0 2 0 0
1842 5 0 2 0 0
1843 5 0 2 0 0
1844 5 0 2 0 0
1845 5 0 2 0 0
1846 5 0 2 0 0
1847 5 0 2 0 0
1848 5 0 2 0 0
1849 5 0 2 0 0
1850 5 0 2 0 2
1851 5 0 2 0 2
1852 5 0 2 0 2
1853 5 0 2 0 2
1854 5 0 2 0 2
1855 5 0 2 0 2
1856 5 0 2 0 2
1857 5 0 2 0 2
1858 5 0 2 0 2
1859 5 0 2 0 2
1860 5 0 2 0 2
1861 5 0 2 0 2
1862 5 0 2 0 2
1863 5 0 2 0 2
1864 5 0 2 0 2
1865 5 0 2 0 2
1866 5 0 2 0 2
1867 5 0 2 0 2
1868 5 0 2 0 2
1869 5 0 2 0 2
1870 5 0 2 0 2
1871 5 0 2 0 2
1872 5 0 2 0 2
1873 5 0 2 0 2
1874 5 0 2 0 2
1875 5 0 2 0 2
1876 5 0 2 0 2
1877 5 0 2 0 2
1878 5 0 2 0 2
1879 5 0 2 0 2
1880 0 0 2 0 2
1881 0 0 2 0 2
1882 0 0 2 0 2
1883 0 0 2 0 2
1884 0 0 2 0 2
1885 0 0 2 0 2
1886 0 0 2 0 2
1887 0 0 2 0 2
1888 0 0 2 0 2
1889 0 0 2 0 2
1890 0 0 2 0 2
1891 0 0 2 0 2
1892 0 0 2 0 2
1893 0 0 2 0 2
1894 0 0 2 0 2
1895 0 0 2 0 2
1896 0 0 2 0 2
1897 0 0 2 0 2
1898 0 0 2 0 2
1899 0 0 2 0 2
1900 0 0 2 0 2
1901 0 0 2 0 2
1902 0 0 2 0 2
1903 0 0 2 0 2
1904 0 0 2 0 2
1905 0 0 2 0 2
1906 0 0 2 0 2
1907 0 0 2 0 2
1908 0 0 2 0 2
1909 0 0 2 0 2
1910 0 0 2 0 2
1911 0 0 2 0 2
1912 0 0 2 0 2
1913 0 0 2 0 2
1914 0 0 2 0 2
1915 0 0 2 0 2
1916 0 0 2 0 2
1917 0 0 2 0 2
1918 0 0 2 0 2
1919 0 0 2 0 2
1920 0 0 2 0 2
1921 0 0 2 0 2
1922 0 0 2 0 2
1923 0 0 2 0 2
1924 0 0 2 0 2
1925 0 0 2 0 2
1926 0 0 2 0 2
1927 0 0 2 0 2
1928 0 0 2 0 2
1929 0 0 2 0 2
1930 0 0 2 0 2
1931 0 0 2 0 2
1932 0 0 2 0 2
1933 0 0 2 0 2
1934 0 0 2 0 2
1935 0 0 2 0 2
1936 0 0 2 0 2
1937 0 0 2 0 2
1938 0 0 2 0 2
1939 0 0 2 0 2
1940 2 0 2 0 2
1941 2 0 2 0 2
1942 2 0 2 0 2
1943 2 0 2 0 2
1944 2 0 2 0 2
1945 2 0 2 0 2
1946 2 0 2 0 2
1947 2 0 2 0 2
1948 2 0 2 0 2
1949 2 0 2 0 2
1950 2 0 0 2 2
1951 2 0 0 2 2
1952 2 0 0 2 2
1953 2 0 0 2 2
1954 2 0 0 2 2
1955 2 0 0 2 2
1956 2 0 0 2 2
1957 2 0 0 2 2
1958 2 0 0 2 2
1959 2 0 0 0 2
1960 2 0 0 0 2
1961 2 0 0 0 2
1962 2 0 0 0 2
1963 2 0 0 0 2
1964 2 0 0 0 2
1965 2 0 0 0 2
1966 2 0 0 0 2
1967 2 0 0 0 2
1968 2 0 0 0 2
1969 2 0 0 0 2
1970 2 0 0 0 2
1971 2 0 0 0 2
1972 2 0 0 0 2
1973 2 0 0 0 2
1974 2 0 0 0 2
1975 2 0 0 0 2
1976 2 0 0 0 2
1977 2 0 0 0 2
1978 2 0 0 0 2
1979 2 0 0 0 2
1980 2 0 0 0 2
1981 2 0 0 0 2
1982 2 0 0 0 2
1983 2 0 0 0 2
1984 2 0 0 0 2
1985 2 0 0 0 2
1986 2 0 0 0 2
1987 2 0 0 0 2
1988 2 0 0 0 2
1989 2 0 0 0 2
1990 2 0 0 0 2
1991 2 0 0 0 2
1992 2 0 0 0 2
1993 2 0 0 0 2
1994 2 0 0 0 2
1995 2 0 0 0 2
1996 2 0 0 0 2
1997 2 0 0 0 2
1998 2 0 0 0 2
1999 2 0 0 0 2
2000 2 0 0 0 0
2001 2 0 0 0 0
2002 2 0 0 0 0
2003 2 0 0 0 0
2004 2 0 0 0 0
2005 2 0 0 0 0
2006 2 0 0 0 0
2007 2 0 0 0 0
2008 2 0 0 0 0
2009 2 0 0 0 0
2010 2 0 0 0 0
2011 2 0 0 0 0
2012 2 0 0 0 0
2013 2 0 0 0 0
2014 2 0 0 0 0
2015 2 0 0 0 0
2016 2 0 0 0 0
2017 2 0 0 0 0
2018 2 0 0 0 0
2019 2 0 0 0 0
2020 2 0 0 0 0
2021 2 0 0 0 0
2022 2 0 0 0 0
2023 2 0 0 0 0
2024 2 0 0 0 0
2025 2 0 0 0 0
2026 2 0 0 0 0
2027 2 0 0 0 0
2028 2 0 0 0 0
2029 2 0 0 0 0
2030 2 0 0 0 0
2031 2 0 0 0 0
2032 2 0 0 0 0
2033 2 0 0 0 0
2034 2 0 0 0 0
2035 2 0 0 0 0
2036 2 0 0 0 0
2037 2 0 0 0 0
2038 2 0 0 0 0
2039 2 0 0 0 0
2040 2 0 0 0 0
2041 2 0 0 0 0
2042 2 0 0 0 0
2043 2 0 0 0 0
2044 2 0 0 0 0
2045 2 0 0 0 0
2046 2 0 0 0 0
2047 2 0 0 0 0
2048 2 0 0 0 0
2049 2 0 0 0 0
2050 2 0 0 2 0
2051 2 0 0 2 0
2052 2 0 0 2 0
2053 2 0 0 2 0
2054 2 0 0 2 0
2055 2 0 0 2 0
2056 2 0 0 2 0
2057 2 0 0 2 0
2058 2 0 0 2 0
2059 2 0 0 2 0
2060 2 0 2 0 0
2061 2 0 2 0 0
2062 2 0 2 0 0
2063 2 0 2 0 0
2064 2 0 2 0 0
2065 2 0 2 0 0
2066 2 0 2 0 0
2067 2 0 2 0 0
2068 2 0 2 0 0
2069 2 0 2 0 0
2070 0 0 2 0 0
2071 0 0 2 0 0
2072 0 0 2 0 0
2073 0 0 2 0 0
2074 0 0 2 0 0
2075 0 0 2 0 0
2076 0 0 2 0 0
2077 0 0 2 0 0
2078 0 0 2 0 0
2079 0 0 2 0 0
2080 0 0 2 0 0
2081 0 0 2 0 0
2082 0 0 2 0 0
2083 0 0 2 0 0
2084 0 0 2 0 0
2085 0 0 2 0 0
2086 0 0 2 0 0
2087 0 0 2 0 0
2088 0 0 2 0 0
2089 0 0 2 0 0
2090 0 0 2 0 0
2091 0 0 2 0 0
2092 0 0 2 0 0
2093 0 0 2 0 0
2094 0 0 2 0 0
2095 0 0 2 0 0
2096 0 0 2 0 0
2097 0 0 2 0 0
2098 0 0 2 0 0
2099 0 0 2 0 0
2100 0 0 2 0 0
2101 0 0 2 0 0
2102 0 0 2 0 0
2103 0 0 2 0 0
2104 0 0 2 0 0
2105 0 0 2 0 0
2106 0 0 2 0 0
2107 0 0 2 0 0
2108 0 0 2 0 0
2109 0 0 2 0 0
2110 0 0 2 0 0
2111 0 0 2 0 0
2112 0 0 2 0 0
2113 0 0 2 0 0
2114 0 0 2 0 0
2115 0 0 2 0 0
2116 0 0 2 0 0
2117 0 0 2 0 0
2118 0 0 2 0 0
2119 0 0 2 0 0
2120 0 0 2 0 0
2121 0 0 2 0 0
2122 0 0 2 0 0
2123 0 0 2 0 0
2124 0 0 2 0 0
2125 0 0 2 0 0
2126 0 0 2 0 0
2127 0 0 2 0 0
2128 0 0 2 0 0
2129 0 0 2 0 0
2130 0 0 2 0 0
2131 0 0 2 0 0
2132 0 0 2 0 0
2133 0 0 2 0 0
2134 0 0 2 0 0
2135 0 0 2 0 0
2136 0 0 2 0 0
2137 0 0 2 0 0
2138 0 0 2 0 0
2139 0 0 2 0 0
2140 0 0 2 0 2
2141 0 0 2 0 2
2142 0 0 2 0 2
2143 0 0 2 0 2
2144 0 0 2 0 2
2145 0 0 2 0 2
2146 0 0 2 0 2
2147 0 0 2 0 2
2148 0 0 2 0 2
2149 0 0 2 0 2
2150 0 0 2 0 2
2151 0 0 2 0 2
2152 0 0 2 0 2
2153 0 0 2 0 2
2154 0 0 2 0 2
2155 0 0 2 0 2
2156 0 0 2 0 2
2157 0 0 2 0 2
2158 0 0 2 0 2
2159 0 0 2 0 2
2160 0 0 2 0 2
2161 0 0 2 0 2
2162 0 0 2 0 2
2163 0 0 2 0 2
2164 0 0 2 0 2
2165 0 0 2 0 2
2166 0 0 2 0 2
2167 0 0 2 0 2
2168 0 0 2 0 2
2169 0 0 2 0 2
2170 0 0 2 0 2
2171 0 0 2 0 2
2172 0 0 2 0 2
2173 0 0 2 0 2
2174 0 0 2 0 2
2175 0 0 2 0 2
2176 0 0 2 0 2
2177 0 0 2 0 2
2178 0 0 2 0 2
2179 0 0 2 0 2
2180 0 0 2 0 2
2181 0 0 2 0 2
2182 0 0 2 0 2
2183 0 0 2 0 2
2184 0 0 2 0 2
2185 0 0 2 0 2
2186 0 0 2 0 2
2187 0 0 2 0 0
2188 0 0 2 0 0
2189 0 0 2 0 0
2190 0 0 2 0 0
2191 0 0 2 0 0
2192 0 0 2 0 0
2193 0 0 2 0 0
2194 0 0 2 0 0
2195 0 0 2 0 0
2196 0 0 2 0 0
2197 0 0 2 0 0
2198 0 0 2 0 0
2199 0 0 2 0 0
2200 0 0 2 0 0
2201 0 0 2 0 0
2202 0 0 2 0 2
2203 0 0 2 0 2
2204 0 0 2 0 2
2205 0 0 2 0 2
2206 0 0 2 0 2
2207 0 0 2 0 2
2208 0 0 2 0 2
2209 0 0 2 0 2
2210 0 0 2 0 2
2211 0 0 2 0 2
2212 0 0 2 0 2
2213 0 0 2 0 2
2214 0 0 2 0 2
2215 0 0 2 0 2
2216 0 0 2 0 2
2217 0 0 2 0 2
2218 0 0 2 0 2
2219 0 0 2 0 2
2220 0 0 2 0 2
2221 0 0 2 0 2
2222 0 0 2 0 2
2223 0 0 2 0 2
2224 0 0 2 0 2
2225 0 0 2 0 2
2226 0 0 2 0 2
2227 0 0 2 0 2
2228 0 0 2 0 2
2229 0 0 2 0 2
2230 0 0 2 0 2
2231 0 0 2 0 2
2232 0 0 2 0 2
2233 0 0 2 0 2
2234 0 0 2 0 2
2235 0 0 2 0 2
2236 0 0 2 0 2
2237 0 0 2 0 2
2238 0 0 2 0 2
2239 0 0 2 0 2
2240 0 0 2 0 2
2241 0 0 2 0 2
2242 0 0 2 0 2
2243 0 0 2 0 2
2244 0 0 2 0 2
2245 0 0 2 0 2
2246 0 0 2 0 2
2247 0 0 2 0 2
2248 0 0 2 0 2
2249 0 0 2 0 2
2250 0 0 2 0 0
2251 0 0 2 0 0
2252 0 0 2 0 0
2253 0 0 2 0 0
2254 0 0 2 0 0
2255 0 0 2 0 0
2256 0 0 2 0 0
2257 0 0 2 0 0
2258 0 0 2 0 0
2259 0 0 2 0 0
2260 0 0 2 0 0
2261 0 0 2 0 0
2262 0 0 2 0 0
2263 0 0 2 0 0
2264 0 0 2 0 0
2265 0 0 2 0 0
2266 0 0 2 0 0
2267 0 0 2 0 0
2268 0 0 2 0 0
2269 0 0 2 0 0
2270 0 0 2 0 0
2271 0 0 2 0 0
2272 0 0 2 0 0
2273 0 0 2 0 0
2274 0 0 2 0 0
2275 0 0 2 0 0
2276 0 0 2 0 0
2277 0 0 2 0 0
2278 0 0 2 0 0
2279 0 0 2 0 0
2280 0 0 2 0 0
2281 0 0 2 0 0
2282 0 0 2 0 0
2283 0 0 2 0 0
2284 0 0 2 0 0
2285 0 0 2 0 0
2286 0 0 2 0 0
2287 0 0 2 0 0
2288 0 0 2 0 0
2289 0 0 2 0 0
2290 0 0 2 0 0
2291 0 0 2 0 0
2292 0 0 2 0 0
2293 0 0 2 0 0
2294 0 0 2 0 0
2295 0 0 2 0 0
2296 0 0 2 0 0
2297 0 0 2 0 0
2298 0 0 2 0 0
2299 0 0 2 0 0
2300 0 0 2 0 0
2301 0 0 2 0 0
2302 0 0 2 0 0
2303 0 0 2 0 0
2304 0 0 2 0 0
2305 0 0 2 0 0
2306 0 0 2 0 0
2307 0 0 2 0 0
2308 0 0 2 0 0
2309 0 0 2 0 0
2310 0 0 2 0 2
2311 0 0 2 0 2
2312 0 0 2 0 2
2313 0 0 2 0 2
2314 0 0 2 0 2
2315 0 0 2 0 2
2316 0 0 2 0 2
2317 0 0 2 0 2
2318 0 0 2 0 2
2319 0 0 2 0 2
2320 0 0 2 0 2
2321 0 0 2 0 2
2322 0 0 2 0 2
2323 0 0 2 0 2
2324 0 0 2 0 2
2325 0 0 2 0 2
2326 0 0 2 0 2
2327 0 0 2 0 2
2328 0 0 2 0 2
2329 0 0 2 0 2
2330 0 0 2 0 2
2331 0 0 2 0 2
2332 0 0 2 0 2
2333 0 0 2 0 2
2334 0 0 2 0 2
2335 0 0 2 0 2
2336 0 0 2 0 2
2337 0 0 2 0 0
2338 0 0 2 0 0
2339 0 0 2 0 0
2340 0 0 2 0 0
2341 0 0 2 0 0
2342 0 0 2 0 0
2343 0 0 2 0 0
2344 0 0 2 0 0
2345 0 0 2 0 0
2346 0 0 2 0 0
2347 0 0 2 0 0
2348 0 0 2 0 0
2349 0 0 2 0 0
2350 0 0 2 0 0
2351 0 0 2 0 0
2352 0 0 2 0 0
2353 0 0 2 0 0
2354 0 0 2 0 0
2355 0 0 2 0 0
2356 0 0 2 0 0
2357 0 0 2 0 0
2358 0 0 2 0 0
2359 0 0 2 0 0
2360 5 0 2 0 0
2361 5 0 2 0 0
2362 5 0 2 0 0
2363 5 0 2 0 0
2364 5 0 2 0 0
2365 5 0 2 0 0
2366 5 0 2 0 0
2367 5 0 2 0 0
2368 5 0 2 0 0
2369 5 0 2 0 0
2370 5 0 2 0 0
2371 5 0 2 0 0
2372 5 0 2 0 0
2373 5 0 2 0 0
2374 5 0 2 0 0
2375 5 0 2 0 0
2376 5 0 2 0 0
2377 5 0 2 0 0
2378 5 0 2 0 0
2379 5 0 2 0 0
2380 5 0 2 0 0
2381 5 0 2 0 0
2382 5 0 2 0 0
2383 5 0 2 0 0
2384 5 0 2 0 0
2385 5 0 2 0 0
2386 5 0 2 0 0
2387 5 0 2 0 0
2388 5 0 2 0 0
2389 5 0 2 0 0
2390 5 0 2 0 0
2391 5 0 2 0 0
2392 5 0 2 0 0
2393 5 0 2 0 0
2394 5 0 2 0 0
2395 5 0 2 0 0
2396 5 0 2 0 0
2397 5 0 2 0 0
2398 5 0 2 0 0
2399 5 0 2 0 0
2400 5 0 2 0 0
2401 5 0 2 0 0
2402 5 0 2 0 0
2403 5 0 2 0 0
2404 5 0 2 0 0
2405 5 0 2 0 0
2406 5 0 2 0 0
2407 5 0 2 0 0
2408 5 0 2 0 0
2409 5 0 2 0 0
2410 5 0 2 0 0
2411 5 0 2 0 0
2412 5 0 2 0 0
2413 5 0 2 0 0
2414 5 0 2 0 0
2415 5 0 2 0 0
2416 5 0 2 0 0
2417 5 0 2 0 0
2418 5 0 2 0 0
2419 5 0 2 0 0
2420 5 0 2 0 2
2421 5 0 2 0 2
2422 5 0 2 0 2
2423 5 0 2 0 2
2424 5 0 2 0 2
2425 5 0 2 0 2
2426 5 0 2 0 2
2427 5 0 2 0 2
2428 5 0 2 0 2
2429 5 0 2 0 2
2430 5 0 2 0 2
2431 5 0 2 0 2
2432 5 0 2 0 2
2433 5 0 2 0 2
2434 5 0 2 0 2
2435 5 0 2 0 2
2436 5 0 2 0 2
2437 5 0 2 0 2
2438 5 0 2 0 2
2439 5 0 2 0 2
2440 5 0 2 0 2
2441 5 0 2 0 2
2442 5 0 2 0 2
2443 5 0 2 0 2
2444 5 0 2 0 2
2445 5 0 2 0 2
2446 5 0 2 0 2
2447 5 0 2 0 2
2448 5 0 2 0 2
2449 5 0 2 0 2
2450 5 0 2 0 2
2451 5 0 2 0 2
2452 5 0 2 0 2
2453 5 0 2 0 2
2454 5 0 2 0 2
2455 5 0 2 0 2
2456 5 0 2 0 2
2457 5 0 2 0 2
2458 5 0 2 0 2
2459 5 0 2 0 2
2460 5 0 2 0 2
2461 5 0 2 0 2
2462 5 0 2 0 2
2463 5 0 2 0 2
2464 5 0 2 0 2
2465 5 0 2 0 2
2466 5 0 2 0 2
2467 5 0 2 0 2
2468 5 0 2 0 2
2469 5 0 2 0 2
2470 5 0 2 0 2
2471 5 0 2 0 2
2472 5 0 2 0 2
2473 5 0 2 0 2
2474 5 0 2 0 2
2475 5 0 2 0 2
2476 5 0 2 0 2
2477 5 0 2 0 2
2478 5 0 2 0 2
2479 5 0 2 0 2
2480 5 0 2 0 2
2481 5 0 2 0 2
2482 5 0 2 0 2
2483 5 0 2 0 2
2484 5 0 2 0 2
2485 5 0 2 0 2
2486 5 0 2 0 2
2487 5 0 2 0 2
2488 5 0 2 0 2
2489 5 0 2 0 2
2490 5 0 2 0 2
2491 5 0 2 0 2
2492 5 0 2 0 2
2493 5 0 2 0 2
2494 5 0 2 0 2
2495 5 0 2 0 2
2496 5 0 2 0 2
2497 5 0 2 0 2
2498 5 0 2 0 2
2499 5 0 2 0 2
2500 5 0 2 0 2
2501 5 0 2 0 2
2502 5 0 2 0 2
2503 5 0 2 0 2
2504 5 0 2 0 2
2505 5 0 2 0 2
2506 5 0 2 0 2
2507 5 0 2 0 2
2508 5 0 2 0 2
2509 5 0 2 0 2
2510 5 0 2 0 2
2511 5 0 2 0 2
2512 5 0 2 0 2
2513 5 0 2 0 2
2514 5 0 2 0 2
2515 5 0 2 0 2
2516 5 0 2 0 2
2517 5 0 2 0 2
2518 5 0 2 0 2
2519 5 0 2 0 2
2520 5 0 2 0 2
2521 5 0 2 0 2
2522 5 0 2 0 2
2523 5 0 2 0 2
2524 5 0 2 0 2
2525 5 0 2 0 2
2526 5 0 2 0 2
2527 5 0 2 0 2
2528 5 0 2 0 2
2529 5 0 2 0 2
2530 5 0 2 0 2
2531 5 0 2 0 2
2532 5 0 2 0 0
2533 5 0 2 0 0
2534 5 0 2 0 0
2535 5 0 2 0 0
2536 5 0 2 0 0
2537 5 0 2 0 0
2538 5 0 2 0 0
2539 5 0 2 0 0
2540 5 0 2 0 0
2541 5 0 2 0 0
2542 5 0 2 0 0
2543 5 0 2 0 0
2544 5 0 2 0 0
2545 5 0 2 0 0
2546 5 0 2 0 0
2547 5 0 2 0 2
2548 5 0 2 0 2
2549 5 0 2 0 2
2550 5 0 2 0 0
2551 5 0 2 0 0
2552 5 0 2 0 0
2553 5 0 2 0 0
2554 5 0 2 0 0
2555 5 0 2 0 0
2556 5 0 2 0 0
2557 5 0 2 0 0
2558 5 0 2 0 0
2559 5 0 2 0 0
2560 0 0 2 0 0
2561 0 0 2 0 0
2562 0 0 2 0 0
2563 0 0 2 0 0
2564 0 0 2 0 0
2565 0 0 2 0 0
2566 0 0 2 0 0
2567 0 0 2 0 0
2568 0 0 2 0 0
2569 0 0 2 0 0
2570 0 0 2 0 0
2571 0 0 2 0 0
2572 0 0 2 0 0
2573 0 0 2 0 0
2574 0 0 2 0 0
2575 0 0 2 0 0
2576 0 0 2 0 0
2577 0 0 2 0 0
2578 0 0 2 0 0
2579 0 0 2 0 0
2580 0 0 2 0 0
2581 0 0 2 0 0
2582 0 0 2 0 0
2583 0 0 2 0 0
2584 0 0 2 0 0
2585 0 0 2 0 0
2586 0 0 2 0 0
2587 0 0 2 0 0
2588 0 0 2 0 0
2589 0 0 2 0 0
2590 0 0 2 0 0
2591 0 0 2 0 0
2592 0 0 2 0 0
2593 0 0 2 0 0
2594 0 0 2 0 0
2595 0 0 2 0 0
2596 0 0 2 0 0
2597 0 0 2 0 0
2598 0 0 2 0 0
2599 0 0 2 0 0
2600 0 0 2 0 0
2601 0 0 2 0 0
2602 0 0 2 0 0
2603 0 0 2 0 0
2604 0 0 2 0 0
2605 0 0 2 0 0
2606 0 0 2 0 0
2607 0 0 2 0 0
2608 0 0 2 0 0
2609 0 0 2 0 0
2610 0 0 2 0 0
2611 0 0 2 0 0
2612 0 0 2 0 0
2613 0 0 2 0 0
2614 0 0 2 0 0
2615 0 0 2 0 0
2616 0 0 2 0 0
2617 0 0 2 0 0
2618 0 0 2 0 0
2619 0 0 2 0 0
2620 0 0 2 0 0
2621 0 0 2 0 0
2622 0 0 2 0 0
2623 0 0 2 0 0
2624 0 0 2 0 0
2625 0 0 2 0 0
2626 0 0 2 0 0
2627 0 0 2 0 0
2628 0 0 2 0 0
2629 0 0 2 0 0
2630 0 0 2 0 0
2631 0 0 2 0 0
2632 0 0 2 0 0
2633 0 0 2 0 0
2634 0 0 2 0 0
2635 0 0 2 0 0
2636 0 0 2 0 0
2637 0 0 2 0 0
2638 0 0 2 0 0
2639 0 0 2 0 0
2640 2 0 2 0 0
2641 2 0 2 0 0
2642 2 0 2 0 0
2643 2 0 2 0 0
2644 2 0 2 0 0
2645 2 0 2 0 0
2646 2 0 2 0 0
2647 2 0 2 0 0
2648 2 0 2 0 0
2649 2 0 2 0 0
2650 2 0 0 0 0
2651 2 0 0 0 0
2652 2 0 0 0 0
2653 2 0 0 0 0
2654 2 0 0 0 0
2655 2 0 0 0 0
2656 2 0 0 0 0
2657 2 0 0 0 0
2658 2 0 0 0 0
2659 2 0 0 0 0
2660 2 0 0 0 0
2661 2 0 0 0 0
2662 2 0 0 0 0
2663 2 0 0 0 0
2664 2 0 0 0 0
2665 2 0 0 0 0
2666 2 0 0 0 0
2667 2 0 0 0 0
2668 2 0 0 0 0
2669 2 0 0 0 0
2670 2 0 0 0 0
2671 2 0 0 0 0
2672 2 0 0 0 0
2673 2 0 0 0 0
2674 2 0 0 0 0
2675 2 0 0 0 0
2676 2 0 0 0 0
2677 2 0 0 0 0
2678 2 0 0 0 0
2679 2 0 0 0 0
2680 2 0 0 0 0
2681 2 0 0 0 0
2682 2 0 0 0 0
2683 2 0 0 0 0
2684 2 0 0 0 0
2685 2 0 0 0 0
2686 2 0 0 0 0
2687 2 0 0 0 0
2688 2 0 0 0 0
2689 2 0 0 0 0
2690 2 0 0 0 0
2691 2 0 0 0 0
2692 2 0 0 0 0
2693 2 0 0 0 0
2694 2 0 0 0 0
2695 2 0 0 0 0
2696 2 0 0 0 0
2697 2 0 0 0 0
2698 2 0 0 0 0
2699 2 0 0 0 0
2700 2 0 0 0 0
2701 2 0 0 0 0
2702 2 0 0 0 0
2703 2 0 0 0 0
2704 2 0 0 0 0
2705 2 0 0 0 0
2706 2 0 0 0 0
2707 2 0 0 0 0
2708 2 0 0 0 0
2709 2 0 0 0 0
2710 2 0 0 0 0
2711 2 0 0 0 0
2712 2 0 0 0 0
2713 2 0 0 0 0
2714 2 0 0 0 0
2715 2 0 0 0 0
2716 2 0 0 0 0
2717 2 0 0 0 0
2718 2 0 0 0 0
2719 2 0 0 0 0
2720 2 0 0 0 0
2721 2 0 0 0 0
2722 2 0 0 0 0
2723 2 0 0 0 0
2724 2 0 0 0 0
2725 2 0 0 0 0
2726 2 0 0 0 0
2727 2 0 0 0 0
2728 2 0 0 0 0
2729 2 0 0 0 0
2730 2 0 0 0 0
2731 2 0 0 0 0
2732 2 0 0 0 0
2733 2 0 0 0 0
2734 2 0 0 0 0
2735 2 0 0 0 0
2736 2 0 0 0 0
2737 2 0 0 0 0
2738 2 0 0 0 0
2739 2 0 0 0 0
2740 2 0 2 0 0
2741 2 0 2 0 0
2742 2 0 2 0 0
2743 2 0 2 0 0
2744 2 0 2 0 0
2745 2 0 2 0 0
2746 2 0 2 0 0
2747 2 0 2 0 0
2748 2 0 2 0 0
2749 2 0 2 0 0
2750 0 0 2 0 0
2751 0 0 2 0 0
2752 0 0 2 0 0
2753 0 0 2 0 0
2754 0 0 2 0 0
2755 0 0 2 0 0
2756 0 0 2 0 0
2757 0 0 2 0 0
2758 0 0 2 0 0
2759 0 0 2 0 0
2760 0 0 2 0 0
2761 0 0 2 0 0
2762 0 0 2 0 0
2763 0 0 2 0 0
2764 0 0 2 0 0
2765 0 0 2 0 0
2766 0 0 2 0 0
2767 0 0 2 0 0
2768 0 0 2 0 0
2769 0 0 2 0 0
2770 0 0 2 0 0
2771 0 0 2 0 0
2772 0 0 2 0 0
2773 0 0 2 0 0
2774 0 0 2 0 0
2775 0 0 2 0 0
2776 0 0 2 0 0
2777 0 0 2 0 0
2778 0 0 2 0 0
2779 0 0 2 0 0
2780 0 0 2 0 0
2781 0 0 2 0 0
2782 0 0 2 0 0
2783 0 0 2 0 0
2784 0 0 2 0 0
2785 0 0 2 0 0
2786 0 0 2 0 0
2787 0 0 2 0 0
2788 0 0 2 0 0
2789 0 0 2 0 0
2790 0 0 2 0 0
2791 0 0 2 0 0
2792 0 0 2 0 0
2793 0 0 2 0 0
2794 0 0 2 0 0
2795 0 0 2 0 0
2796 0 0 2 0 0
2797 0 0 2 0 0
2798 0 0 2 0 0
2799 0 0 2 0 0
2800 0 0 2 0 0
2801 0 0 2 0 0
2802 0 0 2 0 0
2803 0 0 2 0 0
2804 0 0 2 0 0
2805 0 0 2 0 0
2806 0 0 2 0 0
2807 0 0 2 0 0
2808 0 0 2 0 0
2809 0 0 2 0 0
2810 0 0 2 0 0
2811 0 0 2 0 0
2812 0 0 2 0 0
2813 0 0 2 0 0
2814 0 0 2 0 0
2815 0 0 2 0 0
2816 0 0 2 0 0
2817 0 0 2 0 0
2818 0 0 2 0 0
2819 0 0 2 0 0
2820 0 0 2 0 0
2821 0 0 2 0 0
2822 0 0 2 0 0
2823 0 0 2 0 0
2824 0 0 2 0 0
2825 0 0 2 0 0
2826 0 0 2 0 0
2827 0 0 2 0 0
2828 0 0 2 0 0
2829 0 0 2 0 0
2830 0 0 2 0 0
2831 0 0 2 0 0
2832 0 0 2 0 0
2833 0 0 2 0 0
2834 0 0 2 0 0
2835 0 0 2 0 0
2836 0 0 2 0 0
2837 0 0 2 0 0
2838 0 0 2 0 0
2839 0 0 2 0 0
2840 0 0 2 0 0
2841 0 0 2 0 0
2842 0 0 2 0 0
2843 0 0 2 0 0
2844 0 0 2 0 0
2845 0 0 2 0 0
2846 0 0 2 0 0
2847 0 0 2 0 0
2848 0 0 2 0 0
2849 0 0 2 0 0
2850 5 0 2 0 0
2851 5 0 2 0 0
2852 5 0 2 0 0
2853 5 0 2 0 0
2854 5 0 2 0 0
2855 5 0 2 0 0
2856 5 0 2 0 0
2857 5 0 2 0 0
2858 5 0 2 0 0
2859 5 0 2 0 0
2860 5 0 2 0 0
2861 5 0 2 0 0
2862 5 0 2 0 0
2863 5 0 2 0 0
2864 5 0 2 0 0
2865 5 0 2 0 0
2866 5 0 2 0 0
2867 5 0 2 0 0
2868 5 0 2 0 0
2869 5 0 2 0 0
2870 5 0 2 0 0
2871 5 0 2 0 0
2872 5 0 2 0 0
2873 5 0 2 0 0
2874 5 0 2 0 0
2875 5 0 2 0 0
2876 5 0 2 0 0
2877 5 0 2 0 0
2878 5 0 2 0 0
2879 5 0 2 0 0
2880 5 0 2 0 0
2881 5 0 2 0 0
2882 5 0 2 0 0
2883 5 0 2 0 0
2884 5 0 2 0 0
2885 5 0 2 0 0
2886 5 0 2 0 0
2887 5 0 2 0 0
2888 5 0 2 0 0
2889 5 0 2 0 0
2890 5 0 2 0 0
2891 5 0 2 0 0
2892 5 0 2 0 0
2893 5 0 2 0 0
2894 5 0 2 0 0
2895 5 0 2 0 0
2896 5 0 2 0 0
2897 5 0 2 0 0
2898 5 0 2 0 0
2899 5 0 2 0 0
2900 5 0 2 0 0
2901 5 0 2 0 0
2902 5 0 2 0 0
2903 5 0 2 0 0
2904 5 0 2 0 0
2905 5 0 2 0 0
2906 5 0 2 0 0
2907 5 0 2 0 0
2908 5 0 2 0 0
2909 5 0 2 0 0
2910 5 0 2 0 0
2911 5 0 2 0 0
2912 5 0 2 0 0
2913 5 0 2 0 0
2914 5 0 2 0 0
2915 5 0 2 0 0
2916 5 0 2 0 0
2917 5 0 2 0 0
2918 5 0 2 0 0
2919 5 0 2 0 0
2920 5 0 2 0 0
2921 5 0 2 0 0
2922 5 0 2 0 0
2923 5 0 2 0 0
2924 5 0 2 0 0
2925 5 0 2 0 0
2926 5 0 2 0 0
2927 5 0 2 0 0
2928 5 0 2 0 0
2929 5 0 2 0 0
2930 5 0 2 0 0
2931 5 0 2 0 0
2932 5 0 2 0 0
2933 5 0 2 0 0
2934 5 0 2 0 0
2935 5 0 2 0 0
2936 5 0 2 0 0
2937 5 0 2 0 0
2938 5 0 2 0 0
2939 5 0 2 0 0
2940 5 0 2 0 0
2941 5 0 2 0 0
2942 5 0 2 0 0
2943 5 0 2 0 0
2944 5 0 2 0 0
2945 5 0 2 0 0
2946 5 0 2 0 0
2947 5 0 2 0 0
2948 5 0 2 0 0
2949 5 0 2 0 0
2950 5 0 2 0 0
2951 5 0 2 0 0
2952 5 0 2 0 0
2953 5 0 2 0 0
2954 5 0 2 0 0
2955 5 0 2 0 0
2956 5 0 2 0 0
2957 5 0 2 0 0
2958 5 0 2 0 0
2959 5 0 2 0 0
2960 5 0 2 0 0
2961 5 0 2 0 0
2962 5 0 2 0 0
2963 5 0 2 0 0
2964 5 0 2 0 0
2965 5 0 2 0 0
2966 5 0 2 0 0
2967 5 0 2 0 0
2968 5 0 2 0 0
2969 5 0 2 0 0
2970 5 0 2 0 0
2971 5 0 2 0 0
2972 5 0 2 0 0
2973 5 0 2 0 0
2974 5 0 2 0 0
2975 5 0 2 0 0
2976 5 0 2 0 0
2977 5 0 2 0 0
2978 5 0 2 0 0
2979 5 0 2 0 0
2980 5 0 2 0 0
2981 5 0 2 0 0
2982 5 0 2 0 0
2983 5 0 2 0 0
2984 5 0 2 0 0
2985 5 0 2 0 0
2986 5 0 2 0 0
2987 5 0 2 0 0
2988 5 0 2 0 0
2989 5 0 2 0 0
2990 5 0 2 0 2
2991 5 0 2 0 2
2992 5 0 2 0 2
2993 5 0 2 0 2
2994 5 0 2 0 2
2995 5 0 2 0 2
2996 5 0 2 0 2
2997 5 0 2 0 2
2998 5 0 2 0 2
2999 5 0 2 0 2
3000 5 0 2 0 2
3001 5 0 2 0 2
3002 5 0 2 0 2
3003 5 0 2 0 2
3004 5 0 2 0 2
3005 5 0 2 0 2
3006 5 0 2 0 2
3007 5 0 2 0 2
3008 5 0 2 0 2
3009 5 0 2 0 2
3010 5 0 2 0 2
3011 5 0 2 0 2
3012 5 0 2 0 2
3013 5 0 2 0 2
3014 5 0 2 0 2
3015 5 0 2 0 2
3016 5 0 2 0 2
3017 5 0 2 0 2
3018 5 0 2 0 2
3019 5 0 2 0 2
3020 5 0 2 0 2
3021 5 0 2 0 2
3022 5 0 2 0 2
3023 5 0 2 0 2
3024 5 0 2 0 2
3025 5 0 2 0 2
3026 5 0 2 0 2
3027 5 0 2 0 2
3028 5 0 2 0 2
3029 5 0 2 0 2
3030 5 0 2 0 2
3031 5 0 2 0 2
3032 5 0 2 0 2
3033 5 0 2 0 2
3034 5 0 2 0 2
3035 5 0 2 0 2
3036 5 0 2 0 2
3037 5 0 2 0 2
3038 5 0 2 0 2
3039 5 0 2 0 2
3040 5 0 2 0 2
3041 5 0 2 0 2
3042 5 0 2 0 2
3043 5 0 2 0 2
3044 5 0 2 0 2
3045 5 0 2 0 2
3046 5 0 2 0 2
3047 5 0 2 0 2
3048 5 0 2 0 2
3049 5 0 2 0 2
3050 5 0 2 0 1
3051 5 0 2 0 1
3052 5 0 2 0 1
3053 5 0 2 0 1
3054 5 0 2 0 1
3055 5 0 2 0 1
3056 5 0 2 0 1
3057 5 0 2 0 1
3058 5 0 2 0 1
3059 5 0 2 0 1
3060 5 0 2 0 1
3061 5 0 2 0 1
3062 5 0 2 0 1
3063 5 0 2 0 1
3064 5 0 2 0 1
3065 5 0 2 0 1
3066 5 0 2 0 1
3067 5 0 2 0 1
3068 5 0 2 0 1
3069 5 0 2 0 1
3070 5 0 2 0 1
3071 5 0 2 0 1
3072 5 0 2 0 1
3073 5 0 2 0 1
3074 5 0 2 0 1
3075 5 0 2 0 1
3076 5 0 2 0 1
3077 5 0 2 0 1
3078 5 0 2 0 1
3079 5 0 2 0 1
3080 5 0 2 0 2
3081 5 0 2 0 2
3082 5 0 2 0 2
3083 5 0 2 0 2
3084 5 0 2 0 2
3085 5 0 2 0 2
3086 5 0 2 0 2
3087 5 0 2 0 2
3088 5 0 2 0 2
3089 5 0 2 0 2
3090 5 0 2 0 2
3091 5 0 2 0 2
3092 5 0 2 0 2
3093 5 0 2 0 2
3094 5 0 2 0 2
3095 5 0 2 0 2
3096 5 0 2 0 2
3097 5 0 2 0 2
3098 5 0 2 0 2
3099 5 0 2 0 2
3100 5 0 2 0 2
3101 5 0 2 0 2
3102 5 0 2 0 2
3103 5 0 2 0 2
3104 5 0 2 0 2
3105 5 0 2 0 2
3106 5 0 2 0 2
3107 5 0 2 0 2
3108 5 0 2 0 2
3109 5 0 2 0 2
3110 5 0 2 0 2
3111 5 0 2 0 2
3112 5 0 2 0 2
3113 5 0 2 0 2
3114 5 0 2 0 2
3115 5 0 2 0 2
3116 5 0 2 0 2
3117 5 0 2 0 2
3118 5 0 2 0 2
3119 5 0 2 0 2
3120 5 0 2 0 2
3121 5 0 2 0 2
3122 5 0 2 0 2
3123 5 0 2 0 2
3124 5 0 2 0 2
3125 5 0 2 0 2
3126 5 0 2 0 2
3127 5 0 2 0 2
3128 5 0 2 0 2
3129 5 0 2 0 2
3130 5 0 2 0 2
3131 5 0 2 0 0
3132 5 0 2 0 0
3133 5 0 2 0 0
3134 5 0 2 0 0
3135 5 0 2 0 0
3136 5 0 2 0 0
3137 5 0 2 0 0
3138 5 0 2 0 0
3139 5 0 2 0 0
3140 5 0 2 0 0
3141 5 0 2 0 0
3142 5 0 2 0 0
3143 5 0 2 0 0
3144 5 0 2 0 0
3145 5 0 2 0 0
3146 5 0 2 0 0
3147 5 0 2 0 0
3148 5 0 2 0 0
3149 5 0 2 0 0
3150 5 0 2 0 0
3151 5 0 2 0 0
3152 5 0 2 0 0
3153 5 0 2 0 0
3154 5 0 2 0 0
3155 5 0 2 0 0
3156 5 0 2 0 0
3157 5 0 2 0 0
3158 5 0 2 0 0
3159 5 0 2 0 0
3160 5 0 2 0 0
3161 5 0 2 0 0
3162 5 0 2 0 0
3163 5 0 2 0 0
3164 5 0 2 0 0
3165 5 0 2 0 0
3166 5 0 2 0 0
3167 5 0 2 0 0
3168 5 0 2 0 0
3169 5 0 2 0 0
3170 5 0 2 0 0
3171 5 0 2 0 0
3172 5 0 2 0 0
3173 5 0 2 0 0
3174 5 0 2 0 0
3175 5 0 2 0 0
3176 5 0 2 0 2
3177 5 0 2 0 2
3178 5 0 2 0 2
3179 5 0 2 0 2
3180 5 0 2 0 2
3181 5 0 2 0 2
3182 5 0 2 0 2
3183 5 0 2 0 2
3184 5 0 2 0 2
3185 5 0 2 0 2
3186 5 0 2 0 2
3187 5 0 2 0 2
3188 5 0 2 0 2
3189 5 0 2 0 2
3190 5 0 2 0 2
3191 5 0 2 0 2
3192 5 0 2 0 2
3193 5 0 2 0 2
3194 5 0 2 0 2
3195 5 0 2 0 2
3196 5 0 2 0 2
3197 5 0 2 0 2
3198 5 0 2 0 2
3199 5 0 2 0 2
3200 5 0 2 0 2
3201 5 0 2 0 2
3202 5 0 2 0 2
3203 5 0 2 0 2
3204 5 0 2 0 2
3205 5 0 2 0 2
3206 5 0 2 0 2
3207 5 0 2 0 2
3208 5 0 2 0 2
3209 5 0 2 0 2
3210 5 0 2 0 2
3211 5 0 2 0 2
3212 5 0 2 0 2
3213 5 0 2 0 2
3214 5 0 2 0 2
3215 5 0 2 0 2
3216 5 0 2 0 2
3217 5 0 2 0 2
3218 5 0 2 0 2
3219 5 0 2 0 2
3220 5 0 2 0 2
3221 5 0 2 0 2
3222 5 0 2 0 2
3223 5 0 2 0 2
3224 5 0 2 0 2
3225 5 0 2 0 2
3226 5 0 2 0 2
3227 5 0 2 0 2
3228 5 0 2 0 2
3229 5 0 2 0 2
3230 5 0 2 0 1
3231 5 0 2 0 1
3232 5 0 2 0 1
3233 5 0 2 0 1
3234 5 0 2 0 1
3235 5 0 2 0 1
3236 5 0 2 0 1
3237 5 0 2 0 1
3238 5 0 2 0 1
3239 5 0 2 0 1
3240 5 0 2 0 1
3241 5 0 2 0 1
3242 5 0 2 0 1
3243 5 0 2 0 1
3244 5 0 2 0 1
3245 5 0 2 0 1
3246 5 0 2 0 1
3247 5 0 2 0 1
3248 5 0 2 0 1
3249 5 0 2 0 1
3250 5 0 2 0 1
3251 5 0 2 0 1
3252 5 0 2 0 1
3253 5 0 2 0 1
3254 5 0 2 0 1
3255 5 0 2 0 1
3256 5 0 2 0 1
3257 5 0 2 0 1
3258 5 0 2 0 1
3259 5 0 2 0 1
3260 5 0 2 0 1
3261 5 0 2 0 1
3262 5 0 2 0 1
3263 5 0 2 0 1
3264 5 0 2 0 1
3265 5 0 2 0 1
3266 5 0 2 0 1
3267 5 0 2 0 1
3268 5 0 2 0 1
3269 5 0 2 0 1
3270 5 0 2 0 1
3271 5 0 2 0 1
3272 5 0 2 0 1
3273 5 0 2 0 1
3274 5 0 2 0 1
3275 5 0 2 0 1
3276 5 0 2 0 1
3277 5 0 2 0 1
3278 5 0 2 0 1
3279 5 0 2 0 1
3280 5 0 2 0 2
3281 5 0 2 0 2
3282 5 0 2 0 2
3283 5 0 2 0 2
3284 5 0 2 0 2
3285 5 0 2 0 2
3286 5 0 2 0 2
3287 5 0 2 0 2
3288 5 0 2 0 2
3289 5 0 2 0 2
3290 5 0 2 0 2
3291 5 0 2 0 2
3292 5 0 2 0 2
3293 5 0 2 0 2
3294 5 0 2 0 2
3295 5 0 2 0 2
3296 5 0 2 0 2
3297 5 0 2 0 2
3298 5 0 2 0 2
3299 5 0 2 0 2
3300 5 0 2 0 2
3301 5 0 2 0 2
3302 5 0 2 0 2
3303 5 0 2 0 2
3304 5 0 2 0 2
3305 5 0 2 0 2
3306 5 0 2 0 2
3307 5 0 2 0 2
3308 5 0 2 0 2
3309 5 0 2 0 2
3310 5 0 2 0 2
3311 5 0 2 0 2
3312 5 0 2 0 2
3313 5 0 2 0 2
3314 5 0 2 0 2
3315 5 0 2 0 2
3316 5 0 2 0 2
3317 5 0 2 0 2
3318 5 0 2 0 2
3319 5 0 2 0 2
3320 5 0 2 0 2
3321 5 0 2 0 2
3322 5 0 2 0 2
3323 5 0 2 0 2
3324 5 0 2 0 2
3325 5 0 2 0 2
3326 5 0 2 0 2
3327 5 0 2 0 2
3328 5 0 2 0 2
3329 5 0 2 0 2
3330 5 0 2 0 2
3331 5 0 2 0 2
3332 5 0 2 0 2
3333 5 0 2 0 2
3334 5 0 2 0 2
3335 5 0 2 0 2
3336 5 0 2 0 2
3337 5 0 2 0 2
3338 5 0 2 0 2
3339 5 0 2 0 2
3340 5 0 2 0 2
3341 5 0 2 0 2
3342 5 0 2 0 2
3343 5 0 2 0 2
3344 5 0 2 0 2
3345 5 0 2 0 2
3346 5 0 2 0 2
3347 5 0 2 0 2
3348 5 0 2 0 2
3349 5 0 2 0 2
3350 5 0 2 0 2
3351 5 0 2 0 2
3352 5 0 2 0 2
3353 5 0 2 0 2
3354 5 0 2 0 2
3355 5 0 2 0 2
3356 5 0 2 0 2
3357 5 0 2 0 2
3358 5 0 2 0 2
3359 5 0 2 0 2
3360 5 0 2 0 2
3361 5 0 2 0 2
3362 5 0 2 0 2
3363 5 0 2 0 2
3364 5 0 2 0 2
3365 5 0 2 0 2
3366 5 0 2 0 2
3367 5 0 2 0 2
3368 5 0 2 0 2
3369 5 0 2 0 2
3370 0 0 2 0 2
3371 0 0 2 0 2
3372 0 0 2 0 2
3373 0 0 2 0 2
3374 0 0 2 0 2
3375 0 0 2 0 2
3376 0 0 2 0 2
3377 0 0 2 0 2
3378 0 0 2 0 2
3379 0 0 2 0 2
3380 0 0 2 0 2
3381 0 0 2 0 2
3382 0 0 2 0 2
3383 0 0 2 0 2
3384 0 0 2 0 2
3385 0 0 2 0 2
3386 0 0 2 0 2
3387 0 0 2 0 2
3388 0 0 2 0 2
3389 0 0 2 0 2
3390 0 0 2 0 2
3391 0 0 2 0 2
3392 0 0 2 0 2
3393 0 0 2 0 2
3394 0 0 2 0 2
3395 0 0 2 0 2
3396 0 0 2 0 2
3397 0 0 2 0 2
3398 0 0 2 0 2
3399 0 0 2 0 2
3400 0 0 2 0 2
3401 0 0 2 0 2
3402 0 0 2 0 2
3403 0 0 2 0 2
3404 0 0 2 0 2
3405 0 0 2 0 2
3406 0 0 2 0 2
3407 0 0 2 0 2
3408 0 0 2 0 2
3409 0 0 2 0 2
3410 0 0 2 0 2
3411 0 0 2 0 2
3412 0 0 2 0 2
3413 0 0 2 0 2
3414 0 0 2 0 2
3415 0 0 2 0 2
3416 0 0 2 0 2
3417 0 0 2 0 2
3418 0 0 2 0 2
3419 0 0 2 0 2
3420 0 0 2 0 2
3421 0 0 2 0 2
3422 0 0 2 0 2
3423 0 0 2 0 2
3424 0 0 2 0 2
3425 0 0 2 0 2
3426 0 0 2 0 2
3427 0 0 2 0 2
3428 0 0 2 0 2
3429 0 0 2 0 2
3430 0 0 2 0 2
3431 0 0 2 0 2
3432 0 0 2 0 2
3433 0 0 2 0 2
3434 0 0 2 2 2
3435 0 0 2 2 2
3436 0 0 2 2 2
3437 0 0 2 2 2
3438 0 0 2 2 2
3439 0 0 2 2 2
3440 0 0 2 2 2
3441 0 0 2 2 2
3442 0 0 2 2 2
3443 0 0 2 2 2
3444 0 0 2 2 2
3445 0 0 2 2 2
3446 0 0 2 2 2
3447 0 0 2 2 2
3448 0 0 2 2 2
3449 0 0 2 2 2
3450 2 0 2 2 2
3451 2 0 2 2 2
3452 2 0 2 2 2
3453 2 0 2 2 2
3454 2 0 2 2 2
3455 2 0 2 2 2
3456 2 0 2 2 2
3457 2 0 2 2 2
3458 2 0 2 2 2
3459 2 0 2 2 2
3460 2 0 0 0 2
3461 2 0 0 0 2
3462 2 0 0 0 2
3463 2 0 0 0 2
3464 2 0 0 0 2
3465 2 0 0 0 2
3466 2 0 0 0 2
3467 2 0 0 0 2
3468 2 0 0 0 2
3469 2 0 0 0 2
3470 2 0 0 0 2
3471 2 0 0 0 2
3472 2 0 0 0 2
3473 2 0 0 0 2
3474 2 0 0 0 2
3475 2 0 0 0 2
3476 2 0 0 0 2
3477 2 0 0 0 2
3478 2 0 0 0 2
3479 2 0 0 0 2
3480 2 0 0 0 0
3481 2 0 0 0 0
3482 2 0 0 0 0
3483 2 0 0 0 0
3484 2 0 0 0 0
3485 2 0 0 0 0
3486 2 0 0 0 0
3487 2 0 0 0 0
3488 2 0 0 0 0
3489 2 0 0 0 0
3490 2 0 0 0 0
3491 2 0 0 0 0
3492 2 0 0 0 0
3493 2 0 0 0 0
3494 2 0 0 0 0
3495 2 0 0 0 0
