0 0 0 0 0 0
1 0 0 0 0 0
2 0 0 0 0 0
3 0 0 0 0 0
4 0 0 0 0 0
5 0 0 0 0 0
6 0 0 0 0 0
7 0 0 0 0 0
8 0 0 0 0 0
9 0 0 0 0 0
10 0 0 0 0 0
11 0 0 0 0 0
12 0 0 0 0 0
13 0 0 0 0 0
14 0 0 0 0 0
15 0 0 0 0 0
16 0 0 0 0 0
17 0 0 0 0 0
18 0 0 0 0 0
19 0 0 0 0 0
20 0 0 0 0 0
21 0 0 0 0 0
22 0 0 0 0 0
23 0 0 0 0 0
24 0 0 0 0 0
25 0 0 0 0 0
26 0 0 0 0 0
27 0 0 0 0 0
28 0 0 0 0 0
29 0 0 0 0 0
30 0 0 0 0 0
31 0 0 0 0 0
32 0 0 0 0 0
33 0 0 0 0 0
34 0 0 0 0 0
35 0 0 0 0 0
36 0 0 0 0 0
37 0 0 0 0 0
38 0 0 0 0 0
39 0 0 0 0 0
40 0 0 0 0 0
41 0 0 0 0 0
42 0 0 0 0 0
43 0 0 0 0 0
44 0 0 0 0 0
45 0 0 0 0 0
46 0 0 0 0 0
47 0 0 0 0 0
48 0 0 0 0 0
49 0 0 0 0 0
50 0 0 0 0 0
51 0 0 0 0 0
52 0 0 0 0 0
53 0 0 0 0 0
54 0 0 0 0 0
55 0 0 0 0 0
56 0 0 0 0 0
57 0 0 0 0 0
58 0 0 0 0 0
59 0 0 0 0 0
60 0 0 0 0 0
61 0 0 0 0 0
62 0 0 0 0 0
63 0 0 0 0 0
64 0 0 0 0 0
65 0 0 0 0 0
66 0 0 0 0 0
67 0 0 0 0 0
68 0 0 0 0 0
69 0 0 0 0 0
70 0 0 0 0 0
71 0 0 0 0 0
72 0 0 0 0 0
73 0 0 0 0 0
74 0 0 0 0 0
75 0 0 0 0 0
76 0 0 0 0 0
77 0 0 0 0 0
78 0 0 0 0 0
79 0 0 0 0 0
80 0 0 0 0 0
81 0 0 0 0 0
82 0 0 0 0 0
83 0 0 0 0 0
84 0 0 0 0 0
85 0 0 0 0 0
86 0 0 0 0 0
87 0 0 0 0 0
88 0 0 0 0 0
89 0 0 0 0 0
90 0 0 0 0 0
91 0 0 0 0 0
92 0 0 0 0 0
93 0 0 0 0 0
94 0 0 0 0 0
95 0 0 0 0 0
96 0 0 0 0 0
97 0 0 0 0 0
98 0 0 0 0 0
99 0 0 0 0 0
100 0 0 0 0 0
101 0 0 0 0 0
102 0 0 0 0 0
103 0 0 0 0 0
104 0 0 0 0 0
105 0 0 0 0 0
106 0 0 0 0 0
107 0 0 0 0 0
108 0 0 0 0 0
109 0 0 0 0 0
110 0 0 0 0 0
111 0 0 0 0 0
112 0 0 0 0 0
113 0 0 0 0 0
114 0 0 0 0 0
115 0 0 0 0 0
116 0 0 0 0 0
117 0 0 0 0 0
118 0 0 0 0 0
119 0 0 0 0 0
120 0 0 0 0 0
121 0 0 0 0 0
122 0 0 0 2 0
123 0 0 0 2 0
124 0 0 0 2 0
125 0 0 0 2 0
126 0 0 0 2 0
127 0 0 0 2 0
128 0 0 0 2 0
129 0 0 0 2 0
130 0 0 0 2 0
131 0 0 0 2 0
132 0 0 0 2 0
133 0 0 0 2 0
134 0 0 0 2 0
135 0 0 0 2 0
136 0 0 0 2 0
137 0 0 0 2 0
138 0 0 0 2 0
139 0 0 0 2 0
140 0 0 0 2 0
141 0 0 0 2 0
142 0 0 0 2 0
143 0 0 0 2 0
144 0 0 0 2 0
145 0 0 0 2 0
146 0 0 0 2 0
147 0 0 0 2 0
148 0 0 0 2 0
149 0 0 0 2 0
150 0 0 0 2 0
151 0 0 0 2 0
152 0 0 0 2 0
153 0 0 0 2 0
154 0 0 0 2 0
155 0 0 0 2 0
156 0 0 0 2 0
157 0 0 0 2 0
158 0 0 0 2 0
159 0 0 0 2 0
160 0 0 2 0 0
161 0 0 2 0 0
162 0 0 2 0 0
163 0 0 2 0 0
164 0 0 2 0 0
165 0 0 2 0 0
166 0 0 2 0 0
167 0 0 2 0 0
168 0 0 2 0 0
169 0 0 2 0 0
170 0 0 2 0 0
171 0 0 2 0 0
172 0 0 2 0 0
173 0 0 2 0 0
174 0 0 2 0 0
175 0 0 2 0 0
176 0 0 2 0 0
177 0 0 2 0 0
178 0 0 2 0 0
179 0 0 2 0 0
180 0 0 2 0 0
181 0 0 2 0 0
182 0 0 2 0 0
183 0 0 2 0 0
184 0 0 2 0 0
185 0 0 2 0 0
186 0 0 2 0 0
187 0 0 2 0 0
188 0 0 2 0 0
189 0 0 2 0 0
190 0 0 2 0 0
191 0 0 2 0 0
192 0 0 2 0 0
193 0 0 2 0 0
194 0 0 2 0 0
195 0 0 2 0 0
196 0 0 2 0 0
197 0 0 2 0 0
198 0 0 2 0 0
199 0 0 2 0 0
200 0 0 2 0 0
201 0 0 2 0 0
202 0 0 2 0 0
203 0 0 2 0 0
204 0 0 2 0 0
205 0 0 2 0 0
206 0 0 2 0 0
207 0 0 2 0 0
208 0 0 2 0 0
209 0 0 2 0 0
210 0 0 2 0 0
211 0 0 2 0 0
212 0 0 2 0 0
213 0 0 2 0 0
214 0 0 2 0 0
215 0 0 2 0 0
216 0 0 2 0 0
217 0 0 2 0 0
218 0 0 2 0 0
219 0 0 2 0 0
220 0 0 2 0 0
221 0 0 2 0 0
222 0 0 2 0 0
223 0 0 2 0 0
224 0 0 2 0 0
225 0 0 2 0 0
226 0 0 2 0 0
227 0 0 2 0 0
228 0 0 2 0 0
229 0 0 2 0 0
230 0 0 2 0 0
231 0 0 2 0 0
232 0 0 2 0 0
233 0 0 2 0 0
234 0 0 2 0 0
235 0 0 2 0 0
236 0 0 2 0 0
237 0 0 2 0 0
238 0 0 2 0 0
239 0 0 2 0 0
240 0 0 2 0 0
241 0 0 2 0 0
242 0 0 2 0 0
243 0 0 2 0 0
244 0 0 2 0 0
245 0 0 2 0 0
246 0 0 2 0 0
247 0 0 2 0 0
248 0 0 2 0 0
249 0 0 2 0 0
250 0 0 2 0 0
251 0 0 2 0 0
252 0 0 2 0 0
253 0 0 2 0 0
254 0 0 2 0 0
255 0 0 2 0 0
256 0 0 2 0 0
257 0 0 2 0 0
258 0 0 2 0 0
259 0 0 2 0 0
260 0 0 2 0 0
261 0 0 2 0 0
262 0 0 2 0 0
263 0 0 2 0 0
264 0 0 2 0 0
265 0 0 2 0 0
266 0 0 2 0 0
267 0 0 2 0 0
268 0 0 2 0 0
269 0 0 2 0 0
270 2 0 2 0 0
271 2 0 2 0 0
272 2 0 2 0 0
273 2 0 2 0 0
274 2 0 2 0 0
275 2 0 2 0 0
276 2 0 2 0 0
277 2 0 2 0 0
278 2 0 2 0 0
279 2 0 2 0 0
280 2 0 0 0 0
281 2 0 0 0 0
282 2 0 0 0 0
283 2 0 0 0 0
284 2 0 0 0 0
285 2 0 0 0 0
286 2 0 0 0 0
287 2 0 0 0 0
288 2 0 0 0 0
289 2 0 0 0 0
290 2 0 0 0 0
291 2 0 0 0 0
292 2 0 0 0 0
293 2 0 0 0 0
294 2 0 0 0 0
295 2 0 0 0 0
296 2 0 0 0 0
297 2 0 0 0 0
298 2 0 0 0 0
299 2 0 0 0 0
300 2 0 0 0 0
301 2 0 0 0 0
302 2 0 0 0 0
303 2 0 0 0 0
304 2 0 0 0 0
305 2 0 0 0 0
306 2 0 0 0 0
307 2 0 0 0 0
308 2 0 0 0 0
309 2 0 0 0 0
310 2 0 0 0 0
311 2 0 0 0 0
312 2 0 0 0 0
313 2 0 0 0 0
314 2 0 0 0 0
315 2 0 0 0 0
316 2 0 0 0 0
317 2 0 0 0 0
318 2 0 0 0 0
319 2 0 0 0 0
320 2 0 0 0 0
321 2 0 0 0 0
322 2 0 0 0 0
323 2 0 0 0 0
324 2 0 0 0 0
325 2 0 0 0 0
326 2 0 0 0 0
327 2 0 0 0 0
328 2 0 0 0 0
329 2 0 0 0 0
330 2 0 0 0 0
331 2 0 0 0 0
332 2 0 0 0 0
333 2 0 0 0 0
334 2 0 0 0 0
335 2 0 0 0 0
336 2 0 0 0 0
337 2 0 0 0 0
338 2 0 0 0 0
339 2 0 0 0 0
340 2 0 0 0 0
341 2 0 0 0 0
342 2 0 0 0 0
343 2 0 0 0 0
344 2 0 0 0 0
345 2 0 0 0 0
346 2 0 0 0 0
347 2 0 0 0 0
348 2 0 0 0 0
349 2 0 0 0 0
350 2 0 0 0 0
351 2 0 0 0 0
352 2 0 0 0 0
353 2 0 0 0 0
354 2 0 0 0 0
355 2 0 0 0 0
356 2 0 0 0 0
357 2 0 0 0 0
358 2 0 0 0 0
359 2 0 0 0 0
360 2 0 0 0 0
361 2 0 0 0 0
362 2 0 0 0 0
363 2 0 0 0 0
364 2 0 0 0 0
365 2 0 0 0 0
366 2 0 0 0 0
367 2 0 0 0 0
368 2 0 0 0 0
369 2 0 0 0 0
370 2 0 0 0 0
371 2 0 0 0 0
372 2 0 0 0 0
373 2 0 0 0 0
374 2 0 0 0 0
375 2 0 0 0 0
376 2 0 0 0 0
377 2 0 0 0 0
378 2 0 0 0 0
379 2 0 0 0 0
380 2 0 0 0 0
381 2 0 0 0 0
382 2 0 0 0 0
383 2 0 0 0 0
384 2 0 0 0 0
385 2 0 0 0 0
386 2 0 0 0 0
387 2 0 0 0 0
388 2 0 0 0 0
389 2 0 0 0 0
390 2 0 0 2 0
391 2 0 0 2 0
392 2 0 0 2 0
393 2 0 2 0 0
394 2 0 2 0 0
395 2 0 2 0 0
396 2 0 2 0 0
397 2 0 2 0 0
398 2 0 2 0 0
399 2 0 2 0 0
400 2 0 2 0 0
401 2 0 2 0 0
402 2 0 2 0 0
403 2 0 2 0 0
404 2 0 2 0 0
405 2 0 2 0 0
406 2 0 2 0 0
407 2 0 2 0 0
408 2 0 2 0 0
409 2 0 2 0 0
410 0 0 2 0 0
411 0 0 2 0 0
412 0 0 2 0 0
413 0 0 2 0 0
414 0 0 2 0 0
415 0 0 2 0 0
416 0 0 2 0 0
417 0 0 2 0 0
418 0 0 2 0 0
419 0 0 2 0 0
420 0 0 2 0 0
421 0 0 2 0 0
422 0 0 2 0 0
423 0 0 2 0 0
424 0 0 2 0 0
425 0 0 2 0 0
426 0 0 2 0 0
427 0 0 2 0 0
428 0 0 2 0 0
429 0 0 2 0 0
430 0 0 2 0 0
431 0 0 2 0 0
432 0 0 2 0 0
433 0 0 2 0 0
434 0 0 2 0 0
435 0 0 2 0 0
436 0 0 2 0 0
437 0 0 2 0 0
438 0 0 2 0 0
439 0 0 2 0 0
440 0 0 2 0 0
441 0 0 2 0 0
442 0 0 2 0 0
443 0 0 2 0 0
444 0 0 2 0 0
445 0 0 2 0 0
446 0 0 2 0 0
447 0 0 2 0 0
448 0 0 2 0 0
449 0 0 2 0 0
450 0 0 2 0 0
451 0 0 2 0 0
452 0 0 2 0 0
453 0 0 2 0 0
454 0 0 2 0 0
455 0 0 2 0 0
456 0 0 2 0 0
457 0 0 2 0 0
458 0 0 2 0 0
459 0 0 2 0 0
460 0 0 2 0 0
461 0 0 2 0 0
462 0 0 2 0 0
463 0 0 2 0 0
464 0 0 2 0 0
465 0 0 2 0 0
466 0 0 2 0 0
467 0 0 2 0 0
468 0 0 2 0 2
469 0 0 2 0 2
470 0 0 2 0 1
471 0 0 2 0 1
472 0 0 2 0 1
473 0 0 2 0 1
474 0 0 2 0 1
475 0 0 2 0 1
476 0 0 2 0 1
477 0 0 2 0 1
478 0 0 2 0 1
479 0 0 2 0 1
480 0 0 2 0 1
481 0 0 2 0 1
482 0 0 2 0 1
483 0 0 2 0 1
484 0 0 2 0 1
485 0 0 2 0 1
486 0 0 2 0 1
487 0 0 2 0 1
488 0 0 2 0 1
489 0 0 2 0 1
490 0 0 2 0 1
491 0 0 2 0 1
492 0 0 2 0 1
493 0 0 2 0 1
494 0 0 2 0 1
495 0 0 2 0 1
496 0 0 2 0 1
497 0 0 2 0 1
498 0 0 2 0 1
499 0 0 2 0 1
500 0 0 2 0 1
501 0 0 2 0 1
502 0 0 2 0 1
503 0 0 2 0 1
504 0 0 2 0 1
505 0 0 2 0 1
506 0 0 2 0 1
507 0 0 2 0 1
508 0 0 2 0 1
509 0 0 2 0 1
510 0 0 2 0 1
511 0 0 2 0 1
512 0 0 2 0 1
513 0 0 2 0 1
514 0 0 2 0 1
515 0 0 2 0 1
516 0 0 2 0 1
517 0 0 2 0 1
518 0 0 2 0 1
519 0 0 2 0 1
520 0 0 2 0 1
521 0 0 2 0 1
522 0 0 2 0 1
523 0 0 2 0 1
524 0 0 2 0 1
525 0 0 2 0 1
526 0 0 2 0 1
527 0 0 2 0 1
528 0 0 2 0 1
529 0 0 2 0 1
530 0 0 2 0 1
531 0 0 2 0 1
532 0 0 2 0 1
533 0 0 2 0 1
534 0 0 2 0 1
535 0 0 2 0 1
536 0 0 2 0 1
537 0 0 2 0 1
538 0 0 2 0 1
539 0 0 2 0 1
540 0 0 2 0 1
541 0 0 2 0 1
542 0 0 2 0 1
543 0 0 2 0 1
544 0 0 2 0 1
545 0 0 2 0 1
546 0 0 2 0 1
547 0 0 2 0 1
548 0 0 2 0 1
549 0 0 2 0 1
550 0 0 2 0 1
551 0 0 2 0 1
552 0 0 2 0 1
553 0 0 2 0 1
554 0 0 2 0 1
555 0 0 2 0 1
556 0 0 2 0 1
557 0 0 2 0 1
558 0 0 2 0 1
559 0 0 2 0 1
560 0 0 2 0 1
561 0 0 2 0 1
562 0 0 2 0 1
563 0 0 2 0 1
564 0 0 2 0 1
565 0 0 2 0 1
566 0 0 2 0 1
567 0 0 2 0 1
568 0 0 2 0 1
569 0 0 2 0 1
570 0 0 2 0 1
571 0 0 2 0 1
572 0 0 2 0 1
573 0 0 2 0 1
574 0 0 2 0 1
575 0 0 2 0 1
576 0 0 2 0 1
577 0 0 2 0 1
578 0 0 2 0 1
579 0 0 2 0 1
580 0 0 2 0 0
581 0 0 2 0 0
582 0 0 2 0 0
583 0 0 2 0 0
584 0 0 2 0 0
585 0 0 2 0 0
586 0 0 2 0 0
587 0 0 2 0 0
588 0 0 2 0 2
589 0 0 2 0 2
590 0 0 2 0 2
591 0 0 2 0 2
592 0 0 2 0 2
593 0 0 2 0 2
594 0 0 2 0 2
595 0 0 2 0 2
596 0 0 2 0 2
597 0 0 2 0 2
598 0 0 2 0 2
599 0 0 2 0 2
600 0 0 2 0 2
601 0 0 2 0 2
602 0 0 2 0 2
603 0 0 2 0 2
604 0 0 2 0 2
605 0 0 2 0 2
606 0 0 2 0 2
607 0 0 2 0 2
608 0 0 2 0 2
609 0 0 2 0 2
610 0 0 2 0 2
611 0 0 2 0 2
612 0 0 2 0 2
613 0 0 2 0 2
614 0 0 2 0 2
615 0 0 2 0 2
616 0 0 2 0 2
617 0 0 2 0 2
618 0 0 2 0 2
619 0 0 2 0 2
620 0 0 2 0 2
621 0 0 2 0 2
622 0 0 2 0 2
623 0 0 2 0 2
624 0 0 2 0 2
625 0 0 2 0 2
626 0 0 2 0 2
627 0 0 2 0 2
628 0 0 2 0 2
629 0 0 2 0 2
630 0 0 2 0 2
631 0 0 2 0 2
632 0 0 2 0 2
633 0 0 2 0 2
634 0 0 2 0 2
635 0 0 2 0 2
636 0 0 2 0 2
637 0 0 2 0 2
638 0 0 2 0 2
639 0 0 2 0 2
640 0 0 2 0 2
641 0 0 2 0 2
642 0 0 2 0 2
643 0 0 2 0 2
644 0 0 2 0 2
645 0 0 2 0 2
646 0 0 2 0 2
647 0 0 2 0 2
648 0 0 2 0 2
649 0 0 2 0 2
650 0 0 2 0 2
651 0 0 2 0 2
652 0 0 2 0 2
653 0 0 2 0 2
654 0 0 2 0 2
655 0 0 2 0 2
656 0 0 2 0 2
657 0 0 2 0 2
658 0 0 2 0 2
659 0 0 2 0 2
660 0 0 2 0 2
661 0 0 2 0 2
662 0 0 2 0 2
663 0 0 2 0 2
664 0 0 2 0 2
665 0 0 2 0 2
666 0 0 2 0 2
667 0 0 2 0 2
668 0 0 2 0 2
669 0 0 2 0 2
670 0 0 2 0 2
671 0 0 2 0 2
672 0 0 2 0 2
673 0 0 2 0 2
674 0 0 2 0 2
675 0 0 2 0 2
676 0 0 2 0 2
677 0 0 2 0 2
678 0 0 2 0 2
679 0 0 2 0 2
680 2 0 2 0 2
681 2 0 2 0 2
682 2 0 2 0 2
683 2 0 2 0 2
684 2 0 2 0 2
685 2 0 2 0 2
686 2 0 2 0 2
687 2 0 2 0 2
688 2 0 2 0 2
689 2 0 2 0 2
690 2 0 0 2 2
691 2 0 0 2 2
692 2 0 0 2 2
693 2 0 0 2 2
694 2 0 0 2 2
695 2 0 0 2 2
696 2 0 0 2 2
697 2 0 0 2 2
698 2 0 0 2 2
699 2 0 0 2 2
700 2 0 0 2 2
701 2 0 0 2 2
702 2 0 0 0 2
703 2 0 0 0 2
704 2 0 0 0 2
705 2 0 0 0 2
706 2 0 0 0 2
707 2 0 0 0 2
708 2 0 0 0 2
709 2 0 0 0 2
710 2 0 0 0 2
711 2 0 0 0 2
712 2 0 0 0 2
713 2 0 0 0 2
714 2 0 0 0 2
715 2 0 0 0 2
716 2 0 0 0 2
717 2 0 0 0 2
718 2 0 0 0 2
719 2 0 0 0 2
720 2 0 0 0 2
721 2 0 0 0 2
722 2 0 0 0 2
723 2 0 0 0 2
724 2 0 0 0 2
725 2 0 0 0 2
726 2 0 0 0 2
727 2 0 0 0 2
728 2 0 0 0 2
729 2 0 0 0 2
730 2 0 0 0 2
731 2 0 0 0 2
732 2 0 0 0 2
733 2 0 0 0 2
734 2 0 0 0 2
735 2 0 0 0 2
736 2 0 0 0 2
737 2 0 0 0 2
738 2 0 0 0 2
739 2 0 0 0 2
740 2 0 0 0 2
741 2 0 0 0 2
742 2 0 0 0 2
743 2 0 0 0 2
744 2 0 0 0 2
745 2 0 0 0 2
746 2 0 0 0 2
747 2 0 0 0 2
748 2 0 0 0 2
749 2 0 0 0 2
750 2 0 0 0 2
751 2 0 0 0 2
752 2 0 0 0 2
753 2 0 0 0 2
754 2 0 0 0 2
755 2 0 0 0 2
756 2 0 0 0 2
757 2 0 0 0 2
758 2 0 0 0 2
759 2 0 0 0 2
760 2 0 0 0 2
761 2 0 0 0 2
762 2 0 0 0 2
763 2 0 0 0 2
764 2 0 0 0 2
765 2 0 0 0 2
766 2 0 0 0 2
767 2 0 0 0 2
768 2 0 0 0 2
769 2 0 0 0 2
770 2 0 0 0 2
771 2 0 0 0 2
772 2 0 0 0 2
773 2 0 0 0 2
774 2 0 0 0 2
775 2 0 0 0 2
776 2 0 0 0 2
777 2 0 0 0 2
778 2 0 0 0 2
779 2 0 0 0 2
780 2 0 0 0 2
781 2 0 0 0 2
782 2 0 0 0 2
783 2 0 0 0 2
784 2 0 0 0 2
785 2 0 0 0 2
786 2 0 0 0 2
787 2 0 0 0 2
788 2 0 0 0 2
789 2 0 0 0 2
790 2 0 0 0 2
791 2 0 0 0 2
792 2 0 0 0 2
793 2 0 0 0 2
794 2 0 0 0 2
795 2 0 0 0 2
796 2 0 0 0 2
797 2 0 0 0 2
798 2 0 0 0 2
799 2 0 0 0 2
800 2 0 0 0 2
801 2 0 0 0 2
802 2 0 0 0 2
803 2 0 0 0 2
804 2 0 0 0 2
805 2 0 0 0 2
806 2 0 0 0 2
807 2 0 0 0 2
808 2 0 0 0 2
809 2 0 0 0 2
810 2 0 0 0 2
811 2 0 0 0 2
812 2 0 0 0 2
813 2 0 0 0 2
814 2 0 0 0 2
815 2 0 0 0 2
816 2 0 0 0 2
817 2 0 0 0 2
818 2 0 0 0 2
819 2 0 0 0 2
820 2 0 0 0 2
821 2 0 0 0 2
822 2 0 0 0 2
823 2 0 0 0 2
824 2 0 0 0 2
825 2 0 0 0 2
826 2 0 0 0 2
827 2 0 0 0 2
828 2 0 0 0 2
829 2 0 0 0 2
830 2 0 0 0 2
831 2 0 0 0 2
832 2 0 0 0 2
833 2 0 0 0 2
834 2 0 0 0 2
835 2 0 0 0 2
836 2 0 0 0 2
837 2 0 0 0 2
838 2 0 0 0 2
839 2 0 0 0 2
840 2 0 0 0 2
841 2 0 0 0 2
842 2 0 0 0 2
843 2 0 0 0 2
844 2 0 0 0 2
845 2 0 0 0 2
846 2 0 0 0 2
847 2 0 0 0 2
848 2 0 0 0 2
849 2 0 0 0 2
850 2 0 0 0 2
851 2 0 0 0 2
852 2 0 0 0 2
853 2 0 0 0 2
854 2 0 0 0 2
855 2 0 0 0 2
856 2 0 0 0 2
857 2 0 0 0 2
858 2 0 0 0 2
859 2 0 0 0 2
860 2 0 0 0 0
861 2 0 0 0 0
862 2 0 0 0 0
863 2 0 0 0 0
864 2 0 0 0 0
865 2 0 0 0 0
866 2 0 0 0 0
867 2 0 0 0 0
868 2 0 0 0 0
869 2 0 0 0 0
870 2 0 0 0 0
871 2 0 0 0 0
872 2 0 0 0 0
873 2 0 0 0 0
874 2 0 0 0 0
875 2 0 0 0 0
876 2 0 0 0 0
877 2 0 0 0 0
878 2 0 0 0 0
879 2 0 0 0 0
880 2 0 0 0 0
881 2 0 0 0 0
882 2 0 0 0 0
883 2 0 0 0 0
884 2 0 0 0 0
885 2 0 0 0 0
886 2 0 0 0 0
887 2 0 0 0 0
888 2 0 0 0 0
889 2 0 0 0 0
890 2 0 0 0 0
891 2 0 0 0 0
892 2 0 0 0 0
893 2 0 0 0 0
894 2 0 0 0 0
895 2 0 0 0 0
896 2 0 0 0 0
897 2 0 0 0 0
898 2 0 0 0 0
899 2 0 0 0 0
900 2 0 0 0 0
901 2 0 0 0 0
902 2 0 0 0 0
903 2 0 0 0 0
904 2 0 0 0 0
905 2 0 0 0 0
906 2 0 0 0 0
907 2 0 0 0 0
908 2 0 0 0 0
909 2 0 0 0 0
910 2 0 0 0 0
911 2 0 0 0 0
912 2 0 0 0 0
913 2 0 0 0 0
914 2 0 0 0 0
915 2 0 0 0 0
916 2 0 0 0 0
917 2 0 0 0 0
918 2 0 0 0 0
919 2 0 0 0 0
920 2 0 0 0 0
921 2 0 0 0 0
922 2 0 0 0 0
923 2 0 0 0 0
924 2 0 0 0 0
925 2 0 0 0 0
926 2 0 0 0 0
927 2 0 0 0 0
928 2 0 0 0 0
929 2 0 0 0 0
930 2 0 2 0 0
931 2 0 2 0 0
932 2 0 2 0 0
933 2 0 2 0 0
934 2 0 2 0 0
935 2 0 2 0 0
936 2 0 2 0 0
937 2 0 2 0 0
938 2 0 2 0 0
939 2 0 2 0 0
940 2 0 2 0 0
941 2 0 2 0 0
942 2 0 2 0 0
943 2 0 2 0 0
944 2 0 2 0 0
945 2 0 2 0 0
946 2 0 2 0 0
947 2 0 2 0 0
948 2 0 2 0 0
949 2 0 2 0 0
950 2 0 2 0 0
951 2 0 2 0 0
952 2 0 2 0 0
953 2 0 2 0 0
954 2 0 2 0 0
955 2 0 2 0 0
956 2 0 2 0 0
957 2 0 2 0 0
958 2 0 2 0 0
959 2 0 2 0 0
960 2 0 2 0 0
961 2 0 2 0 0
962 2 0 2 0 0
963 2 0 2 0 0
964 2 0 2 0 0
965 2 0 2 0 0
966 2 0 2 0 0
967 2 0 2 0 0
968 2 0 2 0 0
969 2 0 2 0 0
970 2 0 0 0 0
971 2 0 0 0 0
972 2 0 0 0 0
973 2 0 0 0 0
974 2 0 0 0 0
975 2 0 0 0 0
976 2 0 0 0 0
977 2 0 0 0 0
978 2 0 0 0 0
979 2 0 0 0 0
980 2 0 0 0 0
981 2 0 0 0 0
982 2 0 0 0 0
983 2 0 0 0 0
984 2 0 0 0 0
985 2 0 0 0 0
986 2 0 0 0 0
987 2 0 0 0 0
988 2 0 0 0 0
989 2 0 0 0 0
990 2 0 0 0 0
991 2 0 0 0 0
992 2 0 0 0 0
993 2 0 0 0 0
994 2 0 0 0 0
995 2 0 0 0 0
996 2 0 0 0 0
997 2 0 0 0 0
998 2 0 0 0 0
999 2 0 0 0 0
1000 2 0 0 2 0
1001 2 0 0 2 0
1002 2 0 0 2 0
1003 2 0 0 2 0
1004 2 0 0 2 0
1005 2 0 0 2 0
1006 2 0 0 2 0
1007 2 0 0 2 0
1008 2 0 0 2 0
1009 2 0 0 2 0
1010 2 0 0 2 0
1011 2 0 0 2 0
1012 2 0 0 2 0
1013 2 0 0 2 0
1014 2 0 0 2 0
1015 2 0 0 2 0
1016 2 0 0 2 0
1017 2 0 0 2 0
1018 2 0 0 2 0
1019 2 0 0 2 0
1020 2 0 2 0 0
1021 2 0 2 0 0
1022 2 0 2 0 0
1023 2 0 2 0 0
1024 2 0 2 0 0
1025 2 0 2 0 0
1026 2 0 2 0 0
1027 2 0 2 0 0
1028 2 0 2 0 0
1029 2 0 2 0 0
1030 2 0 2 0 0
1031 2 0 2 0 0
1032 2 0 2 0 0
1033 2 0 2 0 0
1034 2 0 2 0 0
1035 2 0 2 0 0
1036 2 0 2 0 0
1037 2 0 2 0 0
1038 2 0 2 0 0
1039 2 0 2 0 0
1040 0 0 2 0 0
1041 0 0 2 0 0
1042 0 0 2 0 0
1043 0 0 2 0 0
1044 0 0 2 0 0
1045 0 0 2 0 0
1046 0 0 2 0 0
1047 0 0 2 0 0
1048 0 0 2 0 0
1049 0 0 2 0 0
1050 0 0 2 0 0
1051 0 0 2 0 0
1052 0 0 2 0 0
1053 0 0 2 0 0
1054 0 0 2 0 0
1055 0 0 2 0 0
1056 0 0 2 0 0
1057 0 0 2 0 0
1058 0 0 2 0 0
1059 0 0 2 0 0
1060 0 0 2 0 0
1061 0 0 2 0 0
1062 0 0 2 0 0
1063 0 0 2 0 0
1064 0 0 2 0 0
1065 0 0 2 0 0
1066 0 0 2 0 0
1067 0 0 2 0 0
1068 0 0 2 0 0
1069 0 0 2 0 0
1070 0 0 2 0 0
1071 0 0 2 0 0
1072 0 0 2 0 0
1073 0 0 2 0 0
1074 0 0 2 0 0
1075 0 0 2 0 0
1076 0 0 2 0 0
1077 0 0 2 0 0
1078 0 0 2 0 0
1079 0 0 2 0 0
1080 0 0 2 0 0
1081 0 0 2 0 0
1082 0 0 2 0 0
1083 0 0 2 0 0
1084 0 0 2 0 0
1085 0 0 2 0 0
1086 0 0 2 0 0
1087 0 0 2 0 0
1088 0 0 2 0 0
1089 0 0 2 0 0
1090 0 0 2 0 0
1091 0 0 2 0 0
1092 0 0 2 0 0
1093 0 0 2 0 0
1094 0 0 2 0 0
1095 0 0 2 0 0
1096 0 0 2 0 2
1097 0 0 2 0 2
1098 0 0 2 0 2
1099 0 0 2 0 2
1100 0 0 2 0 2
1101 0 0 2 0 2
1102 0 0 2 0 2
1103 0 0 2 0 2
1104 0 0 2 0 2
1105 0 0 2 0 2
1106 0 0 2 0 2
1107 0 0 2 0 2
1108 0 0 2 0 2
1109 0 0 2 0 2
1110 0 0 2 0 2
1111 0 0 2 0 2
1112 0 0 2 0 2
1113 0 0 2 0 2
1114 0 0 2 0 2
1115 0 0 2 0 2
1116 0 0 2 0 2
1117 0 0 2 0 2
1118 0 0 2 0 2
1119 0 0 2 0 2
1120 0 0 2 0 2
1121 0 0 2 0 2
1122 0 0 2 0 2
1123 0 0 2 0 2
1124 0 0 2 0 2
1125 0 0 2 0 2
1126 0 0 2 0 0
1127 0 0 2 0 0
1128 0 0 2 0 0
1129 0 0 2 0 0
1130 0 0 2 0 0
1131 0 0 2 0 0
1132 0 0 2 0 0
1133 0 0 2 0 0
1134 0 0 2 0 0
1135 0 0 2 0 0
1136 0 0 2 0 0
1137 0 0 2 0 0
1138 0 0 2 0 0
1139 0 0 2 0 0
1140 0 0 2 0 0
1141 0 0 2 0 0
1142 0 0 2 0 0
1143 0 0 2 0 0
1144 0 0 2 0 0
1145 0 0 2 0 0
1146 0 0 2 0 0
1147 0 0 2 0 0
1148 0 0 2 0 0
1149 0 0 2 0 0
1150 0 0 2 0 0
1151 0 0 2 0 0
1152 0 0 2 0 0
1153 0 0 2 0 0
1154 0 0 2 0 0
1155 0 0 2 0 0
1156 0 0 2 0 0
1157 0 0 2 0 0
1158 0 0 2 0 0
1159 0 0 2 0 0
1160 0 0 2 0 1
1161 0 0 2 0 1
1162 0 0 2 0 1
1163 0 0 2 0 1
1164 0 0 2 0 1
1165 0 0 2 0 1
1166 0 0 2 0 1
1167 0 0 2 0 1
1168 0 0 2 0 1
1169 0 0 2 0 1
1170 0 0 2 0 1
1171 0 0 2 0 1
1172 0 0 2 0 1
1173 0 0 2 0 1
1174 0 0 2 0 1
1175 0 0 2 0 1
1176 0 0 2 0 1
1177 0 0 2 0 1
1178 0 0 2 0 1
1179 0 0 2 0 1
1180 0 0 2 0 1
1181 0 0 2 0 1
1182 0 0 2 0 1
1183 0 0 2 0 1
1184 0 0 2 0 1
1185 0 0 2 0 1
1186 0 0 2 0 1
1187 0 0 2 0 1
1188 0 0 2 0 1
1189 0 0 2 0 1
1190 0 0 2 0 1
1191 0 0 2 0 1
1192 0 0 2 0 1
1193 0 0 2 0 1
1194 0 0 2 0 1
1195 0 0 2 0 1
1196 0 0 2 0 1
1197 0 0 2 0 1
1198 0 0 2 0 1
1199 0 0 2 0 1
1200 0 0 2 0 1
1201 0 0 2 0 1
1202 0 0 2 0 1
1203 0 0 2 0 1
1204 0 0 2 0 1
1205 0 0 2 0 1
1206 0 0 2 0 1
1207 0 0 2 0 1
1208 0 0 2 0 1
1209 0 0 2 0 1
1210 0 0 2 0 0
1211 0 0 2 0 0
1212 0 0 2 0 0
1213 0 0 2 0 0
1214 0 0 2 0 0
1215 0 0 2 0 0
1216 0 0 2 0 0
1217 0 0 2 0 0
1218 0 0 2 0 0
1219 0 0 2 0 0
1220 0 0 2 0 0
1221 0 0 2 0 0
1222 0 0 2 0 0
1223 0 0 2 0 0
1224 0 0 2 0 0
1225 0 0 2 0 0
1226 0 0 2 0 0
1227 0 0 2 0 0
1228 0 0 2 0 0
1229 0 0 2 0 0
1230 0 0 2 0 0
1231 0 0 2 0 0
1232 0 0 2 0 0
1233 0 0 2 0 0
1234 0 0 2 0 0
1235 0 0 2 0 0
1236 0 0 2 0 0
1237 0 0 2 0 0
1238 0 0 2 0 0
1239 0 0 2 0 0
1240 0 0 2 0 2
1241 0 0 2 0 2
1242 0 0 2 0 2
1243 0 0 2 0 2
1244 0 0 2 0 2
1245 0 0 2 0 2
1246 0 0 2 0 2
1247 0 0 2 0 2
1248 0 0 2 0 2
1249 0 0 2 0 2
1250 0 0 2 0 1
1251 0 0 2 0 1
1252 0 0 2 0 1
1253 0 0 2 0 1
1254 0 0 2 0 1
1255 0 0 2 0 1
1256 0 0 2 0 1
1257 0 0 2 0 1
1258 0 0 2 0 1
1259 0 0 2 0 1
1260 0 0 2 0 1
1261 0 0 2 0 1
1262 0 0 2 0 1
1263 0 0 2 0 1
1264 0 0 2 0 1
1265 0 0 2 0 1
1266 0 0 2 0 1
1267 0 0 2 0 1
1268 0 0 2 0 1
1269 0 0 2 0 1
1270 0 0 2 0 1
1271 0 0 2 0 1
1272 0 0 2 0 1
1273 0 0 2 0 1
1274 0 0 2 0 1
1275 0 0 2 0 1
1276 0 0 2 0 1
1277 0 0 2 0 1
1278 0 0 2 0 1
1279 0 0 2 0 1
1280 0 0 2 0 1
1281 0 0 2 0 1
1282 0 0 2 0 1
1283 0 0 2 0 1
1284 0 0 2 0 1
1285 0 0 2 0 1
1286 0 0 2 0 1
1287 0 0 2 0 1
1288 0 0 2 0 1
1289 0 0 2 0 1
1290 0 0 2 0 2
1291 0 0 2 0 2
1292 0 0 2 0 2
1293 0 0 2 0 2
1294 0 0 2 0 2
1295 0 0 2 0 2
1296 0 0 2 0 2
1297 0 0 2 0 2
1298 0 0 2 0 2
1299 0 0 2 0 2
1300 0 0 2 0 2
1301 0 0 2 0 2
1302 0 0 2 0 2
1303 0 0 2 0 2
1304 0 0 2 0 2
1305 0 0 2 0 2
1306 0 0 2 0 2
1307 0 0 2 0 2
1308 0 0 2 0 2
1309 0 0 2 0 2
1310 0 0 2 0 2
1311 0 0 2 0 2
1312 0 0 2 0 2
1313 0 0 2 0 2
1314 0 0 2 0 2
1315 0 0 2 0 2
1316 0 0 2 0 2
1317 0 0 2 0 2
1318 0 0 2 0 2
1319 0 0 2 0 2
1320 0 0 2 0 2
1321 0 0 2 0 2
1322 0 0 2 0 2
1323 0 0 2 0 2
1324 0 0 2 0 2
1325 0 0 2 0 2
1326 0 0 2 0 2
1327 0 0 2 0 2
1328 0 0 2 0 2
1329 0 0 2 0 2
1330 0 0 2 0 2
1331 0 0 2 0 2
1332 0 0 2 0 2
1333 0 0 2 0 2
1334 0 0 2 0 2
1335 0 0 2 0 2
1336 0 0 2 0 2
1337 0 0 2 0 2
1338 0 0 2 0 2
1339 0 0 2 0 2
1340 0 0 2 0 2
1341 0 0 2 0 2
1342 0 0 2 0 2
1343 0 0 2 0 2
1344 0 0 2 0 2
1345 0 0 2 0 2
1346 0 0 2 0 2
1347 0 0 2 0 2
1348 0 0 2 0 2
1349 0 0 2 0 2
1350 0 0 2 0 2
1351 0 0 2 0 2
1352 0 0 2 0 2
1353 0 0 2 0 2
1354 0 0 2 0 2
1355 0 0 2 0 2
1356 0 0 2 0 2
1357 0 0 2 0 2
1358 0 0 2 0 2
1359 0 0 2 0 2
1360 0 2 2 0 2
1361 0 2 2 0 2
1362 0 2 2 0 2
1363 0 2 2 0 2
1364 0 2 2 0 2
1365 0 2 2 0 2
1366 0 2 2 0 2
1367 0 2 2 0 2
1368 0 2 2 0 2
1369 0 2 2 0 2
1370 2 0 2 0 2
1371 2 0 2 0 2
1372 2 0 2 0 2
1373 2 0 2 0 2
1374 2 0 2 0 2
1375 2 0 2 0 2
1376 2 0 2 0 2
1377 2 0 2 0 2
1378 2 0 2 0 2
1379 2 0 2 0 2
1380 2 0 0 2 2
1381 2 0 0 2 2
1382 2 0 0 2 2
1383 2 0 0 2 2
1384 2 0 0 2 2
1385 2 0 0 2 2
1386 2 0 0 2 2
1387 2 0 0 2 2
1388 2 0 0 2 2
1389 2 0 0 2 2
1390 2 0 0 0 2
1391 2 0 0 0 2
1392 2 0 0 0 2
1393 2 0 0 0 2
1394 2 0 0 0 2
1395 2 0 0 0 2
1396 2 0 0 0 2
1397 2 0 0 0 2
1398 2 0 0 0 2
1399 2 0 0 0 2
1400 2 0 0 0 2
1401 2 0 0 0 2
1402 2 0 0 0 2
1403 2 0 0 0 2
1404 2 0 0 0 2
1405 2 0 0 0 2
1406 2 0 0 0 2
1407 2 0 0 0 2
1408 2 0 0 0 2
1409 2 0 0 0 2
1410 2 0 0 0 0
1411 2 0 0 0 0
1412 2 0 0 0 0
1413 2 0 0 0 0
1414 2 0 0 0 0
1415 2 0 0 0 0
1416 2 0 0 0 0
1417 2 0 0 0 0
1418 2 0 0 0 0
1419 2 0 0 0 0
1420 2 0 0 0 0
1421 2 0 0 0 0
1422 2 0 0 0 0
1423 2 0 0 0 0
1424 2 0 0 0 0
1425 2 0 0 0 0
1426 2 0 0 0 0
1427 2 0 0 0 0
1428 2 0 0 0 0
1429 2 0 0 0 0
1430 2 0 0 0 0
1431 2 0 0 0 0
1432 2 0 0 0 0
1433 2 0 0 0 0
1434 2 0 0 0 0
1435 2 0 0 0 0
1436 2 0 0 0 0
1437 2 0 0 0 0
1438 2 0 0 0 0
1439 2 0 0 0 0
1440 2 0 0 0 0
1441 2 0 0 0 0
1442 2 0 0 0 0
1443 2 0 0 0 0
1444 2 0 0 0 0
1445 2 0 0 0 0
1446 2 0 0 0 0
1447 2 0 0 0 0
1448 2 0 0 0 0
1449 2 0 0 0 0
1450 2 0 0 0 0
1451 2 0 0 0 0
1452 2 0 0 0 0
1453 2 0 0 0 0
1454 2 0 0 0 0
1455 2 0 0 0 0
1456 2 0 0 0 0
1457 2 0 0 0 0
1458 2 0 0 0 0
1459 2 0 0 0 0
1460 2 0 0 0 0
1461 2 0 0 0 0
1462 2 0 0 0 0
1463 2 0 0 0 0
1464 2 0 0 0 0
1465 2 0 0 0 0
1466 2 0 0 0 0
1467 2 0 0 0 0
1468 2 0 0 0 0
1469 2 0 0 0 0
1470 2 0 0 0 0
1471 2 0 0 0 0
1472 2 0 0 0 0
1473 2 0 0 0 0
1474 2 0 0 0 0
1475 2 0 0 0 0
1476 2 0 0 0 0
1477 2 0 0 0 0
1478 2 0 0 0 0
1479 2 0 0 0 0
1480 2 0 0 0 0
1481 2 0 0 0 0
1482 2 0 0 0 0
1483 2 0 0 0 0
1484 2 0 0 0 0
1485 2 0 0 0 0
1486 2 0 0 0 0
1487 2 0 0 0 0
1488 2 0 0 0 0
1489 2 0 0 0 0
1490 2 0 2 0 0
1491 2 0 2 0 0
1492 2 0 2 0 0
1493 2 0 2 0 0
1494 2 0 2 0 0
1495 2 0 2 0 0
1496 2 0 2 0 0
1497 2 0 2 0 0
1498 2 0 2 0 0
1499 2 0 2 0 0
1500 0 0 2 0 0
1501 0 0 2 0 0
1502 0 0 2 0 0
1503 0 0 2 0 0
1504 0 0 2 0 0
1505 0 0 2 0 0
1506 0 0 2 0 0
1507 0 0 2 0 0
1508 0 0 2 0 0
1509 0 0 2 0 0
1510 0 0 2 0 0
1511 0 0 2 0 0
1512 0 0 2 0 0
1513 0 0 2 0 0
1514 0 0 2 0 0
1515 0 0 2 0 0
1516 0 0 2 0 0
1517 0 0 2 0 0
1518 0 0 2 0 0
1519 0 0 2 0 0
1520 0 0 2 0 0
1521 0 0 2 0 0
1522 0 0 2 0 0
1523 0 0 2 0 0
1524 0 0 2 0 0
1525 0 0 2 0 0
1526 0 0 2 0 0
1527 0 0 2 0 0
1528 0 0 2 0 0
1529 0 0 2 0 0
1530 0 0 2 0 0
1531 0 0 2 0 0
1532 0 0 2 0 0
1533 0 0 2 0 0
1534 0 0 2 0 0
1535 0 0 2 0 0
1536 0 0 2 0 0
1537 0 0 2 0 0
1538 0 0 2 0 0
1539 0 0 2 0 0
1540 0 0 2 0 0
1541 0 0 2 0 0
1542 0 0 2 0 0
1543 0 0 2 0 0
1544 0 0 2 0 0
1545 0 0 2 0 0
1546 0 0 2 0 0
1547 0 0 2 0 0
1548 0 0 2 0 0
1549 0 0 2 0 0
1550 0 0 2 0 0
1551 0 0 2 0 0
1552 0 0 2 0 0
1553 0 0 2 0 0
1554 0 0 2 0 0
1555 0 0 2 0 0
1556 0 0 2 0 0
1557 0 0 2 0 0
1558 0 0 2 0 0
1559 0 0 2 0 0
1560 0 0 2 0 0
1561 0 0 2 0 0
1562 0 0 2 0 0
1563 0 0 2 0 0
1564 0 0 2 0 0
1565 0 0 2 0 0
1566 0 0 2 0 2
1567 0 0 2 0 2
1568 0 0 2 0 2
1569 0 0 2 0 2
1570 5 0 2 0 2
1571 5 0 2 0 2
1572 5 0 2 0 2
1573 5 0 2 0 2
1574 5 0 2 0 2
1575 5 0 2 0 2
1576 5 0 2 0 2
1577 5 0 2 0 2
1578 5 0 2 0 2
1579 5 0 2 0 2
1580 5 0 2 0 2
1581 5 0 2 0 0
1582 5 0 2 0 0
1583 5 0 2 0 0
1584 5 0 2 0 0
1585 5 0 2 0 0
1586 5 0 2 0 0
1587 5 0 2 0 0
1588 5 0 2 0 0
1589 5 0 2 0 0
1590 5 0 2 0 0
1591 5 0 2 0 0
1592 5 0 2 0 0
1593 5 0 2 0 0
1594 5 0 2 0 0
1595 5 0 2 0 0
1596 5 0 2 0 0
1597 5 0 2 0 0
1598 5 0 2 0 0
1599 5 0 2 0 0
1600 5 0 2 0 1
1601 5 0 2 0 1
1602 5 0 2 0 1
1603 5 0 2 0 1
1604 5 0 2 0 1
1605 5 0 2 0 1
1606 5 0 2 0 1
1607 5 0 2 0 1
1608 5 0 2 0 1
1609 5 0 2 0 1
1610 5 0 2 0 1
1611 5 0 2 0 1
1612 5 0 2 0 1
1613 5 0 2 0 1
1614 5 0 2 0 1
1615 5 0 2 0 1
1616 5 0 2 0 1
1617 5 0 2 0 1
1618 5 0 2 0 1
1619 5 0 2 0 1
1620 5 0 2 0 2
1621 5 0 2 0 2
1622 5 0 2 0 2
1623 5 0 2 0 2
1624 5 0 2 0 2
1625 5 0 2 0 2
1626 5 0 2 0 2
1627 5 0 2 0 2
1628 5 0 2 0 2
1629 5 0 2 0 2
1630 5 0 2 0 2
1631 5 0 2 0 2
1632 5 0 2 0 2
1633 5 0 2 0 2
1634 5 0 2 0 2
1635 5 0 2 0 2
1636 5 0 2 0 2
1637 5 0 2 0 2
1638 5 0 2 0 2
1639 5 0 2 0 2
1640 5 0 2 0 2
1641 5 0 2 0 2
1642 5 0 2 0 2
1643 5 0 2 0 2
1644 5 0 2 0 2
1645 5 0 2 0 2
1646 5 0 2 0 2
1647 5 0 2 0 2
1648 5 0 2 0 2
1649 5 0 2 0 2
1650 5 0 2 0 2
1651 5 0 2 0 2
1652 5 0 2 0 2
1653 5 0 2 0 2
1654 5 0 2 0 2
1655 5 0 2 0 2
1656 5 0 2 0 2
1657 5 0 2 0 2
1658 5 0 2 0 2
1659 5 0 2 0 2
1660 0 0 2 0 2
1661 0 0 2 0 2
1662 0 0 2 0 2
1663 0 0 2 0 2
1664 0 0 2 0 2
1665 0 0 2 0 2
1666 0 0 2 0 2
1667 0 0 2 0 2
1668 0 0 2 0 2
1669 0 0 2 0 2
1670 0 0 2 0 2
1671 0 0 2 0 2
1672 0 0 2 0 2
1673 0 0 2 0 2
1674 0 0 2 0 2
1675 0 0 2 0 2
1676 0 0 2 0 2
1677 0 0 2 0 2
1678 0 0 2 0 2
1679 0 0 2 0 2
1680 0 0 2 0 2
1681 0 0 2 0 2
1682 0 0 2 0 2
1683 0 0 2 0 2
1684 0 0 2 0 2
1685 0 0 2 0 2
1686 0 0 2 0 2
1687 0 0 2 0 2
1688 0 0 2 0 2
1689 0 0 2 0 2
1690 0 0 2 0 2
1691 0 0 2 0 2
1692 0 0 2 0 2
1693 0 0 2 0 2
1694 0 0 2 0 2
1695 0 0 2 0 2
1696 0 0 2 0 2
1697 0 0 2 0 2
1698 0 0 2 0 2
1699 0 0 2 0 2
1700 0 0 2 0 2
1701 0 0 2 0 2
1702 0 0 2 0 2
1703 0 0 2 0 2
1704 0 0 2 0 2
1705 0 0 2 0 2
1706 0 0 2 0 2
1707 0 0 2 0 2
1708 0 0 2 0 2
1709 0 0 2 0 2
1710 2 0 2 0 2
1711 2 0 2 0 2
1712 2 0 2 0 2
1713 2 0 2 0 2
1714 2 0 2 0 2
1715 2 0 2 0 2
1716 2 0 2 0 2
1717 2 0 2 0 2
1718 2 0 2 0 2
1719 2 0 2 0 2
1720 2 0 2 0 2
1721 2 0 2 0 2
1722 2 0 2 2 2
1723 2 0 2 2 2
1724 2 0 2 2 2
1725 2 0 2 2 2
1726 2 0 2 2 2
1727 2 0 2 2 2
1728 2 0 2 2 2
1729 2 0 2 2 2
1730 2 0 0 0 2
1731 2 0 0 0 2
1732 2 0 0 0 2
1733 2 0 0 0 2
1734 2 0 0 0 2
1735 2 0 0 0 2
1736 2 0 0 0 2
1737 2 0 0 0 2
1738 2 0 0 0 2
1739 2 0 0 0 2
1740 2 0 0 0 2
1741 2 0 0 0 2
1742 2 0 0 0 2
1743 2 0 0 0 2
1744 2 0 0 0 2
1745 2 0 0 0 2
1746 2 0 0 0 2
1747 2 0 0 0 2
1748 2 0 0 0 2
1749 2 0 0 0 2
1750 2 0 0 0 2
1751 2 0 0 0 2
1752 2 0 0 0 0
1753 2 0 0 0 0
1754 2 0 0 0 0
1755 2 0 0 0 0
1756 2 0 0 0 0
1757 2 0 0 0 0
1758 2 0 0 0 0
1759 2 0 0 0 0
1760 2 0 0 0 0
1761 2 0 0 0 0
1762 2 0 0 0 0
1763 2 0 0 0 0
1764 2 0 0 0 0
1765 2 0 0 0 0
1766 2 0 0 0 0
1767 2 0 0 0 0
1768 2 0 0 0 0
1769 2 0 0 0 0
1770 2 0 0 5 0
1771 2 0 0 5 0
1772 2 0 0 5 0
1773 2 0 0 5 0
1774 2 0 0 5 0
1775 2 0 0 5 0
1776 2 0 0 5 0
1777 2 0 0 5 0
1778 2 0 0 5 0
1779 2 0 0 5 0
1780 2 0 0 5 0
1781 2 0 0 5 0
1782 2 0 0 5 0
1783 2 0 0 5 0
1784 2 0 0 5 0
1785 2 0 0 5 0
1786 2 0 0 5 0
1787 2 0 0 5 0
1788 2 0 0 5 0
1789 2 0 0 5 0
1790 2 0 0 0 0
1791 2 0 0 0 0
1792 2 0 0 0 0
1793 2 0 0 0 0
1794 2 0 0 0 0
1795 2 0 0 0 0
1796 2 0 0 0 0
1797 2 0 0 0 0
1798 2 0 0 0 0
1799 2 0 0 0 0
1800 2 0 0 0 0
1801 2 0 0 0 0
1802 2 0 0 0 0
1803 2 0 0 0 0
1804 2 0 0 0 0
1805 2 0 0 0 0
1806 2 0 0 0 0
1807 2 0 0 0 0
1808 2 0 0 0 0
1809 2 0 0 0 0
1810 2 0 0 0 0
1811 2 0 0 0 0
1812 2 0 0 0 0
1813 2 0 0 0 0
1814 2 0 0 0 0
1815 2 0 0 0 0
1816 2 0 0 0 0
1817 2 0 0 0 0
1818 2 0 0 0 0
1819 2 0 0 0 0
1820 2 0 0 0 0
1821 2 0 0 0 0
1822 2 0 0 0 0
1823 2 0 0 0 0
1824 2 0 0 0 0
1825 2 0 0 0 0
1826 2 0 0 0 0
1827 2 0 0 0 0
1828 2 0 0 0 0
1829 2 0 0 0 0
1830 2 0 0 0 0
1831 2 0 0 0 0
1832 2 0 0 0 0
1833 2 0 0 0 0
1834 2 0 0 0 0
1835 2 0 0 0 0
1836 2 0 0 0 0
1837 2 0 0 0 0
1838 2 0 0 0 0
1839 2 0 0 0 0
1840 2 0 0 2 0
1841 2 0 0 2 0
1842 2 0 0 2 0
1843 2 0 0 2 0
1844 2 0 0 2 0
1845 2 0 0 2 0
1846 2 0 0 2 0
1847 2 0 0 2 0
1848 2 0 0 2 0
1849 2 0 0 2 0
1850 2 0 2 0 0
1851 2 0 2 0 0
1852 2 0 2 0 0
1853 2 0 2 0 0
1854 2 0 2 0 0
1855 2 0 2 0 0
1856 2 0 2 0 0
1857 2 0 2 0 0
1858 2 0 2 0 0
1859 2 0 2 0 0
1860 0 0 2 0 0
1861 0 0 2 0 0
1862 0 0 2 0 0
1863 0 0 2 0 0
1864 0 0 2 0 0
1865 0 0 2 0 0
1866 0 0 2 0 0
1867 0 0 2 0 0
1868 0 0 2 0 0
1869 0 0 2 0 0
1870 0 0 2 0 0
1871 0 0 2 0 0
1872 0 0 2 0 0
1873 0 0 2 0 0
1874 0 0 2 0 0
1875 0 0 2 0 0
1876 0 0 2 0 0
1877 0 0 2 0 0
1878 0 0 2 0 0
1879 0 0 2 0 0
1880 0 0 2 0 0
1881 0 0 2 0 0
1882 0 0 2 0 0
1883 0 0 2 0 0
1884 0 0 2 0 0
1885 0 0 2 0 0
1886 0 0 2 0 0
1887 0 0 2 0 0
1888 0 0 2 0 0
1889 0 0 2 0 0
1890 0 0 2 0 0
1891 0 0 2 0 0
1892 0 0 2 0 0
1893 0 0 2 0 0
1894 0 0 2 0 0
1895 0 0 2 0 0
1896 0 0 2 0 0
1897 0 0 2 0 0
1898 0 0 2 0 0
1899 0 0 2 0 0
1900 0 0 2 0 0
1901 0 0 2 0 0
1902 0 0 2 0 0
1903 0 0 2 0 0
1904 0 0 2 0 0
1905 0 0 2 0 0
1906 0 0 2 0 0
1907 0 0 2 0 0
1908 0 0 2 0 0
1909 0 0 2 0 0
1910 0 0 2 0 0
1911 0 0 2 0 0
1912 0 0 2 0 0
1913 0 0 2 0 0
1914 0 0 2 0 0
1915 0 0 2 0 0
1916 0 0 2 0 0
1917 0 0 2 0 0
1918 0 0 2 0 0
1919 0 0 2 0 0
1920 0 0 2 0 0
1921 0 0 2 0 0
1922 0 0 2 0 0
1923 0 0 2 0 0
1924 0 0 2 0 0
1925 0 0 2 0 0
1926 0 0 2 0 0
1927 0 0 2 0 0
1928 0 0 2 0 0
1929 0 0 2 0 0
1930 0 0 2 0 1
1931 0 0 2 0 1
1932 0 0 2 0 1
1933 0 0 2 0 1
1934 0 0 2 0 1
1935 0 0 2 0 1
1936 0 0 2 0 1
1937 0 0 2 0 1
1938 0 0 2 0 1
1939 0 0 2 0 1
1940 0 0 2 0 1
1941 0 0 2 0 1
1942 0 0 2 0 1
1943 0 0 2 0 1
1944 0 0 2 0 1
1945 0 0 2 0 1
1946 0 0 2 0 1
1947 0 0 2 0 1
1948 0 0 2 0 1
1949 0 0 2 0 1
1950 0 0 2 0 2
1951 0 0 2 0 2
1952 0 0 2 0 2
1953 0 0 2 0 2
1954 0 0 2 0 2
1955 0 0 2 0 2
1956 0 0 2 0 2
1957 0 0 2 0 2
1958 0 0 2 0 2
1959 0 0 2 0 2
1960 0 0 2 0 2
1961 0 0 2 0 2
1962 0 0 2 0 2
1963 0 0 2 0 0
1964 0 0 2 0 0
1965 0 0 2 0 0
1966 0 0 2 0 0
1967 0 0 2 0 0
1968 0 0 2 0 0
1969 0 0 2 0 0
1970 0 0 2 0 2
1971 0 0 2 0 2
1972 0 0 2 0 2
1973 0 0 2 0 2
1974 0 0 2 0 2
1975 0 0 2 0 2
1976 0 0 2 0 2
1977 0 0 2 0 2
1978 0 0 2 0 2
1979 0 0 2 0 2
1980 0 0 2 0 2
1981 0 0 2 0 2
1982 0 0 2 0 2
1983 0 0 2 0 2
1984 0 0 2 0 2
1985 0 0 2 0 2
1986 0 0 2 0 2
1987 0 0 2 0 2
1988 0 0 2 0 2
1989 0 0 2 0 2
1990 0 0 2 0 2
1991 0 0 2 0 2
1992 0 0 2 0 2
1993 0 0 2 0 2
1994 0 0 2 0 2
1995 0 0 2 0 2
1996 0 0 2 0 2
1997 0 0 2 0 2
1998 0 0 2 0 2
1999 0 0 2 0 2
2000 0 2 2 0 2
2001 0 2 2 0 2
2002 0 2 2 0 2
2003 0 2 2 0 2
2004 0 2 2 0 2
2005 0 2 2 0 2
2006 0 2 2 0 2
2007 0 2 2 0 2
2008 0 2 2 0 2
2009 0 2 2 0 2
2010 0 2 2 0 2
2011 0 2 2 0 2
2012 0 2 2 0 2
2013 0 2 2 0 2
2014 0 2 2 0 2
2015 0 2 2 0 2
2016 0 2 2 0 2
2017 0 2 2 0 2
2018 0 2 2 0 2
2019 0 2 2 0 2
2020 0 2 2 0 2
2021 0 2 2 0 2
2022 0 2 2 0 2
2023 0 0 2 0 2
2024 0 0 2 0 2
2025 0 0 2 0 2
2026 0 0 2 0 2
2027 0 0 2 0 2
2028 0 0 2 0 2
2029 0 0 2 0 2
2030 2 0 2 0 2
2031 2 0 2 0 2
2032 2 0 2 0 2
2033 2 0 2 0 2
2034 2 0 2 0 2
2035 2 0 2 0 2
2036 2 0 2 0 2
2037 2 0 2 0 2
2038 2 0 2 0 2
2039 2 0 2 0 2
2040 2 0 0 2 2
2041 2 0 0 2 2
2042 2 0 0 2 2
2043 2 0 0 2 2
2044 2 0 0 2 2
2045 2 0 0 2 2
2046 2 0 0 2 2
2047 2 0 0 2 2
2048 2 0 0 2 2
2049 2 0 0 2 2
2050 2 0 0 0 0
2051 2 0 0 0 0
2052 2 0 0 0 0
2053 2 0 0 0 0
2054 2 0 0 0 0
2055 2 0 0 0 0
2056 2 0 0 0 0
2057 2 0 0 0 0
2058 2 0 0 0 0
2059 2 0 0 0 0
2060 2 0 0 0 0
2061 2 0 0 0 0
2062 2 0 0 0 0
2063 2 0 0 0 0
2064 2 0 0 0 0
2065 2 0 0 0 0
2066 2 0 0 0 0
2067 2 0 0 0 0
2068 2 0 0 0 0
2069 2 0 0 0 0
2070 2 0 0 0 0
2071 2 0 0 0 0
2072 2 0 0 0 0
2073 2 0 0 0 0
2074 2 0 0 0 0
2075 2 0 0 0 0
2076 2 0 0 0 0
2077 2 0 0 0 0
2078 2 0 0 0 0
2079 2 0 0 0 0
2080 2 0 0 0 0
2081 2 0 0 0 0
2082 2 0 0 0 0
2083 2 0 0 0 0
2084 2 0 0 0 0
2085 2 0 0 0 0
2086 2 0 0 0 0
2087 2 0 0 0 0
2088 2 0 0 0 0
2089 2 0 0 0 0
2090 2 0 0 0 0
2091 2 0 0 0 0
2092 2 0 0 0 0
2093 2 0 0 0 0
2094 2 0 0 0 0
2095 2 0 0 0 0
2096 2 0 0 0 0
2097 2 0 0 0 0
2098 2 0 0 0 0
2099 2 0 0 0 0
2100 2 0 0 0 0
2101 2 0 0 0 0
2102 2 0 0 0 0
2103 2 0 0 0 0
2104 2 0 0 0 0
2105 2 0 0 0 0
2106 2 0 0 0 0
2107 2 0 0 0 0
2108 2 0 0 0 0
2109 2 0 0 0 0
2110 2 0 0 0 0
2111 2 0 0 0 0
2112 2 0 0 0 0
2113 2 0 0 0 0
2114 2 0 0 0 0
2115 2 0 0 0 0
2116 2 0 0 0 0
2117 2 0 0 0 0
2118 2 0 0 0 0
2119 2 0 0 0 0
2120 2 0 0 0 0
2121 2 0 0 0 0
2122 2 0 0 0 0
2123 2 0 0 0 0
2124 2 0 0 0 0
2125 2 0 0 0 0
2126 2 0 0 0 0
2127 2 0 0 0 0
2128 2 0 0 0 0
2129 2 0 0 0 0
2130 2 0 0 0 0
2131 2 0 0 0 0
2132 2 0 0 0 0
2133 2 0 0 0 0
2134 2 0 0 0 0
2135 2 0 0 0 0
2136 2 0 0 0 0
2137 2 0 0 0 0
2138 2 0 0 0 0
2139 2 0 0 0 0
2140 2 0 0 0 0
2141 2 0 0 0 0
2142 2 0 0 0 0
2143 2 0 0 0 0
2144 2 0 0 0 0
2145 2 0 0 0 0
2146 2 0 0 0 0
2147 2 0 0 0 0
2148 2 0 0 0 0
2149 2 0 0 0 0
2150 2 0 0 0 0
2151 2 0 0 0 0
2152 2 0 0 0 0
2153 2 0 0 0 0
2154 2 0 0 0 0
2155 2 0 0 0 0
2156 2 0 0 0 0
2157 2 0 0 0 0
2158 2 0 0 0 0
2159 2 0 0 0 0
2160 2 0 0 0 0
2161 2 0 0 0 0
2162 2 0 0 0 0
2163 2 0 0 0 0
2164 2 0 0 0 0
2165 2 0 0 0 0
2166 2 0 0 0 0
2167 2 0 0 0 0
2168 2 0 0 0 0
2169 2 0 0 0 0
2170 2 0 0 0 0
2171 2 0 0 0 0
2172 2 0 0 0 0
2173 2 0 0 0 0
2174 2 0 0 0 0
2175 2 0 0 0 0
2176 2 0 0 0 0
2177 2 0 0 0 0
2178 2 0 0 0 0
2179 2 0 0 0 0
2180 2 0 0 0 0
2181 2 0 0 0 0
2182 2 0 0 0 0
2183 2 0 0 0 0
2184 2 0 0 0 0
2185 2 0 0 0 0
2186 2 0 0 0 0
2187 2 0 0 0 0
2188 2 0 0 0 0
2189 2 0 0 0 0
2190 2 0 0 0 0
2191 2 0 0 0 0
2192 2 0 0 0 0
2193 2 0 0 0 0
2194 2 0 0 0 0
2195 2 0 0 0 0
2196 2 0 0 0 0
2197 2 0 0 0 0
2198 2 0 0 0 0
2199 2 0 0 0 0
2200 2 0 2 0 0
2201 2 0 2 0 0
2202 2 0 2 0 0
2203 2 0 2 0 0
2204 2 0 2 0 0
2205 2 0 2 0 0
2206 2 0 2 0 0
2207 2 0 2 0 0
2208 2 0 2 0 0
2209 2 0 2 0 0
2210 0 0 2 0 0
2211 0 0 2 0 0
2212 0 0 2 0 0
2213 0 0 2 0 0
2214 0 0 2 0 0
2215 0 0 2 0 0
2216 0 0 2 0 0
2217 0 0 2 0 0
2218 0 0 2 0 0
2219 0 0 2 0 0
2220 0 0 2 0 0
2221 0 0 2 0 0
2222 0 0 2 0 0
2223 0 0 2 0 0
2224 0 0 2 0 0
2225 0 0 2 0 0
2226 0 0 2 0 0
2227 0 0 2 0 0
2228 0 0 2 0 0
2229 0 0 2 0 0
2230 0 0 2 0 0
2231 0 0 2 0 0
2232 0 0 2 0 0
2233 0 0 2 0 0
2234 0 0 2 0 0
2235 0 0 2 0 0
2236 0 0 2 0 0
2237 0 0 2 0 0
2238 0 0 2 0 0
2239 0 0 2 0 0
2240 0 0 2 0 0
2241 0 0 2 0 0
2242 0 0 2 0 0
2243 0 0 2 0 0
2244 0 0 2 0 0
2245 0 0 2 0 0
2246 0 0 2 0 0
2247 0 0 2 0 0
2248 0 0 2 0 0
2249 0 0 2 0 0
2250 0 0 2 0 0
2251 0 0 2 0 0
2252 0 0 2 0 0
2253 0 0 2 0 0
2254 0 0 2 0 0
2255 0 0 2 0 0
2256 0 0 2 0 0
2257 0 0 2 0 0
2258 0 0 2 0 0
2259 0 0 2 0 0
2260 0 0 2 0 0
2261 0 0 2 0 0
2262 0 0 2 0 0
2263 0 0 2 0 0
2264 0 0 2 0 0
2265 0 0 2 0 0
2266 0 0 2 0 0
2267 0 0 2 0 0
2268 0 0 2 0 0
2269 0 0 2 0 0
2270 0 0 2 0 2
2271 0 0 2 0 2
2272 0 0 2 0 2
2273 0 0 2 0 2
2274 0 0 2 0 2
2275 0 0 2 0 2
2276 0 0 2 0 2
2277 0 0 2 0 2
2278 0 0 2 0 2
2279 0 0 2 0 2
2280 0 0 2 0 1
2281 0 0 2 0 1
2282 0 0 2 0 1
2283 0 0 2 0 1
2284 0 0 2 0 1
2285 0 0 2 0 1
2286 0 0 2 0 1
2287 0 0 2 0 1
2288 0 0 2 0 1
2289 0 0 2 0 1
2290 0 0 2 0 1
2291 0 0 2 0 1
2292 0 0 2 0 1
2293 0 0 2 0 1
2294 0 0 2 0 1
2295 0 0 2 0 1
2296 0 0 2 0 1
2297 0 0 2 0 1
2298 0 0 2 0 1
2299 0 0 2 0 1
2300 0 0 2 0 1
2301 0 0 2 0 1
2302 0 0 2 0 1
2303 0 0 2 0 1
2304 0 0 2 0 1
2305 0 0 2 0 1
2306 0 0 2 0 1
