0 0 0 0 0 0
1 0 0 0 0 0
2 0 0 0 0 0
3 0 0 0 0 0
4 0 0 0 0 0
5 0 0 0 0 0
6 0 0 0 0 0
7 0 0 0 0 0
8 0 0 0 0 0
9 0 0 0 0 0
10 0 0 0 0 0
11 0 0 0 0 0
12 0 0 0 0 0
13 0 0 0 0 0
14 0 0 0 0 0
15 0 0 0 0 0
16 0 0 0 0 0
17 0 0 0 0 0
18 0 0 0 0 0
19 0 0 0 0 0
20 0 0 0 0 0
21 0 0 0 0 0
22 0 0 0 0 0
23 0 0 0 0 0
24 0 0 0 0 0
25 0 0 0 0 0
26 0 0 0 0 0
27 0 0 0 0 0
28 0 0 0 0 0
29 0 0 0 0 0
30 0 0 0 0 0
31 0 0 0 0 0
32 0 0 0 0 0
33 0 0 0 0 0
34 0 0 0 0 0
35 0 0 0 0 0
36 0 0 0 0 0
37 0 0 0 0 0
38 0 0 0 0 0
39 0 0 0 0 0
40 0 0 0 0 0
41 0 0 0 0 0
42 0 0 0 0 0
43 0 0 0 0 0
44 0 0 0 0 0
45 0 0 0 0 0
46 0 0 0 0 0
47 0 0 0 0 0
48 0 0 0 0 0
49 0 0 0 0 0
50 0 0 0 0 0
51 0 0 0 0 0
52 0 0 0 0 0
53 0 0 0 0 0
54 0 0 0 0 0
55 0 0 0 0 0
56 0 0 0 0 0
57 0 0 0 0 0
58 0 0 0 0 0
59 0 0 0 0 0
60 0 0 0 0 0
61 0 0 0 0 0
62 0 0 0 0 0
63 0 0 0 0 0
64 0 0 0 0 0
65 0 0 0 0 0
66 0 0 0 0 0
67 0 0 0 0 0
68 0 0 0 0 0
69 0 0 0 0 0
70 0 0 0 0 0
71 0 0 0 0 0
72 0 0 0 0 0
73 0 0 0 0 0
74 0 0 0 0 0
75 0 0 0 0 0
76 0 0 0 0 0
77 0 0 0 0 0
78 0 0 0 0 0
79 0 0 0 0 0
80 0 0 0 0 0
81 0 0 0 0 0
82 0 0 0 0 0
83 0 0 0 0 0
84 0 0 0 0 0
85 0 0 0 0 0
86 0 0 0 0 0
87 0 0 0 0 0
88 0 0 0 0 0
89 0 0 0 0 0
90 0 0 0 0 0
91 0 0 0 0 0
92 0 0 0 0 0
93 0 0 0 0 0
94 0 0 0 0 0
95 0 0 0 0 0
96 0 0 0 0 0
97 0 0 0 0 0
98 0 0 0 0 0
99 0 0 0 0 0
100 0 0 0 2 0
101 0 0 0 2 0
102 0 0 0 2 0
103 0 0 0 2 0
104 0 0 0 2 0
105 0 0 0 2 0
106 0 0 0 2 0
107 0 0 0 2 0
108 0 0 0 2 0
109 0 0 0 2 0
110 0 0 0 2 0
111 0 0 0 2 0
112 0 0 0 2 0
113 0 0 0 2 0
114 0 0 0 2 0
115 0 0 0 2 0
116 0 0 0 2 0
117 0 0 0 2 0
118 0 0 0 2 0
119 0 0 0 2 0
120 0 0 2 0 0
121 0 0 2 0 0
122 0 0 2 0 0
123 0 0 2 0 0
124 0 0 2 0 0
125 0 0 2 0 0
126 0 0 2 0 0
127 0 0 2 0 0
128 0 0 2 0 0
129 0 0 2 0 0
130 0 0 2 0 0
131 0 0 2 0 0
132 0 0 2 0 0
133 0 0 2 0 0
134 0 0 2 0 0
135 0 0 2 0 0
136 0 0 2 0 0
137 0 0 2 0 0
138 0 0 2 0 0
139 0 0 2 0 0
140 0 0 2 0 0
141 0 0 2 0 0
142 0 0 2 0 0
143 0 0 2 0 0
144 0 0 2 0 0
145 0 0 2 0 0
146 0 0 2 0 0
147 0 0 2 0 0
148 0 0 2 0 0
149 0 0 2 0 0
150 0 0 2 0 0
151 0 0 2 0 0
152 0 0 2 0 0
153 0 0 2 0 0
154 0 0 2 0 0
155 0 0 2 0 0
156 0 0 2 0 0
157 0 0 2 0 0
158 0 0 2 0 0
159 0 0 2 0 0
160 0 0 2 0 0
161 0 0 2 0 0
162 0 0 2 0 0
163 0 0 2 0 0
164 0 0 2 0 0
165 0 0 2 0 0
166 0 0 2 0 0
167 0 0 2 0 0
168 0 0 2 0 0
169 0 0 2 0 0
170 0 0 2 0 0
171 0 0 2 0 0
172 0 0 2 0 0
173 0 0 2 0 0
174 0 0 2 0 0
175 0 0 2 0 0
176 0 0 2 0 0
177 0 0 2 0 0
178 0 0 2 0 0
179 0 0 2 0 0
180 0 0 2 0 0
181 0 0 2 0 0
182 0 0 2 0 0
183 0 0 2 0 0
184 0 0 2 0 0
185 0 0 2 0 0
186 0 0 2 0 0
187 0 0 2 0 0
188 0 0 2 0 0
189 0 0 2 0 0
190 0 0 2 0 0
191 0 0 2 0 0
192 0 0 2 0 0
193 0 0 2 0 0
194 0 0 2 0 0
195 0 0 2 0 0
196 0 0 2 0 0
197 0 0 2 0 0
198 0 0 2 0 0
199 0 0 2 0 0
200 0 0 2 0 0
201 0 0 2 0 0
202 0 0 2 0 0
203 0 0 2 0 0
204 0 0 2 0 0
205 0 0 2 0 0
206 0 0 2 0 0
207 0 0 2 0 0
208 0 0 2 0 0
209 0 0 2 0 0
210 0 0 2 0 0
211 0 0 2 0 0
212 0 0 2 0 0
213 0 0 2 0 0
214 0 0 2 0 0
215 0 0 2 0 0
216 0 0 2 0 0
217 0 0 2 0 0
218 0 0 2 0 0
219 0 0 2 0 0
220 0 0 2 0 0
221 0 0 2 0 0
222 0 0 2 0 0
223 0 0 2 0 0
224 0 0 2 0 0
225 0 0 2 0 0
226 0 0 2 0 0
227 0 0 2 0 0
228 0 0 2 0 0
229 0 0 2 0 0
230 0 0 2 0 0
231 0 0 2 0 0
232 0 0 2 0 0
233 0 0 2 0 0
234 0 0 2 0 0
235 0 0 2 0 0
236 0 0 2 0 0
237 0 0 2 0 0
238 0 0 2 0 0
239 0 0 2 0 0
240 0 0 2 0 0
241 0 0 2 0 0
242 0 0 2 0 0
243 0 0 2 0 0
244 0 0 2 0 0
245 0 0 2 0 0
246 0 0 2 0 0
247 0 0 2 0 0
248 0 0 2 0 0
249 0 0 2 0 0
250 2 0 2 0 0
251 2 0 2 0 0
252 2 0 2 0 0
253 2 0 2 0 0
254 2 0 2 0 0
255 2 0 2 0 0
256 2 0 2 0 0
257 2 0 2 0 0
258 2 0 2 0 0
259 2 0 2 0 0
260 2 0 0 0 0
261 2 0 0 0 0
262 2 0 0 0 0
263 2 0 0 0 0
264 2 0 0 0 0
265 2 0 0 0 0
266 2 0 0 0 0
267 2 0 0 0 0
268 2 0 0 0 0
269 2 0 0 0 0
270 2 0 0 0 0
271 2 0 0 0 0
272 2 0 0 0 0
273 2 0 0 0 0
274 2 0 0 0 0
275 2 0 0 0 0
276 2 0 0 0 0
277 2 0 0 0 0
278 2 0 0 0 0
279 2 0 0 0 0
280 2 0 0 0 0
281 2 0 0 0 0
282 2 0 0 0 0
283 2 0 0 0 0
284 2 0 0 0 0
285 2 0 0 0 0
286 2 0 0 0 0
287 2 0 0 0 0
288 2 0 0 0 0
289 2 0 0 0 0
290 2 0 0 0 0
291 2 0 0 0 0
292 2 0 0 0 0
293 2 0 0 0 0
294 2 0 0 0 0
295 2 0 0 0 0
296 2 0 0 0 0
297 2 0 0 0 0
298 2 0 0 0 0
299 2 0 0 0 0
300 2 0 0 0 0
301 2 0 0 0 0
302 2 0 0 0 0
303 2 0 0 0 0
304 2 0 0 0 0
305 2 0 0 0 0
306 2 0 0 0 0
307 2 0 0 0 0
308 2 0 0 0 0
309 2 0 0 0 0
310 2 0 0 0 0
311 2 0 0 0 0
312 2 0 0 0 0
313 2 0 0 0 0
314 2 0 0 0 0
315 2 0 0 0 0
316 2 0 0 0 0
317 2 0 0 0 0
318 2 0 0 0 0
319 2 0 0 0 0
320 2 0 0 0 0
321 2 0 0 0 0
322 2 0 0 0 0
323 2 0 0 0 0
324 2 0 0 0 0
325 2 0 0 0 0
326 2 0 0 0 0
327 2 0 0 0 0
328 2 0 0 0 0
329 2 0 0 0 0
330 2 0 0 0 0
331 2 0 0 0 0
332 2 0 0 0 0
333 2 0 0 0 0
334 2 0 0 0 0
335 2 0 0 0 0
336 2 0 0 0 0
337 2 0 0 0 0
338 2 0 0 0 0
339 2 0 0 0 0
340 2 0 0 0 0
341 2 0 0 0 0
342 2 0 0 0 0
343 2 0 0 0 0
344 2 0 0 0 0
345 2 0 0 0 0
346 2 0 0 0 0
347 2 0 0 0 0
348 2 0 0 0 0
349 2 0 0 0 0
350 2 0 0 2 0
351 2 0 0 2 0
352 2 0 0 2 0
353 2 0 0 2 0
354 2 0 0 2 0
355 2 0 0 2 0
356 2 0 0 2 0
357 2 0 0 2 0
358 2 0 0 2 0
359 2 0 0 2 0
360 2 0 2 0 0
361 2 0 2 0 0
362 2 0 2 0 0
363 2 0 2 0 0
364 2 0 2 0 0
365 2 0 2 0 0
366 2 0 2 0 0
367 2 0 2 0 0
368 2 0 2 0 0
369 2 0 2 0 0
370 0 2 2 0 0
371 0 2 2 0 0
372 0 2 2 0 0
373 0 2 2 0 0
374 0 2 2 0 0
375 0 2 2 0 0
376 0 2 2 0 0
377 0 2 2 0 0
378 0 2 2 0 0
379 0 2 2 0 0
380 0 0 2 0 0
381 0 0 2 0 0
382 0 0 2 0 0
383 0 0 2 0 0
384 0 0 2 0 0
385 0 0 2 0 0
386 0 0 2 0 0
387 0 0 2 0 0
388 0 0 2 0 0
389 0 0 2 0 0
390 0 0 2 0 0
391 0 0 2 0 0
392 0 0 2 0 0
393 0 0 2 0 0
394 0 0 2 0 0
395 0 0 2 0 0
396 0 0 2 0 0
397 0 0 2 0 0
398 0 0 2 0 0
399 0 0 2 0 0
400 0 0 2 0 0
401 0 0 2 0 0
402 0 0 2 0 0
403 0 0 2 0 0
404 0 0 2 0 0
405 0 0 2 0 0
406 0 0 2 0 0
407 0 0 2 0 0
408 0 0 2 0 0
409 0 0 2 0 0
410 0 0 2 0 0
411 0 0 2 0 0
412 0 0 2 0 0
413 0 0 2 0 0
414 0 0 2 0 0
415 0 0 2 0 0
416 0 0 2 0 0
417 0 0 2 0 0
418 0 0 2 0 0
419 0 0 2 0 0
420 0 0 2 0 0
421 0 0 2 0 0
422 0 0 2 0 0
423 0 0 2 0 0
424 0 0 2 0 0
425 0 0 2 0 0
426 0 0 2 0 0
427 0 0 2 0 0
428 0 0 2 0 0
429 0 0 2 0 0
430 0 0 2 0 0
431 0 0 2 0 0
432 0 0 2 0 0
433 0 0 2 0 0
434 0 0 2 0 0
435 0 0 2 0 0
436 0 0 2 0 0
437 0 0 2 0 0
438 0 0 2 0 0
439 0 0 2 0 0
440 0 0 2 0 0
441 0 0 2 0 0
442 0 0 2 0 0
443 0 0 2 0 0
444 0 0 2 0 0
445 0 0 2 0 0
446 0 0 2 0 0
447 0 0 2 0 0
448 0 0 2 0 0
449 0 0 2 0 0
450 0 0 2 0 0
451 0 0 2 0 0
452 0 0 2 0 0
453 0 0 2 0 0
454 0 0 2 0 0
455 0 0 2 0 0
456 0 0 2 0 0
457 0 0 2 0 0
458 0 0 2 0 0
459 0 0 2 0 0
460 0 0 2 0 0
461 0 0 2 0 0
462 0 0 2 0 0
463 0 0 2 0 0
464 0 0 2 0 0
465 0 0 2 0 0
466 0 0 2 0 0
467 0 0 2 0 0
468 0 0 2 0 0
469 0 0 2 0 0
470 0 0 2 0 0
471 0 0 2 0 0
472 0 0 2 0 0
473 0 0 2 0 0
474 0 0 2 0 0
475 0 0 2 0 0
476 0 0 2 0 0
477 0 0 2 0 0
478 0 0 2 0 0
479 0 0 2 0 0
480 0 0 2 0 0
481 0 0 2 0 0
482 0 0 2 0 0
483 0 0 2 0 0
484 0 0 2 0 0
485 0 0 2 0 0
486 0 0 2 0 0
487 0 0 2 0 0
488 0 0 2 0 0
489 0 0 2 0 0
490 0 0 2 0 0
491 0 0 2 0 0
492 0 0 2 0 0
493 0 0 2 0 0
494 0 0 2 0 0
495 0 0 2 0 0
496 0 0 2 0 0
497 0 0 2 0 0
498 0 0 2 0 0
499 0 0 2 0 0
500 0 0 2 0 0
501 0 0 2 0 0
502 0 0 2 0 0
503 0 0 2 0 0
504 0 0 2 0 0
505 0 0 2 0 0
506 0 0 2 0 0
507 0 0 2 0 0
508 0 0 2 0 0
509 0 0 2 0 0
510 0 0 2 0 0
511 0 0 2 0 0
512 0 0 2 0 0
513 0 0 2 0 0
514 0 0 2 0 0
515 0 0 2 0 0
516 0 0 2 0 0
517 0 0 2 0 0
518 0 0 2 0 2
519 0 0 2 0 2
520 0 0 2 0 2
521 0 0 2 0 2
522 0 0 2 0 2
523 0 0 2 0 2
524 0 0 2 0 2
525 0 0 2 0 2
526 0 0 2 0 2
527 0 0 2 0 2
528 0 0 2 0 2
529 0 0 2 0 2
530 0 0 2 0 2
531 0 0 2 0 2
532 0 0 2 0 2
533 0 0 2 0 0
534 0 0 2 0 0
535 0 0 2 0 0
536 0 0 2 0 0
537 0 0 2 0 0
538 0 0 2 0 0
539 0 0 2 0 0
540 0 0 2 0 0
541 0 0 2 0 0
542 0 0 2 0 0
543 0 0 2 0 0
544 0 0 2 0 0
545 0 0 2 0 0
546 0 0 2 0 0
547 0 0 2 0 0
548 0 0 2 0 0
549 0 0 2 0 0
550 0 0 2 0 0
551 0 0 2 0 0
552 0 0 2 0 0
553 0 0 2 0 0
554 0 0 2 0 0
555 0 0 2 0 0
556 0 0 2 0 0
557 0 0 2 0 0
558 0 0 2 0 0
559 0 0 2 0 0
560 0 0 2 0 0
561 0 0 2 0 0
562 0 0 2 0 0
563 0 0 2 0 0
564 0 0 2 0 0
565 0 0 2 0 0
566 0 0 2 0 0
567 0 0 2 0 0
568 0 0 2 0 0
569 0 0 2 0 0
570 0 0 2 0 1
571 0 0 2 0 1
572 0 0 2 0 1
573 0 0 2 0 1
574 0 0 2 0 1
575 0 0 2 0 1
576 0 0 2 0 1
577 0 0 2 0 1
578 0 0 2 0 1
579 0 0 2 0 1
580 0 0 2 0 1
581 0 0 2 0 1
582 0 0 2 0 1
583 0 0 2 0 1
584 0 0 2 0 1
585 0 0 2 0 1
586 0 0 2 0 1
587 0 0 2 0 1
588 0 0 2 0 1
589 0 0 2 0 1
590 0 0 2 0 1
591 0 0 2 0 1
592 0 0 2 0 1
593 0 0 2 0 1
594 0 0 2 0 1
595 0 0 2 0 1
596 0 0 2 0 1
597 0 0 2 0 1
598 0 0 2 0 1
599 0 0 2 0 1
600 0 0 2 0 0
601 0 0 2 0 0
602 0 0 2 0 0
603 0 0 2 0 0
604 0 0 2 0 0
605 0 0 2 0 0
606 0 0 2 0 0
607 0 0 2 0 0
608 0 0 2 0 0
609 0 0 2 0 0
610 5 0 2 0 0
611 5 0 2 0 0
612 5 0 2 0 0
613 5 0 2 0 0
614 5 0 2 0 0
615 5 0 2 0 0
616 5 0 2 0 0
617 5 0 2 0 0
618 5 0 2 0 0
619 5 0 2 0 0
620 5 0 2 0 0
621 5 0 2 0 0
622 5 0 2 0 0
623 5 0 2 0 0
624 5 0 2 0 0
625 5 0 2 0 0
626 5 0 2 0 0
627 5 0 2 0 0
628 5 0 2 0 0
629 5 0 2 0 0
630 5 0 2 0 0
631 5 0 2 0 0
632 5 0 2 0 0
633 5 0 2 0 0
634 5 0 2 0 0
635 5 0 2 0 0
636 5 0 2 0 0
637 5 0 2 0 0
638 5 0 2 0 0
639 5 0 2 0 0
640 5 0 2 0 0
641 5 0 2 0 0
642 5 0 2 0 0
643 5 0 2 0 0
644 5 0 2 0 0
645 5 0 2 0 0
646 5 0 2 0 0
647 5 0 2 0 0
648 5 0 2 0 0
649 5 0 2 0 0
650 5 0 2 0 0
651 5 0 2 0 0
652 5 0 2 0 0
653 5 0 2 0 0
654 5 0 2 0 0
655 5 0 2 0 0
656 5 0 2 0 0
657 5 0 2 0 0
658 5 0 2 0 0
659 5 0 2 0 0
660 5 0 2 0 0
661 5 0 2 0 0
662 5 0 2 0 0
663 5 0 2 0 0
664 5 0 2 0 0
665 5 0 2 0 0
666 5 0 2 0 0
667 5 0 2 0 0
668 5 0 2 0 0
669 5 0 2 0 0
670 5 0 2 0 2
671 5 0 2 0 2
672 5 0 2 0 2
673 5 0 2 0 2
674 5 0 2 0 2
675 5 0 2 0 2
676 5 0 2 0 2
677 5 0 2 0 2
678 5 0 2 0 2
679 5 0 2 0 2
680 5 0 2 0 2
681 5 0 2 0 2
682 5 0 2 0 2
683 5 0 2 0 2
684 5 0 2 0 2
685 5 0 2 0 2
686 5 0 2 0 2
687 5 0 2 0 2
688 5 0 2 0 2
689 5 0 2 0 2
690 5 0 2 0 2
691 5 0 2 0 2
692 5 0 2 0 2
693 5 0 2 0 2
694 5 0 2 0 2
695 5 0 2 0 2
696 5 0 2 0 2
697 5 0 2 0 2
698 5 0 2 0 2
699 5 0 2 0 2
700 0 0 2 0 2
701 0 0 2 0 2
702 0 0 2 0 2
703 0 0 2 0 2
704 0 0 2 0 2
705 0 0 2 0 2
706 0 0 2 0 2
707 0 0 2 0 2
708 0 0 2 0 2
709 0 0 2 0 2
710 0 0 2 0 2
711 0 0 2 0 2
712 0 0 2 0 2
713 0 0 2 0 2
714 0 0 2 0 2
715 0 0 2 0 2
716 0 0 2 0 2
717 0 0 2 0 2
718 0 0 2 0 2
719 0 0 2 0 2
720 0 0 2 0 2
721 0 0 2 0 2
722 0 0 2 0 2
723 0 0 2 0 2
724 0 0 2 0 2
725 0 0 2 0 2
726 0 0 2 0 2
727 0 0 2 0 2
728 0 0 2 0 2
729 0 0 2 0 2
730 0 0 2 0 2
731 0 0 2 0 2
732 0 0 2 0 2
733 0 0 2 0 2
734 0 0 2 0 2
735 0 0 2 0 2
736 0 0 2 0 2
737 0 0 2 0 2
738 0 0 2 0 2
739 0 0 2 0 2
740 0 0 2 0 2
741 0 0 2 0 2
742 0 0 2 0 2
743 0 0 2 0 2
744 0 0 2 0 2
745 0 0 2 0 2
746 0 0 2 0 2
747 0 0 2 0 2
748 0 0 2 0 2
749 0 0 2 0 2
750 0 0 2 0 2
751 0 0 2 0 2
752 0 0 2 0 2
753 0 0 2 0 2
754 0 0 2 0 2
755 0 0 2 0 2
756 0 0 2 0 2
757 0 0 2 0 2
758 0 0 2 0 2
759 0 0 2 0 2
760 0 0 2 0 2
761 0 0 2 0 2
762 0 0 2 0 2
763 0 0 2 0 2
764 0 0 2 0 2
765 0 0 2 0 2
766 0 0 2 0 2
767 0 0 2 0 2
768 0 0 2 0 2
769 0 0 2 0 2
770 0 2 2 0 2
771 0 2 2 0 2
772 0 2 2 0 2
773 0 2 2 0 2
774 0 2 2 0 2
775 0 2 2 0 2
776 0 2 2 0 2
777 0 2 2 0 2
778 0 2 2 0 2
779 0 2 2 0 2
780 0 2 2 0 2
781 0 2 2 0 2
782 0 2 2 0 2
783 0 2 2 0 2
784 0 2 2 0 2
785 0 2 2 0 2
786 0 2 2 0 2
787 0 2 2 0 2
788 0 2 2 0 2
789 0 2 2 0 2
790 0 0 2 0 2
791 0 0 2 0 2
792 0 0 2 0 2
793 0 0 2 0 2
794 0 0 2 0 2
795 0 0 2 0 2
796 0 0 2 0 2
797 0 0 2 0 2
798 0 0 2 0 2
799 0 0 2 0 2
800 2 0 2 0 2
801 2 0 2 0 2
802 2 0 2 0 2
803 2 0 2 0 2
804 2 0 2 0 2
805 2 0 2 0 2
806 2 0 2 0 2
807 2 0 2 0 2
808 2 0 2 0 2
809 2 0 2 0 2
810 2 0 0 2 2
811 2 0 0 2 2
812 2 0 0 2 2
813 2 0 0 2 2
814 2 0 0 2 2
815 2 0 0 2 2
816 2 0 0 2 2
817 2 0 0 2 2
818 2 0 0 2 2
819 2 0 0 2 2
820 2 0 0 0 2
821 2 0 0 0 2
822 2 0 0 0 2
823 2 0 0 0 2
824 2 0 0 0 2
825 2 0 0 0 2
826 2 0 0 0 2
827 2 0 0 0 2
828 2 0 0 0 2
829 2 0 0 0 2
830 0 0 0 0 0
831 0 0 0 0 0
832 0 0 0 0 0
833 0 0 0 0 0
834 0 0 0 0 0
835 0 0 0 0 0
836 0 0 0 0 0
837 0 0 0 0 0
838 0 0 0 0 0
839 0 0 0 0 0
840 0 0 0 0 0
841 0 0 0 0 0
842 0 0 0 0 0
843 0 0 0 0 0
844 0 0 0 0 0
845 0 0 0 0 0
846 0 0 0 0 0
847 0 0 0 0 0
848 0 0 0 0 0
849 0 0 0 0 0
850 0 0 0 0 0
851 0 0 0 0 0
852 0 0 0 0 0
853 0 0 0 0 0
854 0 0 0 0 0
855 0 0 0 0 0
856 0 0 0 0 0
857 0 0 0 0 0
858 0 0 0 0 0
859 0 0 0 0 0
860 0 0 0 0 0
861 0 0 0 0 0
862 0 0 0 0 0
863 0 0 0 0 0
864 0 0 0 0 0
865 0 0 0 0 0
866 0 0 0 0 0
867 0 0 0 0 0
868 0 0 0 0 0
869 0 0 0 0 0
870 0 0 0 0 0
871 0 0 0 0 0
872 0 0 0 0 0
873 0 0 0 0 0
874 0 0 0 0 0
875 0 0 0 0 0
876 0 0 0 0 0
877 0 0 0 0 0
878 0 0 0 0 0
879 0 0 0 0 0
880 0 0 0 0 0
881 0 0 0 0 0
882 0 0 0 0 0
883 0 0 0 0 0
884 0 0 0 0 0
885 0 0 0 0 0
886 0 0 0 0 0
887 0 0 0 0 0
888 0 0 0 0 0
889 0 0 0 0 0
890 0 0 0 0 0
891 0 0 0 0 0
892 0 0 0 0 0
893 0 0 0 0 0
894 0 0 0 0 0
895 0 0 0 0 0
896 0 0 0 0 0
897 0 0 0 0 0
898 0 0 0 0 0
899 0 0 0 0 0
900 0 0 0 0 0
901 0 0 0 0 0
902 0 0 0 0 0
903 0 0 0 0 0
904 0 0 0 0 0
905 0 0 0 0 0
906 0 0 0 0 0
907 0 0 0 0 0
908 0 0 0 0 0
909 0 0 0 0 0
910 0 0 0 0 0
911 0 0 0 0 0
912 0 0 0 0 0
913 0 0 0 0 0
914 0 0 0 0 0
915 0 0 0 0 0
916 0 0 0 0 0
917 0 0 0 0 0
918 0 0 0 0 0
919 0 0 0 0 0
920 0 0 0 0 0
921 0 0 0 0 0
922 0 0 0 0 0
923 0 0 0 0 0
924 0 0 0 0 0
925 0 0 0 0 0
926 0 0 0 0 0
927 0 0 0 0 0
928 0 0 0 0 0
929 0 0 0 0 0
930 0 0 0 0 0
931 0 0 0 0 0
932 0 0 0 0 0
933 0 0 0 0 0
934 0 0 0 0 0
935 0 0 0 0 0
936 0 0 0 0 0
937 0 0 0 0 0
938 0 0 0 0 0
939 0 0 0 0 0
940 0 0 0 0 0
941 0 0 0 0 0
942 0 0 0 0 0
943 0 0 0 0 0
944 0 0 0 0 0
945 0 0 0 0 0
946 0 0 0 0 0
947 0 0 0 0 0
948 0 0 0 0 0
949 0 0 0 0 0
950 0 0 0 0 0
951 0 0 0 0 0
952 0 0 0 0 0
953 0 0 0 0 0
954 0 0 0 0 0
955 0 0 0 0 0
956 0 0 0 0 0
957 0 0 0 0 0
958 0 0 0 0 0
959 0 0 0 0 0
960 0 3 0 0 0
961 0 3 0 0 0
962 0 3 0 0 0
963 0 3 0 0 0
964 0 3 0 0 0
965 0 3 0 0 0
966 0 3 0 0 0
967 0 3 0 0 0
968 0 3 0 0 0
969 0 3 0 0 0
970 0 3 0 0 0
971 0 3 0 0 0
972 0 3 0 0 0
973 0 3 0 0 0
974 0 3 0 0 0
975 0 3 0 0 0
976 0 3 0 0 0
977 0 3 0 0 0
978 0 3 0 0 0
979 0 3 0 0 0
980 0 3 0 0 0
981 0 3 0 0 0
982 0 3 0 0 0
983 0 3 0 0 0
984 0 3 0 0 0
985 0 3 0 0 0
986 0 3 0 0 0
987 0 3 0 0 0
988 0 3 0 0 0
989 0 3 0 0 0
990 0 3 0 0 0
991 0 3 0 0 0
992 0 3 0 0 0
993 0 3 0 0 0
994 0 3 0 0 0
995 0 3 0 0 0
996 0 3 0 0 0
997 0 3 0 0 0
998 0 3 0 0 0
999 0 3 0 0 0
1000 0 3 0 0 0
1001 0 3 0 0 0
1002 0 3 0 0 0
1003 0 3 0 0 0
1004 0 3 0 0 0
1005 0 3 0 0 0
1006 0 3 0 0 0
1007 0 3 0 0 0
1008 0 3 0 0 0
1009 0 3 0 0 0
1010 0 3 0 0 0
1011 0 3 0 0 0
1012 0 3 0 0 0
1013 0 3 0 0 0
1014 0 3 0 0 0
1015 0 3 0 0 0
1016 0 3 0 0 0
1017 0 3 0 0 0
1018 0 3 0 0 0
1019 0 3 0 0 0
1020 0 3 0 0 0
1021 0 3 0 0 0
1022 0 3 0 0 0
1023 0 3 0 0 0
1024 0 3 0 0 0
1025 0 3 0 0 0
1026 0 3 0 0 0
1027 0 3 0 0 0
1028 0 3 0 0 0
1029 0 3 0 0 0
1030 0 3 0 0 0
1031 0 3 0 0 0
1032 0 3 0 0 0
1033 0 3 0 0 0
1034 0 3 0 0 0
1035 0 3 0 0 0
1036 0 3 0 0 0
1037 0 3 0 0 0
1038 0 3 0 0 0
1039 0 3 0 0 0
1040 0 3 0 0 0
1041 0 3 0 0 0
1042 0 3 0 0 0
1043 0 3 0 0 0
1044 0 3 0 0 0
1045 0 3 0 0 0
1046 0 3 0 0 0
1047 0 3 0 0 0
1048 0 3 0 0 0
1049 0 3 0 0 0
1050 0 3 2 0 0
1051 0 3 2 0 0
1052 0 3 2 0 0
1053 0 3 2 0 0
1054 0 3 2 0 0
1055 0 3 2 0 0
1056 0 3 2 0 0
1057 0 3 2 0 0
1058 0 3 2 0 0
1059 0 3 2 0 0
1060 0 3 2 0 0
1061 0 3 2 0 0
1062 0 3 2 0 0
1063 0 3 2 0 0
1064 0 3 2 0 0
1065 0 3 2 0 0
1066 0 3 2 0 0
1067 0 3 2 0 0
1068 0 3 2 0 0
1069 0 3 2 0 0
1070 0 0 2 0 0
1071 0 0 2 0 0
1072 0 0 2 0 0
1073 0 0 2 0 0
1074 0 0 2 0 0
1075 0 0 2 0 0
1076 0 0 2 0 0
1077 0 0 2 0 0
1078 0 0 2 0 0
1079 0 0 2 0 0
1080 0 0 2 0 0
1081 0 0 2 0 0
1082 0 0 2 0 0
1083 0 0 2 0 0
1084 0 0 2 0 0
1085 0 0 2 0 0
1086 0 0 2 0 0
1087 0 0 2 0 0
1088 0 0 2 0 0
1089 0 0 2 0 0
1090 0 0 2 0 0
1091 0 0 2 0 0
1092 0 0 2 0 0
1093 0 0 2 0 0
1094 0 0 2 0 0
1095 0 0 2 0 0
1096 0 0 2 0 0
1097 0 0 2 0 0
1098 0 0 2 0 0
1099 0 0 2 0 0
1100 0 0 2 0 0
1101 0 0 2 0 0
1102 0 0 2 0 0
1103 0 0 2 0 0
1104 0 0 2 0 0
1105 0 0 2 0 0
1106 0 0 2 0 0
1107 0 0 2 0 0
1108 0 0 2 0 0
1109 0 0 2 0 0
1110 0 0 2 0 0
1111 0 0 2 0 0
1112 0 0 2 0 0
1113 0 0 2 0 0
1114 0 0 2 0 0
1115 0 0 2 0 0
1116 0 0 2 0 0
1117 0 0 2 0 0
1118 0 0 2 0 0
1119 0 0 2 0 0
1120 0 0 2 0 0
1121 0 0 2 0 0
1122 0 0 2 0 0
1123 0 0 2 0 0
1124 0 0 2 0 0
1125 0 0 2 0 0
1126 0 0 2 0 0
1127 0 0 2 0 0
1128 0 0 2 0 0
1129 0 0 2 0 0
1130 0 0 2 0 0
1131 0 0 2 0 0
1132 0 0 2 0 0
1133 0 0 2 0 0
1134 0 0 2 0 0
1135 0 0 2 0 0
1136 0 0 2 0 0
1137 0 0 2 0 0
1138 0 0 2 0 0
1139 0 0 2 0 0
1140 0 0 2 0 0
1141 0 0 2 0 0
1142 0 0 2 0 0
1143 0 0 2 0 0
1144 0 0 2 0 0
1145 0 0 2 0 0
1146 0 0 2 0 0
1147 0 0 2 0 0
1148 0 0 2 0 0
1149 0 0 2 0 0
1150 0 0 2 0 0
1151 0 0 2 0 0
1152 0 0 2 0 0
1153 0 0 2 0 0
1154 0 0 2 0 0
1155 0 0 2 0 0
1156 0 0 2 0 0
1157 0 0 2 0 0
1158 0 0 2 0 0
1159 0 0 2 0 0
1160 0 0 2 0 0
1161 0 0 2 0 0
1162 0 0 2 0 0
1163 0 0 2 0 0
1164 0 0 2 0 0
1165 0 0 2 0 0
1166 0 0 2 0 0
1167 0 0 2 0 0
1168 0 0 2 0 0
1169 0 0 2 0 0
1170 0 0 2 0 0
1171 0 0 2 0 0
1172 0 0 2 0 0
1173 0 0 2 0 0
1174 0 0 2 0 0
1175 0 0 2 0 0
1176 0 0 2 0 0
1177 0 0 2 0 0
1178 0 0 2 0 0
1179 0 0 2 0 0
1180 0 0 2 0 0
1181 0 0 2 0 0
1182 0 0 2 0 0
1183 0 0 2 0 0
1184 0 0 2 0 0
1185 0 0 2 0 0
1186 0 0 2 0 0
1187 0 0 2 0 0
1188 0 0 2 0 0
1189 0 0 2 0 0
1190 0 0 2 0 0
1191 0 0 2 0 0
1192 0 0 2 0 0
1193 0 0 2 0 0
1194 0 0 2 0 0
1195 0 0 2 0 0
1196 0 0 2 0 0
1197 0 0 2 0 0
1198 0 0 2 0 0
1199 0 0 2 0 0
1200 2 0 2 0 0
1201 2 0 2 0 0
1202 2 0 2 0 0
1203 2 0 2 0 0
1204 2 0 2 0 0
1205 2 0 2 0 0
1206 2 0 2 0 0
1207 2 0 2 0 0
1208 2 0 2 0 0
1209 2 0 2 0 0
1210 2 0 0 2 0
1211 2 0 0 0 0
1212 2 0 0 0 0
1213 2 0 0 0 0
1214 2 0 0 0 0
1215 2 0 0 0 0
1216 2 0 0 0 0
1217 2 0 0 0 0
1218 2 0 0 0 0
1219 2 0 0 0 0
1220 2 0 0 0 0
1221 2 0 0 0 0
1222 2 0 0 0 0
1223 2 0 0 0 0
1224 2 0 0 0 0
1225 2 0 0 0 0
1226 2 0 0 0 0
1227 2 0 0 0 0
1228 2 0 0 0 0
1229 2 0 0 0 0
1230 2 0 0 0 0
1231 2 0 0 0 0
1232 2 0 0 0 0
1233 2 0 0 0 0
1234 2 0 0 0 0
1235 2 0 0 0 0
1236 2 0 0 0 0
1237 2 0 0 0 0
1238 2 0 0 0 0
1239 2 0 0 0 0
1240 2 0 0 0 0
1241 2 0 0 0 0
1242 2 0 0 0 0
1243 2 0 0 0 0
1244 2 0 0 0 0
1245 2 0 0 0 0
1246 2 0 0 0 0
1247 2 0 0 0 0
1248 2 0 0 0 0
1249 2 0 0 0 0
1250 2 0 0 0 0
1251 2 0 0 0 0
1252 2 0 0 0 0
1253 2 0 0 0 0
1254 2 0 0 0 0
1255 2 0 0 0 0
1256 2 0 0 0 0
1257 2 0 0 0 0
1258 2 0 0 0 0
1259 2 0 0 0 0
1260 2 0 0 0 0
1261 2 0 0 0 0
1262 2 0 0 0 0
1263 2 0 0 0 0
1264 2 0 0 0 0
1265 2 0 0 0 0
1266 2 0 0 0 0
1267 2 0 0 0 0
1268 2 0 0 0 0
1269 2 0 0 0 0
1270 2 0 0 0 0
1271 2 0 0 0 0
1272 2 0 0 0 0
1273 2 0 0 0 0
1274 2 0 0 0 0
1275 2 0 0 0 0
1276 2 0 0 0 0
1277 2 0 0 0 0
1278 2 0 0 0 0
1279 2 0 0 0 0
1280 2 0 0 0 0
1281 2 0 0 0 0
1282 2 0 0 0 0
1283 2 0 0 0 0
1284 2 0 0 0 0
1285 2 0 0 0 0
1286 2 0 0 0 0
1287 2 0 0 0 0
1288 2 0 0 0 0
1289 2 0 0 0 0
1290 2 0 0 0 0
1291 2 0 0 0 0
1292 2 0 0 0 0
1293 2 0 0 0 0
1294 2 0 0 0 0
1295 2 0 0 0 0
1296 2 0 0 0 0
1297 2 0 0 0 0
1298 2 0 0 0 0
1299 2 0 0 0 0
1300 2 0 0 0 0
1301 2 0 0 0 0
1302 2 0 0 0 0
1303 2 0 0 0 0
1304 2 0 0 0 0
1305 2 0 0 0 0
1306 2 0 0 0 0
1307 2 0 0 0 0
1308 2 0 0 0 0
1309 2 0 0 0 0
1310 2 0 0 0 0
1311 2 0 0 0 0
1312 2 0 0 0 0
1313 2 0 0 0 0
1314 2 0 0 0 0
1315 2 0 0 0 0
1316 2 0 0 0 0
1317 2 0 0 0 0
1318 2 0 0 0 0
1319 2 0 0 0 0
1320 2 0 0 0 0
1321 2 0 0 0 0
1322 2 0 0 0 0
1323 2 0 0 0 0
1324 2 0 0 0 0
1325 2 0 0 0 0
1326 2 0 0 0 0
1327 2 0 0 0 0
1328 2 0 0 0 0
1329 2 0 0 0 0
1330 2 0 0 0 0
1331 2 0 0 0 0
1332 2 0 0 0 0
1333 2 0 0 0 0
1334 2 0 0 0 0
1335 2 0 0 0 0
1336 2 0 0 0 0
1337 2 0 0 0 0
1338 2 0 0 0 0
1339 2 0 0 0 0
1340 2 0 2 0 0
1341 2 0 2 0 0
1342 2 0 2 0 0
1343 2 0 2 0 0
1344 2 0 2 0 0
1345 2 0 2 0 0
1346 2 0 2 0 0
1347 2 0 2 0 0
1348 2 0 2 0 0
1349 2 0 2 0 0
1350 0 0 2 0 0
1351 0 0 2 0 0
1352 0 0 2 0 0
1353 0 0 2 0 0
1354 0 0 2 0 0
1355 0 0 2 0 0
1356 0 0 2 0 0
1357 0 0 2 0 0
1358 0 0 2 0 0
1359 0 0 2 0 0
1360 0 0 2 0 0
1361 0 0 2 0 0
1362 0 0 2 0 0
1363 0 0 2 0 0
1364 0 0 2 0 0
1365 0 0 2 0 0
1366 0 0 2 0 0
1367 0 0 2 0 0
1368 0 0 2 0 0
1369 0 0 2 0 0
1370 0 0 2 0 0
1371 0 0 2 0 0
1372 0 0 2 0 0
1373 0 0 2 0 0
1374 0 0 2 0 0
1375 0 0 2 0 0
1376 0 0 2 0 0
1377 0 0 2 0 0
1378 0 0 2 0 0
1379 0 0 2 0 0
1380 0 0 2 0 0
1381 0 0 2 0 0
1382 0 0 2 0 0
1383 0 0 2 0 0
1384 0 0 2 0 0
1385 0 0 2 0 0
1386 0 0 2 0 0
1387 0 0 2 0 0
1388 0 0 2 0 0
1389 0 0 2 0 0
1390 0 0 2 0 0
1391 0 0 2 0 0
1392 0 0 2 0 0
1393 0 0 2 0 0
1394 0 0 2 0 0
1395 0 0 2 0 0
1396 0 0 2 0 0
1397 0 0 2 0 0
1398 0 0 2 0 0
1399 0 0 2 0 0
1400 0 0 2 0 0
1401 0 0 2 0 0
1402 0 0 2 0 0
1403 0 0 2 0 0
1404 0 0 2 0 0
1405 0 0 2 0 0
1406 0 0 2 0 0
1407 0 0 2 0 0
1408 0 0 2 0 0
1409 0 0 2 0 0
1410 0 0 2 0 0
1411 0 0 2 0 0
1412 0 0 2 0 0
1413 0 0 2 0 0
1414 0 0 2 0 0
1415 0 0 2 0 0
1416 0 0 2 0 0
1417 0 0 2 0 0
1418 0 0 2 0 0
1419 0 0 2 0 0
1420 5 0 2 0 0
1421 5 0 2 0 0
1422 5 0 2 0 0
1423 5 0 2 0 0
1424 5 0 2 0 0
1425 5 0 2 0 0
1426 5 0 2 0 0
1427 5 0 2 0 0
1428 5 0 2 0 0
1429 5 0 2 0 0
1430 5 0 2 0 0
1431 5 0 2 0 0
1432 5 0 2 0 0
1433 5 0 2 0 0
1434 5 0 2 0 0
1435 5 0 2 0 0
1436 5 0 2 0 0
1437 5 0 2 0 0
1438 5 0 2 0 0
1439 5 0 2 0 0
1440 5 0 2 0 0
1441 5 0 2 0 0
1442 5 0 2 0 0
1443 5 0 2 0 0
1444 5 0 2 0 0
1445 5 0 2 0 0
1446 5 0 2 0 0
1447 5 0 2 0 0
1448 5 0 2 0 0
1449 5 0 2 0 0
1450 5 0 2 0 0
1451 5 0 2 0 0
1452 5 0 2 0 0
1453 5 0 2 0 0
1454 5 0 2 0 0
1455 5 0 2 0 0
1456 5 0 2 0 0
1457 5 0 2 0 0
1458 5 0 2 0 0
1459 5 0 2 0 0
1460 5 0 2 0 0
1461 5 0 2 0 0
1462 5 0 2 0 0
1463 5 0 2 0 0
1464 5 0 2 0 0
1465 5 0 2 0 0
1466 5 0 2 0 0
1467 5 0 2 0 0
1468 5 0 2 0 0
1469 5 0 2 0 0
1470 5 0 2 0 0
1471 5 0 2 0 0
1472 5 0 2 0 0
1473 5 0 2 0 0
1474 5 0 2 0 0
1475 5 0 2 0 0
1476 5 0 2 0 0
1477 5 0 2 0 0
1478 5 0 2 0 0
1479 5 0 2 0 0
1480 5 0 2 0 0
1481 5 0 2 0 0
1482 5 0 2 0 0
1483 5 0 2 0 0
1484 5 0 2 0 0
1485 5 0 2 0 0
1486 5 0 2 0 0
1487 5 0 2 0 0
1488 5 0 2 0 0
1489 5 0 2 0 0
1490 5 0 2 0 1
1491 5 0 2 0 1
1492 5 0 2 0 1
1493 5 0 2 0 1
1494 5 0 2 0 1
1495 5 0 2 0 1
1496 5 0 2 0 1
1497 5 0 2 0 1
1498 5 0 2 0 1
1499 5 0 2 0 1
1500 5 0 2 0 1
1501 5 0 2 0 1
1502 5 0 2 0 1
1503 5 0 2 0 1
1504 5 0 2 0 1
1505 5 0 2 0 1
1506 5 0 2 0 1
1507 5 0 2 0 1
1508 5 0 2 0 1
1509 5 0 2 0 1
1510 5 0 2 0 0
1511 5 0 2 0 0
1512 5 0 2 0 2
1513 5 0 2 0 2
1514 5 0 2 0 2
1515 5 0 2 0 2
1516 5 0 2 0 2
1517 5 0 2 0 2
1518 5 0 2 0 2
1519 5 0 2 0 2
1520 5 0 2 0 2
1521 5 0 2 0 2
1522 5 0 2 0 2
1523 5 0 2 0 2
1524 5 0 2 0 2
1525 5 0 2 0 2
1526 5 0 2 0 2
1527 5 0 2 0 2
1528 5 0 2 0 2
1529 5 0 2 0 2
1530 0 0 2 0 2
1531 0 0 2 0 2
1532 0 0 2 0 2
1533 0 0 2 0 2
1534 0 0 2 0 2
1535 0 0 2 0 2
1536 0 0 2 0 2
1537 0 0 2 0 2
1538 0 0 2 0 2
1539 0 0 2 0 2
1540 0 0 2 0 2
1541 0 0 2 0 2
1542 0 0 2 0 2
1543 0 0 2 0 2
1544 0 0 2 0 2
1545 0 0 2 0 2
1546 0 0 2 0 2
1547 0 0 2 0 2
1548 0 0 2 0 2
1549 0 0 2 0 2
1550 0 0 2 0 2
1551 0 0 2 0 2
1552 0 0 2 0 2
1553 0 0 2 0 2
1554 0 0 2 0 2
1555 0 0 2 0 2
1556 0 0 2 0 2
1557 0 0 2 0 0
1558 0 0 2 0 0
1559 0 0 2 0 0
1560 0 0 2 0 0
1561 0 0 2 0 0
1562 0 0 2 0 0
1563 0 0 2 0 0
1564 0 0 2 0 0
1565 0 0 2 0 0
1566 0 0 2 0 0
1567 0 0 2 0 0
1568 0 0 2 0 0
1569 0 0 2 0 0
1570 0 0 2 0 0
1571 0 0 2 0 0
1572 0 0 2 0 0
1573 0 0 2 0 0
1574 0 0 2 0 0
1575 0 0 2 0 0
1576 0 0 2 0 0
1577 0 0 2 0 0
1578 0 0 2 0 0
1579 0 0 2 0 0
1580 0 0 2 0 0
1581 0 0 2 0 0
1582 0 0 2 0 0
1583 0 0 2 0 0
1584 0 0 2 0 0
1585 0 0 2 0 0
1586 0 0 2 0 0
1587 0 0 2 0 0
1588 0 0 2 0 0
1589 0 0 2 0 0
1590 0 0 2 0 0
1591 0 0 2 0 0
1592 0 0 2 0 0
1593 0 0 2 0 0
1594 0 0 2 0 0
1595 0 0 2 0 0
1596 0 0 2 0 0
1597 0 0 2 0 0
1598 0 0 2 0 0
1599 0 0 2 0 0
1600 0 0 2 0 0
1601 0 0 2 0 0
1602 0 0 2 0 0
1603 0 0 2 0 0
1604 0 0 2 0 0
1605 0 0 2 0 0
1606 0 0 2 0 0
1607 0 0 2 0 0
1608 0 0 2 0 0
1609 0 0 2 0 0
1610 0 0 2 0 0
1611 0 0 2 0 0
1612 0 0 2 0 0
1613 0 0 2 0 0
1614 0 0 2 0 0
1615 0 0 2 0 0
1616 0 0 2 0 0
1617 0 0 2 0 0
1618 0 0 2 0 0
1619 0 0 2 0 0
1620 5 0 2 0 0
1621 5 0 2 0 0
1622 5 0 2 0 0
1623 5 0 2 0 0
1624 5 0 2 0 0
1625 5 0 2 0 0
1626 5 0 2 0 0
1627 5 0 2 0 0
1628 5 0 2 0 0
1629 5 0 2 0 0
1630 5 0 2 0 0
1631 5 0 2 0 0
1632 5 0 2 0 0
1633 5 0 2 0 0
1634 5 0 2 0 0
1635 5 0 2 0 0
1636 5 0 2 0 0
1637 5 0 2 0 0
1638 5 0 2 0 0
1639 5 0 2 0 0
1640 5 0 2 0 0
1641 5 0 2 0 0
1642 5 0 2 0 0
1643 5 0 2 0 0
1644 5 0 2 0 0
1645 5 0 2 0 0
1646 5 0 2 0 0
1647 5 0 2 0 0
1648 5 0 2 0 0
1649 5 0 2 0 0
1650 5 0 2 0 0
1651 5 0 2 0 0
1652 5 0 2 0 0
1653 5 0 2 0 0
1654 5 0 2 0 0
1655 5 0 2 0 0
1656 5 0 2 0 0
1657 5 0 2 0 0
1658 5 0 2 0 0
1659 5 0 2 0 0
1660 5 0 2 0 0
1661 5 0 2 0 0
1662 5 0 2 0 0
1663 5 0 2 0 0
1664 5 0 2 0 0
1665 5 0 2 0 0
1666 5 0 2 0 0
1667 5 0 2 0 0
1668 5 0 2 0 0
1669 5 0 2 0 0
1670 5 0 2 0 0
1671 5 0 2 0 0
1672 5 0 2 0 0
1673 5 0 2 0 0
1674 5 0 2 0 0
1675 5 0 2 0 0
1676 5 0 2 0 0
1677 5 0 2 0 0
1678 5 0 2 0 0
1679 5 0 2 0 0
1680 5 0 2 0 0
1681 5 0 2 0 0
1682 5 0 2 0 0
1683 5 0 2 0 0
1684 5 0 2 0 0
1685 5 0 2 0 0
1686 5 0 2 0 0
1687 5 0 2 0 0
1688 5 0 2 0 0
1689 5 0 2 0 0
1690 5 0 2 0 0
1691 5 0 2 0 0
1692 5 0 2 0 0
1693 5 0 2 0 0
1694 5 0 2 0 0
1695 5 0 2 0 0
1696 5 0 2 0 0
1697 5 0 2 0 0
1698 5 0 2 0 0
1699 5 0 2 0 0
1700 5 0 2 0 0
1701 5 0 2 0 0
1702 5 0 2 0 0
1703 5 0 2 0 0
1704 5 0 2 0 0
1705 5 0 2 0 0
1706 5 0 2 0 0
1707 5 0 2 0 0
1708 5 0 2 0 0
1709 5 0 2 0 0
1710 5 0 2 0 0
1711 5 0 2 0 0
1712 5 0 2 0 0
1713 5 0 2 0 0
1714 5 0 2 0 0
1715 5 0 2 0 0
1716 5 0 2 0 0
1717 5 0 2 0 0
1718 5 0 2 0 0
1719 5 0 2 0 0
1720 5 0 2 0 1
1721 5 0 2 0 1
1722 5 0 2 0 1
1723 5 0 2 0 1
1724 5 0 2 0 1
1725 5 0 2 0 1
1726 5 0 2 0 1
1727 5 0 2 0 1
1728 5 0 2 0 1
1729 5 0 2 0 1
1730 5 0 2 0 0
1731 5 0 2 0 0
1732 5 0 2 0 0
1733 5 0 2 0 0
1734 5 0 2 0 0
1735 5 0 2 0 0
1736 5 0 2 0 0
1737 5 0 2 0 0
1738 5 0 2 0 0
1739 5 0 2 0 0
1740 5 0 2 0 2
1741 5 0 2 0 2
1742 5 0 2 0 2
1743 5 0 2 0 2
1744 5 0 2 0 2
1745 5 0 2 0 2
1746 5 0 2 0 2
1747 5 0 2 0 2
1748 5 0 2 0 2
1749 5 0 2 0 2
1750 5 0 2 0 2
1751 5 0 2 0 2
1752 5 0 2 0 2
1753 5 0 2 0 2
1754 5 0 2 0 2
1755 5 0 2 0 2
1756 5 0 2 0 2
1757 5 0 2 0 2
1758 5 0 2 0 2
1759 5 0 2 0 2
1760 5 0 2 0 2
1761 5 0 2 0 2
1762 5 0 2 0 2
1763 5 0 2 0 2
1764 5 0 2 0 2
1765 5 0 2 0 2
1766 5 0 2 0 2
1767 5 0 2 0 2
1768 5 0 2 0 2
1769 5 0 2 0 2
1770 5 0 2 0 2
1771 5 0 2 0 2
1772 5 0 2 0 2
1773 5 0 2 0 2
1774 5 0 2 0 2
1775 5 0 2 0 2
1776 5 0 2 0 2
1777 5 0 2 0 2
1778 5 0 2 0 2
1779 5 0 2 0 2
1780 5 0 2 0 2
1781 5 0 2 0 2
1782 5 0 2 0 2
1783 5 0 2 0 2
1784 5 0 2 0 2
1785 5 0 2 0 2
1786 5 0 2 0 2
1787 5 0 2 0 2
1788 5 0 2 0 2
1789 5 0 2 0 2
1790 5 0 2 0 2
1791 5 0 2 0 2
1792 5 0 2 0 2
1793 5 0 2 0 2
1794 5 0 2 0 2
1795 5 0 2 0 2
1796 5 0 2 0 2
1797 5 0 2 0 2
1798 5 0 2 0 2
1799 5 0 2 0 2
1800 5 0 2 0 2
1801 5 0 2 0 2
1802 5 0 2 0 2
1803 5 0 2 0 2
1804 5 0 2 0 2
1805 5 0 2 0 2
1806 5 0 2 0 2
1807 5 0 2 0 2
1808 5 0 2 0 2
1809 5 0 2 0 2
1810 5 0 2 0 2
1811 5 0 2 0 2
1812 5 0 2 0 2
1813 5 0 2 0 2
1814 5 0 2 0 2
1815 5 0 2 0 2
1816 5 0 2 0 2
1817 5 0 2 0 2
1818 5 0 2 0 2
1819 5 0 2 0 2
1820 5 0 2 0 2
1821 5 0 2 0 2
1822 5 0 2 0 2
1823 5 0 2 0 2
1824 5 0 2 0 2
1825 5 0 2 0 2
1826 5 0 2 0 2
1827 5 0 2 0 2
1828 5 0 2 0 2
1829 5 0 2 0 2
1830 5 0 2 0 2
1831 5 0 2 0 2
1832 5 0 2 0 2
1833 5 0 2 0 2
1834 5 0 2 0 2
1835 5 0 2 0 2
1836 5 0 2 0 2
1837 5 0 2 0 2
1838 5 0 2 0 2
1839 5 0 2 0 2
1840 5 0 2 0 2
1841 5 0 2 0 2
1842 5 0 2 0 2
1843 5 0 2 0 2
1844 5 0 2 0 2
1845 5 0 2 0 2
1846 5 0 2 0 2
1847 5 0 2 0 2
1848 5 0 2 0 2
1849 5 0 2 0 2
1850 0 0 2 0 2
1851 0 0 2 0 2
1852 0 0 2 0 2
1853 0 0 2 0 2
1854 0 0 2 0 2
1855 0 0 2 0 2
1856 0 0 2 0 2
1857 0 0 2 0 2
1858 0 0 2 0 2
1859 0 0 2 0 2
1860 0 0 2 0 2
1861 0 0 2 0 2
1862 0 0 2 0 2
1863 0 0 2 0 2
1864 0 0 2 0 2
1865 0 0 2 0 2
1866 0 0 2 0 2
1867 0 0 2 0 2
1868 0 0 2 0 2
1869 0 0 2 0 2
1870 0 0 2 0 2
1871 0 0 2 0 2
1872 0 0 2 0 2
1873 0 0 2 0 2
1874 0 0 2 0 2
1875 0 0 2 0 2
1876 0 0 2 0 2
1877 0 0 2 0 2
1878 0 0 2 0 2
1879 0 0 2 0 2
1880 0 0 2 0 2
1881 0 0 2 0 2
1882 0 0 2 0 2
1883 0 0 2 0 2
1884 0 0 2 0 2
1885 0 0 2 0 2
1886 0 0 2 0 2
1887 0 0 2 0 2
1888 0 0 2 0 2
1889 0 0 2 0 2
1890 0 0 2 0 2
1891 0 0 2 0 2
1892 0 0 2 0 2
1893 0 0 2 0 2
1894 0 0 2 0 2
1895 0 0 2 0 2
1896 0 0 2 0 2
1897 0 0 2 0 2
1898 0 0 2 0 2
1899 0 0 2 0 2
1900 0 0 2 0 2
1901 0 0 2 0 2
1902 0 0 2 0 2
1903 0 0 2 0 2
1904 0 0 2 0 2
1905 0 0 2 0 2
1906 0 0 2 0 2
1907 0 0 2 0 2
1908 0 0 2 0 2
1909 0 0 2 0 2
1910 0 0 2 0 2
1911 0 0 2 0 2
1912 0 0 2 0 2
1913 0 0 2 0 2
1914 0 0 2 0 2
1915 0 0 2 0 2
1916 0 0 2 0 2
1917 0 0 2 0 2
1918 0 0 2 0 2
1919 0 0 2 0 2
1920 0 0 2 0 2
1921 0 0 2 0 2
1922 0 0 2 0 2
1923 0 0 2 0 2
1924 0 0 2 0 2
1925 0 0 2 0 2
1926 0 0 2 0 2
1927 0 0 2 0 2
1928 0 0 2 0 2
1929 0 0 2 0 2
1930 0 0 2 0 2
1931 0 0 2 0 2
1932 0 0 2 0 2
1933 0 0 2 0 2
1934 0 0 2 0 2
1935 0 0 2 0 2
1936 0 0 2 0 2
1937 0 0 2 0 2
1938 0 0 2 0 2
1939 0 0 2 0 2
1940 0 0 2 0 2
1941 0 0 2 0 2
1942 0 0 2 0 2
1943 0 0 2 0 2
1944 0 0 2 0 2
1945 0 0 2 0 2
1946 0 0 2 0 2
1947 0 0 2 0 2
1948 0 0 2 0 2
1949 0 0 2 0 2
1950 2 0 2 0 2
1951 2 0 2 0 2
1952 2 0 2 0 2
1953 2 0 2 0 2
1954 2 0 2 0 2
1955 2 0 2 0 2
1956 2 0 2 0 2
1957 2 0 2 0 2
1958 2 0 2 0 2
1959 2 0 2 0 2
1960 2 0 2 0 2
1961 2 0 2 0 2
1962 2 0 2 0 2
1963 2 0 2 0 2
1964 2 0 2 0 2
1965 2 0 2 0 2
1966 2 0 2 0 2
1967 2 0 2 0 2
1968 2 0 2 0 2
1969 2 0 2 0 2
1970 2 0 2 0 2
1971 2 0 2 0 2
1972 2 0 2 0 2
1973 2 0 2 0 2
1974 2 0 2 0 2
1975 2 0 2 0 2
1976 2 0 2 0 2
1977 2 0 2 0 2
1978 2 0 2 0 2
1979 2 0 2 0 2
1980 0 2 2 0 2
1981 0 2 2 0 2
1982 0 2 2 0 2
1983 0 2 2 0 2
1984 0 2 2 0 2
1985 0 2 2 0 2
1986 0 2 2 0 2
1987 0 2 2 0 2
1988 0 2 2 0 2
1989 0 2 2 0 2
1990 0 2 2 0 2
1991 0 2 2 0 2
1992 0 2 2 0 2
1993 0 2 2 0 2
1994 0 2 2 0 2
1995 0 2 2 0 2
1996 0 2 2 0 2
1997 0 2 2 0 2
1998 0 2 2 0 2
1999 0 2 2 0 2
2000 0 2 2 0 2
2001 0 2 2 0 2
2002 0 2 2 0 2
2003 0 2 2 0 2
2004 0 2 2 0 2
2005 0 2 2 0 2
2006 0 2 2 0 2
2007 0 2 2 0 2
2008 0 2 2 0 2
2009 0 2 2 0 2
2010 0 2 2 0 2
2011 0 2 2 0 2
2012 0 2 2 0 2
2013 0 2 2 0 2
2014 0 2 2 0 2
2015 0 2 2 0 2
2016 0 2 2 0 2
2017 0 2 2 0 2
2018 0 2 2 0 2
2019 0 2 2 0 2
2020 0 2 2 0 2
2021 0 2 2 0 2
2022 0 2 2 0 2
2023 0 2 2 0 2
2024 0 2 2 0 2
2025 0 2 2 0 2
2026 0 2 2 0 2
2027 0 2 2 0 2
2028 0 2 2 0 2
2029 0 2 2 0 2
2030 0 2 2 0 2
2031 0 2 2 0 2
2032 0 2 2 0 2
2033 0 2 2 0 2
2034 0 2 2 0 2
2035 0 2 2 0 2
2036 0 2 2 0 2
2037 0 2 2 0 2
2038 0 2 2 0 2
2039 0 2 2 0 2
2040 0 2 2 0 2
2041 0 2 2 0 2
2042 0 2 2 0 2
2043 0 2 2 0 2
2044 0 2 2 0 2
2045 0 2 2 0 2
2046 0 2 2 0 2
2047 0 2 2 0 2
2048 0 2 2 0 2
2049 0 2 2 0 2
2050 0 2 2 0 2
2051 0 2 2 0 2
2052 0 2 2 0 2
2053 0 2 2 0 2
2054 0 2 2 0 2
2055 0 2 2 0 2
2056 0 2 2 0 2
2057 0 2 2 0 2
2058 0 2 2 0 2
2059 0 2 2 0 2
2060 2 0 2 0 2
2061 2 0 2 0 2
2062 2 0 2 0 2
2063 2 0 2 0 2
2064 2 0 2 0 2
2065 2 0 2 0 2
2066 2 0 2 0 2
2067 2 0 2 0 2
2068 2 0 2 0 2
2069 2 0 2 0 2
2070 2 0 0 2 2
2071 2 0 0 2 2
2072 2 0 0 2 2
2073 2 0 0 2 2
2074 2 0 0 2 2
2075 2 0 0 2 2
2076 2 0 0 2 2
2077 2 0 0 0 2
2078 2 0 0 0 2
2079 2 0 0 0 2
2080 2 0 0 0 2
2081 2 0 0 0 2
2082 2 0 0 0 2
2083 2 0 0 0 2
2084 2 0 0 0 2
2085 2 0 0 0 2
2086 2 0 0 0 2
2087 2 0 0 0 2
2088 2 0 0 0 2
2089 2 0 0 0 2
2090 2 0 0 0 2
2091 2 0 0 0 2
2092 2 0 0 0 2
2093 2 0 0 0 2
2094 2 0 0 0 2
2095 2 0 0 0 2
2096 2 0 0 0 2
2097 2 0 0 0 2
2098 2 0 0 0 2
2099 2 0 0 0 2
2100 2 0 0 0 2
2101 2 0 0 0 2
2102 2 0 0 0 2
2103 2 0 0 0 2
2104 2 0 0 0 2
2105 2 0 0 0 2
2106 2 0 0 0 2
2107 2 0 0 0 2
2108 2 0 0 0 2
2109 2 0 0 0 2
2110 2 0 0 0 0
2111 2 0 0 0 0
2112 2 0 0 0 0
2113 2 0 0 0 0
2114 2 0 0 0 0
2115 2 0 0 0 0
2116 2 0 0 0 0
2117 2 0 0 0 0
2118 2 0 0 0 0
2119 2 0 0 0 0
2120 2 0 0 0 0
2121 2 0 0 0 0
2122 2 0 0 0 0
2123 2 0 0 0 0
2124 2 0 0 0 0
2125 2 0 0 0 0
2126 2 0 0 0 0
2127 2 0 0 0 0
2128 2 0 0 0 0
2129 2 0 0 0 0
2130 2 0 0 0 0
2131 2 0 0 0 0
2132 2 0 0 0 0
2133 2 0 0 0 0
2134 2 0 0 0 0
2135 2 0 0 0 0
2136 2 0 0 0 0
2137 2 0 0 0 0
2138 2 0 0 0 0
2139 2 0 0 0 0
2140 2 0 0 0 0
2141 2 0 0 0 0
2142 2 0 0 0 0
2143 2 0 0 0 0
2144 2 0 0 0 0
2145 2 0 0 0 0
2146 2 0 0 0 0
2147 2 0 0 0 0
2148 2 0 0 0 0
2149 2 0 0 0 0
2150 2 0 0 0 0
2151 2 0 0 0 0
2152 2 0 0 0 0
2153 2 0 0 0 0
2154 2 0 0 0 0
2155 2 0 0 0 0
2156 2 0 0 0 0
2157 2 0 0 0 0
2158 2 0 0 0 0
2159 2 0 0 0 0
2160 2 0 0 0 0
2161 2 0 0 0 0
2162 2 0 0 0 0
2163 2 0 0 0 0
2164 2 0 0 0 0
2165 2 0 0 0 0
2166 2 0 0 0 0
2167 2 0 0 0 0
2168 2 0 0 0 0
2169 2 0 0 0 0
2170 2 0 0 0 0
2171 2 0 0 0 0
2172 2 0 0 0 0
2173 2 0 0 0 0
2174 2 0 0 0 0
2175 2 0 0 0 0
2176 2 0 0 0 0
2177 2 0 0 0 0
2178 2 0 0 0 0
2179 2 0 0 0 0
2180 2 0 0 0 0
2181 2 0 0 0 0
2182 2 0 0 0 0
2183 2 0 0 0 0
2184 2 0 0 0 0
2185 2 0 0 0 0
2186 2 0 0 0 0
2187 2 0 0 0 0
2188 2 0 0 0 0
2189 2 0 0 0 0
2190 2 0 0 2 0
2191 2 0 0 2 0
2192 2 0 0 2 0
2193 2 0 0 2 0
2194 2 0 0 2 0
2195 2 0 0 2 0
2196 2 0 0 2 0
2197 2 0 0 0 0
2198 2 0 0 0 0
2199 2 0 0 0 0
2200 2 0 0 0 0
2201 2 0 0 0 0
2202 2 0 0 0 0
2203 2 0 0 0 0
2204 2 0 0 0 0
2205 2 0 0 0 0
2206 2 0 0 0 0
2207 2 0 0 0 0
2208 2 0 0 0 0
2209 2 0 0 0 0
2210 2 0 2 0 0
2211 2 0 2 0 0
2212 2 0 2 0 0
2213 2 0 2 0 0
2214 2 0 2 0 0
2215 2 0 2 0 0
2216 2 0 2 0 0
2217 2 0 2 0 0
2218 2 0 2 0 0
2219 2 0 2 0 0
2220 0 0 2 0 0
2221 0 0 2 0 0
2222 0 0 2 0 0
2223 0 0 2 0 0
2224 0 0 2 0 0
2225 0 0 2 0 0
2226 0 0 2 0 0
2227 0 0 2 0 0
2228 0 0 2 0 0
2229 0 0 2 0 0
2230 0 0 2 0 0
2231 0 0 2 0 0
2232 0 0 2 0 0
2233 0 0 2 0 0
2234 0 0 2 0 0
2235 0 0 2 0 0
2236 0 0 2 0 0
2237 0 0 2 0 0
2238 0 0 2 0 0
2239 0 0 2 0 0
2240 0 0 2 0 0
2241 0 0 2 0 0
2242 0 0 2 0 0
2243 0 0 2 0 0
2244 0 0 2 0 0
2245 0 0 2 0 0
2246 0 0 2 0 0
2247 0 0 2 0 0
2248 0 0 2 0 0
2249 0 0 2 0 0
2250 0 0 2 0 0
2251 0 0 2 0 0
2252 0 0 2 0 0
2253 0 0 2 0 0
2254 0 0 2 0 0
2255 0 0 2 0 0
2256 0 0 2 0 0
2257 0 0 2 0 0
2258 0 0 2 0 0
2259 0 0 2 0 0
2260 0 0 2 0 2
2261 0 0 2 0 2
2262 0 0 2 0 2
2263 0 0 2 0 2
2264 0 0 2 0 2
2265 0 0 2 0 2
2266 0 0 2 0 2
2267 0 0 2 0 2
2268 0 0 2 0 2
2269 0 0 2 0 2
2270 0 0 2 0 1
2271 0 0 2 0 1
2272 0 0 2 0 1
2273 0 0 2 0 1
2274 0 0 2 0 1
2275 0 0 2 0 1
2276 0 0 2 0 1
2277 0 0 2 0 1
2278 0 0 2 0 1
2279 0 0 2 0 1
2280 0 0 2 0 1
2281 0 0 2 0 1
2282 0 0 2 0 1
2283 0 0 2 0 1
2284 0 0 2 0 1
2285 0 0 2 0 1
2286 0 0 2 0 1
2287 0 0 2 0 1
2288 0 0 2 0 1
2289 0 0 2 0 1
2290 0 0 2 0 1
2291 0 0 2 0 1
2292 0 0 2 0 1
2293 0 0 2 0 1
2294 0 0 2 0 1
2295 0 0 2 0 1
2296 0 0 2 0 1
2297 0 0 2 0 1
2298 0 0 2 0 1
2299 0 0 2 0 1
2300 0 0 2 0 1
2301 0 0 2 0 1
2302 0 0 2 0 1
2303 0 0 2 0 1
2304 0 0 2 0 1
2305 0 0 2 0 1
2306 0 0 2 0 1
2307 0 0 2 0 1
2308 0 0 2 0 1
2309 0 0 2 0 1
2310 0 0 2 0 2
2311 0 0 2 0 2
2312 0 0 2 0 2
2313 0 0 2 0 2
2314 0 0 2 0 2
2315 0 0 2 0 2
2316 0 0 2 0 2
2317 0 0 2 0 2
2318 0 0 2 0 2
2319 0 0 2 0 2
2320 0 0 2 0 2
2321 0 0 2 0 2
2322 0 0 2 0 2
2323 0 0 2 0 2
2324 0 0 2 0 2
2325 0 0 2 0 2
2326 0 0 2 0 2
2327 0 0 2 0 2
2328 0 0 2 0 2
2329 0 0 2 0 2
2330 0 0 2 0 2
2331 0 0 2 0 2
2332 0 0 2 0 2
2333 0 0 2 0 2
2334 0 0 2 0 2
2335 0 0 2 0 2
2336 0 0 2 0 2
2337 0 0 2 0 2
2338 0 0 2 0 2
2339 0 0 2 0 2
2340 0 0 2 0 2
2341 0 0 2 0 2
2342 0 0 2 0 2
2343 0 0 2 0 2
2344 0 0 2 0 2
2345 0 0 2 0 2
2346 0 0 2 0 2
2347 0 0 2 0 2
2348 0 0 2 0 2
2349 0 0 2 0 2
2350 0 0 2 0 2
2351 0 0 2 0 2
2352 0 0 2 0 2
2353 0 0 2 0 2
2354 0 0 2 0 2
2355 0 0 2 0 2
2356 0 0 2 0 2
2357 0 0 2 0 2
2358 0 0 2 0 2
2359 0 0 2 0 2
2360 0 0 2 0 2
2361 0 0 2 0 2
2362 0 0 2 0 2
2363 0 0 2 0 2
2364 0 0 2 0 2
2365 0 0 2 0 2
2366 0 0 2 0 2
2367 0 0 2 0 2
2368 0 0 2 0 2
2369 0 0 2 0 2
2370 0 0 2 0 2
2371 0 0 2 0 2
2372 0 0 2 0 2
2373 0 0 2 0 2
2374 0 0 2 0 2
2375 0 0 2 0 2
2376 0 0 2 0 2
2377 0 0 2 0 2
2378 0 0 2 0 2
2379 0 0 2 0 2
2380 0 0 2 0 2
2381 0 0 2 0 2
2382 0 0 2 0 2
2383 0 0 2 0 2
2384 0 0 2 0 2
2385 0 0 2 0 2
2386 0 0 2 0 2
2387 0 0 2 0 2
2388 0 0 2 0 2
2389 0 0 2 0 2
2390 2 0 2 0 2
2391 2 0 2 0 2
2392 2 0 2 0 2
2393 2 0 2 0 2
2394 2 0 2 0 2
2395 2 0 2 0 2
2396 2 0 2 0 2
2397 2 0 2 0 2
2398 2 0 2 0 2
2399 2 0 2 0 2
2400 2 0 2 0 2
2401 2 0 2 0 2
2402 2 0 2 0 2
2403 2 0 2 0 2
2404 2 0 2 0 2
2405 2 0 2 0 2
2406 2 0 2 0 2
2407 2 0 2 0 2
2408 2 0 2 0 2
2409 2 0 2 0 2
2410 2 0 0 0 2
2411 2 0 0 0 2
2412 2 0 0 0 2
2413 2 0 0 2 2
2414 2 0 0 2 2
2415 2 0 0 2 2
2416 2 0 0 2 2
2417 2 0 0 2 2
2418 2 0 0 2 2
2419 2 0 0 2 2
2420 2 0 0 2 2
2421 2 0 0 2 2
2422 2 0 0 2 2
2423 2 0 0 2 2
2424 2 0 0 2 2
2425 2 0 0 2 2
2426 2 0 0 2 2
2427 2 0 0 2 2
2428 2 0 0 0 2
2429 2 0 0 0 2
2430 2 0 0 0 2
2431 2 0 0 0 2
2432 2 0 0 0 2
2433 2 0 0 0 2
2434 2 0 0 0 2
2435 2 0 0 0 2
2436 2 0 0 0 2
2437 2 0 0 0 2
2438 2 0 0 0 2
2439 2 0 0 0 2
2440 2 0 0 0 2
2441 2 0 0 0 2
2442 2 0 0 0 2
2443 2 0 0 0 0
2444 2 0 0 0 0
2445 2 0 0 0 0
2446 2 0 0 0 0
2447 2 0 0 0 0
2448 2 0 0 0 0
2449 2 0 0 0 0
2450 2 0 0 0 0
2451 2 0 0 0 0
2452 2 0 0 0 0
2453 2 0 0 0 0
2454 2 0 0 0 0
2455 2 0 0 0 0
2456 2 0 0 0 0
2457 2 0 0 0 0
2458 2 0 0 0 0
2459 2 0 0 0 0
2460 2 0 0 0 0
2461 2 0 0 0 0
2462 2 0 0 0 0
2463 2 0 0 0 0
2464 2 0 0 0 0
2465 2 0 0 0 0
2466 2 0 0 0 0
2467 2 0 0 0 0
2468 2 0 0 0 0
2469 2 0 0 0 0
2470 2 0 0 0 0
2471 2 0 0 0 0
2472 2 0 0 0 0
2473 2 0 0 0 0
2474 2 0 0 0 0
2475 2 0 0 0 0
2476 2 0 0 0 0
2477 2 0 0 0 0
2478 2 0 0 0 0
2479 2 0 0 0 0
2480 2 0 0 0 0
2481 2 0 0 0 0
2482 2 0 0 0 0
2483 2 0 0 0 0
2484 2 0 0 0 0
2485 2 0 0 0 0
2486 2 0 0 0 0
2487 2 0 0 0 0
2488 2 0 0 0 0
2489 2 0 0 0 0
2490 2 0 0 0 0
2491 2 0 0 0 0
2492 2 0 0 0 0
2493 2 0 0 0 0
2494 2 0 0 0 0
2495 2 0 0 0 0
2496 2 0 0 0 0
2497 2 0 0 0 0
2498 2 0 0 0 0
2499 2 0 0 0 0
2500 2 0 0 0 0
2501 2 0 0 0 0
2502 2 0 0 0 0
2503 2 0 0 0 0
2504 2 0 0 0 0
2505 2 0 0 0 0
2506 2 0 0 0 0
2507 2 0 0 0 0
2508 2 0 0 0 0
2509 2 0 0 0 0
2510 2 0 0 0 0
2511 2 0 0 0 0
2512 2 0 0 0 0
2513 2 0 0 0 0
2514 2 0 0 0 0
2515 2 0 0 0 0
2516 2 0 0 0 0
2517 2 0 0 0 0
2518 2 0 0 0 0
2519 2 0 0 0 0
2520 2 0 0 2 0
2521 2 0 0 2 0
2522 2 0 0 2 0
2523 2 0 0 2 0
2524 2 0 0 2 0
2525 2 0 0 2 0
2526 2 0 0 2 0
2527 2 0 0 2 0
2528 2 0 0 2 0
2529 2 0 0 2 0
2530 2 0 2 0 0
2531 2 0 2 0 0
2532 2 0 2 0 0
2533 2 0 2 0 0
2534 2 0 2 0 0
2535 2 0 2 0 0
2536 2 0 2 0 0
2537 2 0 2 0 0
2538 2 0 2 0 0
2539 2 0 2 0 0
2540 2 0 2 0 0
2541 2 0 2 0 0
2542 2 0 2 0 0
2543 2 0 2 0 0
2544 2 0 2 0 0
2545 2 0 2 0 0
2546 2 0 2 0 0
2547 2 0 2 0 0
2548 2 0 2 0 0
2549 2 0 2 0 0
2550 0 2 2 0 0
2551 0 2 2 0 0
2552 0 2 2 0 0
2553 0 2 2 0 0
2554 0 2 2 0 0
2555 0 2 2 0 0
2556 0 2 2 0 0
2557 0 2 2 0 0
2558 0 2 2 0 0
2559 0 2 2 0 0
2560 0 0 2 0 0
2561 0 0 2 0 0
2562 0 0 2 0 0
2563 0 0 2 0 0
2564 0 0 2 0 0
2565 0 0 2 0 0
2566 0 0 2 0 0
2567 0 0 2 0 0
2568 0 0 2 0 0
2569 0 0 2 0 0
2570 0 0 2 0 0
2571 0 0 2 0 0
2572 0 0 2 0 0
2573 0 0 2 0 0
2574 0 0 2 0 0
2575 0 0 2 0 0
2576 0 0 2 0 0
2577 0 0 2 0 0
2578 0 0 2 0 0
2579 0 0 2 0 0
2580 0 0 2 0 0
2581 0 0 2 0 0
2582 0 0 2 0 0
2583 0 0 2 0 0
2584 0 0 2 0 0
2585 0 0 2 0 0
2586 0 0 2 0 0
2587 0 0 2 0 0
2588 0 0 2 0 0
2589 0 0 2 0 0
2590 0 0 2 0 0
2591 0 0 2 0 0
2592 0 0 2 0 0
2593 0 0 2 0 0
2594 0 0 2 0 0
2595 0 0 2 0 0
2596 0 0 2 0 0
2597 0 0 2 0 0
2598 0 0 2 0 0
2599 0 0 2 0 0
2600 0 0 2 0 0
2601 0 0 2 0 0
2602 0 0 2 0 0
2603 0 0 2 0 0
2604 0 0 2 0 0
2605 0 0 2 0 0
2606 0 0 2 0 0
2607 0 0 2 0 0
2608 0 0 2 0 0
2609 0 0 2 0 0
2610 0 0 2 0 0
2611 0 0 2 0 0
2612 0 0 2 0 0
2613 0 0 2 0 0
2614 0 0 2 0 0
2615 0 0 2 0 0
2616 0 0 2 0 0
2617 0 0 2 0 0
2618 0 0 2 0 0
2619 0 0 2 0 0
2620 0 0 2 0 0
2621 0 0 2 0 0
2622 0 0 2 0 0
2623 0 0 2 0 0
2624 0 0 2 0 0
2625 0 0 2 0 0
2626 0 0 2 0 0
2627 0 0 2 0 0
2628 0 0 2 0 0
2629 0 0 2 0 0
2630 0 0 2 0 1
2631 0 0 2 0 1
2632 0 0 2 0 1
2633 0 0 2 0 1
2634 0 0 2 0 1
2635 0 0 2 0 1
2636 0 0 2 0 1
2637 0 0 2 0 1
2638 0 0 2 0 1
2639 0 0 2 0 1
2640 0 0 2 0 1
2641 0 0 2 0 1
2642 0 0 2 0 1
2643 0 0 2 0 1
2644 0 0 2 0 1
2645 0 0 2 0 1
2646 0 0 2 0 1
2647 0 0 2 0 1
2648 0 0 2 0 1
2649 0 0 2 0 1
2650 0 0 2 0 1
2651 0 0 2 0 1
2652 0 0 2 0 1
2653 0 0 2 0 1
2654 0 0 2 0 1
2655 0 0 2 0 1
2656 0 0 2 0 1
2657 0 0 2 0 1
2658 0 0 2 0 1
2659 0 0 2 0 1
2660 0 0 2 0 2
2661 0 0 2 0 2
2662 0 0 2 0 2
2663 0 0 2 0 2
2664 0 0 2 0 2
2665 0 0 2 0 2
2666 0 0 2 0 2
2667 0 0 2 0 2
2668 0 0 2 0 2
2669 0 0 2 0 2
2670 0 0 2 0 2
2671 0 0 2 0 2
2672 0 0 2 0 2
2673 0 0 2 0 2
2674 0 0 2 0 2
2675 0 0 2 0 2
2676 0 0 2 0 2
2677 0 0 2 0 2
2678 0 0 2 0 2
2679 0 0 2 0 2
2680 0 0 2 0 2
2681 0 0 2 0 2
2682 0 0 2 0 2
2683 0 0 2 0 2
2684 0 0 2 0 2
2685 0 0 2 0 2
2686 0 0 2 0 2
2687 0 0 2 0 2
2688 0 0 2 0 2
2689 0 0 2 0 2
2690 0 0 2 0 2
2691 0 0 2 0 2
2692 0 0 2 0 2
2693 0 0 2 0 2
2694 0 0 2 0 2
2695 0 0 2 0 2
2696 0 0 2 0 2
2697 0 0 2 0 2
2698 0 0 2 0 2
2699 0 0 2 0 2
2700 0 0 2 0 2
2701 0 0 2 0 2
2702 0 0 2 0 2
2703 0 0 2 0 2
2704 0 0 2 0 2
2705 0 0 2 0 2
2706 0 0 2 0 2
2707 0 0 2 0 2
2708 0 0 2 0 2
2709 0 0 2 0 2
2710 0 0 2 0 2
2711 0 0 2 0 2
2712 0 0 2 0 2
2713 0 0 2 0 2
2714 0 0 2 0 2
2715 0 0 2 0 2
2716 0 0 2 0 2
2717 0 0 2 0 2
2718 0 0 2 0 2
2719 0 0 2 0 2
2720 0 0 2 0 2
2721 0 0 2 0 2
2722 0 0 2 0 2
2723 0 0 2 0 2
2724 0 0 2 0 2
2725 0 0 2 0 2
2726 0 0 2 0 2
2727 0 0 2 0 2
2728 0 0 2 0 2
2729 0 0 2 0 2
2730 0 0 2 0 2
2731 0 0 2 0 2
2732 0 0 2 0 2
2733 0 0 2 0 2
2734 0 0 2 0 2
2735 0 0 2 0 2
2736 0 0 2 0 2
2737 0 0 2 0 2
2738 0 0 2 0 2
2739 0 0 2 0 2
2740 0 0 2 0 2
2741 0 0 2 0 2
2742 0 0 2 0 2
2743 0 0 2 0 2
2744 0 0 2 0 2
2745 0 0 2 0 2
2746 0 0 2 0 2
2747 0 0 2 0 2
2748 0 0 2 0 2
2749 0 0 2 0 2
2750 0 0 2 0 2
2751 0 0 2 0 2
2752 0 0 2 0 2
2753 0 0 2 0 2
2754 0 0 2 0 2
2755 0 0 2 0 2
2756 0 0 2 0 2
2757 0 0 2 0 2
2758 0 0 2 0 2
2759 0 0 2 0 2
2760 0 0 2 0 2
2761 0 0 2 0 2
2762 0 0 2 0 2
2763 0 0 2 0 2
2764 0 0 2 0 2
2765 0 0 2 0 2
2766 0 0 2 0 2
2767 0 0 2 0 2
2768 0 0 2 0 2
2769 0 0 2 0 2
2770 0 0 2 0 2
2771 0 0 2 0 2
2772 0 0 2 0 2
2773 0 0 2 0 2
2774 0 0 2 0 2
2775 0 0 2 0 2
2776 0 0 2 0 2
2777 0 0 2 0 2
2778 0 0 2 0 2
2779 0 0 2 0 2
2780 0 0 2 0 2
2781 0 0 2 0 2
2782 0 0 2 0 2
2783 0 0 2 0 2
2784 0 0 2 0 2
2785 0 0 2 0 2
2786 0 0 2 0 2
2787 0 0 2 0 2
2788 0 0 2 0 2
2789 0 0 2 0 2
2790 0 0 2 0 2
2791 0 0 2 0 2
2792 0 0 2 0 2
2793 0 0 2 0 2
2794 0 0 2 0 2
2795 0 0 2 0 2
2796 0 0 2 0 2
2797 0 0 2 0 2
2798 0 0 2 0 2
2799 0 0 2 0 2
2800 2 0 2 0 2
2801 2 0 2 0 2
2802 2 0 2 0 2
2803 2 0 2 0 2
2804 2 0 2 0 2
2805 2 0 2 0 2
2806 2 0 2 0 2
2807 2 0 2 0 2
2808 2 0 2 0 2
2809 2 0 2 0 2
2810 2 0 0 0 2
2811 2 0 0 0 2
2812 2 0 0 0 2
2813 2 0 0 0 2
2814 2 0 0 0 2
2815 2 0 0 0 2
2816 2 0 0 0 2
2817 2 0 0 0 2
2818 2 0 0 0 2
2819 2 0 0 0 2
2820 2 0 0 0 2
2821 2 0 0 0 2
2822 2 0 0 0 2
2823 2 0 0 0 2
2824 2 0 0 0 2
2825 2 0 0 0 2
2826 2 0 0 0 2
2827 2 0 0 0 2
2828 2 0 0 0 2
2829 2 0 0 0 2
2830 2 0 0 0 2
2831 2 0 0 0 2
2832 2 0 0 0 2
2833 2 0 0 0 2
2834 2 0 0 0 2
2835 2 0 0 0 2
2836 2 0 0 0 2
2837 2 0 0 0 2
2838 2 0 0 0 2
2839 2 0 0 0 2
2840 2 0 0 0 0
2841 2 0 0 0 0
2842 2 0 0 0 0
2843 2 0 0 0 0
2844 2 0 0 0 0
2845 2 0 0 0 0
2846 2 0 0 0 0
2847 2 0 0 0 0
2848 2 0 0 0 0
2849 2 0 0 0 0
2850 2 0 0 0 0
2851 2 0 0 0 0
2852 2 0 0 0 0
2853 2 0 0 0 0
2854 2 0 0 0 0
2855 2 0 0 0 0
2856 2 0 0 0 0
2857 2 0 0 0 0
2858 2 0 0 0 0
2859 2 0 0 0 0
2860 2 0 0 0 0
2861 2 0 0 0 0
2862 2 0 0 0 0
2863 2 0 0 0 0
2864 2 0 0 0 0
2865 2 0 0 0 0
2866 2 0 0 0 0
2867 2 0 0 0 0
2868 2 0 0 0 0
2869 2 0 0 0 0
2870 2 0 0 0 0
2871 2 0 0 0 0
2872 2 0 0 0 0
2873 2 0 0 0 0
2874 2 0 0 0 0
2875 2 0 0 0 0
2876 2 0 0 0 0
2877 2 0 0 0 0
2878 2 0 0 0 0
2879 2 0 0 0 0
2880 2 0 0 0 0
2881 2 0 0 0 0
2882 2 0 0 0 0
2883 2 0 0 0 0
2884 2 0 0 0 0
2885 2 0 0 0 0
2886 2 0 0 0 0
2887 2 0 0 0 0
2888 2 0 0 0 0
2889 2 0 0 0 0
2890 2 0 0 0 0
2891 2 0 0 0 0
2892 2 0 0 0 0
2893 2 0 0 0 0
2894 2 0 0 0 0
2895 2 0 0 0 0
2896 2 0 0 0 0
2897 2 0 0 0 0
2898 2 0 0 0 0
2899 2 0 0 0 0
2900 2 0 0 0 0
2901 2 0 0 0 0
2902 2 0 0 0 0
2903 2 0 0 0 0
2904 2 0 0 0 0
2905 2 0 0 0 0
2906 2 0 0 0 0
2907 2 0 0 0 0
2908 2 0 0 0 0
2909 2 0 0 0 0
2910 2 0 0 0 0
2911 2 0 0 0 0
2912 2 0 0 0 0
2913 2 0 0 0 0
2914 2 0 0 0 0
2915 2 0 0 0 0
2916 2 0 0 0 0
2917 2 0 0 0 0
2918 2 0 0 0 0
2919 2 0 0 0 0
2920 2 0 0 0 0
2921 2 0 0 0 0
2922 2 0 0 0 0
2923 2 0 0 0 0
2924 2 0 0 0 0
2925 2 0 0 0 0
2926 2 0 0 0 0
2927 2 0 0 0 0
2928 2 0 0 0 0
2929 2 0 0 0 0
2930 2 0 0 0 0
2931 2 0 0 0 0
2932 2 0 0 0 0
2933 2 0 0 0 0
2934 2 0 0 0 0
2935 2 0 0 0 0
2936 2 0 0 0 0
2937 2 0 0 0 0
2938 2 0 0 0 0
2939 2 0 0 0 0
2940 2 0 0 0 0
2941 2 0 0 0 0
2942 2 0 0 0 0
2943 2 0 0 0 0
2944 2 0 0 0 0
2945 2 0 0 0 0
2946 2 0 0 0 0
2947 2 0 0 0 0
2948 2 0 0 0 0
2949 2 0 0 0 0
2950 2 0 0 0 0
2951 2 0 0 0 0
2952 2 0 0 0 0
2953 2 0 0 0 0
2954 2 0 0 0 0
2955 2 0 0 0 0
2956 2 0 0 0 0
2957 2 0 0 0 0
2958 2 0 0 0 0
2959 2 0 0 0 0
2960 2 0 0 0 0
2961 2 0 0 2 0
2962 2 0 0 2 0
2963 2 0 0 2 0
2964 2 0 0 2 0
2965 2 0 0 2 0
2966 2 0 0 2 0
2967 2 0 0 2 0
2968 2 0 0 2 0
2969 2 0 0 2 0
2970 2 0 0 2 0
2971 2 0 0 2 0
2972 2 0 0 2 0
2973 2 0 0 2 0
2974 2 0 0 2 0
2975 2 0 0 2 0
2976 2 0 0 2 0
2977 2 0 0 2 0
2978 2 0 0 2 0
2979 2 0 0 2 0
2980 2 0 2 0 0
2981 2 0 2 0 0
2982 2 0 2 0 0
2983 2 0 2 0 0
2984 2 0 2 0 0
2985 2 0 2 0 0
2986 2 0 2 0 0
2987 2 0 2 0 0
2988 2 0 2 0 0
2989 2 0 2 0 0
2990 0 0 2 0 0
2991 0 0 2 0 0
2992 0 0 2 0 0
2993 0 0 2 0 0
2994 0 0 2 0 0
2995 0 0 2 0 0
2996 0 0 2 0 0
2997 0 0 2 0 0
2998 0 0 2 0 0
2999 0 0 2 0 0
3000 0 0 2 0 0
3001 0 0 2 0 0
3002 0 0 2 0 0
3003 0 0 2 0 0
3004 0 0 2 0 0
3005 0 0 2 0 0
3006 0 0 2 0 0
3007 0 0 2 0 0
3008 0 0 2 0 0
3009 0 0 2 0 0
3010 0 0 2 0 0
3011 0 0 2 0 0
3012 0 0 2 0 0
3013 0 0 2 0 0
3014 0 0 2 0 0
3015 0 0 2 0 0
3016 0 0 2 0 0
3017 0 0 2 0 0
3018 0 0 2 0 0
3019 0 0 2 0 0
3020 0 0 2 0 0
3021 0 0 2 0 0
3022 0 0 2 0 0
3023 0 0 2 0 0
3024 0 0 2 0 0
3025 0 0 2 0 0
3026 0 0 2 0 0
3027 0 0 2 0 0
3028 0 0 2 0 0
3029 0 0 2 0 0
3030 0 0 2 0 0
3031 0 0 2 0 0
3032 0 0 2 0 0
3033 0 0 2 0 0
3034 0 0 2 0 0
3035 0 0 2 0 0
3036 0 0 2 0 0
3037 0 0 2 0 0
3038 0 0 2 0 0
3039 0 0 2 0 0
3040 0 0 2 0 0
3041 0 0 2 0 0
3042 0 0 2 0 0
3043 0 0 2 0 0
3044 0 0 2 0 0
3045 0 0 2 0 0
3046 0 0 2 0 0
3047 0 0 2 0 0
3048 0 0 2 0 0
3049 0 0 2 0 0
3050 0 0 2 0 0
3051 0 0 2 0 0
3052 0 0 2 0 0
3053 0 0 2 0 0
3054 0 0 2 0 0
3055 0 0 2 0 0
3056 0 0 2 0 0
3057 0 0 2 0 0
3058 0 0 2 0 0
3059 0 0 2 0 0
3060 0 0 2 0 0
3061 0 0 2 0 0
3062 0 0 2 0 0
3063 0 0 2 0 0
3064 0 0 2 0 0
3065 0 0 2 0 0
3066 0 0 2 0 0
3067 0 0 2 0 0
3068 0 0 2 0 0
3069 0 0 2 0 0
3070 0 0 2 0 0
3071 0 0 2 0 0
3072 0 0 2 0 0
3073 0 0 2 0 0
3074 0 0 2 0 0
3075 0 0 2 0 0
3076 0 0 2 0 0
3077 0 0 2 0 0
3078 0 0 2 0 0
3079 0 0 2 0 0
3080 0 0 2 0 0
3081 0 0 2 0 0
3082 0 0 2 0 0
3083 0 0 2 0 0
3084 0 0 2 0 0
3085 0 0 2 0 0
3086 0 0 2 0 0
3087 0 0 2 0 0
3088 0 0 2 0 0
3089 0 0 2 0 0
3090 0 0 2 0 0
3091 0 0 2 0 0
3092 0 0 2 0 0
3093 0 0 2 0 0
3094 0 0 2 0 0
3095 0 0 2 0 0
3096 0 0 2 0 0
3097 0 0 2 0 0
3098 0 0 2 0 0
3099 0 0 2 0 0
3100 5 0 2 0 0
3101 5 0 2 0 0
3102 5 0 2 0 0
3103 5 0 2 0 0
3104 5 0 2 0 0
3105 5 0 2 0 0
3106 5 0 2 0 0
3107 5 0 2 0 0
3108 5 0 2 0 0
3109 5 0 2 0 0
3110 5 0 2 0 0
3111 5 0 2 0 0
3112 5 0 2 0 0
3113 5 0 2 0 0
3114 5 0 2 0 0
3115 5 0 2 0 0
3116 5 0 2 0 0
3117 5 0 2 0 0
3118 5 0 2 0 0
3119 5 0 2 0 0
3120 5 0 2 0 0
3121 5 0 2 0 0
3122 5 0 2 0 0
3123 5 0 2 0 0
3124 5 0 2 0 0
3125 5 0 2 0 0
3126 5 0 2 0 0
3127 5 0 2 0 0
3128 5 0 2 0 0
3129 5 0 2 0 0
3130 5 0 2 0 0
3131 5 0 2 0 0
3132 5 0 2 0 0
3133 5 0 2 0 0
3134 5 0 2 0 0
3135 5 0 2 0 0
3136 5 0 2 0 0
3137 5 0 2 0 0
3138 5 0 2 0 0
3139 5 0 2 0 0
3140 5 0 2 0 0
3141 5 0 2 0 0
3142 5 0 2 0 0
3143 5 0 2 0 0
3144 5 0 2 0 0
3145 5 0 2 0 0
3146 5 0 2 0 0
3147 5 0 2 0 0
3148 5 0 2 0 0
3149 5 0 2 0 0
3150 5 0 2 0 1
3151 5 0 2 0 1
3152 5 0 2 0 1
3153 5 0 2 0 1
3154 5 0 2 0 1
3155 5 0 2 0 1
3156 5 0 2 0 1
3157 5 0 2 0 1
3158 5 0 2 0 1
3159 5 0 2 0 1
3160 5 0 2 0 1
3161 5 0 2 0 1
3162 5 0 2 0 1
3163 5 0 2 0 1
3164 5 0 2 0 1
3165 5 0 2 0 1
3166 5 0 2 0 1
3167 5 0 2 0 1
3168 5 0 2 0 1
3169 5 0 2 0 1
3170 5 0 2 0 1
3171 5 0 2 0 1
3172 5 0 2 0 1
3173 5 0 2 0 1
3174 5 0 2 0 1
3175 5 0 2 0 1
3176 5 0 2 0 1
3177 5 0 2 0 1
3178 5 0 2 0 1
3179 5 0 2 0 1
3180 5 0 2 0 2
3181 5 0 2 0 2
3182 5 0 2 0 2
3183 5 0 2 0 2
3184 5 0 2 0 2
3185 5 0 2 0 2
3186 5 0 2 0 2
3187 5 0 2 0 2
3188 5 0 2 0 2
3189 5 0 2 0 2
3190 5 0 2 0 2
3191 5 0 2 0 2
3192 5 0 2 0 2
3193 5 0 2 0 2
3194 5 0 2 0 2
3195 5 0 2 0 2
3196 5 0 2 0 2
3197 5 0 2 0 2
3198 5 0 2 0 2
3199 5 0 2 0 2
3200 5 0 2 0 2
3201 5 0 2 0 2
3202 5 0 2 0 2
3203 5 0 2 0 2
3204 5 0 2 0 2
3205 5 0 2 0 2
3206 5 0 2 0 2
3207 5 0 2 0 2
3208 5 0 2 0 2
3209 5 0 2 0 2
3210 5 0 2 0 2
3211 5 0 2 0 2
3212 5 0 2 0 2
3213 5 0 2 0 2
3214 5 0 2 0 2
3215 5 0 2 0 2
3216 5 0 2 0 2
3217 5 0 2 0 2
3218 5 0 2 0 2
3219 5 0 2 0 2
3220 0 0 2 0 2
3221 0 0 2 0 2
3222 0 0 2 0 2
3223 0 0 2 0 2
3224 0 0 2 0 2
3225 0 0 2 0 2
3226 0 0 2 0 2
3227 0 0 2 0 2
3228 0 0 2 0 2
3229 0 0 2 0 2
3230 0 0 2 0 2
3231 0 0 2 0 2
3232 0 0 2 0 2
3233 0 0 2 0 2
3234 0 0 2 0 2
3235 0 0 2 0 2
3236 0 0 2 0 2
3237 0 0 2 0 2
3238 0 0 2 0 2
3239 0 0 2 0 2
3240 0 0 2 0 2
3241 0 0 2 0 2
3242 0 0 2 0 2
3243 0 0 2 0 2
3244 0 0 2 0 2
3245 0 0 2 0 2
3246 0 0 2 0 2
3247 0 0 2 0 2
3248 0 0 2 0 2
3249 0 0 2 0 2
3250 0 0 2 0 2
3251 0 0 2 0 2
3252 0 0 2 0 2
3253 0 0 2 0 2
3254 0 0 2 0 2
3255 0 0 2 0 2
3256 0 0 2 0 2
3257 0 0 2 0 2
3258 0 0 2 0 2
3259 0 0 2 0 2
3260 0 0 2 0 2
3261 0 0 2 0 2
3262 0 0 2 0 2
3263 0 0 2 0 2
3264 0 0 2 0 2
3265 0 0 2 0 2
3266 0 0 2 0 2
3267 0 0 2 0 2
3268 0 0 2 0 2
3269 0 0 2 0 2
3270 0 0 2 0 2
3271 0 0 2 0 2
3272 0 0 2 0 2
3273 0 0 2 0 2
3274 0 0 2 0 2
3275 0 0 2 0 2
3276 0 0 2 0 2
3277 0 0 2 0 2
3278 0 0 2 0 2
3279 0 0 2 0 2
3280 0 0 2 0 2
3281 0 0 2 0 2
3282 0 0 2 0 2
3283 0 0 2 0 2
3284 0 0 2 0 2
3285 0 0 2 0 2
3286 0 0 2 0 2
3287 0 0 2 0 2
3288 0 0 2 0 2
3289 0 0 2 0 2
3290 0 0 2 0 2
3291 0 0 2 0 2
3292 0 0 2 0 2
3293 0 0 2 0 2
3294 0 0 2 0 2
3295 0 0 2 0 2
3296 0 0 2 0 2
3297 0 0 2 0 2
3298 0 0 2 0 2
3299 0 0 2 0 2
3300 0 0 2 0 2
3301 0 0 2 0 2
3302 0 0 2 0 2
3303 0 0 2 0 2
3304 0 0 2 0 2
3305 0 0 2 0 2
3306 0 0 2 0 2
3307 0 0 2 0 2
3308 0 0 2 0 2
3309 0 0 2 0 2
3310 0 0 2 0 2
3311 0 0 2 0 2
3312 0 0 2 0 2
3313 0 0 2 0 2
3314 0 0 2 0 2
3315 0 0 2 0 2
3316 0 0 2 0 2
3317 0 0 2 0 2
3318 0 0 2 0 2
3319 0 0 2 0 2
3320 0 0 2 0 2
3321 0 0 2 0 2
3322 0 0 2 0 2
3323 0 0 2 0 2
3324 0 0 2 0 2
3325 0 0 2 0 2
3326 0 0 2 0 2
3327 0 0 2 0 2
3328 0 0 2 0 2
3329 0 0 2 0 2
3330 0 0 2 0 2
3331 0 0 2 0 2
3332 0 0 2 0 2
3333 0 0 2 0 2
3334 0 0 2 0 2
3335 0 0 2 0 2
3336 0 0 2 0 2
3337 0 0 2 0 2
3338 0 0 2 0 2
3339 0 0 2 0 2
3340 0 0 2 0 2
3341 0 0 2 0 2
3342 0 0 2 0 2
3343 0 0 2 0 2
3344 0 0 2 0 2
3345 0 0 2 0 2
3346 0 0 2 0 2
3347 0 0 2 0 2
3348 0 0 2 0 2
3349 0 0 2 0 2
3350 0 0 2 0 2
3351 0 0 2 0 2
3352 0 0 2 0 2
3353 0 0 2 0 2
3354 0 0 2 0 2
3355 0 0 2 0 2
3356 0 0 2 0 2
3357 0 0 2 0 2
3358 0 0 2 0 2
3359 0 0 2 0 2
3360 0 0 2 0 2
3361 0 0 2 0 2
3362 0 0 2 0 2
3363 0 0 2 0 2
3364 0 0 2 0 2
3365 0 0 2 0 2
3366 0 0 2 0 2
3367 0 0 2 0 2
3368 0 0 2 0 2
3369 0 0 2 0 2
3370 0 0 2 0 2
3371 0 0 2 0 2
3372 0 0 2 0 2
3373 0 0 2 0 2
3374 0 0 2 0 2
3375 0 0 2 0 2
3376 0 0 2 0 2
3377 0 0 2 0 2
3378 0 0 2 0 2
3379 0 0 2 0 2
3380 2 0 2 0 2
3381 2 0 2 0 2
3382 2 0 2 0 2
3383 2 0 2 0 2
3384 2 0 2 0 2
3385 2 0 2 0 2
3386 2 0 2 0 2
3387 2 0 2 0 2
3388 2 0 2 0 2
3389 2 0 2 0 2
3390 2 0 2 0 2
3391 2 0 2 0 2
3392 2 0 2 0 2
3393 2 0 2 0 2
3394 2 0 2 0 2
3395 2 0 2 0 2
3396 2 0 2 0 2
3397 2 0 2 0 2
3398 2 0 2 0 2
3399 2 0 2 0 2
3400 2 0 0 2 2
3401 2 0 0 2 2
3402 2 0 0 2 2
3403 2 0 0 2 2
3404 2 0 0 2 2
3405 2 0 0 2 2
3406 2 0 0 2 2
3407 2 0 0 2 2
3408 2 0 0 2 2
3409 2 0 0 2 2
3410 2 0 0 0 2
3411 2 0 0 0 2
3412 2 0 0 0 2
3413 2 0 0 0 2
3414 2 0 0 0 2
3415 2 0 0 0 2
3416 2 0 0 0 2
3417 2 0 0 0 2
3418 2 0 0 0 2
3419 2 0 0 0 2
3420 2 0 0 0 0
3421 2 0 0 0 0
3422 2 0 0 0 0
3423 2 0 0 0 0
3424 2 0 0 0 0
3425 2 0 0 0 0
3426 2 0 0 0 0
3427 2 0 0 0 0
3428 2 0 0 0 0
3429 2 0 0 0 0
3430 2 0 0 0 0
3431 2 0 0 0 0
3432 2 0 0 0 0
3433 2 0 0 0 0
3434 2 0 0 0 0
3435 2 0 0 0 0
3436 2 0 0 0 0
3437 2 0 0 0 0
3438 2 0 0 0 0
3439 2 0 0 0 0
3440 2 0 0 0 0
3441 2 0 0 0 0
