0 0 0 0 0 0
1 0 0 0 0 0
2 0 0 0 0 0
3 0 0 0 0 0
4 0 0 0 0 0
5 0 0 0 0 0
6 0 0 0 0 0
7 0 0 0 0 0
8 0 0 0 0 0
9 0 0 0 0 0
10 0 0 0 0 0
11 0 0 0 0 0
12 0 0 0 0 0
13 0 0 0 0 0
14 0 0 0 0 0
15 0 0 0 0 0
16 0 0 0 0 0
17 0 0 0 0 0
18 0 0 0 0 0
19 0 0 0 0 0
20 0 0 0 0 0
21 0 0 0 0 0
22 0 0 0 0 0
23 0 0 0 0 0
24 0 0 0 0 0
25 0 0 0 0 0
26 0 0 0 0 0
27 0 0 0 0 0
28 0 0 0 0 0
29 0 0 0 0 0
30 0 0 0 0 0
31 0 0 0 0 0
32 0 0 0 0 0
33 0 0 0 0 0
34 0 0 0 0 0
35 0 0 0 0 0
36 0 0 0 0 0
37 0 0 0 0 0
38 0 0 0 0 0
39 0 0 0 0 0
40 0 0 0 0 0
41 0 0 0 0 0
42 0 0 0 0 0
43 0 0 0 0 0
44 0 0 0 0 0
45 0 0 0 0 0
46 0 0 0 0 0
47 0 0 0 0 0
48 0 0 0 0 0
49 0 0 0 0 0
50 0 0 0 0 0
51 0 0 0 0 0
52 0 0 0 0 0
53 0 0 0 0 0
54 0 0 0 0 0
55 0 0 0 0 0
56 0 0 0 0 0
57 0 0 0 0 0
58 0 0 0 0 0
59 0 0 0 0 0
60 0 0 0 0 0
61 0 0 0 0 0
62 0 0 0 0 0
63 0 0 0 0 0
64 0 0 0 0 0
65 0 0 0 0 0
66 0 0 0 0 0
67 0 0 0 0 0
68 0 0 0 0 0
69 0 0 0 0 0
70 0 0 0 2 0
71 0 0 0 2 0
72 0 0 0 2 0
73 0 0 0 2 0
74 0 0 0 2 0
75 0 0 0 2 0
76 0 0 0 2 0
77 0 0 0 2 0
78 0 0 0 2 0
79 0 0 0 2 0
80 0 0 0 0 0
81 0 0 0 0 0
82 0 0 0 0 0
83 0 0 0 0 0
84 0 0 0 0 0
85 0 0 0 0 0
86 0 0 0 0 0
87 0 0 0 0 0
88 0 0 0 0 0
89 0 0 0 0 0
90 0 0 0 0 0
91 0 0 0 0 0
92 0 0 0 0 0
93 0 0 0 0 0
94 0 0 0 0 0
95 0 0 0 0 0
96 0 0 0 0 0
97 0 0 0 0 0
98 0 0 0 0 0
99 0 0 0 0 0
100 0 0 0 0 0
101 0 0 0 0 0
102 0 0 0 0 0
103 0 0 0 0 0
104 0 0 0 0 0
105 0 0 0 0 0
106 0 0 0 0 0
107 0 0 0 0 0
108 0 0 0 0 0
109 0 0 0 0 0
110 0 0 2 0 0
111 0 0 2 0 0
112 0 0 2 0 0
113 0 0 2 0 0
114 0 0 2 0 0
115 0 0 2 0 0
116 0 0 2 0 0
117 0 0 2 0 0
118 0 0 2 0 0
119 0 0 2 0 0
120 0 0 2 0 0
121 0 0 2 0 0
122 0 0 2 0 0
123 0 0 2 0 0
124 0 0 2 0 0
125 0 0 2 0 0
126 0 0 2 0 0
127 0 0 2 0 0
128 0 0 2 0 0
129 0 0 2 0 0
130 0 0 2 0 0
131 0 0 2 0 0
132 0 0 2 0 0
133 0 0 2 0 0
134 0 0 2 0 0
135 0 0 2 0 0
136 0 0 2 0 0
137 0 0 2 0 0
138 0 0 2 0 0
139 0 0 2 0 0
140 0 0 2 0 0
141 0 0 2 0 0
142 0 0 2 0 0
143 0 0 2 0 0
144 0 0 2 0 0
145 0 0 2 0 0
146 0 0 2 0 0
147 0 0 2 0 0
148 0 0 2 0 0
149 0 0 2 0 0
150 0 0 2 0 0
151 0 0 2 0 0
152 0 0 2 0 0
153 0 0 2 0 0
154 0 0 2 0 0
155 0 0 2 0 0
156 0 0 2 0 0
157 0 0 2 0 0
158 0 0 2 0 0
159 0 0 2 0 0
160 0 0 2 0 0
161 0 0 2 0 0
162 0 0 2 0 0
163 0 0 2 0 0
164 0 0 2 0 0
165 0 0 2 0 0
166 0 0 2 0 0
167 0 0 2 0 0
168 0 0 2 0 0
169 0 0 2 0 0
170 0 0 2 0 0
171 0 0 2 0 0
172 0 0 2 0 0
173 0 0 2 0 0
174 0 0 2 0 0
175 0 0 2 0 0
176 0 0 2 0 0
177 0 0 2 0 0
178 0 0 2 0 0
179 0 0 2 0 0
180 0 0 2 0 0
181 0 0 2 0 0
182 0 0 2 0 0
183 0 0 2 0 0
184 0 0 2 0 0
185 0 0 2 0 0
186 0 0 2 0 0
187 0 0 2 0 0
188 0 0 2 0 0
189 0 0 2 0 0
190 0 0 2 0 1
191 0 0 2 0 1
192 0 0 2 0 1
193 0 0 2 0 1
194 0 0 2 0 1
195 0 0 2 0 1
196 0 0 2 0 1
197 0 0 2 0 1
198 0 0 2 0 1
199 0 0 2 0 1
200 0 0 2 0 1
201 0 0 2 0 1
202 0 0 2 0 1
203 0 0 2 0 1
204 0 0 2 0 1
205 0 0 2 0 1
206 0 0 2 0 1
207 0 0 2 0 1
208 0 0 2 0 1
209 0 0 2 0 1
210 0 0 2 0 1
211 0 0 2 0 1
212 0 0 2 0 1
213 0 0 2 0 1
214 0 0 2 0 1
215 0 0 2 0 1
216 0 0 2 0 1
217 0 0 2 0 1
218 0 0 2 0 1
219 0 0 2 0 1
220 0 0 2 0 0
221 0 0 2 0 0
222 0 0 2 0 0
223 0 0 2 0 0
224 0 0 2 0 0
225 0 0 2 0 0
226 0 0 2 0 0
227 0 0 2 0 0
228 0 0 2 0 0
229 0 0 2 0 0
230 0 0 2 0 0
231 0 0 2 0 0
232 0 0 2 0 0
233 0 0 2 0 0
234 0 0 2 0 0
235 0 0 2 0 0
236 0 0 2 0 0
237 0 0 2 0 0
238 0 0 2 0 0
239 0 0 2 0 0
240 0 0 2 0 0
241 0 0 2 0 0
242 0 0 2 0 0
243 0 0 2 0 0
244 0 0 2 0 0
245 0 0 2 0 0
246 0 0 2 0 0
247 0 0 2 0 0
248 0 0 2 0 0
249 0 0 2 0 0
250 0 0 2 0 0
251 0 0 2 0 0
252 0 0 2 0 0
253 0 0 2 0 0
254 0 0 2 0 0
255 0 0 2 0 0
256 0 0 2 0 0
257 0 0 2 0 0
258 0 0 2 0 0
259 0 0 2 0 0
260 0 0 2 0 0
261 0 0 2 0 0
262 0 0 2 0 0
263 0 0 2 0 0
264 0 0 2 0 0
265 0 0 2 0 0
266 0 0 2 0 0
267 0 0 2 0 0
268 0 0 2 0 0
269 0 0 2 0 0
270 0 0 2 0 0
271 0 0 2 0 0
272 0 0 2 0 0
273 0 0 2 0 0
274 0 0 2 0 0
275 0 0 2 0 0
276 0 0 2 0 0
277 0 0 2 0 0
278 0 0 2 0 0
279 0 0 2 0 0
280 0 0 2 0 0
281 0 0 2 0 0
282 0 0 2 0 0
283 0 0 2 0 0
284 0 0 2 0 0
285 0 0 2 0 0
286 0 0 2 0 0
287 0 0 2 0 0
288 0 0 2 0 0
289 0 0 2 0 0
290 0 0 2 0 1
291 0 0 2 0 1
292 0 0 2 0 1
293 0 0 2 0 1
294 0 0 2 0 1
295 0 0 2 0 1
296 0 0 2 0 1
297 0 0 2 0 1
298 0 0 2 0 1
299 0 0 2 0 1
300 0 0 2 0 1
301 0 0 2 0 1
302 0 0 2 0 1
303 0 0 2 0 1
304 0 0 2 0 1
305 0 0 2 0 1
306 0 0 2 0 1
307 0 0 2 0 1
308 0 0 2 0 1
309 0 0 2 0 1
310 0 0 2 0 1
311 0 0 2 0 1
312 0 0 2 0 1
313 0 0 2 0 1
314 0 0 2 0 1
315 0 0 2 0 1
316 0 0 2 0 1
317 0 0 2 0 1
318 0 0 2 0 1
319 0 0 2 0 1
320 0 0 2 0 2
321 0 0 2 0 2
322 0 0 2 0 2
323 0 0 2 0 2
324 0 0 2 0 2
325 0 0 2 0 2
326 0 0 2 0 2
327 0 0 2 0 2
328 0 0 2 0 2
329 0 0 2 0 2
330 0 0 2 0 2
331 0 0 2 0 2
332 0 0 2 0 2
333 0 0 2 0 2
334 0 0 2 0 2
335 0 0 2 0 2
336 0 0 2 0 2
337 0 0 2 0 2
338 0 0 2 0 2
339 0 0 2 0 2
340 0 0 2 0 2
341 0 0 2 0 2
342 0 0 2 0 2
343 0 0 2 0 2
344 0 0 2 0 2
345 0 0 2 0 2
346 0 0 2 0 2
347 0 0 2 0 2
348 0 0 2 0 2
349 0 0 2 0 2
350 0 0 2 0 2
351 0 0 2 0 2
352 0 0 2 0 2
353 0 0 2 0 2
354 0 0 2 0 2
355 0 0 2 0 2
356 0 0 2 0 2
357 0 0 2 0 2
358 0 0 2 0 2
359 0 0 2 0 2
360 0 0 2 0 2
361 0 0 2 0 2
362 0 0 2 0 2
363 0 0 2 0 2
364 0 0 2 0 2
365 0 0 2 0 2
366 0 0 2 0 2
367 0 0 2 0 2
368 0 0 2 0 2
369 0 0 2 0 2
370 0 0 2 0 2
371 0 0 2 0 2
372 0 0 2 0 2
373 0 0 2 0 2
374 0 0 2 0 2
375 0 0 2 0 2
376 0 0 2 0 2
377 0 0 2 0 2
378 0 0 2 0 2
379 0 0 2 0 2
380 0 0 2 0 2
381 0 0 2 0 2
382 0 0 2 0 2
383 0 0 2 0 2
384 0 0 2 0 2
385 0 0 2 0 2
386 0 0 2 0 2
387 0 0 2 0 2
388 0 0 2 0 2
389 0 0 2 0 2
390 0 0 2 0 2
391 0 0 2 0 2
392 0 0 2 0 2
393 0 0 2 0 2
394 0 0 2 0 2
395 0 0 2 0 2
396 0 0 2 0 2
397 0 0 2 0 2
398 0 0 2 0 2
399 0 0 2 0 2
400 0 0 2 0 2
401 0 0 2 0 2
402 0 0 2 0 2
403 0 0 2 0 2
404 0 0 2 0 2
405 0 0 2 0 2
406 0 0 2 0 2
407 0 0 2 0 2
408 0 0 2 0 2
409 0 0 2 0 2
410 2 0 2 0 2
411 2 0 2 0 2
412 2 0 2 0 2
413 2 0 2 0 2
414 2 0 2 0 2
415 2 0 2 0 2
416 2 0 2 0 2
417 2 0 2 0 2
418 2 0 2 0 2
419 2 0 2 0 2
420 2 0 2 0 2
421 2 0 2 0 2
422 2 0 2 0 2
423 2 0 2 0 2
424 2 0 2 0 2
425 2 0 2 0 2
426 2 0 2 0 2
427 2 0 2 0 2
428 2 0 2 0 2
429 2 0 2 0 2
430 2 0 0 0 2
431 2 0 0 0 2
432 2 0 0 0 2
433 2 0 0 0 2
434 2 0 0 0 2
435 2 0 0 0 2
436 2 0 0 0 2
437 2 0 0 0 2
438 2 0 0 0 2
439 2 0 0 0 2
440 2 0 0 0 2
441 2 0 0 0 2
442 2 0 0 0 2
443 2 0 0 0 2
444 2 0 0 0 2
445 2 0 0 0 2
446 2 0 0 0 2
447 2 0 0 0 2
448 2 0 0 0 2
449 2 0 0 0 2
450 2 0 0 0 2
451 2 0 0 0 2
452 2 0 0 0 2
453 2 0 0 0 2
454 2 0 0 0 2
455 2 0 0 0 2
456 2 0 0 0 2
457 2 0 0 0 2
458 2 0 0 0 2
459 2 0 0 0 2
460 2 0 0 0 2
461 2 0 0 0 2
462 2 0 0 0 2
463 2 0 0 0 2
464 2 0 0 0 2
465 2 0 0 0 2
466 2 0 0 0 2
467 2 0 0 0 2
468 2 0 0 0 2
469 2 0 0 0 2
470 2 0 0 0 2
471 2 0 0 0 2
472 2 0 0 0 2
473 2 0 0 0 2
474 2 0 0 0 2
475 2 0 0 0 2
476 2 0 0 0 2
477 2 0 0 0 2
478 2 0 0 0 2
479 2 0 0 0 2
480 2 0 0 0 2
481 2 0 0 0 2
482 2 0 0 0 2
483 2 0 0 0 2
484 2 0 0 0 2
485 2 0 0 0 2
486 2 0 0 0 2
487 2 0 0 0 2
488 2 0 0 0 2
489 2 0 0 0 2
490 2 0 0 0 2
491 2 0 0 0 2
492 2 0 0 0 2
493 2 0 0 0 2
494 2 0 0 0 2
495 2 0 0 0 2
496 2 0 0 0 2
497 2 0 0 0 2
498 2 0 0 0 2
499 2 0 0 0 2
500 2 0 0 0 2
501 2 0 0 0 2
502 2 0 0 0 2
503 2 0 0 0 2
504 2 0 0 0 2
505 2 0 0 0 2
506 2 0 0 0 2
507 2 0 0 0 2
508 2 0 0 0 2
509 2 0 0 0 2
510 2 0 0 0 2
511 2 0 0 0 2
512 2 0 0 0 2
513 2 0 0 0 2
514 2 0 0 0 2
515 2 0 0 0 2
516 2 0 0 0 2
517 2 0 0 0 2
518 2 0 0 0 2
519 2 0 0 0 2
520 2 0 0 0 2
521 2 0 0 0 2
522 2 0 0 0 2
523 2 0 0 0 2
524 2 0 0 0 2
525 2 0 0 0 2
526 2 0 0 0 2
527 2 0 0 0 2
528 2 0 0 0 2
529 2 0 0 0 2
530 2 0 0 0 2
531 2 0 0 0 2
532 2 0 0 0 2
533 2 0 0 0 2
534 2 0 0 0 2
535 2 0 0 0 2
536 2 0 0 0 2
537 2 0 0 0 2
538 2 0 0 0 2
539 2 0 0 0 2
540 2 0 0 0 2
541 2 0 0 0 2
542 2 0 0 0 2
543 2 0 0 0 2
544 2 0 0 0 2
545 2 0 0 0 2
546 2 0 0 0 2
547 2 0 0 0 2
548 2 0 0 0 2
549 2 0 0 0 2
550 2 0 0 0 2
551 2 0 0 0 2
552 2 0 0 0 2
553 2 0 0 0 2
554 2 0 0 0 2
555 2 0 0 0 2
556 2 0 0 0 2
557 2 0 0 0 2
558 2 0 0 0 2
559 2 0 0 0 2
560 2 0 0 0 2
561 2 0 0 0 2
562 2 0 0 0 2
563 2 0 0 0 2
564 2 0 0 0 2
565 2 0 0 0 2
566 2 0 0 0 2
567 2 0 0 0 2
568 2 0 0 0 2
569 2 0 0 0 2
570 2 0 0 0 2
571 2 0 0 0 2
572 2 0 0 0 2
573 2 0 0 0 2
574 2 0 0 0 2
575 2 0 0 0 2
576 2 0 0 0 2
577 2 0 0 0 2
578 2 0 0 0 2
579 2 0 0 0 2
580 2 0 0 0 2
581 2 0 0 0 2
582 2 0 0 0 2
583 2 0 0 0 2
584 2 0 0 0 2
585 2 0 0 0 2
586 2 0 0 0 2
587 2 0 0 0 2
588 2 0 0 0 2
589 2 0 0 0 2
590 2 0 0 0 2
591 2 0 0 0 2
592 2 0 0 0 2
593 2 0 0 0 2
594 2 0 0 0 2
595 2 0 0 0 2
596 2 0 0 0 2
597 2 0 0 0 2
598 2 0 0 0 2
599 2 0 0 0 2
600 2 0 0 0 2
601 2 0 0 0 2
602 2 0 0 0 2
603 2 0 0 0 2
604 2 0 0 0 2
605 2 0 0 0 2
606 2 0 0 0 2
607 2 0 0 0 2
608 2 0 0 0 2
609 2 0 0 0 2
610 2 0 0 0 2
611 2 0 0 0 2
612 2 0 0 0 2
613 2 0 0 0 2
614 2 0 0 0 2
615 2 0 0 0 2
616 2 0 0 0 2
617 2 0 0 0 2
618 2 0 0 0 2
619 2 0 0 0 2
620 2 0 0 0 2
621 2 0 0 0 2
622 2 0 0 0 2
623 2 0 0 0 2
624 2 0 0 0 2
625 2 0 0 0 2
626 2 0 0 0 2
627 2 0 0 0 2
628 2 0 0 0 2
629 2 0 0 0 2
630 2 0 0 0 2
631 2 0 0 0 2
632 2 0 0 0 2
633 2 0 0 0 2
634 2 0 0 0 2
635 2 0 0 0 2
636 2 0 0 0 2
637 2 0 0 0 2
638 2 0 0 0 2
639 2 0 0 0 2
640 2 0 0 0 2
641 2 0 0 0 2
642 2 0 0 0 2
643 2 0 0 0 2
644 2 0 0 0 2
645 2 0 0 0 2
646 2 0 0 0 2
647 2 0 0 0 2
648 2 0 0 0 2
649 2 0 0 0 2
650 2 0 0 0 2
651 2 0 0 0 2
652 2 0 0 0 2
653 2 0 0 0 2
654 2 0 0 0 2
655 2 0 0 0 2
656 2 0 0 0 2
657 2 0 0 0 2
658 2 0 0 0 2
659 2 0 0 0 2
660 2 0 0 0 2
661 2 0 0 0 2
662 2 0 0 0 2
663 2 0 0 0 2
664 2 0 0 0 2
665 2 0 0 0 2
666 2 0 0 0 2
667 2 0 0 0 2
668 2 0 0 0 2
669 2 0 0 0 2
670 2 0 0 5 2
671 2 0 0 5 2
672 2 0 0 5 2
673 2 0 0 5 2
674 2 0 0 5 2
675 2 0 0 5 2
676 2 0 0 5 2
677 2 0 0 5 2
678 2 0 0 5 2
679 2 0 0 5 2
680 2 0 0 5 2
681 2 0 0 5 2
682 2 0 0 5 2
683 2 0 0 5 2
684 2 0 0 5 2
685 2 0 0 5 2
686 2 0 0 5 2
687 2 0 0 5 2
688 2 0 0 5 2
689 2 0 0 5 2
690 2 0 0 0 2
691 2 0 0 0 2
692 2 0 0 0 2
693 2 0 0 0 2
694 2 0 0 0 2
695 2 0 0 0 2
696 2 0 0 0 2
697 2 0 0 0 2
698 2 0 0 0 2
699 2 0 0 0 2
700 2 0 0 0 0
701 2 0 0 0 0
702 2 0 0 0 0
703 2 0 0 0 0
704 2 0 0 0 0
705 2 0 0 0 0
706 2 0 0 0 0
707 2 0 0 0 0
708 2 0 0 0 0
709 2 0 0 0 0
710 2 0 0 0 0
711 2 0 0 0 0
712 2 0 0 0 0
713 2 0 0 0 0
714 2 0 0 0 0
715 2 0 0 0 0
716 2 0 0 0 0
717 2 0 0 0 0
718 2 0 0 0 0
719 2 0 0 0 0
720 2 0 0 0 0
721 2 0 0 0 0
722 2 0 0 0 0
723 2 0 0 0 0
724 2 0 0 0 0
725 2 0 0 0 0
726 2 0 0 0 0
727 2 0 0 0 0
728 2 0 0 0 0
729 2 0 0 0 0
730 2 0 0 0 0
731 2 0 0 0 0
732 2 0 0 0 0
733 2 0 0 0 0
734 2 0 0 0 0
735 2 0 0 0 0
736 2 0 0 0 0
737 2 0 0 0 0
738 2 0 0 0 0
739 2 0 0 0 0
740 2 0 0 0 0
741 2 0 0 0 0
742 2 0 0 0 0
743 2 0 0 0 0
744 2 0 0 0 0
745 2 0 0 0 0
746 2 0 0 0 0
747 2 0 0 0 0
748 2 0 0 0 0
749 2 0 0 0 0
750 2 0 0 0 0
751 2 0 0 0 0
752 2 0 0 0 0
753 2 0 0 0 0
754 2 0 0 0 0
755 2 0 0 0 0
756 2 0 0 0 0
757 2 0 0 0 0
758 2 0 0 0 0
759 2 0 0 0 0
760 2 0 0 0 0
761 2 0 0 0 0
762 2 0 0 0 0
763 2 0 0 0 0
764 2 0 0 0 0
765 2 0 0 0 0
766 2 0 0 0 0
767 2 0 0 0 0
768 2 0 0 0 0
769 2 0 0 0 0
770 2 0 0 0 0
771 2 0 0 0 0
772 2 0 0 0 0
773 2 0 0 0 0
774 2 0 0 0 0
775 2 0 0 0 0
776 2 0 0 0 0
777 2 0 0 0 0
778 2 0 0 0 0
779 2 0 0 0 0
780 2 0 0 0 0
781 2 0 0 0 0
782 2 0 0 0 0
783 2 0 0 0 0
784 2 0 0 0 0
785 2 0 0 0 0
786 2 0 0 0 0
787 2 0 0 0 0
788 2 0 0 0 0
789 2 0 0 0 0
790 2 0 0 0 0
791 2 0 0 0 0
792 2 0 0 0 0
793 2 0 0 0 0
794 2 0 0 0 0
795 2 0 0 0 0
796 2 0 0 0 0
797 2 0 0 0 0
798 2 0 0 0 0
799 2 0 0 0 0
800 2 0 0 2 0
801 2 0 0 2 0
802 2 0 0 2 0
803 2 0 0 2 0
804 2 0 0 2 0
805 2 0 0 2 0
806 2 0 0 2 0
807 2 0 0 2 0
808 2 0 0 2 0
809 2 0 0 2 0
810 2 0 2 0 0
811 2 0 2 0 0
812 2 0 2 0 0
813 2 0 2 0 0
814 2 0 2 0 0
815 2 0 2 0 0
816 2 0 2 0 0
817 2 0 2 0 0
818 2 0 2 0 0
819 2 0 2 0 0
820 0 0 2 0 0
821 0 0 2 0 0
822 0 0 2 0 0
823 0 0 2 0 0
824 0 0 2 0 0
825 0 0 2 0 0
826 0 0 2 0 0
827 0 0 2 0 0
828 0 0 2 0 0
829 0 0 2 0 0
830 0 0 2 0 0
831 0 0 2 0 0
832 0 0 2 0 0
833 0 0 2 0 0
834 0 0 2 0 0
835 0 0 2 0 0
836 0 0 2 0 0
837 0 0 2 0 0
838 0 0 2 0 0
839 0 0 2 0 0
840 0 0 2 0 0
841 0 0 2 0 0
842 0 0 2 0 0
843 0 0 2 0 0
844 0 0 2 0 0
845 0 0 2 0 0
846 0 0 2 0 0
847 0 0 2 0 0
848 0 0 2 0 0
849 0 0 2 0 0
850 0 0 2 0 0
851 0 0 2 0 0
852 0 0 2 0 0
853 0 0 2 0 0
854 0 0 2 0 0
855 0 0 2 0 0
856 0 0 2 0 0
857 0 0 2 0 0
858 0 0 2 0 0
859 0 0 2 0 0
860 0 0 2 0 0
861 0 0 2 0 0
862 0 0 2 0 0
863 0 0 2 0 0
864 0 0 2 0 0
865 0 0 2 0 0
866 0 0 2 0 0
867 0 0 2 0 0
868 0 0 2 0 0
869 0 0 2 0 0
870 0 0 2 0 0
871 0 0 2 0 0
872 0 0 2 0 0
873 0 0 2 0 0
874 0 0 2 0 0
875 0 0 2 0 0
876 0 0 2 0 0
877 0 0 2 0 0
878 0 0 2 0 0
879 0 0 2 0 0
880 0 0 2 0 0
881 0 0 2 0 0
882 0 0 2 0 0
883 0 0 2 0 0
884 0 0 2 0 0
885 0 0 2 0 0
886 0 0 2 0 0
887 0 0 2 0 0
888 0 0 2 0 0
889 0 0 2 0 0
890 0 0 2 0 0
891 0 0 2 0 0
892 0 0 2 0 0
893 0 0 2 0 0
894 0 0 2 0 0
895 0 0 2 0 0
896 0 0 2 0 0
897 0 0 2 0 0
898 0 0 2 0 0
899 0 0 2 0 0
900 0 0 2 0 0
901 0 0 2 0 0
902 0 0 2 0 0
903 0 0 2 0 0
904 0 0 2 0 0
905 0 0 2 0 0
906 0 0 2 0 0
907 0 0 2 0 0
908 0 0 2 0 0
909 0 0 2 0 0
910 0 0 2 0 0
911 0 0 2 0 0
912 0 0 2 0 0
913 0 0 2 0 0
914 0 0 2 0 0
915 0 0 2 0 0
916 0 0 2 0 0
917 0 0 2 0 0
918 0 0 2 0 0
919 0 0 2 0 0
920 0 0 2 0 0
921 0 0 2 0 0
922 0 0 2 0 0
923 0 0 2 0 0
924 0 0 2 0 0
925 0 0 2 0 0
926 0 0 2 0 0
927 0 0 2 0 0
928 0 0 2 0 0
929 0 0 2 0 0
930 0 0 2 0 0
931 0 0 2 0 0
932 0 0 2 0 0
933 0 0 2 0 0
934 0 0 2 0 0
935 0 0 2 0 0
936 0 0 2 0 0
937 0 0 2 0 0
938 0 0 2 0 0
939 0 0 2 0 0
940 0 0 2 0 0
941 0 0 2 0 0
942 0 0 2 0 0
943 0 0 2 0 0
944 0 0 2 0 0
945 0 0 2 0 0
946 0 0 2 0 0
947 0 0 2 0 0
948 0 0 2 0 0
949 0 0 2 0 0
950 0 0 2 0 0
951 0 0 2 0 0
952 0 0 2 0 0
953 0 0 2 0 0
954 0 0 2 0 0
955 0 0 2 0 0
956 0 0 2 0 0
957 0 0 2 0 0
958 0 0 2 0 0
959 0 0 2 0 0
960 0 2 2 0 0
961 0 2 2 0 0
962 0 2 2 0 0
963 0 2 2 0 0
964 0 2 2 0 0
965 0 2 2 0 0
966 0 2 2 0 0
967 0 2 2 0 0
968 0 2 2 0 0
969 0 2 2 0 0
970 0 2 2 0 0
971 0 2 2 0 0
972 0 2 2 0 0
973 0 2 2 0 0
974 0 2 2 0 0
975 0 2 2 0 0
976 0 2 2 0 0
977 0 2 2 0 0
978 0 2 2 0 0
979 0 2 2 0 0
980 2 0 2 0 0
981 2 0 2 0 0
982 2 0 2 0 0
983 2 0 2 0 0
984 2 0 2 0 0
985 2 0 2 0 0
986 2 0 2 0 0
987 2 0 2 0 0
988 2 0 2 0 0
989 2 0 2 0 0
990 2 0 2 0 0
991 2 0 2 0 0
992 2 0 2 0 0
993 2 0 2 0 0
994 2 0 2 0 0
995 2 0 2 0 0
996 2 0 2 0 0
997 2 0 2 0 0
998 2 0 2 0 0
999 2 0 2 0 0
1000 2 0 0 0 0
1001 2 0 0 0 0
1002 2 0 0 0 0
1003 2 0 0 0 0
1004 2 0 0 0 0
1005 2 0 0 0 0
1006 2 0 0 0 0
1007 2 0 0 0 0
1008 2 0 0 0 0
1009 2 0 0 0 0
1010 2 0 0 0 0
1011 2 0 0 0 0
1012 2 0 0 0 0
1013 2 0 0 0 0
1014 2 0 0 0 0
1015 2 0 0 0 0
1016 2 0 0 0 0
1017 2 0 0 0 0
1018 2 0 0 0 0
1019 2 0 0 0 0
1020 2 0 0 0 0
1021 2 0 0 0 0
1022 2 0 0 0 0
1023 2 0 0 0 0
1024 2 0 0 0 0
1025 2 0 0 0 0
1026 2 0 0 0 0
1027 2 0 0 0 0
1028 2 0 0 0 0
1029 2 0 0 0 0
1030 2 0 0 0 0
1031 2 0 0 0 0
1032 2 0 0 0 0
1033 2 0 0 0 0
1034 2 0 0 0 0
1035 2 0 0 0 0
1036 2 0 0 0 0
1037 2 0 0 0 0
1038 2 0 0 0 0
1039 2 0 0 0 0
1040 2 0 0 0 0
1041 2 0 0 0 0
1042 2 0 0 0 0
1043 2 0 0 0 0
1044 2 0 0 0 0
1045 2 0 0 0 0
1046 2 0 0 0 0
1047 2 0 0 0 0
1048 2 0 0 0 0
1049 2 0 0 0 0
1050 2 0 0 0 0
1051 2 0 0 0 0
1052 2 0 0 0 0
1053 2 0 0 0 0
1054 2 0 0 0 0
1055 2 0 0 0 0
1056 2 0 0 0 0
1057 2 0 0 0 0
1058 2 0 0 0 0
1059 2 0 0 0 0
1060 2 0 0 0 0
1061 2 0 0 0 0
1062 2 0 0 0 0
1063 2 0 0 0 0
1064 2 0 0 0 0
1065 2 0 0 0 0
1066 2 0 0 0 0
1067 2 0 0 0 0
1068 2 0 0 0 0
1069 2 0 0 0 0
1070 2 0 0 0 0
1071 2 0 0 0 0
1072 2 0 0 0 0
1073 2 0 0 0 0
1074 2 0 0 0 0
1075 2 0 0 0 0
1076 2 0 0 0 0
1077 2 0 0 0 0
1078 2 0 0 0 0
1079 2 0 0 0 0
1080 2 0 0 2 0
1081 2 0 0 2 0
1082 2 0 0 2 0
1083 2 0 0 2 0
1084 2 0 0 2 0
1085 2 0 0 2 0
1086 2 0 0 2 0
1087 2 0 0 2 0
1088 2 0 0 2 0
1089 2 0 0 2 0
1090 2 0 2 0 0
1091 2 0 2 0 0
1092 2 0 2 0 0
1093 2 0 2 0 0
1094 2 0 2 0 0
1095 2 0 2 0 0
1096 2 0 2 0 0
1097 2 0 2 0 0
1098 2 0 2 0 0
1099 2 0 2 0 0
1100 2 0 2 0 0
1101 2 0 2 0 0
1102 2 0 2 0 0
1103 2 0 2 0 0
1104 2 0 2 0 0
1105 2 0 2 0 0
1106 2 0 2 0 0
1107 2 0 2 0 0
1108 2 0 2 0 0
1109 2 0 2 0 0
1110 0 0 2 0 0
1111 0 0 2 0 0
1112 0 0 2 0 0
1113 0 0 2 0 0
1114 0 0 2 0 0
1115 0 0 2 0 0
1116 0 0 2 0 0
1117 0 0 2 0 0
1118 0 0 2 0 0
1119 0 0 2 0 0
1120 0 0 2 0 0
1121 0 0 2 0 0
1122 0 0 2 0 0
1123 0 0 2 0 0
1124 0 0 2 0 0
1125 0 0 2 0 0
1126 0 0 2 0 0
1127 0 0 2 0 0
1128 0 0 2 0 0
1129 0 0 2 0 0
1130 0 0 2 0 0
1131 0 0 2 0 0
1132 0 0 2 0 0
1133 0 0 2 0 0
1134 0 0 2 0 0
1135 0 0 2 0 0
1136 0 0 2 0 0
1137 0 0 2 0 0
1138 0 0 2 0 0
1139 0 0 2 0 0
1140 0 0 2 0 0
1141 0 0 2 0 0
1142 0 0 2 0 0
1143 0 0 2 0 0
1144 0 0 2 0 0
1145 0 0 2 0 0
1146 0 0 2 0 0
1147 0 0 2 0 0
1148 0 0 2 0 0
1149 0 0 2 0 0
1150 0 0 2 0 0
1151 0 0 2 0 0
1152 0 0 2 0 0
1153 0 0 2 0 0
1154 0 0 2 0 0
1155 0 0 2 0 0
1156 0 0 2 0 0
1157 0 0 2 0 0
1158 0 0 2 0 0
1159 0 0 2 0 0
1160 0 0 2 0 0
1161 0 0 2 0 0
1162 0 0 2 0 0
1163 0 0 2 0 0
1164 0 0 2 0 0
1165 0 0 2 0 0
1166 0 0 2 0 0
1167 0 0 2 0 0
1168 0 0 2 0 0
1169 0 0 2 0 0
1170 0 0 2 0 0
1171 0 0 2 0 0
1172 0 0 2 0 0
1173 0 0 2 0 0
1174 0 0 2 0 0
1175 0 0 2 0 0
1176 0 0 2 0 0
1177 0 0 2 0 0
1178 0 0 2 0 0
1179 0 0 2 0 0
1180 0 0 2 0 0
1181 0 0 2 0 0
1182 0 0 2 0 0
1183 0 0 2 0 0
1184 0 0 2 0 0
1185 0 0 2 0 0
1186 0 0 2 0 0
1187 0 0 2 0 0
1188 0 0 2 0 0
1189 0 0 2 0 0
1190 0 0 2 0 0
1191 0 0 2 0 0
1192 0 0 2 0 0
1193 0 0 2 0 0
1194 0 0 2 0 0
1195 0 0 2 0 0
1196 0 0 2 0 0
1197 0 0 2 0 0
1198 0 0 2 0 0
1199 0 0 2 0 0
1200 0 0 2 0 0
1201 0 0 2 0 0
1202 0 0 2 0 0
1203 0 0 2 0 0
1204 0 0 2 0 0
1205 0 0 2 0 0
1206 0 0 2 0 0
1207 0 0 2 0 0
1208 0 0 2 0 0
1209 0 0 2 0 0
1210 0 0 2 0 0
1211 0 0 2 0 0
1212 0 0 2 0 0
1213 0 0 2 0 0
1214 0 0 2 0 0
1215 0 0 2 0 0
1216 0 0 2 0 0
1217 0 0 2 0 0
1218 0 0 2 0 0
1219 0 0 2 0 0
1220 0 0 2 0 0
1221 0 0 2 0 0
1222 0 0 2 0 0
1223 0 0 2 0 0
1224 0 0 2 0 0
1225 0 0 2 0 0
1226 0 0 2 0 0
1227 0 0 2 0 0
1228 0 0 2 0 0
1229 0 0 2 0 0
1230 0 0 2 0 0
1231 0 0 2 0 0
1232 0 0 2 0 0
1233 0 0 2 0 0
1234 0 0 2 0 0
1235 0 0 2 0 0
1236 0 0 2 0 0
1237 0 0 2 0 0
1238 0 0 2 0 0
1239 0 0 2 0 0
1240 0 0 2 0 0
1241 0 0 2 0 0
1242 0 0 2 0 0
1243 0 0 2 0 0
1244 0 0 2 0 0
1245 0 0 2 0 0
1246 0 0 2 0 0
1247 0 0 2 0 0
1248 0 0 2 0 0
1249 0 0 2 0 0
1250 0 0 2 0 0
1251 0 0 2 0 0
1252 0 0 2 0 0
1253 0 0 2 0 0
1254 0 0 2 0 0
1255 0 0 2 0 0
1256 0 0 2 0 0
1257 0 0 2 0 0
1258 0 0 2 0 0
1259 0 0 2 0 0
1260 0 0 2 0 0
1261 0 0 2 0 0
1262 0 0 2 0 0
1263 0 0 2 0 0
1264 0 0 2 0 0
1265 0 0 2 0 0
1266 0 0 2 0 0
1267 0 0 2 0 0
1268 0 0 2 0 0
1269 0 0 2 0 0
1270 0 0 2 0 0
1271 0 0 2 0 0
1272 0 0 2 0 0
1273 0 0 2 0 0
1274 0 0 2 0 0
1275 0 0 2 0 0
1276 0 0 2 0 0
1277 0 0 2 0 0
1278 0 0 2 0 0
1279 0 0 2 0 0
1280 0 0 2 0 0
1281 0 0 2 0 0
1282 0 0 2 0 0
1283 0 0 2 0 0
1284 0 0 2 0 0
1285 0 0 2 0 0
1286 0 0 2 0 0
1287 0 0 2 0 0
1288 0 0 2 0 0
1289 0 0 2 0 0
1290 0 0 2 0 0
1291 0 0 2 0 0
1292 0 0 2 0 0
1293 0 0 2 0 0
1294 0 0 2 0 0
1295 0 0 2 0 0
1296 0 0 2 0 0
1297 0 0 2 0 0
1298 0 0 2 0 0
1299 0 0 2 0 0
1300 0 0 2 0 2
1301 0 0 2 0 0
1302 0 0 2 0 0
1303 0 0 2 0 0
1304 0 0 2 0 0
1305 0 0 2 0 0
1306 0 0 2 0 0
1307 0 0 2 0 0
1308 0 0 2 0 0
1309 0 0 2 0 0
1310 0 0 2 0 0
1311 0 0 2 0 0
1312 0 0 2 0 0
1313 0 0 2 0 0
1314 0 0 2 0 0
1315 0 0 2 0 0
1316 0 0 2 0 0
1317 0 0 2 0 0
1318 0 0 2 0 0
1319 0 0 2 0 0
1320 0 0 2 0 1
1321 0 0 2 0 1
1322 0 0 2 0 1
1323 0 0 2 0 1
1324 0 0 2 0 1
1325 0 0 2 0 1
1326 0 0 2 0 1
1327 0 0 2 0 1
1328 0 0 2 0 1
1329 0 0 2 0 1
1330 0 0 2 0 1
1331 0 0 2 0 1
1332 0 0 2 0 1
1333 0 0 2 0 1
1334 0 0 2 0 1
1335 0 0 2 0 1
1336 0 0 2 0 1
1337 0 0 2 0 1
1338 0 0 2 0 1
1339 0 0 2 0 1
1340 0 0 2 0 2
1341 0 0 2 0 2
1342 0 0 2 0 2
1343 0 0 2 0 2
1344 0 0 2 0 2
1345 0 0 2 0 2
1346 0 0 2 0 2
1347 0 0 2 0 2
1348 0 0 2 0 2
1349 0 0 2 0 2
1350 0 0 2 0 2
1351 0 0 2 0 2
1352 0 0 2 0 2
1353 0 0 2 0 2
1354 0 0 2 0 2
1355 0 0 2 0 2
1356 0 0 2 0 2
1357 0 0 2 0 2
1358 0 0 2 0 2
1359 0 0 2 0 2
1360 0 0 2 0 2
1361 0 2 2 0 2
1362 0 2 2 0 2
1363 0 2 2 0 2
1364 0 2 2 0 2
1365 0 2 2 0 2
1366 0 2 2 0 2
1367 0 2 2 0 2
1368 0 2 2 0 2
1369 0 2 2 0 2
1370 0 2 2 0 2
1371 0 2 2 0 2
1372 0 2 2 0 2
1373 0 2 2 0 2
1374 0 2 2 0 2
1375 0 2 2 0 2
1376 0 0 2 0 2
1377 0 0 2 0 2
1378 0 0 2 0 2
1379 0 0 2 0 2
1380 0 5 2 0 2
1381 0 5 2 0 2
1382 0 5 2 0 2
1383 0 5 2 0 2
1384 0 5 2 0 2
1385 0 5 2 0 2
1386 0 5 2 0 2
1387 0 5 2 0 2
1388 0 5 2 0 2
1389 0 5 2 0 2
1390 0 0 2 0 2
1391 0 0 2 0 2
1392 0 0 2 0 2
1393 0 0 2 0 2
1394 0 0 2 0 2
1395 0 0 2 0 2
1396 0 0 2 0 2
1397 0 0 2 0 2
1398 0 0 2 0 2
1399 0 0 2 0 2
1400 0 0 2 0 2
1401 0 0 2 0 2
1402 0 0 2 0 2
1403 0 0 2 0 2
1404 0 0 2 0 2
1405 0 0 2 0 2
1406 0 0 2 0 2
1407 0 0 2 0 2
1408 0 0 2 0 2
1409 0 0 2 0 2
1410 0 0 2 0 2
1411 0 0 2 0 2
1412 0 0 2 0 2
1413 0 0 2 0 2
1414 0 0 2 0 2
1415 0 0 2 0 2
1416 0 0 2 0 2
1417 0 0 2 0 2
1418 0 0 2 0 2
1419 0 0 2 0 2
1420 0 0 2 0 2
1421 0 0 2 0 2
1422 0 0 2 0 2
1423 0 0 2 0 2
1424 0 0 2 0 2
1425 0 0 2 0 2
1426 0 0 2 0 2
1427 0 0 2 0 2
1428 0 0 2 0 2
1429 0 0 2 0 2
1430 0 0 2 0 2
1431 0 0 2 0 2
1432 0 0 2 0 2
1433 0 0 2 0 2
1434 0 0 2 0 2
1435 0 0 2 0 2
1436 0 0 2 0 2
1437 0 0 2 0 2
1438 0 0 2 0 2
1439 0 0 2 0 2
1440 0 0 2 0 2
1441 0 0 2 0 2
1442 0 0 2 0 2
1443 0 0 2 0 2
1444 0 0 2 0 2
1445 0 0 2 0 2
1446 0 0 2 0 2
1447 0 0 2 0 2
1448 0 0 2 0 2
1449 0 0 2 0 2
1450 0 0 2 0 2
1451 0 0 2 0 2
1452 0 0 2 0 2
1453 0 0 2 0 2
1454 0 0 2 0 2
1455 0 0 2 0 2
1456 0 0 2 0 2
1457 0 0 2 0 2
1458 0 0 2 0 2
1459 0 0 2 0 2
1460 0 0 2 0 2
1461 0 0 2 0 2
1462 0 0 2 0 2
1463 0 0 2 0 2
1464 0 0 2 0 2
1465 0 0 2 0 2
1466 0 0 2 0 2
1467 0 0 2 0 2
1468 0 0 2 0 2
1469 0 0 2 0 2
1470 0 0 2 0 2
1471 0 0 2 0 2
1472 0 0 2 0 2
1473 0 0 2 0 2
1474 0 0 2 0 2
1475 0 0 2 0 2
1476 0 0 2 0 2
1477 0 0 2 0 2
1478 0 0 2 0 2
1479 0 0 2 0 2
1480 0 0 2 0 2
1481 0 0 2 0 2
1482 0 0 2 0 2
1483 0 0 2 0 2
1484 0 0 2 0 2
1485 0 0 2 0 2
1486 0 0 2 0 2
1487 0 0 2 0 2
1488 0 0 2 0 2
1489 0 0 2 0 2
1490 0 0 2 0 2
1491 0 0 2 0 2
1492 0 0 2 0 2
1493 0 0 2 0 2
1494 0 0 2 0 2
1495 0 0 2 0 2
1496 0 0 2 0 2
1497 0 0 2 0 2
1498 0 0 2 0 2
1499 0 0 2 0 2
1500 2 0 2 0 2
1501 2 0 2 0 2
1502 2 0 2 0 2
1503 2 0 2 0 2
1504 2 0 2 0 2
1505 2 0 2 0 2
1506 2 0 2 0 2
1507 2 0 2 0 2
1508 2 0 2 0 2
1509 2 0 2 0 2
1510 2 0 2 0 2
1511 2 0 2 0 2
1512 2 0 2 0 2
1513 2 0 2 0 2
1514 2 0 2 0 2
1515 2 0 2 0 2
1516 2 0 2 0 2
1517 2 0 2 0 2
1518 2 0 2 0 2
1519 2 0 2 0 2
1520 2 0 0 0 2
1521 2 0 0 0 2
1522 2 0 0 0 2
1523 2 0 0 0 2
1524 2 0 0 0 2
1525 2 0 0 0 2
1526 2 0 0 0 2
1527 2 0 0 0 2
1528 2 0 0 0 2
1529 2 0 0 0 2
1530 2 0 0 0 2
1531 2 0 0 0 2
1532 2 0 0 0 2
1533 2 0 0 0 2
1534 2 0 0 0 2
1535 2 0 0 0 2
1536 2 0 0 0 2
1537 2 0 0 0 2
1538 2 0 0 0 2
1539 2 0 0 0 2
1540 2 0 0 0 2
1541 2 0 0 0 2
1542 2 0 0 0 2
1543 2 0 0 0 2
1544 2 0 0 0 2
1545 2 0 0 0 2
1546 2 0 0 0 2
1547 2 0 0 0 2
1548 2 0 0 0 2
1549 2 0 0 0 2
1550 2 0 0 0 2
1551 2 0 0 0 2
1552 2 0 0 0 2
1553 2 0 0 0 2
1554 2 0 0 0 2
1555 2 0 0 0 2
1556 2 0 0 0 2
1557 2 0 0 0 2
1558 2 0 0 0 2
1559 2 0 0 0 2
1560 2 0 0 0 2
1561 2 0 0 0 2
1562 2 0 0 0 2
1563 2 0 0 0 2
1564 2 0 0 0 2
1565 2 0 0 0 2
1566 2 0 0 0 2
1567 2 0 0 0 2
1568 2 0 0 0 2
1569 2 0 0 0 2
1570 2 0 0 0 2
1571 2 0 0 0 2
1572 2 0 0 0 2
1573 2 0 0 0 2
1574 2 0 0 0 2
1575 2 0 0 0 2
1576 2 0 0 0 2
1577 2 0 0 0 2
1578 2 0 0 0 2
1579 2 0 0 0 2
1580 2 0 0 0 2
1581 2 0 0 0 2
1582 2 0 0 0 2
1583 2 0 0 0 2
1584 2 0 0 0 2
1585 2 0 0 0 2
1586 2 0 0 0 2
1587 2 0 0 0 2
1588 2 0 0 0 2
1589 2 0 0 0 2
1590 2 0 0 0 2
1591 2 0 0 0 2
1592 2 0 0 0 2
1593 2 0 0 0 2
1594 2 0 0 0 2
1595 2 0 0 0 2
1596 2 0 0 0 2
1597 2 0 0 0 2
1598 2 0 0 0 2
1599 2 0 0 0 2
1600 2 0 0 0 2
1601 2 0 0 0 2
1602 2 0 0 0 2
1603 2 0 0 0 2
1604 2 0 0 0 2
1605 2 0 0 0 2
1606 2 0 0 0 2
1607 2 0 0 0 2
1608 2 0 0 0 2
1609 2 0 0 0 2
1610 2 0 0 0 2
1611 2 0 0 0 2
1612 2 0 0 0 2
1613 2 0 0 0 2
1614 2 0 0 0 2
1615 2 0 0 0 2
1616 2 0 0 0 2
1617 2 0 0 0 2
1618 2 0 0 0 2
1619 2 0 0 0 2
1620 2 0 0 0 0
1621 2 0 0 0 0
1622 2 0 0 0 0
1623 2 0 0 0 0
1624 2 0 0 0 0
1625 2 0 0 0 0
1626 2 0 0 0 0
1627 2 0 0 0 0
1628 2 0 0 0 0
1629 2 0 0 0 0
1630 2 0 0 0 0
1631 2 0 0 0 0
1632 2 0 0 0 0
1633 2 0 0 0 0
1634 2 0 0 0 0
1635 2 0 0 0 0
1636 2 0 0 0 0
1637 2 0 0 0 0
1638 2 0 0 0 0
1639 2 0 0 0 0
1640 2 0 0 0 0
1641 2 0 0 0 0
1642 2 0 0 0 0
1643 2 0 0 0 0
1644 2 0 0 0 0
1645 2 0 0 0 0
1646 2 0 0 0 0
1647 2 0 0 0 0
1648 2 0 0 0 0
1649 2 0 0 0 0
1650 2 0 0 0 0
1651 2 0 0 0 0
1652 2 0 0 0 0
1653 2 0 0 0 0
1654 2 0 0 0 0
1655 2 0 0 0 0
1656 2 0 0 0 0
1657 2 0 0 0 0
1658 2 0 0 0 0
1659 2 0 0 0 0
1660 2 0 0 0 0
1661 2 0 0 0 0
1662 2 0 0 0 0
1663 2 0 0 0 0
1664 2 0 0 0 0
1665 2 0 0 0 0
1666 2 0 0 0 0
1667 2 0 0 0 0
1668 2 0 0 0 0
1669 2 0 0 0 0
1670 2 0 0 0 0
1671 2 0 0 0 0
1672 2 0 0 0 0
1673 2 0 0 0 0
1674 2 0 0 0 0
1675 2 0 0 0 0
1676 2 0 0 0 0
1677 2 0 0 0 0
1678 2 0 0 0 0
1679 2 0 0 0 0
1680 2 0 0 0 0
1681 2 0 0 0 0
1682 2 0 0 0 0
1683 2 0 0 0 0
1684 2 0 0 0 0
1685 2 0 0 0 0
1686 2 0 0 0 0
1687 2 0 0 0 0
1688 2 0 0 0 0
1689 2 0 0 0 0
1690 2 0 0 0 0
1691 2 0 0 0 0
1692 2 0 0 0 0
1693 2 0 0 0 0
1694 2 0 0 0 0
1695 2 0 0 0 0
1696 2 0 0 0 0
1697 2 0 0 0 0
1698 2 0 0 0 0
1699 2 0 0 0 0
1700 2 0 0 0 0
1701 2 0 0 0 0
1702 2 0 0 0 0
1703 2 0 0 0 0
1704 2 0 0 0 0
1705 2 0 0 0 0
1706 2 0 0 0 0
1707 2 0 0 0 0
1708 2 0 0 0 0
1709 2 0 0 0 0
1710 2 0 0 2 0
1711 2 0 0 2 0
1712 2 0 0 2 0
1713 2 0 0 2 0
1714 2 0 0 2 0
1715 2 0 0 2 0
1716 2 0 0 2 0
1717 2 0 0 2 0
1718 2 0 0 2 0
1719 2 0 0 2 0
1720 2 0 0 2 0
1721 2 0 0 2 0
1722 2 0 0 2 0
1723 2 0 0 2 0
1724 2 0 0 2 0
1725 2 0 0 2 0
1726 2 0 0 2 0
1727 2 0 0 2 0
1728 2 0 0 2 0
1729 2 0 0 2 0
1730 2 0 0 2 0
1731 2 0 0 2 0
1732 2 0 0 2 0
1733 2 0 0 2 0
1734 2 0 0 2 0
1735 2 0 0 2 0
1736 2 0 0 2 0
1737 2 0 0 2 0
1738 2 0 0 2 0
1739 2 0 0 2 0
1740 2 0 2 0 0
1741 2 0 2 0 0
1742 2 0 2 0 0
1743 2 0 2 0 0
1744 2 0 2 0 0
1745 2 0 2 0 0
1746 2 0 2 0 0
1747 2 0 2 0 0
1748 2 0 2 0 0
1749 2 0 2 0 0
1750 2 0 2 0 0
1751 2 0 2 0 0
1752 2 0 2 0 0
1753 2 0 2 0 0
1754 2 0 2 0 0
1755 2 0 2 0 0
1756 2 0 2 0 0
1757 2 0 2 0 0
1758 2 0 2 0 0
1759 2 0 2 0 0
1760 0 0 2 0 0
1761 0 0 2 0 0
1762 0 0 2 0 0
1763 0 0 2 0 0
1764 0 0 2 0 0
1765 0 0 2 0 0
1766 0 0 2 0 0
1767 0 0 2 0 0
1768 0 0 2 0 0
1769 0 0 2 0 0
1770 0 0 2 0 0
1771 0 0 2 0 0
1772 0 0 2 0 0
1773 0 0 2 0 0
1774 0 0 2 0 0
1775 0 0 2 0 0
1776 0 0 2 0 0
1777 0 0 2 0 0
1778 0 0 2 0 0
1779 0 0 2 0 0
1780 0 0 2 0 0
1781 0 0 2 0 0
1782 0 0 2 0 0
1783 0 0 2 0 0
1784 0 0 2 0 0
1785 0 0 2 0 0
1786 0 0 2 0 0
1787 0 0 2 0 0
1788 0 0 2 0 0
1789 0 0 2 0 0
1790 0 0 2 0 0
1791 0 0 2 0 0
1792 0 0 2 0 0
1793 0 0 2 0 0
1794 0 0 2 0 0
1795 0 0 2 0 0
1796 0 0 2 0 0
1797 0 0 2 0 0
1798 0 0 2 0 0
1799 0 0 2 0 0
1800 0 0 2 0 0
1801 0 0 2 0 0
1802 0 0 2 0 0
1803 0 0 2 0 0
1804 0 0 2 0 0
1805 0 0 2 0 0
1806 0 0 2 0 0
1807 0 0 2 0 0
1808 0 0 2 0 0
1809 0 0 2 0 0
1810 0 0 2 0 0
1811 0 0 2 0 0
1812 0 0 2 0 0
1813 0 0 2 0 0
1814 0 0 2 0 0
1815 0 0 2 0 0
1816 0 0 2 0 0
1817 0 0 2 0 0
1818 0 0 2 0 0
1819 0 0 2 0 0
1820 0 0 2 0 0
1821 0 0 2 0 0
1822 0 0 2 0 0
1823 0 0 2 0 0
1824 0 0 2 0 0
1825 0 0 2 0 0
1826 0 0 2 0 0
1827 0 0 2 0 0
1828 0 0 2 0 0
1829 0 0 2 0 0
1830 0 0 2 0 0
1831 0 0 2 0 0
1832 0 0 2 0 0
1833 0 0 2 0 0
1834 0 0 2 0 0
1835 0 0 2 0 0
1836 0 0 2 0 0
1837 0 0 2 0 0
1838 0 0 2 0 0
1839 0 0 2 0 0
1840 5 0 2 0 0
1841 5 0 2 0 0
1842 5 0 2 0 0
1843 5 0 2 0 0
1844 5 0 2 0 0
1845 5 0 2 0 0
1846 5 0 2 0 0
1847 5 0 2 0 0
1848 5 0 2 0 0
1849 5 0 2 0 0
1850 5 0 2 0 0
1851 5 0 2 0 0
1852 5 0 2 0 0
1853 5 0 2 0 0
1854 5 0 2 0 0
1855 5 0 2 0 0
1856 5 0 2 0 0
1857 5 0 2 0 0
1858 5 0 2 0 0
1859 5 0 2 0 0
1860 5 0 2 0 0
1861 5 0 2 0 0
1862 5 0 2 0 0
1863 5 0 2 0 0
1864 5 0 2 0 0
1865 5 0 2 0 0
1866 5 0 2 0 0
1867 5 0 2 0 0
1868 5 0 2 0 0
1869 5 0 2 0 0
1870 5 0 2 0 0
1871 5 0 2 0 0
1872 5 0 2 0 0
1873 5 0 2 0 0
1874 5 0 2 0 0
1875 5 0 2 0 0
1876 5 0 2 0 0
1877 5 0 2 0 0
1878 5 0 2 0 0
1879 5 0 2 0 0
1880 5 0 2 0 0
1881 5 0 2 0 0
1882 5 0 2 0 0
1883 5 0 2 0 0
1884 5 0 2 0 0
1885 5 0 2 0 0
1886 5 0 2 0 0
1887 5 0 2 0 0
1888 5 0 2 0 0
1889 5 0 2 0 0
1890 5 0 2 0 0
1891 5 0 2 0 0
1892 5 0 2 0 0
1893 5 0 2 0 0
1894 5 0 2 0 0
1895 5 0 2 0 0
1896 5 0 2 0 0
1897 5 0 2 0 0
1898 5 0 2 0 0
1899 5 0 2 0 0
1900 5 0 2 0 0
1901 5 0 2 0 0
1902 5 0 2 0 0
1903 5 0 2 0 0
1904 5 0 2 0 0
1905 5 0 2 0 0
1906 5 0 2 0 0
1907 5 0 2 0 0
1908 5 0 2 0 0
1909 5 0 2 0 0
1910 5 0 2 0 0
1911 5 0 2 0 0
1912 5 0 2 0 0
1913 5 0 2 0 0
1914 5 0 2 0 0
1915 5 0 2 0 0
1916 5 0 2 0 0
1917 5 0 2 0 0
1918 5 0 2 0 0
1919 5 0 2 0 0
1920 5 0 2 0 1
1921 5 0 2 0 1
1922 5 0 2 0 1
1923 5 0 2 0 1
1924 5 0 2 0 1
1925 5 0 2 0 1
1926 5 0 2 0 1
1927 5 0 2 0 1
1928 5 0 2 0 1
1929 5 0 2 0 1
1930 5 0 2 0 1
1931 5 0 2 0 1
1932 5 0 2 0 1
1933 5 0 2 0 1
1934 5 0 2 0 1
1935 5 0 2 0 1
1936 5 0 2 0 1
1937 5 0 2 0 1
1938 5 0 2 0 1
1939 5 0 2 0 1
1940 5 0 2 0 1
1941 5 0 2 0 1
1942 5 0 2 0 1
1943 5 0 2 0 1
1944 5 0 2 0 1
1945 5 0 2 0 1
1946 5 0 2 0 1
1947 5 0 2 0 1
1948 5 0 2 0 1
1949 5 0 2 0 1
1950 5 0 2 0 1
1951 5 0 2 0 1
1952 5 0 2 0 1
1953 5 0 2 0 1
1954 5 0 2 0 1
1955 5 0 2 0 1
1956 5 0 2 0 1
1957 5 0 2 0 1
1958 5 0 2 0 1
1959 5 0 2 0 1
1960 5 0 2 0 1
1961 5 0 2 0 1
1962 5 0 2 0 1
1963 5 0 2 0 1
1964 5 0 2 0 1
1965 5 0 2 0 1
1966 5 0 2 0 1
1967 5 0 2 0 1
1968 5 0 2 0 1
1969 5 0 2 0 1
1970 5 0 2 0 1
1971 5 0 2 0 1
1972 5 0 2 0 1
1973 5 0 2 0 1
1974 5 0 2 0 1
1975 5 0 2 0 1
1976 5 0 2 0 1
1977 5 0 2 0 1
1978 5 0 2 0 1
1979 5 0 2 0 1
1980 5 0 2 0 1
1981 5 0 2 0 1
1982 5 0 2 0 1
1983 5 0 2 0 1
1984 5 0 2 0 1
1985 5 0 2 0 1
1986 5 0 2 0 1
1987 5 0 2 0 1
1988 5 0 2 0 1
1989 5 0 2 0 1
1990 5 0 2 0 1
1991 5 0 2 0 1
1992 5 0 2 0 1
1993 5 0 2 0 1
1994 5 0 2 0 1
1995 5 0 2 0 1
1996 5 0 2 0 1
1997 5 0 2 0 1
1998 5 0 2 0 1
1999 5 0 2 0 1
2000 5 0 2 0 0
2001 5 0 2 0 0
2002 5 0 2 0 0
2003 5 0 2 0 0
2004 5 0 2 0 0
2005 5 0 2 0 0
2006 5 0 2 0 0
2007 5 0 2 0 0
2008 5 0 2 0 0
2009 5 0 2 0 0
2010 5 0 2 0 0
2011 5 0 2 0 0
2012 5 0 2 0 0
2013 5 0 2 0 0
2014 5 0 2 0 0
2015 5 0 2 0 0
2016 5 0 2 0 0
2017 5 0 2 0 0
2018 5 0 2 0 0
2019 5 0 2 0 0
2020 5 0 2 0 0
2021 5 0 2 0 0
2022 5 0 2 0 0
2023 5 0 2 0 0
2024 5 0 2 0 0
2025 5 0 2 0 0
2026 5 0 2 0 0
2027 5 0 2 0 0
2028 5 0 2 0 0
2029 5 0 2 0 0
2030 5 0 2 0 0
2031 5 0 2 0 0
2032 5 0 2 0 0
2033 5 0 2 0 0
2034 5 0 2 0 0
2035 5 0 2 0 0
2036 5 0 2 0 0
2037 5 0 2 0 0
2038 5 0 2 0 0
2039 5 0 2 0 0
2040 5 0 2 0 0
2041 5 0 2 0 0
2042 5 0 2 0 0
2043 5 0 2 0 0
2044 5 0 2 0 0
2045 5 0 2 0 0
2046 5 0 2 0 0
2047 5 0 2 0 0
2048 5 0 2 0 0
2049 5 0 2 0 0
2050 5 0 2 0 2
2051 5 0 2 0 2
2052 5 0 2 0 2
2053 5 0 2 0 2
2054 5 0 2 0 2
2055 5 0 2 0 2
2056 5 0 2 0 2
2057 5 0 2 0 2
2058 5 0 2 0 2
2059 5 0 2 0 2
2060 5 0 2 0 2
2061 5 0 2 0 2
2062 5 0 2 0 2
2063 5 0 2 0 2
2064 5 0 2 0 2
2065 5 0 2 0 2
2066 5 0 2 0 2
2067 5 0 2 0 2
2068 5 0 2 0 2
2069 5 0 2 0 2
2070 5 0 2 0 2
2071 5 0 2 0 2
2072 5 0 2 0 2
2073 5 0 2 0 2
2074 5 0 2 0 2
2075 5 0 2 0 2
2076 5 0 2 0 2
2077 5 0 2 0 2
2078 5 0 2 0 2
2079 5 0 2 0 2
2080 5 0 2 0 2
2081 5 0 2 0 2
2082 5 0 2 0 2
2083 5 0 2 0 2
2084 5 0 2 0 2
2085 5 0 2 0 2
2086 5 0 2 0 2
2087 5 0 2 0 2
2088 5 0 2 0 2
2089 5 0 2 0 2
2090 5 0 2 0 2
2091 5 0 2 0 2
2092 5 0 2 0 2
2093 5 0 2 0 2
2094 5 0 2 0 2
2095 5 0 2 0 2
2096 5 0 2 0 2
2097 5 0 2 0 2
2098 5 0 2 0 2
2099 5 0 2 0 2
2100 5 0 2 0 2
2101 5 0 2 0 2
2102 5 0 2 0 2
2103 5 0 2 0 2
2104 5 0 2 0 2
2105 5 0 2 0 2
2106 5 0 2 0 2
2107 5 0 2 0 2
2108 5 0 2 0 2
2109 5 0 2 0 2
2110 5 0 2 0 2
2111 5 0 2 0 2
2112 5 0 2 0 2
2113 5 0 2 0 2
2114 5 0 2 0 2
2115 5 0 2 0 2
2116 5 0 2 0 2
2117 5 0 2 0 2
2118 5 0 2 0 2
2119 5 0 2 0 2
2120 0 5 2 0 2
2121 0 5 2 0 2
2122 0 5 2 0 2
2123 0 5 2 0 2
2124 0 5 2 0 2
2125 0 5 2 0 2
2126 0 5 2 0 2
2127 0 5 2 0 2
2128 0 5 2 0 2
2129 0 5 2 0 2
2130 0 5 2 0 2
2131 0 5 2 0 2
2132 0 5 2 0 2
2133 0 5 2 0 2
2134 0 5 2 0 2
2135 0 5 2 0 2
2136 0 5 2 0 2
2137 0 5 2 0 2
2138 0 5 2 0 2
2139 0 5 2 0 2
2140 0 0 2 0 2
2141 0 0 2 0 2
2142 0 0 2 0 2
2143 0 0 2 0 2
2144 0 0 2 0 2
2145 0 0 2 0 2
2146 0 0 2 0 2
2147 0 0 2 0 2
2148 0 0 2 0 2
2149 0 0 2 0 2
2150 0 0 2 0 2
2151 0 0 2 0 2
2152 0 0 2 0 2
2153 0 0 2 0 2
2154 0 0 2 0 2
2155 0 0 2 0 2
2156 0 0 2 0 2
2157 0 0 2 0 2
2158 0 0 2 0 2
2159 0 0 2 0 2
2160 0 0 2 0 2
2161 0 0 2 0 2
2162 0 0 2 0 2
2163 0 0 2 0 2
2164 0 0 2 0 2
2165 0 0 2 0 2
2166 0 0 2 0 2
2167 0 0 2 0 2
2168 0 0 2 0 2
2169 0 0 2 0 2
2170 0 0 2 0 2
2171 0 0 2 0 2
2172 0 0 2 0 2
2173 0 0 2 0 2
2174 0 0 2 0 2
2175 0 0 2 0 2
2176 0 0 2 0 2
2177 0 0 2 0 2
2178 0 0 2 0 2
2179 0 0 2 0 2
2180 0 0 2 0 2
2181 0 0 2 0 2
2182 0 0 2 0 2
2183 0 0 2 0 2
2184 0 0 2 0 2
2185 0 0 2 0 2
2186 0 0 2 0 2
2187 0 0 2 0 2
2188 0 0 2 0 2
2189 0 0 2 0 2
2190 0 0 2 0 2
2191 0 0 2 0 2
2192 0 0 2 0 2
2193 0 0 2 0 2
2194 0 0 2 0 2
2195 0 0 2 0 2
2196 0 0 2 0 2
2197 0 0 2 0 2
2198 0 0 2 0 2
2199 0 0 2 0 2
2200 0 0 2 0 2
2201 0 0 2 0 2
2202 0 0 2 0 2
2203 0 0 2 0 2
2204 0 0 2 0 2
2205 0 0 2 0 2
2206 0 0 2 0 2
2207 0 0 2 0 2
2208 0 0 2 0 2
2209 0 0 2 0 2
2210 0 0 2 0 2
2211 0 0 2 0 2
2212 0 0 2 0 2
2213 0 0 2 0 2
2214 0 0 2 0 2
2215 0 0 2 0 2
2216 0 0 2 0 2
2217 0 0 2 0 2
2218 0 0 2 0 2
2219 0 0 2 0 2
2220 2 0 2 0 2
2221 2 0 2 0 2
2222 2 0 2 0 2
2223 2 0 2 0 2
2224 2 0 2 0 2
2225 2 0 2 0 2
2226 2 0 2 0 2
2227 2 0 2 0 2
2228 2 0 2 0 2
2229 2 0 2 0 2
2230 2 0 0 0 2
2231 2 0 0 0 2
2232 2 0 0 0 2
2233 2 0 0 0 2
2234 2 0 0 0 2
2235 2 0 0 0 2
2236 2 0 0 0 2
2237 2 0 0 0 2
2238 2 0 0 0 2
2239 2 0 0 0 2
2240 2 0 0 0 2
2241 2 0 0 0 2
2242 2 0 0 0 2
2243 2 0 0 0 2
2244 2 0 0 0 2
2245 2 0 0 0 2
2246 2 0 0 0 2
2247 2 0 0 0 2
2248 2 0 0 0 2
2249 2 0 0 0 2
2250 2 0 0 0 2
2251 2 0 0 0 2
2252 2 0 0 0 2
2253 2 0 0 0 2
2254 2 0 0 0 2
2255 2 0 0 0 2
2256 2 0 0 0 2
2257 2 0 0 0 2
2258 2 0 0 0 2
2259 2 0 0 0 2
2260 2 0 0 0 2
2261 2 0 0 0 2
2262 2 0 0 0 2
2263 2 0 0 0 2
2264 2 0 0 0 2
2265 2 0 0 0 2
2266 2 0 0 0 2
2267 2 0 0 0 2
2268 2 0 0 0 2
2269 2 0 0 0 2
2270 2 0 0 0 2
2271 2 0 0 0 2
2272 2 0 0 0 2
2273 2 0 0 0 2
2274 2 0 0 0 2
2275 2 0 0 0 2
2276 2 0 0 0 2
2277 2 0 0 0 2
2278 2 0 0 0 2
2279 2 0 0 0 2
2280 2 0 0 0 2
2281 2 0 0 0 2
2282 2 0 0 0 2
2283 2 0 0 0 2
2284 2 0 0 0 2
2285 2 0 0 0 2
2286 2 0 0 0 2
2287 2 0 0 0 2
2288 2 0 0 0 2
2289 2 0 0 0 2
2290 2 0 0 0 2
2291 2 0 0 0 2
2292 2 0 0 0 2
2293 2 0 0 0 2
2294 2 0 0 0 2
2295 2 0 0 0 2
2296 2 0 0 0 2
2297 2 0 0 0 2
2298 2 0 0 0 2
2299 2 0 0 0 2
2300 2 0 0 0 2
2301 2 0 0 0 2
2302 2 0 0 0 2
2303 2 0 0 0 2
2304 2 0 0 0 2
2305 2 0 0 0 2
2306 2 0 0 0 2
2307 2 0 0 0 2
2308 2 0 0 0 2
2309 2 0 0 0 2
2310 2 0 0 0 2
2311 2 0 0 0 2
2312 2 0 0 0 2
2313 2 0 0 0 2
2314 2 0 0 0 2
2315 2 0 0 0 2
2316 2 0 0 0 2
2317 2 0 0 0 2
2318 2 0 0 0 2
2319 2 0 0 0 2
2320 2 0 0 0 0
2321 2 0 0 0 0
2322 2 0 0 0 0
2323 2 0 0 0 0
2324 2 0 0 0 0
2325 2 0 0 0 0
2326 2 0 0 0 0
2327 2 0 0 0 0
2328 2 0 0 0 0
2329 2 0 0 0 0
2330 2 0 0 0 0
2331 2 0 0 0 0
2332 2 0 0 0 0
2333 2 0 0 0 0
2334 2 0 0 0 0
2335 2 0 0 0 0
2336 2 0 0 0 0
2337 2 0 0 0 0
2338 2 0 0 0 0
2339 2 0 0 0 0
2340 2 0 0 0 0
2341 2 0 0 0 0
2342 2 0 0 0 0
2343 2 0 0 0 0
2344 2 0 0 0 0
2345 2 0 0 0 0
2346 2 0 0 0 0
2347 2 0 0 0 0
2348 2 0 0 0 0
2349 2 0 0 0 0
2350 2 0 0 0 0
2351 2 0 0 0 0
2352 2 0 0 0 0
2353 2 0 0 0 0
2354 2 0 0 0 0
2355 2 0 0 0 0
2356 2 0 0 0 0
2357 2 0 0 0 0
2358 2 0 0 0 0
2359 2 0 0 0 0
2360 2 0 0 0 0
2361 2 0 0 0 0
2362 2 0 0 0 0
2363 2 0 0 0 0
2364 2 0 0 0 0
2365 2 0 0 0 0
2366 2 0 0 0 0
2367 2 0 0 0 0
2368 2 0 0 0 0
2369 2 0 0 0 0
2370 2 0 0 2 0
2371 2 0 0 2 0
2372 2 0 0 2 0
2373 2 0 0 2 0
2374 2 0 0 2 0
2375 2 0 0 2 0
2376 2 0 0 2 0
2377 2 0 0 2 0
2378 2 0 0 2 0
2379 2 0 0 2 0
2380 2 0 0 2 0
2381 2 0 0 2 0
2382 2 0 0 2 0
2383 2 0 0 2 0
2384 2 0 0 2 0
2385 2 0 0 2 0
2386 2 0 0 2 0
2387 2 0 0 2 0
2388 2 0 0 2 0
2389 2 0 0 2 0
2390 2 0 0 2 0
2391 2 0 0 2 0
2392 2 0 0 2 0
2393 2 0 0 2 0
2394 2 0 0 2 0
2395 2 0 0 2 0
2396 2 0 0 0 0
2397 2 0 0 0 0
2398 2 0 0 0 0
2399 2 0 0 0 0
2400 2 0 0 0 0
2401 2 0 0 0 0
2402 2 0 0 0 0
2403 2 0 0 0 0
2404 2 0 0 0 0
2405 2 0 0 0 0
2406 2 0 0 0 0
2407 2 0 0 0 0
2408 2 0 0 0 0
2409 2 0 0 0 0
2410 2 0 0 0 0
2411 2 0 0 0 0
2412 2 0 0 0 0
2413 2 0 0 0 0
2414 2 0 0 0 0
2415 2 0 0 0 0
2416 2 0 0 0 0
2417 2 0 0 0 0
2418 2 0 0 0 0
2419 2 0 0 0 0
2420 2 0 2 0 0
2421 2 0 2 0 0
2422 2 0 2 0 0
2423 2 0 2 0 0
2424 2 0 2 0 0
2425 2 0 2 0 0
2426 2 0 0 2 0
2427 2 0 0 2 0
2428 2 0 0 2 0
2429 2 0 0 2 0
2430 2 0 0 2 0
2431 2 0 0 2 0
2432 2 0 0 2 0
2433 2 0 0 2 0
2434 2 0 0 2 0
2435 2 0 0 2 0
2436 2 0 0 2 0
2437 2 0 0 2 0
2438 2 0 0 2 0
2439 2 0 0 2 0
2440 2 0 0 2 0
2441 2 0 0 2 0
2442 2 0 0 2 0
2443 2 0 0 2 0
2444 2 0 0 2 0
2445 2 0 0 2 0
2446 2 0 0 2 0
2447 2 0 0 2 0
2448 2 0 0 2 0
2449 2 0 0 2 0
2450 2 0 0 2 0
2451 2 0 0 2 0
2452 2 0 0 2 0
2453 2 0 0 2 0
2454 2 0 0 2 0
2455 2 0 0 2 0
2456 2 0 0 0 0
2457 2 0 0 0 0
2458 2 0 0 0 0
2459 2 0 0 0 0
2460 2 0 0 0 0
2461 2 0 0 0 0
2462 2 0 0 0 0
2463 2 0 0 0 0
2464 2 0 0 0 0
2465 2 0 0 0 0
2466 2 0 0 0 0
2467 2 0 0 0 0
2468 2 0 0 0 0
2469 2 0 0 0 0
2470 2 0 0 0 0
2471 2 0 0 2 0
2472 2 0 0 2 0
2473 2 0 0 2 0
2474 2 0 0 2 0
2475 2 0 0 2 0
2476 2 0 0 2 0
2477 2 0 0 2 0
2478 2 0 0 2 0
2479 2 0 0 2 0
2480 2 0 0 2 0
2481 2 0 0 2 0
2482 2 0 0 2 0
2483 2 0 0 2 0
2484 2 0 0 2 0
2485 2 0 0 2 0
2486 2 0 0 2 0
2487 2 0 0 2 0
2488 2 0 0 2 0
2489 2 0 0 2 0
2490 2 0 0 0 0
2491 2 0 0 0 0
2492 2 0 0 0 0
2493 2 0 0 0 0
2494 2 0 0 0 0
2495 2 0 0 0 0
2496 2 0 0 0 0
2497 2 0 0 0 0
2498 2 0 0 0 0
2499 2 0 0 0 0
2500 2 0 0 0 0
2501 2 0 0 0 0
2502 2 0 0 0 0
2503 2 0 0 0 0
2504 2 0 0 0 0
2505 2 0 0 0 0
2506 2 0 0 0 0
2507 2 0 0 0 0
2508 2 0 0 0 0
2509 2 0 0 0 0
2510 2 0 0 0 0
2511 2 0 0 0 0
2512 2 0 0 0 0
2513 2 0 0 0 0
2514 2 0 0 0 0
2515 2 0 0 0 0
2516 2 0 0 0 0
2517 2 0 0 0 0
2518 2 0 0 0 0
2519 2 0 0 0 0
2520 2 0 0 2 0
2521 2 0 0 2 0
2522 2 0 0 2 0
2523 2 0 0 2 0
2524 2 0 0 2 0
2525 2 0 0 2 0
2526 2 0 0 2 0
2527 2 0 0 2 0
2528 2 0 0 2 0
2529 2 0 0 2 0
2530 2 0 0 2 0
2531 2 0 0 2 0
2532 2 0 0 2 0
2533 2 0 0 2 0
2534 2 0 0 2 0
2535 2 0 0 2 0
2536 2 0 0 2 0
2537 2 0 0 2 0
2538 2 0 0 2 0
2539 2 0 0 2 0
2540 2 0 0 2 0
2541 2 0 0 2 0
2542 2 0 0 2 0
2543 2 0 0 2 0
2544 2 0 0 2 0
2545 2 0 0 2 0
2546 2 0 0 2 0
2547 2 0 0 2 0
2548 2 0 0 2 0
2549 2 0 0 2 0
2550 2 0 0 0 0
2551 2 0 0 0 0
2552 2 0 0 0 0
2553 2 0 0 0 0
2554 2 0 0 0 0
2555 2 0 0 0 0
2556 2 0 0 0 0
2557 2 0 0 0 0
2558 2 0 0 0 0
2559 2 0 0 0 0
2560 2 0 0 0 0
2561 2 0 2 0 0
2562 2 0 2 0 0
2563 2 0 2 0 0
2564 2 0 2 0 0
2565 2 0 2 0 0
2566 2 0 2 0 0
2567 2 0 2 0 0
2568 2 0 2 0 0
2569 2 0 2 0 0
2570 2 0 2 0 0
2571 2 0 2 0 0
2572 2 0 2 0 0
2573 2 0 2 0 0
2574 2 0 2 0 0
2575 2 0 2 0 0
2576 2 0 2 0 0
2577 2 0 2 0 0
2578 2 0 2 0 0
2579 2 0 2 0 0
2580 0 2 2 0 0
2581 0 2 2 0 0
2582 0 2 2 0 0
2583 0 2 2 0 0
2584 0 2 2 0 0
2585 0 2 2 0 0
2586 0 2 2 0 0
2587 0 2 2 0 0
2588 0 2 2 0 0
2589 0 2 2 0 0
2590 0 0 2 0 0
2591 0 0 2 0 0
2592 0 0 2 0 0
2593 0 0 2 0 0
2594 0 0 2 0 0
2595 0 0 2 0 0
2596 0 0 2 0 0
2597 0 0 2 0 0
2598 0 0 2 0 0
2599 0 0 2 0 0
2600 0 0 2 0 0
2601 0 0 2 0 0
2602 0 0 2 0 0
2603 0 0 2 0 0
2604 0 0 2 0 0
2605 0 0 2 0 0
2606 0 0 2 0 0
2607 0 0 2 0 0
2608 0 0 2 0 0
2609 0 0 2 0 0
2610 0 0 2 0 0
2611 0 0 2 0 0
2612 0 0 2 0 0
2613 0 0 2 0 0
2614 0 0 2 0 0
2615 0 0 2 0 0
2616 0 0 2 0 0
2617 0 0 2 0 0
2618 0 0 2 0 0
2619 0 0 2 0 0
2620 0 0 2 0 0
2621 0 0 2 0 0
2622 0 0 2 0 0
2623 0 0 2 0 0
2624 0 0 2 0 0
2625 0 0 2 0 0
2626 0 0 2 0 0
2627 0 0 2 0 0
2628 0 0 2 0 0
2629 0 0 2 0 0
2630 0 0 2 0 0
2631 0 0 2 0 0
2632 0 0 2 0 0
2633 0 0 2 0 0
2634 0 0 2 0 0
2635 0 0 2 0 0
2636 0 0 2 0 0
2637 0 0 2 0 0
2638 0 0 2 0 0
2639 0 0 2 0 0
2640 0 0 2 0 0
2641 0 0 2 0 0
2642 0 0 2 0 0
2643 0 0 2 0 0
2644 0 0 2 0 0
2645 0 0 2 0 0
2646 0 0 2 0 0
2647 0 0 2 0 0
2648 0 0 2 0 0
2649 0 0 2 0 0
2650 0 0 2 0 0
2651 0 0 2 0 0
2652 0 0 2 0 0
2653 0 0 2 0 0
2654 0 0 2 0 0
2655 0 0 2 0 0
2656 0 0 2 0 0
2657 0 0 2 0 0
2658 0 0 2 0 0
2659 0 0 2 0 0
2660 0 0 2 0 0
2661 0 0 2 0 0
2662 0 0 2 0 0
2663 0 0 2 0 0
2664 0 0 2 0 0
2665 0 0 2 0 0
2666 0 0 2 0 0
2667 0 0 2 0 0
2668 0 0 2 0 0
2669 0 0 2 0 0
2670 0 0 2 0 0
2671 0 0 2 0 0
2672 0 0 2 0 0
2673 0 0 2 0 0
2674 0 0 2 0 0
2675 0 0 2 0 0
2676 0 0 2 0 0
2677 0 0 2 0 0
2678 0 0 2 0 0
2679 0 0 2 0 0
2680 0 0 2 0 0
2681 0 0 2 0 0
2682 0 0 2 0 0
2683 0 0 2 0 0
2684 0 0 2 0 0
2685 0 0 2 0 0
2686 0 0 2 0 0
2687 0 0 2 0 0
2688 0 0 2 0 0
2689 0 0 2 0 0
2690 0 0 2 0 0
2691 0 0 2 0 0
2692 0 0 2 0 0
2693 0 0 2 0 0
2694 0 0 2 0 0
2695 0 0 2 0 0
2696 0 0 2 0 0
2697 0 0 2 0 0
2698 0 0 2 0 0
2699 0 0 2 0 0
2700 5 0 2 0 0
2701 5 0 2 0 0
2702 5 0 2 0 0
2703 5 0 2 0 0
2704 5 0 2 0 0
2705 5 0 2 0 0
2706 5 0 2 0 0
2707 5 0 2 0 0
2708 5 0 2 0 0
2709 5 0 2 0 0
2710 5 0 2 0 0
2711 5 0 2 0 0
2712 5 0 2 0 0
2713 5 0 2 0 0
2714 5 0 2 0 0
2715 5 0 2 0 0
2716 5 0 2 0 0
2717 5 0 2 0 0
2718 5 0 2 0 0
2719 5 0 2 0 0
2720 5 0 2 0 0
2721 5 0 2 0 0
2722 5 0 2 0 0
2723 5 0 2 0 0
2724 5 0 2 0 0
2725 5 0 2 0 0
2726 5 0 2 0 0
2727 5 0 2 0 0
2728 5 0 2 0 0
2729 5 0 2 0 0
2730 5 0 2 0 0
2731 5 0 2 0 0
2732 5 0 2 0 0
2733 5 0 2 0 0
2734 5 0 2 0 0
2735 5 0 2 0 0
2736 5 0 2 0 0
2737 5 0 2 0 0
2738 5 0 2 0 0
2739 5 0 2 0 0
2740 5 0 2 0 0
2741 5 0 2 0 0
2742 5 0 2 0 0
2743 5 0 2 0 0
2744 5 0 2 0 0
2745 5 0 2 0 0
2746 5 0 2 0 0
2747 5 0 2 0 0
2748 5 0 2 0 0
2749 5 0 2 0 0
2750 5 0 2 0 0
2751 5 0 2 0 0
2752 5 0 2 0 0
2753 5 0 2 0 0
2754 5 0 2 0 0
2755 5 0 2 0 0
2756 5 0 2 0 0
2757 5 0 2 0 0
2758 5 0 2 0 0
2759 5 0 2 0 0
2760 5 0 2 0 0
2761 5 0 2 0 0
2762 5 0 2 0 0
2763 5 0 2 0 0
2764 5 0 2 0 0
2765 5 0 2 0 0
2766 5 0 2 0 0
2767 5 0 2 0 0
2768 5 0 2 0 0
2769 5 0 2 0 0
2770 5 0 2 0 2
2771 5 0 2 0 2
2772 5 0 2 0 2
2773 5 0 2 0 2
2774 5 0 2 0 2
2775 5 0 2 0 2
2776 5 0 2 0 2
2777 5 0 2 0 2
2778 5 0 2 0 2
2779 5 0 2 0 2
2780 5 0 2 0 2
2781 5 0 2 0 2
2782 5 0 2 0 2
2783 5 0 2 0 2
2784 5 0 2 0 2
2785 5 0 2 0 2
2786 5 0 2 0 2
2787 5 0 2 0 2
2788 5 0 2 0 2
2789 5 0 2 0 2
2790 5 0 2 0 2
2791 5 0 2 0 2
2792 5 0 2 0 2
2793 5 0 2 0 2
2794 5 0 2 0 2
2795 5 0 2 0 2
2796 5 0 2 0 2
2797 5 0 2 0 2
2798 5 0 2 0 2
2799 5 0 2 0 2
2800 5 0 2 0 2
2801 5 0 2 0 2
2802 5 0 2 0 2
2803 5 0 2 0 2
2804 5 0 2 0 2
2805 5 0 2 0 2
2806 5 0 2 0 2
2807 5 0 2 0 2
2808 5 0 2 0 2
2809 5 0 2 0 2
2810 0 0 2 0 2
2811 0 0 2 0 2
2812 0 0 2 0 2
2813 0 0 2 0 2
2814 0 0 2 0 2
2815 0 0 2 0 2
2816 0 0 2 0 2
2817 0 0 2 0 2
2818 0 0 2 0 2
2819 0 0 2 0 2
2820 0 0 2 0 2
2821 0 0 2 0 2
2822 0 0 2 0 2
2823 0 0 2 0 2
2824 0 0 2 0 2
2825 0 0 2 0 2
2826 0 0 2 0 2
2827 0 0 2 0 2
2828 0 0 2 0 2
2829 0 0 2 0 2
2830 0 0 2 0 2
2831 0 0 2 0 2
2832 0 0 2 0 2
2833 0 0 2 0 2
2834 0 0 2 0 2
2835 0 0 2 0 2
2836 0 0 2 0 2
2837 0 0 2 0 2
2838 0 0 2 0 2
2839 0 0 2 0 2
2840 0 0 2 0 2
2841 0 0 2 0 2
2842 0 0 2 0 2
2843 0 0 2 0 2
2844 0 0 2 0 2
2845 0 0 2 0 2
2846 0 0 2 0 2
2847 0 0 2 0 2
2848 0 0 2 0 2
2849 0 0 2 0 2
2850 0 0 2 0 2
2851 0 0 2 0 2
2852 0 0 2 0 2
2853 0 0 2 0 2
2854 0 0 2 0 2
2855 0 0 2 0 2
2856 0 0 2 0 2
2857 0 0 2 0 2
2858 0 0 2 0 2
2859 0 0 2 0 2
2860 0 0 2 0 2
2861 0 0 2 0 2
2862 0 0 2 0 2
2863 0 0 2 0 2
2864 0 0 2 0 2
2865 0 0 2 0 2
2866 0 0 2 0 2
2867 0 0 2 0 2
2868 0 0 2 0 2
2869 0 0 2 0 2
2870 0 0 2 0 2
2871 0 0 2 0 2
2872 0 0 2 0 2
2873 0 0 2 0 2
2874 0 0 2 0 2
2875 0 0 2 0 2
2876 0 0 2 0 2
2877 0 0 2 0 2
2878 0 0 2 0 2
2879 0 0 2 0 2
2880 0 0 2 0 2
2881 0 0 2 0 2
2882 0 0 2 0 2
2883 0 0 2 0 2
2884 0 0 2 0 2
2885 0 0 2 0 2
2886 0 0 2 0 2
2887 0 0 2 0 2
2888 0 0 2 0 2
2889 0 0 2 0 2
2890 0 0 2 0 2
2891 0 0 2 0 2
2892 0 0 2 0 2
2893 0 0 2 0 2
2894 0 0 2 0 2
2895 0 0 2 0 2
2896 0 0 2 0 2
2897 0 0 2 0 2
2898 0 0 2 0 2
2899 0 0 2 0 2
2900 0 0 2 0 2
2901 0 0 2 0 2
2902 0 0 2 0 2
2903 0 0 2 0 2
2904 0 0 2 0 2
2905 0 0 2 0 2
2906 0 0 2 0 2
2907 0 0 2 0 2
2908 0 0 2 0 2
2909 0 0 2 0 2
2910 0 0 2 0 2
2911 0 0 2 0 2
2912 0 0 2 0 2
2913 0 0 2 0 2
2914 0 0 2 0 2
2915 0 0 2 0 2
2916 0 0 2 0 2
2917 0 0 2 0 2
2918 0 0 2 0 2
2919 0 0 2 0 2
2920 0 0 2 0 2
2921 0 0 2 0 2
2922 0 0 2 0 2
2923 0 0 2 0 2
2924 0 0 2 0 2
2925 0 0 2 0 2
2926 0 0 2 0 2
2927 0 0 2 0 2
2928 0 0 2 0 2
2929 0 0 2 0 2
2930 0 0 2 0 2
2931 0 0 2 0 2
2932 0 0 2 0 2
2933 0 0 2 0 2
2934 0 0 2 0 2
2935 0 0 2 0 2
2936 0 0 2 0 2
2937 0 0 2 0 2
2938 0 0 2 0 2
2939 0 0 2 0 2
2940 0 0 2 0 2
2941 0 0 2 0 2
2942 0 0 2 0 2
2943 0 0 2 0 2
2944 0 0 2 0 2
2945 0 0 2 0 2
2946 0 0 2 0 2
2947 0 0 2 0 2
2948 0 0 2 0 2
2949 0 0 2 0 2
2950 0 0 2 0 2
2951 0 0 2 0 2
2952 0 0 2 0 2
2953 0 0 2 0 2
2954 0 0 2 0 2
2955 0 0 2 0 2
2956 0 0 2 0 2
2957 0 0 2 0 2
2958 0 0 2 0 2
2959 0 0 2 0 2
2960 0 0 2 0 2
2961 0 0 2 0 2
2962 0 0 2 0 2
2963 0 0 2 0 2
2964 0 0 2 0 2
2965 0 0 2 0 2
2966 0 0 2 0 2
2967 0 0 2 0 2
2968 0 0 2 0 2
2969 0 0 2 0 2
2970 0 0 2 0 2
2971 0 0 2 0 2
2972 0 0 2 0 2
2973 0 0 2 0 2
2974 0 0 2 0 2
2975 0 0 2 0 2
2976 0 0 2 0 2
2977 0 0 2 0 2
2978 0 0 2 0 2
2979 0 0 2 0 2
2980 0 0 2 0 2
2981 0 0 2 0 2
2982 0 0 2 0 2
2983 0 0 2 0 2
2984 0 0 2 0 2
2985 0 0 2 0 2
2986 0 0 2 0 2
2987 0 0 2 0 2
2988 0 0 2 0 2
2989 0 0 2 0 2
2990 0 0 2 0 2
2991 0 0 2 0 2
2992 0 0 2 0 2
2993 0 0 2 0 2
2994 0 0 2 0 2
2995 0 0 2 0 2
2996 0 0 2 0 2
2997 0 0 2 0 2
2998 0 0 2 0 2
2999 0 0 2 0 2
3000 0 0 2 0 2
3001 0 0 2 0 2
3002 0 0 2 0 2
3003 0 0 2 0 2
3004 0 0 2 0 2
3005 0 0 2 0 2
3006 0 0 2 0 2
3007 0 0 2 0 2
3008 0 0 2 0 2
3009 0 0 2 0 2
3010 0 0 2 0 2
3011 0 0 2 0 2
3012 0 0 2 0 2
3013 0 0 2 0 2
3014 0 0 2 0 2
3015 0 0 2 0 2
3016 0 0 2 0 2
3017 0 0 2 0 2
3018 0 0 2 0 2
3019 0 0 2 0 2
3020 0 0 2 0 2
3021 0 0 2 0 2
3022 0 0 2 0 2
3023 0 0 2 0 2
3024 0 0 2 0 2
3025 0 0 2 0 2
3026 0 0 2 0 2
3027 0 0 2 0 2
3028 0 0 2 0 2
3029 0 0 2 0 2
3030 2 0 2 0 2
3031 2 0 2 0 2
3032 2 0 2 0 2
3033 2 0 2 0 2
3034 2 0 2 0 2
3035 2 0 2 0 2
3036 2 0 2 0 2
3037 2 0 2 0 2
3038 2 0 2 0 2
3039 2 0 2 0 2
3040 2 0 0 0 2
3041 2 0 0 0 2
3042 2 0 0 0 2
3043 2 0 0 0 2
3044 2 0 0 0 2
3045 2 0 0 0 2
3046 2 0 0 0 2
3047 2 0 0 0 2
3048 2 0 0 0 2
3049 2 0 0 0 2
3050 2 0 0 0 2
3051 2 0 0 0 2
3052 2 0 0 0 2
3053 2 0 0 0 2
3054 2 0 0 0 2
3055 2 0 0 0 2
3056 2 0 0 0 2
3057 2 0 0 0 2
3058 2 0 0 0 2
3059 2 0 0 0 2
3060 2 0 0 0 2
3061 2 0 0 0 2
3062 2 0 0 0 2
3063 2 0 0 0 2
3064 2 0 0 0 2
3065 2 0 0 0 2
3066 2 0 0 0 2
3067 2 0 0 0 2
3068 2 0 0 0 2
3069 2 0 0 0 2
3070 2 0 0 0 2
3071 2 0 0 0 2
3072 2 0 0 0 2
3073 2 0 0 0 2
3074 2 0 0 0 2
3075 2 0 0 0 2
3076 2 0 0 0 2
3077 2 0 0 0 2
3078 2 0 0 0 2
3079 2 0 0 0 2
3080 2 0 0 0 2
3081 2 0 0 0 2
3082 2 0 0 0 2
3083 2 0 0 0 2
3084 2 0 0 0 2
3085 2 0 0 0 2
3086 2 0 0 0 2
3087 2 0 0 0 2
3088 2 0 0 0 2
3089 2 0 0 0 2
3090 2 0 0 0 2
3091 2 0 0 0 2
3092 2 0 0 0 2
3093 2 0 0 0 2
3094 2 0 0 0 2
3095 2 0 0 0 2
3096 2 0 0 0 2
3097 2 0 0 0 2
3098 2 0 0 0 2
3099 2 0 0 0 2
3100 0 0 0 0 2
3101 0 0 0 0 2
3102 0 0 0 0 2
3103 0 0 0 0 2
3104 0 0 0 0 2
3105 0 0 0 0 2
3106 0 0 0 0 2
3107 0 0 0 0 2
3108 0 0 0 0 2
3109 0 0 0 0 2
3110 0 0 0 0 2
3111 0 0 0 0 2
3112 0 0 0 0 2
3113 0 0 0 0 2
3114 0 0 0 0 2
3115 0 0 0 0 2
3116 0 0 0 0 2
3117 0 0 0 0 2
3118 0 0 0 0 2
3119 0 0 0 0 2
3120 0 0 0 0 2
3121 0 0 0 0 2
3122 0 0 0 0 2
3123 0 0 0 0 2
3124 0 0 0 0 2
3125 0 0 0 0 2
3126 0 0 0 0 2
3127 0 0 0 0 2
3128 0 0 0 0 2
3129 0 0 0 0 2
3130 0 0 0 0 2
3131 0 0 0 0 2
3132 0 0 0 0 2
3133 0 0 0 0 2
3134 0 0 0 0 2
3135 0 0 0 0 2
3136 0 0 0 0 2
3137 0 0 0 0 2
3138 0 0 0 0 2
3139 0 0 0 0 2
3140 0 0 0 0 2
3141 0 0 0 0 2
3142 0 0 0 0 2
3143 0 0 0 0 2
3144 0 0 0 0 2
3145 0 0 0 0 2
3146 0 0 0 0 2
3147 0 0 0 0 2
3148 0 0 0 0 2
3149 0 0 0 0 2
3150 0 0 0 0 2
3151 0 0 0 0 2
3152 0 0 0 0 2
3153 0 0 0 0 2
3154 0 0 0 0 2
3155 0 0 0 0 2
3156 0 0 0 0 2
3157 0 0 0 0 2
3158 0 0 0 0 2
3159 0 0 0 0 2
3160 0 0 0 0 2
3161 0 0 0 0 2
3162 0 0 0 0 2
3163 0 0 0 0 2
3164 0 0 0 0 2
3165 0 0 0 0 2
3166 0 0 0 0 2
3167 0 0 0 0 2
3168 0 0 0 0 2
3169 0 0 0 0 2
3170 0 0 0 0 2
3171 0 0 0 0 2
3172 0 0 0 0 2
3173 0 0 0 0 2
3174 0 0 0 0 2
3175 0 0 0 0 2
3176 0 0 0 0 2
3177 0 0 0 0 2
3178 0 0 0 0 2
3179 0 0 0 0 2
3180 0 0 0 0 2
3181 0 0 0 0 2
3182 0 0 0 0 2
3183 0 0 0 0 2
3184 0 0 0 0 2
3185 0 0 0 0 2
3186 0 0 0 0 2
3187 0 0 0 0 2
3188 0 0 0 0 2
3189 0 0 0 0 2
3190 0 0 0 0 2
3191 0 0 0 0 2
3192 0 0 0 0 2
3193 0 0 0 0 2
3194 0 0 0 0 2
3195 0 0 0 0 2
3196 0 0 0 0 2
3197 0 0 0 0 2
3198 0 0 0 0 2
3199 0 0 0 0 2
3200 0 0 0 0 2
3201 0 0 0 0 2
3202 0 0 0 0 2
3203 0 0 0 0 2
3204 0 0 0 0 2
3205 0 0 0 0 2
3206 0 0 0 0 2
3207 0 0 0 0 2
3208 0 0 0 0 2
3209 0 0 0 0 2
3210 0 0 0 0 2
3211 0 0 0 0 2
3212 0 0 0 0 2
3213 0 0 0 0 2
3214 0 0 0 0 2
3215 0 0 0 0 2
3216 0 0 0 0 2
3217 0 0 0 0 2
3218 0 0 0 0 2
3219 0 0 0 0 2
3220 0 0 0 0 2
3221 0 0 0 0 2
3222 0 0 0 0 2
3223 0 0 0 0 2
3224 0 0 0 0 2
3225 0 0 0 0 2
3226 0 0 0 0 2
3227 0 0 0 0 2
3228 0 0 0 0 2
3229 0 0 0 0 2
3230 0 0 0 0 2
3231 0 0 0 0 2
3232 0 0 0 0 2
3233 0 0 0 0 2
3234 0 0 0 0 2
3235 0 0 0 0 2
3236 0 0 0 0 2
3237 0 0 0 0 2
3238 0 0 0 0 2
3239 0 0 0 0 2
3240 2 0 0 0 2
3241 2 0 0 0 2
3242 2 0 0 0 2
3243 2 0 0 0 2
3244 2 0 0 0 2
3245 2 0 0 0 2
3246 2 0 0 0 2
3247 2 0 0 0 2
3248 2 0 0 0 2
3249 2 0 0 0 2
3250 2 0 0 0 2
3251 2 0 0 0 2
3252 2 0 0 0 2
3253 2 0 0 0 2
3254 2 0 0 0 2
3255 2 0 0 0 2
3256 2 0 0 0 2
3257 2 0 0 0 2
3258 2 0 0 0 2
3259 2 0 0 0 2
3260 2 0 0 0 2
3261 2 0 0 0 2
3262 2 0 0 0 2
3263 2 0 0 0 2
3264 2 0 0 0 2
3265 2 0 0 0 2
3266 2 0 0 0 2
3267 2 0 0 0 2
3268 2 0 0 0 2
3269 2 0 0 0 2
3270 2 0 0 0 2
3271 2 0 0 0 2
3272 2 0 0 0 2
3273 2 0 0 0 2
3274 2 0 0 0 2
3275 2 0 0 0 2
3276 2 0 0 0 2
3277 2 0 0 0 2
3278 2 0 0 0 2
3279 2 0 0 0 2
3280 2 0 0 0 0
3281 2 0 0 0 0
3282 2 0 0 0 0
3283 2 0 0 0 0
3284 2 0 0 0 0
3285 2 0 0 0 0
3286 2 0 0 0 0
3287 2 0 0 0 0
3288 2 0 0 0 0
3289 2 0 0 0 0
3290 2 0 0 0 0
3291 2 0 0 0 0
3292 2 0 0 0 0
3293 2 0 0 0 0
3294 2 0 0 0 0
3295 2 0 0 0 0
3296 2 0 0 0 0
3297 2 0 0 0 0
3298 2 0 0 0 0
3299 2 0 0 0 0
3300 2 0 0 0 0
3301 2 0 0 0 0
3302 2 0 0 0 0
3303 2 0 0 0 0
3304 2 0 0 0 0
3305 2 0 0 0 0
3306 2 0 0 0 0
3307 2 0 0 0 0
3308 2 0 0 0 0
3309 2 0 0 0 0
3310 2 0 0 0 0
3311 2 0 0 0 0
3312 2 0 0 0 0
3313 2 0 0 0 0
3314 2 0 0 0 0
3315 2 0 0 0 0
3316 2 0 0 0 0
3317 2 0 0 0 0
3318 2 0 0 0 0
3319 2 0 0 0 0
3320 0 0 0 0 0
3321 0 0 0 0 0
3322 0 0 0 0 0
3323 0 0 0 0 0
3324 0 0 0 0 0
3325 0 0 0 0 0
3326 0 0 0 0 0
3327 0 0 0 0 0
3328 0 0 0 0 0
3329 0 0 0 0 0
3330 0 0 0 0 0
3331 0 0 0 0 0
3332 0 0 0 0 0
3333 0 0 0 0 0
3334 0 0 0 0 0
3335 0 0 0 0 0
3336 0 0 0 0 0
3337 0 0 0 0 0
3338 0 0 0 0 0
3339 0 0 0 0 0
3340 0 0 0 0 0
3341 0 0 0 0 0
3342 0 0 0 0 0
3343 0 0 0 0 0
3344 0 0 0 0 0
3345 0 0 0 0 0
3346 0 0 0 0 0
3347 0 0 0 0 0
3348 0 0 0 0 0
3349 0 0 0 0 0
3350 0 0 0 0 0
3351 0 0 0 0 0
3352 0 0 0 0 0
3353 0 0 0 0 0
3354 0 0 0 0 0
3355 0 0 0 0 0
3356 0 0 0 0 0
3357 0 0 0 0 0
3358 0 0 0 0 0
3359 0 0 0 0 0
3360 0 0 0 0 0
3361 0 0 0 0 0
3362 0 0 0 0 0
3363 0 0 0 0 0
3364 0 0 0 0 0
3365 0 0 0 0 0
3366 0 0 0 0 0
3367 0 0 0 0 0
3368 0 0 0 0 0
3369 0 0 0 0 0
3370 0 0 0 0 0
3371 0 0 0 0 0
3372 0 0 0 0 0
3373 0 0 0 0 0
3374 0 0 0 0 0
3375 0 0 0 0 0
3376 0 0 0 0 0
3377 0 0 0 0 0
3378 0 0 0 0 0
3379 0 0 0 0 0
3380 0 0 0 0 0
3381 0 0 0 0 0
3382 0 0 0 0 0
3383 0 0 0 0 0
3384 0 0 0 0 0
3385 0 0 0 0 0
3386 0 0 0 0 0
3387 0 0 0 0 0
3388 0 0 0 0 0
3389 0 0 0 0 0
3390 0 0 0 0 0
3391 0 0 0 0 0
3392 0 0 0 0 0
3393 0 0 0 0 0
3394 0 0 0 0 0
3395 0 0 0 0 0
3396 0 0 0 0 0
3397 0 0 0 0 0
3398 0 0 0 0 0
3399 0 0 0 0 0
3400 0 0 0 0 0
3401 0 0 0 0 0
3402 0 0 0 0 0
3403 0 0 0 0 0
3404 0 0 0 0 0
3405 0 0 0 0 0
3406 0 0 0 0 0
3407 0 0 0 0 0
3408 0 0 0 0 0
3409 0 0 0 0 0
3410 0 0 0 0 0
3411 0 0 0 0 0
3412 0 0 0 0 0
3413 0 0 0 0 0
3414 0 0 0 0 0
3415 0 0 0 0 0
3416 0 0 0 0 0
3417 0 0 0 0 0
3418 0 0 0 0 0
3419 0 0 0 0 0
3420 0 0 0 0 0
3421 0 0 0 0 0
3422 0 0 0 0 0
3423 0 0 0 0 0
3424 0 0 0 0 0
3425 0 0 0 0 0
3426 0 0 0 0 0
3427 0 0 0 0 0
3428 0 0 0 0 0
3429 0 0 0 0 0
3430 0 0 0 0 0
3431 0 0 0 0 0
3432 0 0 0 0 0
3433 0 0 0 0 0
3434 0 0 0 0 0
3435 0 0 0 0 0
3436 0 0 0 0 0
3437 0 0 0 0 0
3438 0 0 0 0 0
3439 0 0 0 0 0
3440 0 0 0 0 0
3441 0 0 0 0 0
3442 0 0 0 0 0
3443 0 0 0 0 0
3444 0 0 0 0 0
3445 0 0 0 0 0
3446 0 0 0 0 0
3447 0 0 0 0 0
3448 0 0 0 0 0
3449 0 0 0 0 0
3450 0 0 0 0 0
3451 0 0 0 0 0
3452 0 0 0 0 0
3453 0 0 0 0 0
3454 0 0 0 0 0
3455 0 0 0 0 0
3456 0 0 0 0 0
3457 0 0 0 0 0
3458 0 0 0 0 0
3459 0 0 0 0 0
3460 0 0 0 0 0
3461 0 0 0 0 0
3462 0 0 0 0 0
3463 0 0 0 0 0
3464 0 0 0 0 0
3465 0 0 0 0 0
3466 0 0 0 0 0
3467 0 0 0 0 0
3468 0 0 0 0 0
3469 0 0 0 0 0
3470 0 0 0 0 0
3471 0 0 0 0 0
3472 0 0 0 0 0
3473 0 0 0 0 0
3474 0 0 0 0 0
3475 0 0 0 0 0
3476 0 0 0 0 0
3477 0 0 0 0 0
3478 0 0 0 0 0
