0 0 0 0 0 0
1 0 0 0 0 0
2 0 0 0 0 0
3 0 0 0 0 0
4 0 0 0 0 0
5 0 0 0 0 0
6 0 0 0 0 0
7 0 0 0 0 0
8 0 0 0 0 0
9 0 0 0 0 0
10 0 0 0 0 0
11 0 0 0 0 0
12 0 0 0 0 0
13 0 0 0 0 0
14 0 0 0 0 0
15 0 0 0 0 0
16 0 0 0 0 0
17 0 0 0 0 0
18 0 0 0 0 0
19 0 0 0 0 0
20 0 0 0 0 0
21 0 0 0 0 0
22 0 0 0 0 0
23 0 0 0 0 0
24 0 0 0 0 0
25 0 0 0 0 0
26 0 0 0 0 0
27 0 0 0 0 0
28 0 0 0 0 0
29 0 0 0 0 0
30 0 0 0 0 0
31 0 0 0 0 0
32 0 0 0 0 0
33 0 0 0 0 0
34 0 0 0 0 0
35 0 0 0 0 0
36 0 0 0 0 0
37 0 0 0 0 0
38 0 0 0 0 0
39 0 0 0 0 0
40 0 0 0 0 0
41 0 0 0 0 0
42 0 0 0 0 0
43 0 0 0 0 0
44 0 0 0 0 0
45 0 0 0 0 0
46 0 0 0 0 0
47 0 0 0 0 0
48 0 0 0 0 0
49 0 0 0 0 0
50 0 0 0 0 0
51 0 0 0 0 0
52 0 0 0 0 0
53 0 0 0 0 0
54 0 0 0 0 0
55 0 0 0 0 0
56 0 0 0 0 0
57 0 0 0 0 0
58 0 0 0 0 0
59 0 0 0 0 0
60 0 0 2 0 0
61 0 0 2 0 0
62 0 0 2 0 0
63 0 0 2 0 0
64 0 0 2 0 0
65 0 0 2 0 0
66 0 0 2 0 0
67 0 0 2 0 0
68 0 0 2 0 0
69 0 0 2 0 0
70 0 0 2 0 0
71 0 0 2 0 0
72 0 0 2 0 0
73 0 0 2 0 0
74 0 0 2 0 0
75 0 0 2 0 0
76 0 0 2 0 0
77 0 0 2 0 0
78 0 0 2 0 0
79 0 0 2 0 0
80 0 0 2 0 0
81 0 0 2 0 0
82 0 0 2 0 0
83 0 0 2 0 0
84 0 0 2 0 0
85 0 0 2 0 0
86 0 0 2 0 0
87 0 0 2 0 0
88 0 0 2 0 0
89 0 0 2 0 0
90 0 0 2 0 0
91 0 0 2 0 0
92 0 0 2 0 0
93 0 0 2 0 0
94 0 0 2 0 0
95 0 0 2 0 0
96 0 0 2 0 0
97 0 0 2 0 0
98 0 0 2 0 0
99 0 0 2 0 0
100 0 0 2 0 0
101 0 0 2 0 0
102 0 0 2 0 0
103 0 0 2 0 0
104 0 0 2 0 0
105 0 0 2 0 0
106 0 0 2 0 0
107 0 0 2 0 0
108 0 0 2 0 0
109 0 0 2 0 0
110 0 0 2 0 0
111 0 0 2 0 0
112 0 0 2 0 0
113 0 0 2 0 0
114 0 0 2 0 0
115 0 0 2 0 0
116 0 0 2 0 0
117 0 0 2 0 0
118 0 0 2 0 0
119 0 0 2 0 0
120 0 0 2 0 0
121 0 0 2 0 0
122 0 0 2 0 0
123 0 0 2 0 0
124 0 0 2 0 0
125 0 0 2 0 0
126 0 0 2 0 0
127 0 0 2 0 0
128 0 0 2 0 0
129 0 0 2 0 0
130 0 0 2 0 0
131 0 0 2 0 0
132 0 0 2 0 0
133 0 0 2 0 0
134 0 0 2 0 0
135 0 0 2 0 0
136 0 0 2 0 0
137 0 0 2 0 0
138 0 0 2 0 0
139 0 0 2 0 0
140 0 0 2 0 0
141 0 0 2 0 0
142 0 0 2 0 0
143 0 0 2 0 0
144 0 0 2 0 0
145 0 0 2 0 0
146 0 0 2 0 0
147 0 0 2 0 0
148 0 0 2 0 0
149 0 0 2 0 0
150 0 0 2 0 0
151 0 0 2 0 0
152 0 0 2 0 0
153 0 0 2 0 0
154 0 0 2 0 0
155 0 0 2 0 0
156 0 0 2 0 0
157 0 0 2 0 0
158 0 0 2 0 0
159 0 0 2 0 0
160 0 0 2 0 0
161 0 0 2 0 0
162 0 0 2 0 0
163 0 0 2 0 0
164 0 0 2 0 0
165 0 0 2 0 0
166 0 0 2 0 0
167 0 0 2 0 0
168 0 0 2 0 0
169 0 0 2 0 0
170 0 0 2 0 0
171 0 0 2 0 0
172 0 0 2 0 0
173 0 0 2 0 0
174 0 0 2 0 0
175 0 0 2 0 0
176 0 0 2 0 0
177 0 0 2 0 0
178 0 0 2 0 0
179 0 0 2 0 0
180 0 0 2 0 0
181 0 0 2 0 0
182 0 0 2 0 0
183 0 0 2 0 0
184 0 0 2 0 0
185 0 0 2 0 0
186 0 0 2 0 0
187 0 0 2 0 0
188 0 0 2 0 0
189 0 0 2 0 0
190 0 0 2 0 0
191 0 0 2 0 0
192 0 0 2 0 0
193 0 0 2 0 0
194 0 0 2 0 0
195 0 0 2 0 0
196 0 0 2 0 0
197 0 0 2 0 0
198 0 0 2 0 0
199 0 0 2 0 0
200 2 0 2 0 0
201 2 0 2 0 0
202 2 0 2 0 0
203 2 0 2 0 0
204 2 0 2 0 0
205 2 0 2 0 0
206 2 0 2 0 0
207 2 0 2 0 0
208 2 0 2 0 0
209 2 0 2 0 0
210 2 0 0 2 0
211 2 0 0 2 0
212 2 0 0 2 0
213 2 0 0 2 0
214 2 0 0 2 0
215 2 0 0 2 0
216 2 0 0 2 0
217 2 0 0 2 0
218 2 0 0 2 0
219 2 0 0 2 0
220 2 0 0 0 0
221 2 0 0 0 0
222 2 0 0 0 0
223 2 0 0 0 0
224 2 0 0 0 0
225 2 0 0 0 0
226 2 0 0 0 0
227 2 0 0 0 0
228 2 0 0 0 0
229 2 0 0 0 0
230 2 0 0 0 0
231 2 0 0 0 0
232 2 0 0 0 0
233 2 0 0 0 0
234 2 0 0 0 0
235 2 0 0 0 0
236 2 0 0 0 0
237 2 0 0 0 0
238 2 0 0 0 0
239 2 0 0 0 0
240 2 0 0 0 0
241 2 0 0 0 0
242 2 0 0 0 0
243 2 0 0 0 0
244 2 0 0 0 0
245 2 0 0 0 0
246 2 0 0 0 0
247 2 0 0 0 0
248 2 0 0 0 0
249 2 0 0 0 0
250 2 0 0 0 0
251 2 0 0 0 0
252 2 0 0 0 0
253 2 0 0 0 0
254 2 0 0 0 0
255 2 0 0 0 0
256 2 0 0 0 0
257 2 0 0 0 0
258 2 0 0 0 0
259 2 0 0 0 0
260 2 0 0 0 0
261 2 0 0 0 0
262 2 0 0 0 0
263 2 0 0 0 0
264 2 0 0 0 0
265 2 0 0 0 0
266 2 0 0 0 0
267 2 0 0 0 0
268 2 0 0 0 0
269 2 0 0 0 0
270 2 0 0 2 0
271 2 0 0 2 0
272 2 0 0 2 0
273 2 0 0 2 0
274 2 0 0 2 0
275 2 0 0 2 0
276 2 0 0 2 0
277 2 0 0 2 0
278 2 0 0 2 0
279 2 0 0 2 0
280 2 0 0 2 0
281 2 0 0 2 0
282 2 0 0 2 0
283 2 0 0 2 0
284 2 0 0 2 0
285 2 0 0 2 0
286 2 0 0 2 0
287 2 0 0 2 0
288 2 0 0 2 0
289 2 0 0 2 0
290 2 0 2 0 0
291 2 0 2 0 0
292 2 0 2 0 0
293 2 0 2 0 0
294 2 0 2 0 0
295 2 0 2 0 0
296 2 0 2 0 0
297 2 0 2 0 0
298 2 0 2 0 0
299 2 0 2 0 0
300 0 0 2 0 0
301 0 0 2 0 0
302 0 0 2 0 0
303 0 0 2 0 0
304 0 0 2 0 0
305 0 0 2 0 0
306 0 0 2 0 0
307 0 0 2 0 0
308 0 0 2 0 0
309 0 0 2 0 0
310 0 0 2 0 0
311 0 0 2 0 0
312 0 0 2 0 0
313 0 0 2 0 0
314 0 0 2 0 0
315 0 0 2 0 0
316 0 0 2 0 0
317 0 0 2 0 0
318 0 0 2 0 0
319 0 0 2 0 0
320 0 0 2 0 0
321 0 0 2 0 0
322 0 0 2 0 0
323 0 0 2 0 0
324 0 0 2 0 0
325 0 0 2 0 0
326 0 0 2 0 0
327 0 0 2 0 0
328 0 0 2 0 0
329 0 0 2 0 0
330 0 0 2 0 0
331 0 0 2 0 0
332 0 0 2 0 0
333 0 0 2 0 0
334 0 0 2 0 0
335 0 0 2 0 0
336 0 0 2 0 0
337 0 0 2 0 0
338 0 0 2 0 0
339 0 0 2 0 0
340 0 0 2 0 0
341 0 0 2 0 0
342 0 0 2 0 0
343 0 0 2 0 0
344 0 0 2 0 0
345 0 0 2 0 0
346 0 0 2 0 0
347 0 0 2 0 0
348 0 0 2 0 0
349 0 0 2 0 0
350 0 0 2 0 0
351 0 0 2 0 0
352 0 0 2 0 0
353 0 0 2 0 0
354 0 0 2 0 0
355 0 0 2 0 0
356 0 0 2 0 0
357 0 0 2 0 0
358 0 0 2 0 0
359 0 0 2 0 0
360 0 0 2 0 0
361 0 0 2 0 0
362 0 0 2 0 0
363 0 0 2 0 0
364 0 0 2 0 0
365 0 0 2 0 0
366 0 0 2 0 0
367 0 0 2 0 0
368 0 0 2 0 0
369 0 0 2 0 0
370 0 0 2 0 0
371 0 0 2 0 0
372 0 0 2 0 0
373 0 0 2 0 0
374 0 0 2 0 0
375 0 0 2 0 0
376 0 0 2 0 0
377 0 0 2 0 0
378 0 0 2 0 0
379 0 0 2 0 0
380 0 0 2 0 0
381 0 0 2 0 0
382 0 0 2 0 0
383 0 0 2 0 0
384 0 0 2 0 0
385 0 0 2 0 0
386 0 0 2 0 0
387 0 0 2 0 0
388 0 0 2 0 0
389 0 0 2 0 0
390 0 0 2 0 2
391 0 0 2 0 2
392 0 0 2 0 2
393 0 0 2 0 2
394 0 0 2 0 2
395 0 0 2 0 2
396 0 0 2 0 2
397 0 0 2 0 2
398 0 0 2 0 2
399 0 0 2 0 2
400 0 0 2 0 1
401 0 0 2 0 1
402 0 0 2 0 1
403 0 0 2 0 1
404 0 0 2 0 1
405 0 0 2 0 1
406 0 0 2 0 1
407 0 0 2 0 1
408 0 0 2 0 1
409 0 0 2 0 1
410 0 0 2 0 1
411 0 0 2 0 1
412 0 0 2 0 1
413 0 0 2 0 1
414 0 0 2 0 1
415 0 0 2 0 1
416 0 0 2 0 1
417 0 0 2 0 1
418 0 0 2 0 1
419 0 0 2 0 1
420 0 0 2 0 1
421 0 0 2 0 1
422 0 0 2 0 1
423 0 0 2 0 1
424 0 0 2 0 1
425 0 0 2 0 1
426 0 0 2 0 1
427 0 0 2 0 1
428 0 0 2 0 1
429 0 0 2 0 1
430 0 0 2 0 1
431 0 0 2 0 1
432 0 0 2 0 1
433 0 0 2 0 1
434 0 0 2 0 1
435 0 0 2 0 1
436 0 0 2 0 1
437 0 0 2 0 1
438 0 0 2 0 1
439 0 0 2 0 1
440 0 0 2 0 0
441 0 0 2 0 0
442 0 0 2 0 0
443 0 0 2 0 0
444 0 0 2 0 0
445 0 0 2 0 0
446 0 0 2 0 0
447 0 0 2 0 0
448 0 0 2 0 0
449 0 0 2 0 0
450 0 0 2 0 0
451 0 0 2 0 0
452 0 0 2 0 0
453 0 0 2 0 0
454 0 0 2 0 0
455 0 0 2 0 0
456 0 0 2 0 0
457 0 0 2 0 0
458 0 0 2 0 0
459 0 0 2 0 0
460 0 0 2 0 0
461 0 0 2 0 0
462 0 0 2 0 0
463 0 0 2 0 0
464 0 0 2 0 0
465 0 0 2 0 0
466 0 0 2 0 0
467 0 0 2 0 0
468 0 0 2 0 0
469 0 0 2 0 0
470 0 0 2 0 0
471 0 0 2 0 0
472 0 0 2 0 0
473 0 0 2 0 0
474 0 0 2 0 0
475 0 0 2 0 0
476 0 0 2 0 0
477 0 0 2 0 0
478 0 0 2 0 0
479 0 0 2 0 0
480 0 0 2 0 0
481 0 0 2 0 0
482 0 0 2 0 0
483 0 0 2 0 0
484 0 0 2 0 0
485 0 0 2 0 0
486 0 0 2 0 0
487 0 0 2 0 0
488 0 0 2 0 0
489 0 0 2 0 0
490 0 0 2 0 2
491 0 0 2 0 2
492 0 0 2 0 2
493 0 0 2 0 2
494 0 0 2 0 2
495 0 0 2 0 2
496 0 0 2 0 2
497 0 0 2 0 2
498 0 0 2 0 2
499 0 0 2 0 2
500 0 0 2 0 2
501 0 0 2 0 2
502 0 0 2 0 2
503 0 0 2 0 2
504 0 0 2 0 2
505 0 0 2 0 2
506 0 0 2 0 2
507 0 0 2 0 2
508 0 0 2 0 2
509 0 0 2 0 2
510 0 0 2 0 2
511 0 0 2 0 2
512 0 0 2 0 2
513 0 0 2 0 2
514 0 0 2 0 2
515 0 0 2 0 2
516 0 0 2 0 2
517 0 0 2 0 2
518 0 0 2 0 2
519 0 0 2 0 2
520 0 0 2 0 1
521 0 0 2 0 1
522 0 0 2 0 1
523 0 0 2 0 1
524 0 0 2 0 1
525 0 0 2 0 1
526 0 0 2 0 1
527 0 0 2 0 1
528 0 0 2 0 1
529 0 0 2 0 1
530 0 0 2 0 1
531 0 0 2 0 1
532 0 0 2 0 1
533 0 0 2 0 1
534 0 0 2 0 1
535 0 0 2 0 1
536 0 0 2 0 1
537 0 0 2 0 1
538 0 0 2 0 1
539 0 0 2 0 1
540 0 0 2 0 1
541 0 0 2 0 1
542 0 0 2 0 1
543 0 0 2 0 1
544 0 0 2 0 1
545 0 0 2 0 1
546 0 0 2 0 1
547 0 0 2 0 1
548 0 0 2 0 1
549 0 0 2 0 1
550 0 0 2 0 1
551 0 0 2 0 1
552 0 0 2 0 1
553 0 0 2 0 1
554 0 0 2 0 1
555 0 0 2 0 1
556 0 0 2 0 1
557 0 0 2 0 1
558 0 0 2 0 1
559 0 0 2 0 1
560 0 0 2 0 1
561 0 0 2 0 1
562 0 0 2 0 1
563 0 0 2 0 1
564 0 0 2 0 1
565 0 0 2 0 1
566 0 0 2 0 1
567 0 0 2 0 1
568 0 0 2 0 1
569 0 0 2 0 1
570 0 0 2 0 1
571 0 0 2 0 1
572 0 0 2 0 1
573 0 0 2 0 1
574 0 0 2 0 1
575 0 0 2 0 1
576 0 0 2 0 1
577 0 0 2 0 1
578 0 0 2 0 1
579 0 0 2 0 1
580 0 0 2 0 1
581 0 0 2 0 1
582 0 0 2 0 1
583 0 0 2 0 1
584 0 0 2 0 1
585 0 0 2 0 1
586 0 0 2 0 1
587 0 0 2 0 1
588 0 0 2 0 1
589 0 0 2 0 1
590 0 0 2 0 2
591 0 0 2 0 2
592 0 0 2 0 2
593 0 0 2 0 2
594 0 0 2 0 2
595 0 0 2 0 2
596 0 0 2 0 2
597 0 0 2 0 2
598 0 0 2 0 0
599 0 0 2 0 0
600 0 0 2 0 0
601 0 0 2 0 0
602 0 0 2 0 0
603 0 0 2 0 0
604 0 0 2 0 0
605 0 0 2 0 0
606 0 0 2 0 0
607 0 0 2 0 0
608 0 0 2 0 0
609 0 0 2 0 0
610 0 0 2 0 0
611 0 0 2 0 0
612 0 0 2 0 0
613 0 0 2 0 0
614 0 0 2 0 0
615 0 0 2 0 0
616 0 0 2 0 0
617 0 0 2 0 0
618 0 0 2 0 0
619 0 0 2 0 0
620 0 0 2 0 0
621 0 0 2 0 0
622 0 0 2 0 0
623 0 0 2 0 0
624 0 0 2 0 0
625 0 0 2 0 0
626 0 0 2 0 0
627 0 0 2 0 0
628 0 0 2 0 2
629 0 0 2 0 2
630 0 0 2 0 1
631 0 0 2 0 1
632 0 0 2 0 1
633 0 0 2 0 1
634 0 0 2 0 1
635 0 0 2 0 1
636 0 0 2 0 1
637 0 0 2 0 1
638 0 0 2 0 1
639 0 0 2 0 1
640 0 0 2 0 1
641 0 0 2 0 1
642 0 0 2 0 1
643 0 0 2 0 1
644 0 0 2 0 1
645 0 0 2 0 1
646 0 0 2 0 1
647 0 0 2 0 1
648 0 0 2 0 1
649 0 0 2 0 1
650 0 0 2 0 1
651 0 0 2 0 1
652 0 0 2 0 1
653 0 0 2 0 1
654 0 0 2 0 1
655 0 0 2 0 1
656 0 0 2 0 1
657 0 0 2 0 1
658 0 0 2 0 1
659 0 0 2 0 1
660 0 0 2 0 1
661 0 0 2 0 1
662 0 0 2 0 1
663 0 0 2 0 1
664 0 0 2 0 1
665 0 0 2 0 1
666 0 0 2 0 1
667 0 0 2 0 1
668 0 0 2 0 1
669 0 0 2 0 1
670 0 0 2 0 1
671 0 0 2 0 1
672 0 0 2 0 1
673 0 0 2 0 1
674 0 0 2 0 1
675 0 0 2 0 1
676 0 0 2 0 1
677 0 0 2 0 1
678 0 0 2 0 1
679 0 0 2 0 1
680 0 0 2 0 1
681 0 0 2 0 1
682 0 0 2 0 1
683 0 0 2 0 1
684 0 0 2 0 1
685 0 0 2 0 1
686 0 0 2 0 1
687 0 0 2 0 1
688 0 0 2 0 1
689 0 0 2 0 1
690 0 0 2 0 2
691 0 0 2 0 2
692 0 0 2 0 2
693 0 0 2 0 2
694 0 0 2 0 2
695 0 0 2 0 2
696 0 0 2 0 2
697 0 0 2 0 2
698 0 0 2 0 2
699 0 0 2 0 2
700 0 0 2 0 0
701 0 0 2 0 0
702 0 0 2 0 0
703 0 0 2 0 0
704 0 0 2 0 0
705 0 0 2 0 0
706 0 0 2 0 0
707 0 0 2 0 0
708 0 0 2 0 0
709 0 0 2 0 0
710 0 0 2 0 0
711 0 0 2 0 0
712 0 0 2 0 0
713 0 0 2 0 0
714 0 0 2 0 0
715 0 0 2 0 0
716 0 0 2 0 0
717 0 0 2 0 0
718 0 0 2 0 0
719 0 0 2 0 0
720 0 0 2 0 0
721 0 0 2 0 0
722 0 0 2 0 0
723 0 0 2 0 0
724 0 0 2 0 0
725 0 0 2 0 0
726 0 0 2 0 0
727 0 0 2 0 0
728 0 0 2 0 0
729 0 0 2 0 0
730 0 0 2 0 0
731 0 0 2 0 0
732 0 0 2 0 0
733 0 0 2 0 0
734 0 0 2 0 0
735 0 0 2 0 0
736 0 0 2 0 0
737 0 0 2 0 0
738 0 0 2 0 0
739 0 0 2 0 0
740 0 0 2 0 0
741 0 0 2 0 0
742 0 0 2 0 0
743 0 0 2 0 0
744 0 0 2 0 0
745 0 0 2 0 0
746 0 0 2 0 0
747 0 0 2 0 0
748 0 0 2 0 0
749 0 0 2 0 0
750 0 0 2 0 1
751 0 0 2 0 1
752 0 0 2 0 1
753 0 0 2 0 1
754 0 0 2 0 1
755 0 0 2 0 1
756 0 0 2 0 1
757 0 0 2 0 1
758 0 0 2 0 1
759 0 0 2 0 1
760 0 0 2 0 1
761 0 0 2 0 1
762 0 0 2 0 1
763 0 0 2 0 1
764 0 0 2 0 1
765 0 0 2 0 1
766 0 0 2 0 1
767 0 0 2 0 1
768 0 0 2 0 1
769 0 0 2 0 1
770 0 0 2 0 1
771 0 0 2 0 1
772 0 0 2 0 1
773 0 0 2 0 1
774 0 0 2 0 1
775 0 0 2 0 1
776 0 0 2 0 1
777 0 0 2 0 1
778 0 0 2 0 1
779 0 0 2 0 1
780 0 0 2 0 1
781 0 0 2 0 1
782 0 0 2 0 1
783 0 0 2 0 1
784 0 0 2 0 1
785 0 0 2 0 1
786 0 0 2 0 1
787 0 0 2 0 1
788 0 0 2 0 1
789 0 0 2 0 1
790 0 0 2 0 2
791 0 0 2 0 2
792 0 0 2 0 2
793 0 0 2 0 2
794 0 0 2 0 2
795 0 0 2 0 2
796 0 0 2 0 2
797 0 0 2 0 2
798 0 0 2 0 2
799 0 0 2 0 2
800 0 0 2 0 2
801 0 0 2 0 2
802 0 0 2 0 2
803 0 0 2 0 2
804 0 0 2 0 2
805 0 0 2 0 2
806 0 0 2 0 2
807 0 0 2 0 2
808 0 0 2 0 2
809 0 0 2 0 2
810 0 0 2 0 2
811 0 0 2 0 2
812 0 0 2 0 2
813 0 0 2 0 2
814 0 0 2 0 2
815 0 0 2 0 2
816 0 0 2 0 2
817 0 0 2 0 2
818 0 0 2 0 2
819 0 0 2 0 2
820 0 0 2 0 2
821 0 0 2 0 2
822 0 0 2 0 2
823 0 0 2 0 2
824 0 0 2 0 2
825 0 0 2 0 2
826 0 0 2 0 2
827 0 0 2 0 2
828 0 0 2 0 2
829 0 0 2 0 2
830 0 0 2 0 2
831 0 0 2 0 2
832 0 0 2 0 2
833 0 0 2 0 2
834 0 0 2 0 2
835 0 0 2 0 2
836 0 0 2 0 2
837 0 0 2 0 2
838 0 0 2 0 2
839 0 0 2 0 2
840 0 0 2 0 2
841 0 0 2 0 2
842 0 0 2 0 2
843 0 0 2 0 2
844 0 0 2 0 2
845 0 0 2 0 2
846 0 0 2 0 2
847 0 0 2 0 2
848 0 0 2 0 2
849 0 0 2 0 2
850 0 0 2 0 2
851 0 0 2 0 2
852 0 0 2 0 2
853 0 0 2 0 2
854 0 0 2 0 2
855 0 0 2 0 2
856 0 0 2 0 2
857 0 0 2 0 2
858 0 0 2 0 2
859 0 0 2 0 2
860 0 0 2 0 2
861 0 0 2 0 2
862 0 0 2 0 2
863 0 0 2 0 2
864 0 0 2 0 2
865 0 0 2 0 2
866 0 0 2 0 2
867 0 0 2 0 2
868 0 0 2 0 2
869 0 0 2 0 2
870 0 0 2 0 2
871 0 0 2 0 2
872 0 0 2 0 2
873 0 0 2 0 2
874 0 0 2 0 2
875 0 0 2 0 2
876 0 0 2 0 2
877 0 0 2 0 2
878 0 0 2 0 2
879 0 0 2 0 2
880 0 0 2 0 2
881 0 0 2 0 2
882 0 0 2 0 2
883 0 0 2 0 2
884 0 0 2 0 2
885 0 0 2 0 2
886 0 0 2 0 2
887 0 0 2 0 2
888 0 0 2 0 2
889 0 0 2 0 2
890 0 0 2 0 2
891 0 0 2 0 2
892 0 0 2 0 2
893 0 0 2 0 2
894 0 0 2 0 2
895 0 0 2 0 2
896 0 0 2 0 2
897 0 0 2 0 2
898 0 0 2 0 2
899 0 0 2 0 2
900 0 0 2 0 2
901 0 0 2 0 2
902 0 0 2 0 2
903 0 0 2 0 2
904 0 0 2 0 2
905 0 0 2 0 2
906 0 0 2 0 2
907 0 0 2 0 2
908 0 0 2 0 2
909 0 0 2 0 2
910 0 0 2 0 2
911 0 0 2 0 2
912 0 0 2 0 2
913 0 0 2 0 2
914 0 0 2 0 2
915 0 0 2 0 2
916 0 0 2 0 2
917 0 0 2 0 2
918 0 0 2 0 2
919 0 0 2 0 2
920 2 0 2 0 2
921 2 0 2 0 2
922 2 0 2 0 2
923 2 0 2 0 2
924 2 0 2 0 2
925 2 0 2 0 2
926 2 0 2 0 2
927 2 0 2 0 2
928 2 0 2 0 2
929 2 0 2 0 2
930 2 0 0 0 2
931 2 0 0 0 2
932 2 0 0 0 2
933 2 0 0 0 2
934 2 0 0 0 2
935 2 0 0 0 2
936 2 0 0 0 2
937 2 0 0 0 2
938 2 0 0 0 2
939 2 0 0 0 2
940 2 0 0 0 2
941 2 0 0 0 2
942 2 0 0 0 2
943 2 0 0 0 2
944 2 0 0 0 2
945 2 0 0 0 2
946 2 0 0 0 2
947 2 0 0 0 2
948 2 0 0 0 2
949 2 0 0 0 2
950 2 0 0 0 2
951 2 0 0 0 2
952 2 0 0 0 2
953 2 0 0 0 2
954 2 0 0 0 2
955 2 0 0 0 2
956 2 0 0 0 2
957 2 0 0 0 2
958 2 0 0 0 2
959 2 0 0 0 2
960 2 0 0 0 0
961 2 0 0 0 0
962 2 0 0 0 0
963 2 0 0 0 0
964 2 0 0 0 0
965 2 0 0 0 0
966 2 0 0 0 0
967 2 0 0 0 0
968 2 0 0 0 0
969 2 0 0 0 0
970 2 0 0 0 0
971 2 0 0 0 0
972 2 0 0 0 0
973 2 0 0 0 0
974 2 0 0 0 0
975 2 0 0 0 0
976 2 0 0 0 0
977 2 0 0 0 0
978 2 0 0 0 0
979 2 0 0 0 0
980 2 0 0 0 0
981 2 0 0 0 0
982 2 0 0 0 0
983 2 0 0 0 0
984 2 0 0 0 0
985 2 0 0 0 0
986 2 0 0 0 0
987 2 0 0 0 0
988 2 0 0 0 0
989 2 0 0 0 0
990 2 0 0 0 0
991 2 0 0 0 0
992 2 0 0 0 0
993 2 0 0 0 0
994 2 0 0 0 0
995 2 0 0 0 0
996 2 0 0 0 0
997 2 0 0 0 0
998 2 0 0 0 0
999 2 0 0 0 0
1000 2 0 0 0 0
1001 2 0 0 0 0
1002 2 0 0 0 0
1003 2 0 0 0 0
1004 2 0 0 0 0
1005 2 0 0 0 0
1006 2 0 0 0 0
1007 2 0 0 0 0
1008 2 0 0 0 0
1009 2 0 0 0 0
1010 2 0 0 0 0
1011 2 0 0 0 0
1012 2 0 0 0 0
1013 2 0 0 0 0
1014 2 0 0 0 0
1015 2 0 0 0 0
1016 2 0 0 0 0
1017 2 0 0 0 0
1018 2 0 0 0 0
1019 2 0 0 0 0
1020 2 0 0 0 0
1021 2 0 0 0 0
1022 2 0 0 0 0
1023 2 0 0 0 0
1024 2 0 0 0 0
1025 2 0 0 0 0
1026 2 0 0 0 0
1027 2 0 0 0 0
1028 2 0 0 0 0
1029 2 0 0 0 0
1030 2 0 0 0 0
1031 2 0 0 0 0
1032 2 0 0 0 0
1033 2 0 0 0 0
1034 2 0 0 0 0
1035 2 0 0 0 0
1036 2 0 0 0 0
1037 2 0 0 0 0
1038 2 0 0 0 0
1039 2 0 0 0 0
1040 2 0 0 0 0
1041 2 0 0 0 0
1042 2 0 0 0 0
1043 2 0 0 0 0
1044 2 0 0 0 0
1045 2 0 0 0 0
1046 2 0 0 0 0
1047 2 0 0 0 0
1048 2 0 0 0 0
1049 2 0 0 0 0
1050 2 0 0 0 0
1051 2 0 0 0 0
1052 2 0 0 0 0
1053 2 0 0 0 0
1054 2 0 0 0 0
1055 2 0 0 0 0
1056 2 0 0 0 0
1057 2 0 0 0 0
1058 2 0 0 0 0
1059 2 0 0 0 0
1060 2 0 2 0 0
1061 2 0 2 0 0
1062 2 0 2 0 0
1063 2 0 2 0 0
1064 2 0 2 0 0
1065 2 0 2 0 0
1066 2 0 2 0 0
1067 2 0 2 0 0
1068 2 0 2 0 0
1069 2 0 2 0 0
1070 0 0 2 0 0
1071 0 0 2 0 0
1072 0 0 2 0 0
1073 0 0 2 0 0
1074 0 0 2 0 0
1075 0 0 2 0 0
1076 0 0 2 0 0
1077 0 0 2 0 0
1078 0 0 2 0 0
1079 0 0 2 0 0
1080 0 0 2 0 0
1081 0 0 2 0 0
1082 0 0 2 0 0
1083 0 0 2 0 0
1084 0 0 2 0 0
1085 0 0 2 0 0
1086 0 0 2 0 0
1087 0 0 2 0 0
1088 0 0 2 0 0
1089 0 0 2 0 0
1090 0 0 2 0 2
1091 0 0 2 0 2
1092 0 0 2 0 2
1093 0 0 2 0 2
1094 0 0 2 0 2
1095 0 0 2 0 2
1096 0 0 2 0 2
1097 0 0 2 0 0
1098 0 0 2 0 0
1099 0 0 2 0 0
1100 0 0 2 0 1
1101 0 0 2 0 1
1102 0 0 2 0 1
1103 0 0 2 0 1
1104 0 0 2 0 1
1105 0 0 2 0 1
1106 0 0 2 0 1
1107 0 0 2 0 1
1108 0 0 2 0 1
1109 0 0 2 0 1
1110 0 0 2 0 0
1111 0 0 2 0 0
1112 0 0 2 0 2
1113 0 0 2 0 2
1114 0 0 2 0 2
1115 0 0 2 0 2
1116 0 0 2 0 2
1117 0 0 2 0 2
1118 0 0 2 0 2
1119 0 0 2 0 2
1120 0 0 2 0 2
1121 0 0 2 0 2
1122 0 0 2 0 2
1123 0 0 2 0 2
1124 0 0 2 0 2
1125 0 0 2 0 2
1126 0 0 2 0 2
1127 0 0 2 0 2
1128 0 0 2 0 2
1129 0 0 2 0 2
1130 0 0 2 0 2
1131 0 0 2 0 2
1132 0 0 2 0 2
1133 0 0 2 0 2
1134 0 0 2 0 2
1135 0 0 2 0 2
1136 0 0 2 0 2
1137 0 0 2 0 2
1138 0 0 2 0 2
1139 0 0 2 0 2
1140 0 0 2 0 2
1141 0 0 2 0 2
1142 0 0 2 0 2
1143 0 0 2 0 2
1144 0 0 2 0 2
1145 0 0 2 0 2
1146 0 0 2 0 2
1147 0 0 2 0 2
1148 0 0 2 0 2
1149 0 0 2 0 2
1150 0 0 2 0 2
1151 0 0 2 0 2
1152 0 0 2 0 2
1153 0 0 2 0 2
1154 0 0 2 0 2
1155 0 0 2 0 2
1156 0 0 2 0 2
1157 0 0 2 0 2
1158 0 0 2 0 2
1159 0 0 2 0 2
1160 0 0 2 0 2
1161 0 0 2 0 2
1162 0 0 2 0 2
1163 0 0 2 0 2
1164 0 0 2 0 2
1165 0 0 2 0 2
1166 0 0 2 0 2
1167 0 0 2 0 2
1168 0 0 2 0 2
1169 0 0 2 0 2
1170 0 0 2 0 1
1171 0 0 2 0 1
1172 0 0 2 0 1
1173 0 0 2 0 1
1174 0 0 2 0 1
1175 0 0 2 0 1
1176 0 0 2 0 1
1177 0 0 2 0 1
1178 0 0 2 0 1
1179 0 0 2 0 1
1180 0 0 2 0 2
1181 0 0 2 0 2
1182 0 0 2 0 2
1183 0 0 2 0 2
1184 0 0 2 0 2
1185 0 0 2 0 2
1186 0 0 2 0 2
1187 0 0 2 0 2
1188 0 0 2 0 2
1189 0 0 2 0 2
1190 0 0 2 0 2
1191 0 0 2 0 2
1192 0 0 2 0 2
1193 0 0 2 0 2
1194 0 0 2 0 2
1195 0 0 2 0 2
1196 0 0 2 0 2
1197 0 0 2 0 2
1198 0 0 2 0 2
1199 0 0 2 0 2
1200 0 0 2 0 2
1201 0 0 2 0 2
1202 0 0 2 0 2
1203 0 0 2 0 2
1204 0 0 2 0 2
1205 0 0 2 0 2
1206 0 0 2 0 2
1207 0 0 2 0 2
1208 0 0 2 0 2
1209 0 0 2 0 2
1210 0 0 2 0 2
1211 0 0 2 0 2
1212 0 0 2 0 2
1213 0 0 2 0 2
1214 0 0 2 0 2
1215 0 0 2 0 2
1216 0 0 2 0 2
1217 0 0 2 0 2
1218 0 0 2 0 2
1219 0 0 2 0 2
1220 0 0 2 0 2
1221 0 0 2 0 2
1222 0 0 2 0 2
1223 0 0 2 0 2
1224 0 0 2 0 2
1225 0 0 2 0 2
1226 0 0 2 0 2
1227 0 0 2 0 2
1228 0 0 2 0 2
1229 0 0 2 0 2
1230 0 0 2 0 2
1231 0 0 2 0 2
1232 0 0 2 0 2
1233 0 0 2 0 2
1234 0 0 2 0 2
1235 0 0 2 0 2
1236 0 0 2 0 2
1237 0 0 2 0 2
1238 0 0 2 0 2
1239 0 0 2 0 2
1240 0 2 2 0 2
1241 0 2 2 0 2
1242 0 2 2 0 2
1243 0 2 2 0 2
1244 0 2 2 0 2
1245 0 2 2 0 2
1246 0 2 2 0 2
1247 0 2 2 0 2
1248 0 2 2 0 2
1249 0 2 2 0 2
1250 0 2 2 0 2
1251 0 2 2 0 2
1252 0 2 2 0 2
1253 0 2 2 0 2
1254 0 2 2 0 2
1255 0 2 2 0 2
1256 0 2 2 0 2
1257 0 2 2 0 2
1258 0 2 2 0 2
1259 0 2 2 0 2
1260 0 0 2 0 2
1261 0 0 2 0 2
1262 0 0 2 0 2
1263 0 0 2 0 2
1264 0 0 2 0 2
1265 0 0 2 0 2
1266 0 0 2 0 2
1267 0 0 2 0 2
1268 0 0 2 0 2
1269 0 0 2 0 2
1270 2 0 2 0 2
1271 2 0 2 0 2
1272 2 0 2 0 2
1273 2 0 2 0 2
1274 2 0 2 0 2
1275 2 0 2 0 2
1276 2 0 2 0 2
1277 2 0 2 0 2
1278 2 0 2 0 2
1279 2 0 2 0 2
1280 2 0 0 0 2
1281 2 0 0 0 2
1282 2 0 0 0 2
1283 2 0 0 0 2
1284 2 0 0 0 2
1285 2 0 0 0 2
1286 2 0 0 0 2
1287 2 0 0 0 2
1288 2 0 0 0 2
1289 2 0 0 0 2
1290 2 0 0 0 2
1291 2 0 0 0 2
1292 2 0 0 0 2
1293 2 0 0 0 2
1294 2 0 0 0 2
1295 2 0 0 0 2
1296 2 0 0 0 2
1297 2 0 0 0 2
1298 2 0 0 0 2
1299 2 0 0 0 2
1300 2 0 0 0 0
1301 2 0 0 0 0
1302 2 0 0 0 0
1303 2 0 0 0 0
1304 2 0 0 0 0
1305 2 0 0 0 0
1306 2 0 0 0 0
1307 2 0 0 0 0
1308 2 0 0 0 0
1309 2 0 0 0 0
1310 2 0 0 0 0
1311 2 0 0 0 0
1312 2 0 0 0 0
1313 2 0 0 0 0
1314 2 0 0 0 0
1315 2 0 0 0 0
1316 2 0 0 0 0
1317 2 0 0 0 0
1318 2 0 0 0 0
1319 2 0 0 0 0
1320 2 0 0 0 0
1321 2 0 0 0 0
1322 2 0 0 0 0
1323 2 0 0 0 0
1324 2 0 0 0 0
1325 2 0 0 0 0
1326 2 0 0 0 0
1327 2 0 0 0 0
1328 2 0 0 0 0
1329 2 0 0 0 0
1330 2 0 0 0 0
1331 2 0 0 0 0
1332 2 0 0 0 0
1333 2 0 0 0 0
1334 2 0 0 0 0
1335 2 0 0 0 0
1336 2 0 0 0 0
1337 2 0 0 0 0
1338 2 0 0 0 0
1339 2 0 0 0 0
1340 2 0 0 0 0
1341 2 0 0 0 0
1342 2 0 0 0 0
1343 2 0 0 0 0
1344 2 0 0 0 0
1345 2 0 0 0 0
1346 2 0 0 0 0
1347 2 0 0 0 0
1348 2 0 0 0 0
1349 2 0 0 0 0
1350 2 0 0 0 0
1351 2 0 0 0 0
1352 2 0 0 0 0
1353 2 0 0 0 0
1354 2 0 0 0 0
1355 2 0 0 0 0
1356 2 0 0 0 0
1357 2 0 0 0 0
1358 2 0 0 0 0
1359 2 0 0 0 0
1360 2 0 0 0 0
1361 2 0 0 0 0
1362 2 0 0 0 0
1363 2 0 0 0 0
1364 2 0 0 0 0
1365 2 0 0 0 0
1366 2 0 0 0 0
1367 2 0 0 0 0
1368 2 0 0 0 0
1369 2 0 0 0 0
1370 2 0 0 0 0
1371 2 0 0 0 0
1372 2 0 0 0 0
1373 2 0 0 0 0
1374 2 0 0 0 0
1375 2 0 0 0 0
1376 2 0 0 0 0
1377 2 0 0 0 0
1378 2 0 0 0 0
1379 2 0 0 0 0
1380 2 0 0 0 0
1381 2 0 0 0 0
1382 2 0 0 0 0
1383 2 0 0 0 0
1384 2 0 0 0 0
1385 2 0 0 0 0
1386 2 0 0 0 0
1387 2 0 0 0 0
1388 2 0 0 0 0
1389 2 0 0 0 0
1390 2 0 0 0 0
1391 2 0 0 0 0
1392 2 0 0 0 0
1393 2 0 0 0 0
1394 0 0 0 0 0
1395 0 0 0 0 0
1396 0 0 0 0 0
1397 0 0 0 0 0
1398 0 0 0 0 0
1399 0 0 0 0 0
1400 0 0 0 0 0
1401 0 0 0 0 0
1402 0 0 0 0 0
1403 0 0 0 0 0
1404 0 0 0 0 0
1405 0 0 0 0 0
1406 0 0 0 0 0
1407 0 0 0 0 0
1408 0 0 0 0 0
1409 0 0 0 0 0
1410 0 0 0 0 0
1411 0 0 0 0 0
1412 0 0 0 0 0
1413 0 0 0 0 0
1414 0 0 0 0 0
1415 0 0 0 0 0
1416 0 0 0 0 0
1417 0 0 0 0 0
1418 0 0 0 0 0
1419 0 0 0 0 0
1420 0 0 0 2 0
1421 0 0 0 2 0
1422 0 0 0 2 0
1423 0 0 0 2 0
1424 0 0 0 2 0
1425 0 0 0 2 0
1426 0 0 0 2 0
1427 0 0 0 2 0
1428 0 0 0 2 0
1429 0 0 0 2 0
1430 2 0 2 0 0
1431 2 0 2 0 0
1432 2 0 2 0 0
1433 2 0 2 0 0
1434 2 0 2 0 0
1435 2 0 2 0 0
1436 2 0 2 0 0
1437 2 0 2 0 0
1438 2 0 2 0 0
1439 2 0 2 0 0
1440 0 0 2 0 0
1441 0 0 2 0 0
1442 0 0 2 0 0
1443 0 0 2 0 0
1444 0 0 2 0 0
1445 0 0 2 0 0
1446 0 0 2 0 0
1447 0 0 2 0 0
1448 0 0 2 0 0
1449 0 0 2 0 0
1450 0 0 2 0 0
1451 0 0 2 0 0
1452 0 0 2 0 0
1453 0 0 2 0 0
1454 0 0 2 0 0
1455 0 0 2 0 0
1456 0 0 2 0 0
1457 0 0 2 0 0
1458 0 0 2 0 0
1459 0 0 2 0 0
1460 0 0 2 0 0
1461 0 0 2 0 0
1462 0 0 2 0 0
1463 0 0 2 0 0
1464 0 0 2 0 0
1465 0 0 2 0 0
1466 0 0 2 0 0
1467 0 0 2 0 0
1468 0 0 2 0 0
1469 0 0 2 0 0
1470 0 0 2 0 0
1471 0 0 2 0 0
1472 0 0 2 0 0
1473 0 0 2 0 0
1474 0 0 2 0 0
1475 0 0 2 0 0
1476 0 0 2 0 0
1477 0 0 2 0 0
1478 0 0 2 0 0
1479 0 0 2 0 0
1480 0 0 2 0 0
1481 0 0 2 0 0
1482 0 0 2 0 0
1483 0 0 2 0 0
1484 0 0 2 0 0
1485 0 0 2 0 0
1486 0 0 2 0 0
1487 0 0 2 0 0
1488 0 0 2 0 0
1489 0 0 2 0 0
1490 0 0 2 0 0
1491 0 0 2 0 0
1492 0 0 2 0 0
1493 0 0 2 0 0
1494 0 0 2 0 0
1495 0 0 2 0 0
1496 0 0 2 0 0
1497 0 0 2 0 0
1498 0 0 2 0 0
1499 0 0 2 0 0
1500 0 0 2 0 0
1501 0 0 2 0 0
1502 0 0 2 0 0
1503 0 0 2 0 0
1504 0 0 2 0 0
1505 0 0 2 0 0
1506 0 0 2 0 0
1507 0 0 2 0 0
1508 0 0 2 0 0
1509 0 0 2 0 0
1510 0 0 2 0 0
1511 0 0 2 0 0
1512 0 0 2 0 0
1513 0 0 2 0 0
1514 0 0 2 0 0
1515 0 0 2 0 0
1516 0 0 2 0 0
1517 0 0 2 0 0
1518 0 0 2 0 0
1519 0 0 2 0 0
1520 0 0 2 0 0
1521 0 0 2 0 0
1522 0 0 2 0 0
1523 0 0 2 0 0
1524 0 0 2 0 0
1525 0 0 2 0 0
1526 0 0 2 0 0
1527 0 0 2 0 0
1528 0 0 2 0 0
1529 0 0 2 0 0
1530 0 0 2 0 0
1531 0 0 2 0 0
1532 0 0 2 0 0
1533 0 0 2 0 0
1534 0 0 2 0 0
1535 0 0 2 0 0
1536 0 0 2 0 0
1537 0 0 2 0 0
1538 0 0 2 0 0
1539 0 0 2 0 0
1540 0 0 2 0 0
1541 0 0 2 0 0
1542 0 0 2 0 0
1543 0 0 2 0 0
1544 0 0 2 0 0
1545 0 0 2 0 0
1546 0 0 2 0 0
1547 0 0 2 0 0
1548 0 0 2 0 0
1549 0 0 2 0 0
1550 0 0 2 0 0
1551 0 0 2 0 0
1552 0 0 2 0 0
1553 0 0 2 0 0
1554 0 0 2 0 0
1555 0 0 2 0 0
1556 0 0 2 0 0
1557 0 0 2 0 0
1558 0 0 2 0 0
1559 0 0 2 0 0
1560 0 0 2 0 0
1561 0 0 2 0 0
1562 0 0 2 0 0
1563 0 0 2 0 0
1564 0 0 2 0 0
1565 0 0 2 0 0
1566 0 0 2 0 0
1567 0 0 2 0 0
1568 0 0 2 0 0
1569 0 0 2 0 0
1570 0 0 2 0 0
1571 0 0 2 0 0
1572 0 0 2 0 0
1573 0 0 2 0 0
1574 0 0 2 0 0
1575 0 0 2 0 0
1576 0 0 2 0 0
1577 0 0 2 0 0
1578 0 0 2 0 0
1579 0 0 2 0 0
1580 0 5 2 0 0
1581 0 5 2 0 0
1582 0 5 2 0 0
1583 0 5 2 0 0
1584 0 5 2 0 0
1585 0 5 2 0 0
1586 0 5 2 0 0
1587 0 5 2 0 0
1588 0 5 2 0 0
1589 0 5 2 0 0
1590 0 5 2 0 0
1591 0 5 2 0 0
1592 0 5 2 0 0
1593 0 5 2 0 0
1594 0 5 2 0 0
1595 0 5 2 0 0
1596 0 5 2 0 0
1597 0 5 2 0 0
1598 0 5 2 0 0
1599 0 5 2 0 0
1600 0 5 2 0 0
1601 0 5 2 0 0
1602 0 5 2 0 0
1603 0 5 2 0 0
1604 0 5 2 0 0
1605 0 5 2 0 0
1606 0 5 2 0 0
1607 0 5 2 0 0
1608 0 5 2 0 0
1609 0 5 2 0 0
1610 0 5 2 0 0
1611 0 5 2 0 0
1612 0 5 2 0 0
1613 0 5 2 0 0
1614 0 5 2 0 0
1615 0 5 2 0 0
1616 0 5 2 0 0
1617 0 5 2 0 0
1618 0 5 2 0 0
1619 0 5 2 0 0
1620 0 5 2 0 0
1621 0 5 2 0 0
1622 0 5 2 0 0
1623 0 5 2 0 0
1624 0 5 2 0 0
1625 0 5 2 0 0
1626 0 5 2 0 0
1627 0 5 2 0 0
1628 0 5 2 0 0
1629 0 5 2 0 0
1630 0 5 2 0 0
1631 0 5 2 0 0
1632 0 5 2 0 0
1633 0 5 2 0 0
1634 0 5 2 0 0
1635 0 5 2 0 0
1636 0 5 2 0 0
1637 0 5 2 0 0
1638 0 5 2 0 0
1639 0 5 2 0 0
1640 0 5 2 0 1
1641 0 5 2 0 1
1642 0 5 2 0 1
1643 0 5 2 0 1
1644 0 5 2 0 1
1645 0 5 2 0 1
1646 0 5 2 0 1
1647 0 5 2 0 1
1648 0 5 2 0 1
1649 0 5 2 0 1
1650 0 5 2 0 2
1651 0 5 2 0 2
1652 0 5 2 0 2
1653 0 5 2 0 2
1654 0 5 2 0 2
1655 0 5 2 0 2
1656 0 5 2 0 2
1657 0 5 2 0 2
1658 0 5 2 0 2
1659 0 5 2 0 2
1660 0 5 2 0 2
1661 0 5 2 0 2
1662 0 5 2 0 2
1663 0 5 2 0 2
1664 0 5 2 0 2
1665 0 5 2 0 2
1666 0 5 2 0 2
1667 0 5 2 0 2
1668 0 5 2 0 2
1669 0 5 2 0 2
1670 0 0 2 0 2
1671 0 0 2 0 2
1672 0 0 2 0 2
1673 0 0 2 0 2
1674 0 0 2 0 2
1675 0 0 2 0 2
1676 0 0 2 0 2
1677 0 0 2 0 2
1678 0 0 2 0 2
1679 0 0 2 0 2
1680 0 0 2 0 2
1681 0 0 2 0 2
1682 0 0 2 0 2
1683 0 0 2 0 2
1684 0 0 2 0 2
1685 0 0 2 0 2
1686 0 0 2 0 2
1687 0 0 2 0 2
1688 0 0 2 0 2
1689 0 0 2 0 2
1690 0 0 2 0 2
1691 0 0 2 0 2
1692 0 0 2 0 2
1693 0 0 2 0 2
1694 0 0 2 0 2
1695 0 0 2 0 2
1696 0 0 2 0 2
1697 0 0 2 0 2
1698 0 0 2 0 2
1699 0 0 2 0 2
1700 0 0 2 0 2
1701 0 0 2 0 2
1702 0 0 2 0 2
1703 0 0 2 0 2
1704 0 0 2 0 2
1705 0 0 2 0 2
1706 0 0 2 0 2
1707 0 0 2 0 2
1708 0 0 2 0 2
1709 0 0 2 0 2
1710 0 2 2 0 2
1711 0 2 2 0 2
1712 0 2 2 0 2
1713 0 2 2 0 2
1714 0 2 2 0 2
1715 0 2 2 0 2
1716 0 2 2 0 2
1717 0 2 2 0 2
1718 0 2 2 0 2
1719 0 2 2 0 2
1720 0 2 2 0 2
1721 0 2 2 0 2
1722 0 2 2 0 2
1723 0 2 2 0 2
1724 0 2 2 0 2
1725 0 2 2 0 2
1726 0 2 2 0 2
1727 0 2 2 0 2
1728 0 2 2 0 2
1729 0 2 2 0 2
1730 2 0 2 0 2
1731 2 0 2 0 2
1732 2 0 2 0 2
1733 2 0 2 0 2
1734 2 0 2 0 2
1735 2 0 2 0 2
1736 2 0 2 0 2
1737 2 0 2 0 2
1738 2 0 2 0 2
1739 2 0 2 0 2
1740 2 0 0 0 2
1741 2 0 0 0 2
1742 2 0 0 0 2
1743 2 0 0 0 2
1744 2 0 0 0 2
1745 2 0 0 0 2
1746 2 0 0 0 2
1747 2 0 0 0 2
1748 2 0 0 0 2
1749 2 0 0 0 2
1750 2 0 0 0 0
1751 2 0 0 0 0
1752 2 0 0 0 0
1753 2 0 0 0 0
1754 2 0 0 0 0
1755 2 0 0 0 0
1756 2 0 0 0 0
1757 2 0 0 0 0
1758 2 0 0 0 0
1759 2 0 0 0 0
1760 2 0 0 0 0
1761 2 0 0 0 0
1762 2 0 0 0 0
1763 2 0 0 0 0
1764 2 0 0 0 0
1765 2 0 0 0 0
1766 2 0 0 0 0
1767 2 0 0 0 0
1768 2 0 0 0 0
1769 2 0 0 0 0
1770 2 0 0 0 0
1771 2 0 0 0 0
1772 2 0 0 0 0
1773 2 0 0 0 0
1774 2 0 0 0 0
1775 2 0 0 0 0
1776 2 0 0 0 0
1777 2 0 0 0 0
1778 2 0 0 0 0
1779 2 0 0 0 0
1780 2 0 0 0 0
1781 2 0 0 0 0
1782 2 0 0 0 0
1783 2 0 0 0 0
1784 2 0 0 0 0
1785 2 0 0 0 0
1786 2 0 0 0 0
1787 2 0 0 0 0
1788 2 0 0 0 0
1789 2 0 0 0 0
1790 2 0 0 0 0
1791 2 0 0 0 0
1792 2 0 0 0 0
1793 2 0 0 0 0
1794 2 0 0 0 0
1795 2 0 0 0 0
1796 2 0 0 0 0
1797 2 0 0 0 0
1798 2 0 0 0 0
1799 2 0 0 0 0
1800 2 0 0 0 0
1801 2 0 0 0 0
1802 2 0 0 0 0
1803 2 0 0 0 0
1804 2 0 0 0 0
1805 2 0 0 0 0
1806 2 0 0 0 0
1807 2 0 0 0 0
1808 2 0 0 0 0
1809 2 0 0 0 0
1810 2 0 0 0 0
1811 2 0 0 0 0
1812 2 0 0 0 0
1813 2 0 0 0 0
1814 2 0 0 0 0
1815 2 0 0 0 0
1816 2 0 0 0 0
1817 2 0 0 0 0
1818 2 0 0 0 0
1819 2 0 0 0 0
1820 2 0 0 2 0
1821 2 0 0 2 0
1822 2 0 0 2 0
1823 2 0 0 2 0
1824 2 0 0 2 0
1825 2 0 0 2 0
1826 2 0 0 2 0
1827 2 0 0 2 0
1828 2 0 0 2 0
1829 2 0 0 0 0
1830 2 0 2 0 0
1831 2 0 2 0 0
1832 2 0 2 0 0
1833 2 0 2 0 0
1834 2 0 2 0 0
1835 2 0 2 0 0
1836 2 0 2 0 0
1837 2 0 2 0 0
1838 2 0 2 0 0
1839 2 0 2 0 0
1840 0 0 2 0 0
1841 0 0 2 0 0
1842 0 0 2 0 0
1843 0 0 2 0 0
1844 0 0 2 0 0
1845 0 0 2 0 0
1846 0 0 2 0 0
1847 0 0 2 0 0
1848 0 0 2 0 0
1849 0 0 2 0 0
1850 0 0 2 0 0
1851 0 0 2 0 0
1852 0 0 2 0 0
1853 0 0 2 0 0
1854 0 0 2 0 0
1855 0 0 2 0 0
1856 0 0 2 0 0
1857 0 0 2 0 0
1858 0 0 2 0 0
1859 0 0 2 0 0
1860 0 0 2 0 0
1861 0 0 2 0 0
1862 0 0 2 0 0
1863 0 0 2 0 0
1864 0 0 2 0 0
1865 0 0 2 0 0
1866 0 0 2 0 0
1867 0 0 2 0 0
1868 0 0 2 0 0
1869 0 0 2 0 0
1870 0 0 2 0 0
1871 0 0 2 0 0
1872 0 0 2 0 0
1873 0 0 2 0 0
1874 0 0 2 0 0
1875 0 0 2 0 0
1876 0 0 2 0 0
1877 0 0 2 0 0
1878 0 0 2 0 0
1879 0 0 2 0 0
1880 0 0 2 0 1
1881 0 0 2 0 1
1882 0 0 2 0 1
1883 0 0 2 0 1
1884 0 0 2 0 1
1885 0 0 2 0 1
1886 0 0 2 0 1
1887 0 0 2 0 1
1888 0 0 2 0 1
1889 0 0 2 0 1
1890 0 0 2 0 1
1891 0 0 2 0 1
1892 0 0 2 0 1
1893 0 0 2 0 1
1894 0 0 2 0 1
1895 0 0 2 0 1
1896 0 0 2 0 1
1897 0 0 2 0 1
1898 0 0 2 0 1
1899 0 0 2 0 1
1900 0 0 2 0 1
1901 0 0 2 0 1
1902 0 0 2 0 1
1903 0 0 2 0 1
1904 0 0 2 0 1
1905 0 0 2 0 1
1906 0 0 2 0 1
1907 0 0 2 0 1
1908 0 0 2 0 1
1909 0 0 2 0 1
1910 0 0 2 0 1
1911 0 0 2 0 1
1912 0 0 2 0 1
1913 0 0 2 0 1
1914 0 0 2 0 1
1915 0 0 2 0 1
1916 0 0 2 0 1
1917 0 0 2 0 1
1918 0 0 2 0 1
1919 0 0 2 0 1
1920 0 0 2 0 1
1921 0 0 2 0 1
1922 0 0 2 0 1
1923 0 0 2 0 1
1924 0 0 2 0 1
1925 0 0 2 0 1
1926 0 0 2 0 1
1927 0 0 2 0 1
1928 0 0 2 0 1
1929 0 0 2 0 1
1930 0 0 2 0 0
1931 0 0 2 0 0
1932 0 0 2 0 0
1933 0 0 2 0 0
1934 0 0 2 0 0
1935 0 0 2 0 0
1936 0 0 2 0 0
1937 0 0 2 0 0
1938 0 0 2 0 0
1939 0 0 2 0 0
1940 0 0 2 0 0
1941 0 0 2 0 0
1942 0 0 2 0 0
1943 0 0 2 0 0
1944 0 0 2 0 0
1945 0 0 2 0 0
1946 0 0 2 0 0
1947 0 0 2 0 0
1948 0 0 2 0 0
1949 0 0 2 0 0
1950 0 0 2 0 0
1951 0 0 2 0 0
1952 0 0 2 0 0
1953 0 0 2 0 0
1954 0 0 2 0 0
1955 0 0 2 0 0
1956 0 0 2 0 0
1957 0 0 2 0 0
1958 0 0 2 0 0
1959 0 0 2 0 0
1960 0 0 2 0 1
1961 0 0 2 0 1
1962 0 0 2 0 1
1963 0 0 2 0 1
1964 0 0 2 0 1
1965 0 0 2 0 1
1966 0 0 2 0 1
1967 0 0 2 0 1
1968 0 0 2 0 1
1969 0 0 2 0 1
1970 0 0 2 0 1
1971 0 0 2 0 1
1972 0 0 2 0 1
1973 0 0 2 0 1
1974 0 0 2 0 1
1975 0 0 2 0 1
1976 0 0 2 0 1
1977 0 0 2 0 1
1978 0 0 2 0 1
1979 0 0 2 0 1
1980 0 0 2 0 1
1981 0 0 2 0 1
1982 0 0 2 0 1
1983 0 0 2 0 1
1984 0 0 2 0 1
1985 0 0 2 0 1
1986 0 0 2 0 1
1987 0 0 2 0 1
1988 0 0 2 0 1
1989 0 0 2 0 1
1990 0 0 2 0 1
1991 0 0 2 0 1
1992 0 0 2 0 1
1993 0 0 2 0 1
1994 0 0 2 0 1
1995 0 0 2 0 1
1996 0 0 2 0 1
1997 0 0 2 0 1
1998 0 0 2 0 1
1999 0 0 2 0 1
2000 0 0 2 0 1
2001 0 0 2 0 1
2002 0 0 2 0 1
2003 0 0 2 0 1
2004 0 0 2 0 1
2005 0 0 2 0 1
2006 0 0 2 0 1
2007 0 0 2 0 1
2008 0 0 2 0 1
2009 0 0 2 0 1
2010 0 0 2 0 1
2011 0 0 2 0 1
2012 0 0 2 0 1
2013 0 0 2 0 1
2014 0 0 2 0 1
2015 0 0 2 0 1
2016 0 0 2 0 1
2017 0 0 2 0 1
2018 0 0 2 0 1
2019 0 0 2 0 1
2020 0 0 2 0 1
2021 0 0 2 0 1
2022 0 0 2 0 1
2023 0 0 2 0 1
2024 0 0 2 0 1
2025 0 0 2 0 1
2026 0 0 2 0 1
2027 0 0 2 0 1
2028 0 0 2 0 1
2029 0 0 2 0 1
2030 0 0 2 0 2
2031 0 0 2 0 2
2032 0 0 2 0 2
2033 0 0 2 0 2
2034 0 0 2 0 2
2035 0 0 2 0 2
2036 0 0 2 0 2
2037 0 0 2 0 2
2038 0 0 2 0 2
2039 0 0 2 0 2
2040 0 0 2 0 2
2041 0 0 2 0 2
2042 0 0 2 0 2
2043 0 0 2 0 2
2044 0 0 2 0 2
2045 0 0 2 0 2
2046 0 0 2 0 2
2047 0 0 2 0 2
2048 0 0 2 0 2
2049 0 0 2 0 2
2050 0 0 2 0 2
2051 0 0 2 0 2
2052 0 0 2 0 2
2053 0 0 2 0 2
2054 0 0 2 0 2
2055 0 0 2 0 2
2056 0 0 2 0 2
2057 0 0 2 0 2
2058 0 0 2 0 2
2059 0 0 2 0 2
2060 0 0 2 0 2
2061 0 0 2 0 2
2062 0 0 2 0 2
2063 0 0 2 0 2
2064 0 0 2 0 2
2065 0 0 2 0 2
2066 0 0 2 0 2
2067 0 0 2 0 2
2068 0 0 2 0 2
2069 0 0 2 0 2
2070 0 0 2 0 2
2071 0 0 2 0 2
2072 0 0 2 0 2
2073 0 0 2 0 2
2074 0 0 2 0 2
2075 0 0 2 0 2
2076 0 0 2 0 2
2077 0 0 2 0 2
2078 0 0 2 0 2
2079 0 0 2 0 2
2080 0 5 2 0 2
2081 0 5 2 0 2
2082 0 5 2 0 2
2083 0 5 2 0 2
2084 0 5 2 0 2
2085 0 5 2 0 2
2086 0 5 2 0 2
2087 0 5 2 0 2
2088 0 5 2 0 2
2089 0 5 2 0 2
2090 0 5 2 0 2
2091 0 5 2 0 2
2092 0 5 2 0 2
2093 0 5 2 0 2
2094 0 5 2 0 2
2095 0 5 2 0 2
2096 0 5 2 0 2
2097 0 5 2 0 2
2098 0 5 2 0 2
2099 0 5 2 0 2
2100 0 5 2 0 2
2101 0 5 2 0 2
2102 0 5 2 0 2
2103 0 5 2 0 2
2104 0 5 2 0 2
2105 0 5 2 0 2
2106 0 5 2 0 2
2107 0 5 2 0 2
2108 0 5 2 0 2
2109 0 5 2 0 2
2110 0 0 2 0 2
2111 0 0 2 0 2
2112 0 0 2 0 2
2113 0 0 2 0 2
2114 0 0 2 0 2
2115 0 0 2 0 2
2116 0 0 2 0 2
2117 0 0 2 0 2
2118 0 0 2 0 2
2119 0 0 2 0 2
2120 0 0 2 0 2
2121 0 0 2 0 2
2122 0 0 2 0 2
2123 0 0 2 0 2
2124 0 0 2 0 2
2125 0 0 2 0 2
2126 0 0 2 0 2
2127 0 0 2 0 2
2128 0 0 2 0 2
2129 0 0 2 0 2
2130 0 0 2 0 2
2131 0 0 2 0 2
2132 0 0 2 0 2
2133 0 0 2 0 2
2134 0 0 2 0 2
2135 0 0 2 0 2
2136 0 0 2 0 2
2137 0 0 2 0 2
2138 0 0 2 0 2
2139 0 0 2 0 2
2140 0 0 2 0 2
2141 0 0 2 0 2
2142 0 0 2 0 2
2143 0 0 2 0 2
2144 0 0 2 0 2
2145 0 0 2 0 2
2146 0 0 2 0 2
2147 0 0 2 0 2
2148 0 0 2 0 2
2149 0 0 2 0 2
2150 0 2 2 0 2
2151 0 2 2 0 2
2152 0 2 2 0 2
2153 0 2 2 0 2
2154 0 2 2 0 2
2155 0 2 2 0 2
2156 0 2 2 0 2
2157 0 2 2 0 2
2158 0 2 2 0 2
2159 0 2 2 0 2
2160 2 0 2 0 2
2161 2 0 2 0 2
2162 2 0 2 0 2
2163 2 0 2 0 2
2164 2 0 2 0 2
2165 2 0 2 0 2
2166 2 0 2 0 2
2167 2 0 2 0 2
2168 2 0 2 0 2
2169 2 0 2 0 2
2170 2 0 2 0 2
2171 2 0 2 0 2
2172 2 0 2 0 2
2173 2 0 2 0 2
2174 2 0 2 0 2
2175 2 0 2 0 2
2176 2 0 2 0 2
2177 2 0 2 0 2
2178 2 0 2 0 2
2179 2 0 2 0 2
2180 2 0 0 0 2
2181 2 0 0 0 2
2182 2 0 0 0 2
2183 2 0 0 0 2
2184 2 0 0 0 2
2185 2 0 0 0 2
2186 2 0 0 0 2
2187 2 0 0 0 2
2188 2 0 0 0 2
2189 2 0 0 0 2
2190 2 0 0 0 0
2191 2 0 0 0 0
2192 2 0 0 0 0
2193 2 0 0 0 0
2194 2 0 0 0 0
2195 2 0 0 0 0
2196 2 0 0 0 0
2197 2 0 0 0 0
2198 2 0 0 0 0
2199 2 0 0 0 0
2200 2 0 0 0 0
2201 2 0 0 0 0
2202 2 0 0 0 0
2203 2 0 0 0 0
2204 2 0 0 0 0
2205 2 0 0 0 0
2206 2 0 0 0 0
2207 2 0 0 0 0
2208 2 0 0 0 0
2209 2 0 0 0 0
2210 2 0 0 0 0
2211 2 0 0 0 0
2212 2 0 0 0 0
