0 0 0 0 0 0
1 0 0 0 0 0
2 0 0 0 0 0
3 0 0 0 0 0
4 0 0 0 0 0
5 0 0 0 0 0
6 0 0 0 0 0
7 0 0 0 0 0
8 0 0 0 0 0
9 0 0 0 0 0
10 0 0 0 0 0
11 0 0 0 0 0
12 0 0 0 0 0
13 0 0 0 0 0
14 0 0 0 0 0
15 0 0 0 0 0
16 0 0 0 0 0
17 0 0 0 0 0
18 0 0 0 0 0
19 0 0 0 0 0
20 0 0 0 0 0
21 0 0 0 0 0
22 0 0 0 0 0
23 0 0 0 0 0
24 0 0 0 0 0
25 0 0 0 0 0
26 0 0 0 0 0
27 0 0 0 0 0
28 0 0 0 0 0
29 0 0 0 0 0
30 0 0 0 0 0
31 0 0 0 0 0
32 0 0 0 0 0
33 0 0 0 0 0
34 0 0 0 0 0
35 0 0 0 0 0
36 0 0 0 0 0
37 0 0 0 0 0
38 0 0 0 0 0
39 0 0 0 0 0
40 0 0 0 0 0
41 0 0 0 0 0
42 0 0 0 0 0
43 0 0 0 0 0
44 0 0 0 0 0
45 0 0 0 0 0
46 0 0 0 0 0
47 0 0 0 0 0
48 0 0 0 0 0
49 0 0 0 0 0
50 0 0 0 0 0
51 0 0 0 0 0
52 0 0 0 0 0
53 0 0 0 0 0
54 0 0 0 0 0
55 0 0 0 0 0
56 0 0 0 0 0
57 0 0 0 0 0
58 0 0 0 0 0
59 0 0 0 0 0
60 0 0 0 0 0
61 0 0 0 0 0
62 0 0 0 0 0
63 0 0 0 0 0
64 0 0 0 0 0
65 0 0 0 0 0
66 0 0 0 0 0
67 0 0 0 0 0
68 0 0 0 0 0
69 0 0 0 0 0
70 0 0 0 0 0
71 0 0 0 0 0
72 0 0 0 0 0
73 0 0 0 0 0
74 0 0 0 0 0
75 0 0 0 0 0
76 0 0 0 0 0
77 0 0 0 0 0
78 0 0 0 0 0
79 0 0 0 0 0
80 0 0 0 0 0
81 0 0 0 0 0
82 0 0 0 0 0
83 0 0 0 0 0
84 0 0 0 0 0
85 0 0 0 0 0
86 0 0 0 0 0
87 0 0 0 0 0
88 0 0 0 0 0
89 0 0 0 0 0
90 0 0 0 0 0
91 0 0 0 0 0
92 0 0 0 0 0
93 0 0 0 0 0
94 0 0 0 0 0
95 0 0 0 0 0
96 0 0 0 0 0
97 0 0 0 0 0
98 0 0 0 0 0
99 0 0 0 0 0
100 0 0 0 0 0
101 0 0 0 0 0
102 0 0 0 0 0
103 0 0 0 0 0
104 0 0 0 0 0
105 0 0 0 0 0
106 0 0 0 0 0
107 0 0 0 0 0
108 0 0 0 0 0
109 0 0 0 0 0
110 0 0 0 0 0
111 0 0 0 0 0
112 0 0 0 0 0
113 0 0 0 0 0
114 0 0 0 0 0
115 0 0 0 0 0
116 0 0 0 0 0
117 0 0 0 0 0
118 0 0 0 0 0
119 0 0 0 0 0
120 0 0 0 0 0
121 0 0 0 0 0
122 0 0 0 0 0
123 0 0 0 0 0
124 0 0 0 0 0
125 0 0 0 0 0
126 0 0 0 0 0
127 0 0 0 0 0
128 0 0 0 0 0
129 0 0 0 0 0
130 0 0 0 0 0
131 0 0 0 0 0
132 0 0 0 0 0
133 0 0 0 0 0
134 0 0 0 0 0
135 0 0 0 0 0
136 0 0 0 0 0
137 0 0 0 0 0
138 0 0 0 0 0
139 0 0 0 0 0
140 0 0 0 0 0
141 0 0 0 0 0
142 0 0 0 0 0
143 0 0 0 0 0
144 0 0 0 0 0
145 0 0 0 0 0
146 0 0 0 0 0
147 0 0 0 0 0
148 0 0 0 0 0
149 0 0 0 0 0
150 0 0 0 0 0
151 0 0 0 0 0
152 0 0 0 0 0
153 0 0 0 0 0
154 0 0 0 0 0
155 0 0 0 0 0
156 0 0 0 0 0
157 0 0 0 0 0
158 0 0 0 0 0
159 0 0 0 0 0
160 0 0 0 0 0
161 0 0 0 0 0
162 0 0 0 0 0
163 0 0 0 0 0
164 0 0 0 0 0
165 0 0 0 0 0
166 0 0 0 0 0
167 0 0 0 0 0
168 0 0 0 0 0
169 0 0 0 0 0
170 0 0 0 0 0
171 0 0 0 0 0
172 0 0 0 0 0
173 0 0 0 0 0
174 0 0 0 0 0
175 0 0 0 0 0
176 0 0 0 0 0
177 0 0 0 0 0
178 0 0 0 0 0
179 0 0 0 0 0
180 0 0 0 0 0
181 0 0 0 0 0
182 0 0 0 0 0
183 0 0 0 0 0
184 0 0 0 0 0
185 0 0 0 0 0
186 0 0 0 0 0
187 0 0 0 0 0
188 0 0 0 0 0
189 0 0 0 0 0
190 0 0 0 0 0
191 0 0 0 0 0
192 0 0 0 0 0
193 0 0 0 0 0
194 0 0 0 0 0
195 0 0 0 0 0
196 0 0 0 0 0
197 0 0 0 0 0
198 0 0 0 0 0
199 0 0 0 0 0
200 0 0 0 0 0
201 0 0 0 0 0
202 0 0 0 0 0
203 0 0 0 0 0
204 0 0 0 0 0
205 0 0 0 0 0
206 0 0 0 0 0
207 0 0 0 0 0
208 0 0 0 0 0
209 0 0 0 0 0
210 0 0 0 0 0
211 0 0 0 0 0
212 0 0 0 0 0
213 0 0 0 0 0
214 0 0 0 0 0
215 0 0 0 0 0
216 0 0 0 0 0
217 0 0 0 0 0
218 0 0 0 0 0
219 0 0 0 0 0
220 0 0 0 0 0
221 0 0 0 0 0
222 0 0 0 0 0
223 0 0 0 0 0
224 0 0 0 0 0
225 0 0 0 0 0
226 0 0 0 0 0
227 0 0 0 0 0
228 0 0 0 0 0
229 0 0 0 0 0
230 0 0 0 0 0
231 0 0 0 0 0
232 0 0 0 0 0
233 0 0 0 0 0
234 0 0 0 0 0
235 0 0 0 0 0
236 0 0 0 0 0
237 0 0 0 0 0
238 0 0 0 0 0
239 0 0 0 0 0
240 0 0 0 0 0
241 0 0 0 0 0
242 0 0 0 0 0
243 0 0 0 0 0
244 0 0 0 0 0
245 0 0 0 0 0
246 0 0 0 0 0
247 0 0 0 0 0
248 0 0 0 0 0
249 0 0 0 0 0
250 0 0 0 0 0
251 0 0 0 0 0
252 0 0 0 0 0
253 0 0 0 0 0
254 0 0 0 0 0
255 0 0 0 0 0
256 0 0 0 0 0
257 0 0 0 0 0
258 0 0 0 0 0
259 0 0 0 0 0
260 0 0 0 0 0
261 0 0 0 0 0
262 0 0 0 0 0
263 0 0 0 0 0
264 0 0 0 0 0
265 0 0 0 0 0
266 0 0 0 0 0
267 0 0 0 0 0
268 0 0 0 0 0
269 0 0 0 0 0
270 0 0 0 0 0
271 0 0 0 0 0
272 0 0 0 0 0
273 0 0 0 0 0
274 0 0 0 0 0
275 0 0 0 0 0
276 0 0 0 0 0
277 0 0 0 0 0
278 0 0 0 0 0
279 0 0 0 0 0
280 0 0 0 0 0
281 0 0 0 0 0
282 0 0 0 0 0
283 0 0 0 0 0
284 0 0 0 0 0
285 0 0 0 0 0
286 0 0 0 0 0
287 0 0 0 0 0
288 0 0 0 0 0
289 0 0 0 0 0
290 0 0 0 0 0
291 0 0 0 0 0
292 0 0 0 0 0
293 0 0 0 0 0
294 0 0 0 0 0
295 0 0 0 0 0
296 0 0 0 0 0
297 0 0 0 0 0
298 0 0 0 0 0
299 0 0 0 0 0
300 0 0 2 0 0
301 0 0 2 0 0
302 0 0 2 0 0
303 0 0 2 0 0
304 0 0 2 0 0
305 0 0 2 0 0
306 0 0 2 0 0
307 0 0 2 0 0
308 0 0 2 0 0
309 0 0 2 0 0
310 0 0 2 0 0
311 0 0 2 0 0
312 0 0 2 0 0
313 0 0 2 0 0
314 0 0 2 0 0
315 0 0 2 0 0
316 0 0 2 0 0
317 0 0 2 0 0
318 0 0 2 0 0
319 0 0 2 0 0
320 0 0 2 0 0
321 0 0 2 0 0
322 0 0 2 0 0
323 0 0 2 0 0
324 0 0 2 0 0
325 0 0 2 0 0
326 0 0 2 0 0
327 0 0 2 0 0
328 0 0 2 0 0
329 0 0 2 0 0
330 0 0 2 0 0
331 0 0 2 0 0
332 0 0 2 0 0
333 0 0 2 0 0
334 0 0 2 0 0
335 0 0 2 0 0
336 0 0 2 0 0
337 0 0 2 0 0
338 0 0 2 0 0
339 0 0 2 0 0
340 0 0 2 0 0
341 0 0 2 0 0
342 0 0 2 0 0
343 0 0 2 0 0
344 0 0 2 0 0
345 0 0 2 0 0
346 0 0 2 0 0
347 0 0 2 0 0
348 0 0 2 0 0
349 0 0 2 0 0
350 0 0 2 0 0
351 0 0 2 0 0
352 0 0 2 0 0
353 0 0 2 0 0
354 0 0 2 0 0
355 0 0 2 0 0
356 0 0 2 0 0
357 0 0 2 0 0
358 0 0 2 0 0
359 0 0 2 0 0
360 0 0 2 0 0
361 0 0 2 0 0
362 0 0 2 0 0
363 0 0 2 0 0
364 0 0 2 0 0
365 0 0 2 0 0
366 0 0 2 0 0
367 0 0 2 0 0
368 0 0 2 0 0
369 0 0 2 0 0
370 0 0 2 0 0
371 0 0 2 0 0
372 0 0 2 0 0
373 0 0 2 0 0
374 0 0 2 0 0
375 0 0 2 0 0
376 0 0 2 0 0
377 0 0 2 0 0
378 0 0 2 0 0
379 0 0 2 0 0
380 0 0 2 0 0
381 0 0 2 0 0
382 0 0 2 0 0
383 0 0 2 0 0
384 0 0 2 0 0
385 0 0 2 0 0
386 0 0 2 0 0
387 0 0 2 0 0
388 0 0 2 0 0
389 0 0 2 0 0
390 0 0 2 0 0
391 0 0 2 0 0
392 0 0 2 0 0
393 0 0 2 0 0
394 0 0 2 0 0
395 0 0 2 0 0
396 0 0 2 0 0
397 0 0 2 0 0
398 0 0 2 0 0
399 0 0 2 0 0
400 0 0 2 0 0
401 0 0 2 0 0
402 0 0 2 0 0
403 0 0 2 0 0
404 0 0 2 0 0
405 0 0 2 0 0
406 0 0 2 0 0
407 0 0 2 0 0
408 0 0 2 0 0
409 0 0 2 0 0
410 0 0 2 0 0
411 0 0 2 0 0
412 0 0 2 0 0
413 0 0 2 0 0
414 0 0 2 0 0
415 0 0 2 0 0
416 0 0 2 0 0
417 0 0 2 0 0
418 0 0 2 0 0
419 0 0 2 0 0
420 0 2 2 0 0
421 0 2 2 0 0
422 0 2 2 0 0
423 0 2 2 0 0
424 0 2 2 0 0
425 0 2 2 0 0
426 0 2 2 0 0
427 0 2 2 0 0
428 0 2 2 0 0
429 0 2 2 0 0
430 0 2 2 0 0
431 0 2 2 0 0
432 0 2 2 0 0
433 0 2 2 0 0
434 0 2 2 0 0
435 0 2 2 0 0
436 0 2 2 0 0
437 0 2 2 0 0
438 0 2 2 0 0
439 0 2 2 0 0
440 0 2 2 0 0
441 0 2 2 0 0
442 0 2 2 0 0
443 0 2 2 0 0
444 0 2 2 0 0
445 0 2 2 0 0
446 0 2 2 0 0
447 0 2 2 0 0
448 0 2 2 0 0
449 0 2 2 0 0
450 0 0 2 0 0
451 0 0 2 0 0
452 0 0 2 0 0
453 0 0 2 0 0
454 0 0 2 0 0
455 0 0 2 0 0
456 0 0 2 0 0
457 0 0 2 0 0
458 0 0 2 0 0
459 0 0 2 0 0
460 0 0 2 0 0
461 0 0 2 0 0
462 0 0 2 0 0
463 0 0 2 0 0
464 0 0 2 0 0
465 0 0 2 0 0
466 0 0 2 0 0
467 0 0 2 0 0
468 0 0 2 0 0
469 0 0 2 0 0
470 0 0 2 0 0
471 0 0 2 0 0
472 0 0 2 0 0
473 0 0 2 0 0
474 0 0 2 0 0
475 0 0 2 0 0
476 0 0 2 0 0
477 0 0 2 0 0
478 0 0 2 0 0
479 0 0 2 0 0
480 0 0 2 0 0
481 0 0 2 0 0
482 0 0 2 0 0
483 0 0 2 0 0
484 0 0 2 0 0
485 0 0 2 0 0
486 0 0 2 0 0
487 0 0 2 0 0
488 0 0 2 0 0
489 0 0 2 0 0
490 2 0 2 0 0
491 2 0 2 0 0
492 2 0 2 0 0
493 2 0 2 0 0
494 2 0 2 0 0
495 2 0 2 0 0
496 2 0 2 0 0
497 2 0 2 0 0
498 2 0 2 0 0
499 2 0 2 0 0
500 2 0 0 2 0
501 2 0 0 2 0
502 2 0 0 2 0
503 2 0 0 2 0
504 2 0 0 2 0
505 2 0 0 2 0
506 2 0 0 2 0
507 2 0 0 2 0
508 2 0 0 2 0
509 2 0 0 2 0
510 2 0 0 0 0
511 2 0 0 0 0
512 2 0 0 0 0
513 2 0 0 0 0
514 2 0 0 0 0
515 2 0 0 0 0
516 2 0 0 0 0
517 2 0 0 0 0
518 2 0 0 0 0
519 2 0 0 0 0
520 2 0 0 0 0
521 2 0 0 0 0
522 2 0 0 0 0
523 2 0 0 0 0
524 2 0 0 0 0
525 2 0 0 0 0
526 2 0 0 0 0
527 2 0 0 0 0
528 2 0 0 0 0
529 2 0 0 0 0
530 2 0 0 0 0
531 2 0 0 0 0
532 2 0 0 0 0
533 2 0 0 0 0
534 2 0 0 0 0
535 2 0 0 0 0
536 2 0 0 0 0
537 2 0 0 0 0
538 2 0 0 0 0
539 2 0 0 0 0
540 2 0 0 0 0
541 2 0 0 0 0
542 2 0 0 0 0
543 2 0 0 0 0
544 2 0 0 0 0
545 2 0 0 0 0
546 2 0 0 0 0
547 2 0 0 0 0
548 2 0 0 0 0
549 2 0 0 0 0
550 2 0 0 0 0
551 2 0 0 0 0
552 2 0 0 0 0
553 2 0 0 0 0
554 2 0 0 0 0
555 2 0 0 0 0
556 2 0 0 0 0
557 2 0 0 0 0
558 2 0 0 0 0
559 2 0 0 0 0
560 2 0 0 0 0
561 2 0 0 0 0
562 2 0 0 0 0
563 2 0 0 0 0
564 2 0 0 0 0
565 2 0 0 0 0
566 2 0 0 0 0
567 2 0 0 0 0
568 2 0 0 0 0
569 2 0 0 0 0
570 2 0 0 0 0
571 2 0 0 0 0
572 2 0 0 0 0
573 2 0 0 0 0
574 2 0 0 0 0
575 2 0 0 0 0
576 2 0 0 0 0
577 2 0 0 0 0
578 2 0 0 0 0
579 2 0 0 0 0
580 2 0 0 0 0
581 2 0 0 0 0
582 2 0 0 0 0
583 2 0 0 0 0
584 2 0 0 0 0
585 2 0 0 0 0
586 2 0 0 0 0
587 2 0 0 0 0
588 2 0 0 0 0
589 2 0 0 0 0
590 2 0 0 0 0
591 2 0 0 0 0
592 2 0 0 0 0
593 2 0 0 0 0
594 2 0 0 0 0
595 2 0 0 0 0
596 2 0 0 0 0
597 2 0 0 0 0
598 2 0 0 0 0
599 2 0 0 0 0
600 2 0 0 0 0
601 2 0 0 0 0
602 2 0 0 0 0
603 2 0 0 0 0
604 2 0 0 0 0
605 2 0 0 0 0
606 2 0 0 0 0
607 2 0 0 0 0
608 2 0 0 0 0
609 2 0 0 0 0
610 2 0 0 0 0
611 2 0 0 0 0
612 2 0 0 0 0
613 2 0 0 0 0
614 2 0 0 0 0
615 2 0 0 0 0
616 2 0 0 0 0
617 2 0 0 0 0
618 2 0 0 0 0
619 2 0 0 0 0
620 2 0 0 0 0
621 2 0 0 0 0
622 2 0 0 0 0
623 2 0 0 0 0
624 2 0 0 0 0
625 2 0 0 0 0
626 2 0 0 0 0
627 2 0 0 0 0
628 2 0 0 0 0
629 2 0 0 0 0
630 2 0 0 0 0
631 2 0 0 0 0
632 2 0 0 0 0
633 2 0 0 0 0
634 2 0 0 0 0
635 2 0 0 0 0
636 2 0 0 0 0
637 2 0 0 0 0
638 2 0 0 0 0
639 2 0 0 0 0
640 2 0 0 0 0
641 2 0 0 0 0
642 2 0 0 0 0
643 2 0 0 0 0
644 2 0 0 0 0
645 2 0 0 0 0
646 2 0 0 0 0
647 2 0 0 0 0
648 2 0 0 0 0
649 2 0 0 0 0
650 2 0 0 0 0
651 2 0 0 0 0
652 2 0 0 0 0
653 2 0 0 0 0
654 2 0 0 0 0
655 2 0 0 0 0
656 2 0 0 0 0
657 2 0 0 0 0
658 2 0 0 0 0
659 2 0 0 0 0
660 2 0 2 0 0
661 2 0 2 0 0
662 2 0 2 0 0
663 2 0 2 0 0
664 2 0 2 0 0
665 2 0 2 0 0
666 2 0 2 0 0
667 2 0 2 0 0
668 2 0 2 0 0
669 2 0 2 0 0
670 2 0 2 0 0
671 2 0 2 0 0
672 2 0 2 0 0
673 2 0 2 0 0
674 2 0 2 0 0
675 2 0 2 0 0
676 2 0 2 0 0
677 2 0 2 0 0
678 2 0 2 0 0
679 2 0 2 0 0
680 0 2 2 0 0
681 0 2 2 0 0
682 0 2 2 0 0
683 0 2 2 0 0
684 0 2 2 0 0
685 0 2 2 0 0
686 0 2 2 0 0
687 0 2 2 0 0
688 0 2 2 0 0
689 0 2 2 0 0
690 0 2 2 0 0
691 0 2 2 0 0
692 0 2 2 0 0
693 0 2 2 0 0
694 0 2 2 0 0
695 0 2 2 0 0
696 0 2 2 0 0
697 0 2 2 0 0
698 0 2 2 0 0
699 0 2 2 0 0
700 0 0 2 0 0
701 0 0 2 0 0
702 0 0 2 0 0
703 0 0 2 0 0
704 0 0 2 0 0
705 0 0 2 0 0
706 0 0 2 0 0
707 0 0 2 0 0
708 0 0 2 0 0
709 0 0 2 0 0
710 0 0 2 0 0
711 0 0 2 0 0
712 0 0 2 0 0
713 0 0 2 0 0
714 0 0 2 0 0
715 0 0 2 0 0
716 0 0 2 0 0
717 0 0 2 0 0
718 0 0 2 0 0
719 0 0 2 0 0
720 0 0 2 0 0
721 0 0 2 0 0
722 0 0 2 0 0
723 0 0 2 0 0
724 0 0 2 0 0
725 0 0 2 0 0
726 0 0 2 0 0
727 0 0 2 0 0
728 0 0 2 0 0
729 0 0 2 0 0
730 0 0 2 0 0
731 0 0 2 0 0
732 0 0 2 0 0
733 0 0 2 0 0
734 0 0 2 0 0
735 0 0 2 0 0
736 0 0 2 0 0
737 0 0 2 0 0
738 0 0 2 0 0
739 0 0 2 0 0
740 0 0 2 0 0
741 0 0 2 0 0
742 0 0 2 0 0
743 0 0 2 0 0
744 0 0 2 0 0
745 0 0 2 0 0
746 0 0 2 0 0
747 0 0 2 0 0
748 0 0 2 0 0
749 0 0 2 0 0
750 0 0 2 0 0
751 0 0 2 0 0
752 0 0 2 0 0
753 0 0 2 0 0
754 0 0 2 0 0
755 0 0 2 0 0
756 0 0 2 0 0
757 0 0 2 0 0
758 0 0 2 0 0
759 0 0 2 0 0
760 0 0 2 0 0
761 0 0 2 0 0
762 0 0 2 0 0
763 0 0 2 0 0
764 0 0 2 0 0
765 0 0 2 0 0
766 0 0 2 0 0
767 0 0 2 0 0
768 0 0 2 0 0
769 0 0 2 0 0
770 0 0 2 0 0
771 0 0 2 0 0
772 0 0 2 0 0
773 0 0 2 0 0
774 0 0 2 0 0
775 0 0 2 0 0
776 0 0 2 0 0
777 0 0 2 0 0
778 0 0 2 0 0
779 0 0 2 0 0
780 0 0 2 0 0
781 0 0 2 0 0
782 0 0 2 0 0
783 0 0 2 0 0
784 0 0 2 0 0
785 0 0 2 0 0
786 0 0 2 0 0
787 0 0 2 0 0
788 0 0 2 0 0
789 0 0 2 0 0
790 0 0 2 0 0
791 0 0 2 0 0
792 0 0 2 0 0
793 0 0 2 0 0
794 0 0 2 0 0
795 0 0 2 0 0
796 0 0 2 0 0
797 0 0 2 0 0
798 0 0 2 0 0
799 0 0 2 0 0
800 0 0 2 0 0
801 0 0 2 0 0
802 0 0 2 0 0
803 0 0 2 0 0
804 0 0 2 0 0
805 0 0 2 0 0
806 0 0 2 0 0
807 0 0 2 0 0
808 0 0 2 0 0
809 0 0 2 0 0
810 0 0 2 0 0
811 0 0 2 0 0
812 0 0 2 0 0
813 0 0 2 0 0
814 0 0 2 0 0
815 0 0 2 0 0
816 0 0 2 0 0
817 0 0 2 0 0
818 0 0 2 0 0
819 0 0 2 0 0
820 0 0 2 0 0
821 0 0 2 0 0
822 0 0 2 0 0
823 0 0 2 0 0
824 0 0 2 0 0
825 0 0 2 0 0
826 0 0 2 0 0
827 0 0 2 0 0
828 0 0 2 0 0
829 0 0 2 0 0
830 0 0 2 0 1
831 0 0 2 0 1
832 0 0 2 0 1
833 0 0 2 0 1
834 0 0 2 0 1
835 0 0 2 0 1
836 0 0 2 0 1
837 0 0 2 0 1
838 0 0 2 0 1
839 0 0 2 0 1
840 0 0 2 0 1
841 0 0 2 0 1
842 0 0 2 0 1
843 0 0 2 0 1
844 0 0 2 0 1
845 0 0 2 0 1
846 0 0 2 0 1
847 0 0 2 0 1
848 0 0 2 0 1
849 0 0 2 0 1
850 0 0 2 0 1
851 0 0 2 0 1
852 0 0 2 0 1
853 0 0 2 0 1
854 0 0 2 0 1
855 0 0 2 0 1
856 0 0 2 0 1
857 0 0 2 0 1
858 0 0 2 0 1
859 0 0 2 0 1
860 0 0 2 0 1
861 0 0 2 0 1
862 0 0 2 0 1
863 0 0 2 0 1
864 0 0 2 0 1
865 0 0 2 0 1
866 0 0 2 0 1
867 0 0 2 0 1
868 0 0 2 0 1
869 0 0 2 0 1
870 0 0 2 0 2
871 0 0 2 0 2
872 0 0 2 0 2
873 0 0 2 0 2
874 0 0 2 0 2
875 0 0 2 0 2
876 0 0 2 0 2
877 0 0 2 0 2
878 0 0 2 0 2
879 0 0 2 0 2
880 0 0 2 0 2
881 0 0 2 0 2
882 0 0 2 0 2
883 0 0 2 0 2
884 0 0 2 0 2
885 0 0 2 0 2
886 0 0 2 0 2
887 0 0 2 0 2
888 0 0 2 0 2
889 0 0 2 0 2
890 0 0 2 0 2
891 0 0 2 0 2
892 0 0 2 0 2
893 0 0 2 0 2
894 0 0 2 0 2
895 0 0 2 0 2
896 0 0 2 0 2
897 0 0 2 0 2
898 0 0 2 0 2
899 0 0 2 0 2
900 0 0 2 0 2
901 0 0 2 0 2
902 0 0 2 0 2
903 0 0 2 0 2
904 0 0 2 0 2
905 0 0 2 0 2
906 0 0 2 0 2
907 0 0 2 0 2
908 0 0 2 0 2
909 0 0 2 0 2
910 0 0 2 0 2
911 0 0 2 0 2
912 0 0 2 0 2
913 0 0 2 0 2
914 0 0 2 0 2
915 0 0 2 0 2
916 0 0 2 0 2
917 0 0 2 0 2
918 0 0 2 0 2
919 0 0 2 0 2
920 0 0 2 0 2
921 0 0 2 0 2
922 0 0 2 0 2
923 0 0 2 0 2
924 0 0 2 0 2
925 0 0 2 0 2
926 0 0 2 0 2
927 0 0 2 0 2
928 0 0 2 0 2
929 0 0 2 0 2
930 0 0 2 0 2
931 0 0 2 0 2
932 0 0 2 0 2
933 0 0 2 0 2
934 0 0 2 0 2
935 0 0 2 0 2
936 0 0 2 0 2
937 0 0 2 0 2
938 0 0 2 0 2
939 0 0 2 0 2
940 0 0 2 0 2
941 0 0 2 0 2
942 0 0 2 0 2
943 0 0 2 0 2
944 0 0 2 0 2
945 0 0 2 0 2
946 0 0 2 0 2
947 0 0 2 0 2
948 0 0 2 0 2
949 0 0 2 0 2
950 0 0 2 0 2
951 0 0 2 0 2
952 0 0 2 0 2
953 0 0 2 0 2
954 0 0 2 0 2
955 0 0 2 0 2
956 0 0 2 0 2
957 0 0 2 0 2
958 0 0 2 0 2
959 0 0 2 0 2
960 0 0 2 0 2
961 0 0 2 0 2
962 0 0 2 0 2
963 0 0 2 0 2
964 0 0 2 0 2
965 0 0 2 0 2
966 0 0 2 0 2
967 0 0 2 0 2
968 0 0 2 0 2
969 0 0 2 0 2
970 0 0 2 0 2
971 0 0 2 0 2
972 0 0 2 0 2
973 0 0 2 0 2
974 0 0 2 0 2
975 0 0 2 0 2
976 0 0 2 0 2
977 0 0 2 0 2
978 0 0 2 0 2
979 0 0 2 0 2
980 0 0 2 0 2
981 0 0 2 0 2
982 0 0 2 0 2
983 0 0 2 0 2
984 0 0 2 0 2
985 0 0 2 0 2
986 0 0 2 0 2
987 0 0 2 0 2
988 0 0 2 0 2
989 0 0 2 0 2
990 0 0 2 0 2
991 0 0 2 0 2
992 0 0 2 0 2
993 0 0 2 0 2
994 0 0 2 0 2
995 0 0 2 0 2
996 0 0 2 0 2
997 0 0 2 0 2
998 0 0 2 0 2
999 0 0 2 0 2
1000 0 0 2 0 2
1001 0 0 2 0 2
1002 0 0 2 0 2
1003 0 0 2 0 2
1004 0 0 2 0 2
1005 0 0 2 0 2
1006 0 0 2 0 2
1007 0 0 2 0 2
1008 0 0 2 0 2
1009 0 0 2 0 2
1010 0 0 2 0 2
1011 0 0 2 0 2
1012 0 0 2 0 2
1013 0 0 2 0 2
1014 0 0 2 0 2
1015 0 0 2 0 2
1016 0 0 2 0 2
1017 0 0 2 0 2
1018 0 0 2 0 2
1019 0 0 2 0 2
1020 0 0 2 0 2
1021 0 0 2 0 2
1022 0 0 2 0 2
1023 0 0 2 0 2
1024 0 0 2 0 2
1025 0 0 2 0 2
1026 0 0 2 0 2
1027 0 0 2 0 2
1028 0 0 2 0 2
1029 0 0 2 0 2
1030 0 0 2 0 2
1031 0 0 2 0 2
1032 0 0 2 0 2
1033 0 0 2 0 2
1034 0 0 2 0 2
1035 0 0 2 0 2
1036 0 0 2 0 2
1037 0 0 2 0 2
1038 0 0 2 0 2
1039 0 0 2 0 2
1040 0 2 2 0 2
1041 0 2 2 0 2
1042 0 2 2 0 2
1043 0 2 2 0 2
1044 0 2 2 0 2
1045 0 2 2 0 2
1046 0 2 2 0 2
1047 0 2 2 0 2
1048 0 2 2 0 2
1049 0 2 2 0 2
1050 2 0 2 0 2
1051 2 0 2 0 2
1052 2 0 2 0 2
1053 2 0 2 0 2
1054 2 0 2 0 2
1055 2 0 2 0 2
1056 2 0 2 0 2
1057 2 0 2 0 2
1058 2 0 2 0 2
1059 2 0 2 0 2
1060 2 0 0 2 2
1061 2 0 0 2 2
1062 2 0 0 2 2
1063 2 0 0 2 2
1064 2 0 0 2 2
1065 2 0 0 2 2
1066 2 0 0 2 2
1067 2 0 0 2 2
1068 2 0 0 2 2
1069 2 0 0 2 2
1070 2 0 0 0 2
1071 2 0 0 0 2
1072 2 0 0 0 2
1073 2 0 0 0 2
1074 2 0 0 0 2
1075 2 0 0 0 2
1076 2 0 0 0 2
1077 2 0 0 0 2
1078 2 0 0 0 2
1079 2 0 0 0 2
1080 2 0 0 0 2
1081 2 0 0 0 2
1082 2 0 0 0 2
1083 2 0 0 0 2
1084 2 0 0 0 2
1085 2 0 0 0 2
1086 2 0 0 0 2
1087 2 0 0 0 2
1088 2 0 0 0 2
1089 2 0 0 0 2
1090 2 0 0 0 2
1091 2 0 0 0 2
1092 2 0 0 0 2
1093 2 0 0 0 2
1094 2 0 0 0 2
1095 2 0 0 0 2
1096 2 0 0 0 2
1097 2 0 0 0 2
1098 2 0 0 0 2
1099 2 0 0 0 2
1100 2 0 0 0 2
1101 2 0 0 0 2
1102 2 0 0 0 2
1103 2 0 0 0 2
1104 2 0 0 0 2
1105 2 0 0 0 2
1106 2 0 0 0 2
1107 2 0 0 0 2
1108 2 0 0 0 2
1109 2 0 0 0 2
1110 2 0 0 0 2
1111 2 0 0 0 2
1112 2 0 0 0 2
1113 2 0 0 0 2
1114 2 0 0 0 2
1115 2 0 0 0 2
1116 2 0 0 0 2
1117 2 0 0 0 2
1118 2 0 0 0 2
1119 2 0 0 0 2
1120 2 0 0 0 2
1121 2 0 0 0 2
1122 2 0 0 0 2
1123 2 0 0 0 2
1124 2 0 0 0 2
1125 2 0 0 0 2
1126 2 0 0 0 2
1127 2 0 0 0 2
1128 2 0 0 0 2
1129 2 0 0 0 2
1130 2 0 0 0 2
1131 2 0 0 0 2
1132 2 0 0 0 2
1133 2 0 0 0 2
1134 2 0 0 0 2
1135 2 0 0 0 2
1136 2 0 0 0 2
1137 2 0 0 0 2
1138 2 0 0 0 2
1139 2 0 0 0 2
1140 2 0 0 0 2
1141 2 0 0 0 2
1142 2 0 0 0 2
1143 2 0 0 0 2
1144 2 0 0 0 2
1145 2 0 0 0 2
1146 2 0 0 0 2
1147 2 0 0 0 2
1148 2 0 0 0 2
1149 2 0 0 0 2
1150 2 0 0 0 2
1151 2 0 0 0 2
1152 2 0 0 0 2
1153 2 0 0 0 2
1154 2 0 0 0 2
1155 2 0 0 0 2
1156 2 0 0 0 2
1157 2 0 0 0 2
1158 2 0 0 0 2
1159 2 0 0 0 2
1160 2 0 0 0 2
1161 2 0 0 0 2
1162 2 0 0 0 2
1163 2 0 0 0 2
1164 2 0 0 0 2
1165 2 0 0 0 2
1166 2 0 0 0 2
1167 2 0 0 0 2
1168 2 0 0 0 2
1169 2 0 0 0 2
1170 2 0 0 0 2
1171 2 0 0 0 2
1172 2 0 0 0 2
1173 2 0 0 0 2
1174 2 0 0 0 2
1175 2 0 0 0 2
1176 2 0 0 0 2
1177 2 0 0 0 2
1178 2 0 0 0 2
1179 2 0 0 0 2
1180 2 0 0 0 2
1181 2 0 0 0 2
1182 2 0 0 0 2
1183 2 0 0 0 2
1184 2 0 0 0 2
1185 2 0 0 0 2
1186 2 0 0 0 2
1187 2 0 0 0 2
1188 2 0 0 0 2
1189 2 0 0 0 2
1190 2 0 0 0 2
1191 2 0 0 0 2
1192 2 0 0 0 2
1193 2 0 0 0 2
1194 2 0 0 0 2
1195 2 0 0 0 2
1196 2 0 0 0 2
1197 2 0 0 0 2
1198 2 0 0 0 2
1199 2 0 0 0 2
1200 2 0 5 0 2
1201 2 0 5 0 2
1202 2 0 5 0 2
1203 2 0 5 0 2
1204 2 0 5 0 2
1205 2 0 5 0 2
1206 2 0 5 0 2
1207 2 0 5 0 2
1208 2 0 5 0 2
1209 2 0 5 0 2
1210 2 0 5 0 2
1211 2 0 5 0 2
1212 2 0 5 0 2
1213 2 0 5 0 2
1214 2 0 5 0 2
1215 2 0 5 0 2
1216 2 0 5 0 2
1217 2 0 5 0 2
1218 2 0 5 0 2
1219 2 0 5 0 2
1220 2 0 5 0 2
1221 2 0 5 0 2
1222 2 0 5 0 2
1223 2 0 5 0 2
1224 2 0 5 0 2
1225 2 0 5 0 2
1226 2 0 5 0 2
1227 2 0 5 0 2
1228 2 0 5 0 2
1229 2 0 5 0 2
1230 2 0 5 0 2
1231 2 0 5 0 2
1232 2 0 5 0 2
1233 2 0 5 0 2
1234 2 0 5 0 2
1235 2 0 5 0 2
1236 2 0 5 0 2
1237 2 0 5 0 2
1238 2 0 5 0 2
1239 2 0 5 0 2
1240 2 0 5 0 2
1241 2 0 5 0 2
1242 2 0 5 0 2
1243 2 0 5 0 2
1244 2 0 5 0 2
1245 2 0 5 0 2
1246 2 0 5 0 2
1247 2 0 5 0 2
1248 2 0 5 0 2
1249 2 0 5 0 2
1250 2 0 5 0 2
1251 2 0 5 0 2
1252 2 0 5 0 2
1253 2 0 5 0 2
1254 2 0 5 0 2
1255 2 0 5 0 2
1256 2 0 5 0 2
1257 2 0 5 0 2
1258 2 0 5 0 2
1259 2 0 5 0 2
1260 2 0 5 0 2
1261 2 0 5 0 2
1262 2 0 5 0 2
1263 2 0 5 0 2
1264 2 0 5 0 2
1265 2 0 5 0 2
1266 2 0 5 0 2
1267 2 0 5 0 2
1268 2 0 5 0 2
1269 2 0 5 0 2
1270 2 0 5 0 2
1271 2 0 5 0 2
1272 2 0 5 0 2
1273 2 0 5 0 2
1274 2 0 5 0 2
1275 2 0 5 0 2
1276 2 0 5 0 2
1277 2 0 5 0 2
1278 2 0 5 0 2
1279 2 0 5 0 2
1280 2 0 5 0 2
1281 2 0 5 0 2
1282 2 0 5 0 2
1283 2 0 5 0 2
1284 2 0 5 0 2
1285 2 0 5 0 2
1286 2 0 5 0 2
1287 2 0 5 0 2
1288 2 0 5 0 2
1289 2 0 5 0 2
1290 2 0 5 0 2
1291 2 0 5 0 2
1292 2 0 5 0 2
1293 2 0 5 0 2
1294 2 0 5 0 2
1295 2 0 5 0 2
1296 2 0 5 0 2
1297 2 0 5 0 2
1298 2 0 5 0 2
1299 2 0 5 0 2
1300 2 0 5 0 2
1301 2 0 5 0 2
1302 2 0 5 0 2
1303 2 0 5 0 2
1304 2 0 5 0 2
1305 2 0 5 0 2
1306 2 0 5 0 2
1307 2 0 5 0 2
1308 2 0 5 0 2
1309 2 0 5 0 2
1310 2 0 5 0 0
1311 2 0 5 0 0
1312 2 0 5 0 0
1313 2 0 5 0 0
1314 2 0 5 0 0
1315 2 0 5 0 0
1316 2 0 5 0 0
1317 2 0 5 0 0
1318 2 0 5 0 0
1319 2 0 5 0 0
1320 2 0 5 0 0
1321 2 0 5 0 0
1322 2 0 5 0 0
1323 2 0 5 0 0
1324 2 0 5 0 0
1325 2 0 5 0 0
1326 2 0 5 0 0
1327 2 0 5 0 0
1328 2 0 5 0 0
1329 2 0 5 0 0
1330 2 0 5 0 0
1331 2 0 5 0 0
1332 2 0 5 0 0
1333 2 0 5 0 0
1334 2 0 5 0 0
1335 2 0 5 0 0
1336 2 0 5 0 0
1337 2 0 5 0 0
1338 2 0 5 0 0
1339 2 0 5 0 0
1340 2 0 0 0 0
1341 2 0 0 0 0
1342 2 0 0 0 0
1343 2 0 0 0 0
1344 2 0 0 0 0
1345 2 0 0 0 0
1346 2 0 0 0 0
1347 2 0 0 0 0
1348 2 0 0 0 0
1349 2 0 0 0 0
1350 2 0 0 0 0
1351 2 0 0 0 0
1352 2 0 0 0 0
1353 2 0 0 0 0
1354 2 0 0 0 0
1355 2 0 0 0 0
1356 2 0 0 0 0
1357 2 0 0 0 0
1358 2 0 0 0 0
1359 2 0 0 0 0
1360 2 0 0 0 0
1361 2 0 0 0 0
1362 2 0 0 0 0
1363 2 0 0 0 0
1364 2 0 0 0 0
1365 2 0 0 0 0
1366 2 0 0 0 0
1367 2 0 0 0 0
1368 2 0 0 0 0
1369 2 0 0 0 0
1370 2 0 0 0 0
1371 2 0 0 0 0
1372 2 0 0 0 0
1373 2 0 0 0 0
1374 2 0 0 0 0
1375 2 0 0 0 0
1376 2 0 0 0 0
1377 2 0 0 0 0
1378 2 0 0 0 0
1379 2 0 0 0 0
1380 2 0 0 0 0
1381 2 0 0 0 0
1382 2 0 0 0 0
1383 2 0 0 0 0
1384 2 0 0 0 0
1385 2 0 0 0 0
1386 2 0 0 0 0
1387 2 0 0 0 0
1388 2 0 0 0 0
1389 2 0 0 0 0
1390 2 0 0 0 0
1391 2 0 0 0 0
1392 2 0 0 0 0
1393 2 0 0 0 0
1394 2 0 0 0 0
1395 2 0 0 0 0
1396 2 0 0 0 0
1397 2 0 0 0 0
1398 2 0 0 0 0
1399 2 0 0 0 0
1400 2 0 0 0 0
1401 2 0 0 0 0
1402 2 0 0 0 0
1403 2 0 0 0 0
1404 2 0 0 0 0
1405 2 0 0 0 0
1406 2 0 0 0 0
1407 2 0 0 0 0
1408 2 0 0 0 0
1409 2 0 0 0 0
1410 2 0 0 0 0
1411 2 0 0 0 0
1412 2 0 0 0 0
1413 2 0 0 0 0
1414 2 0 0 0 0
1415 2 0 0 0 0
1416 2 0 0 0 0
1417 2 0 0 0 0
1418 2 0 0 0 0
1419 2 0 0 0 0
1420 2 0 0 0 0
1421 2 0 0 0 0
1422 2 0 0 0 0
1423 2 0 0 0 0
1424 2 0 0 0 0
1425 2 0 0 0 0
1426 2 0 0 0 0
1427 2 0 0 0 0
1428 2 0 0 0 0
1429 2 0 0 0 0
1430 2 0 0 0 0
1431 2 0 0 0 0
1432 2 0 0 0 0
1433 2 0 0 0 0
1434 2 0 0 0 0
1435 2 0 0 0 0
1436 2 0 0 0 0
1437 2 0 0 0 0
1438 2 0 0 0 0
1439 2 0 0 0 0
1440 2 0 0 0 0
1441 2 0 0 0 0
1442 2 0 0 0 0
1443 2 0 0 0 0
1444 2 0 0 0 0
1445 2 0 0 0 0
1446 2 0 0 0 0
1447 2 0 0 0 0
1448 2 0 0 0 0
1449 2 0 0 0 0
1450 2 0 0 0 0
1451 2 0 0 0 0
1452 2 0 0 0 0
1453 2 0 0 0 0
1454 2 0 0 0 0
1455 2 0 0 0 0
1456 2 0 0 0 0
1457 2 0 0 0 0
1458 2 0 0 0 0
1459 2 0 0 0 0
1460 2 0 0 0 0
1461 2 0 0 0 0
1462 2 0 0 0 0
1463 2 0 0 0 0
1464 2 0 0 0 0
1465 2 0 0 0 0
1466 2 0 0 0 0
1467 2 0 0 0 0
1468 2 0 0 0 0
1469 2 0 0 0 0
1470 2 0 0 0 0
1471 2 0 0 0 0
1472 2 0 0 0 0
1473 2 0 0 0 0
1474 2 0 0 0 0
1475 2 0 0 0 0
1476 2 0 0 0 0
1477 2 0 0 0 0
1478 2 0 0 0 0
1479 2 0 0 0 0
1480 2 0 0 0 0
1481 2 0 0 0 0
1482 2 0 0 0 0
1483 2 0 0 0 0
1484 2 0 0 0 0
1485 2 0 0 0 0
1486 2 0 0 0 0
1487 2 0 0 0 0
1488 2 0 0 0 0
1489 2 0 0 0 0
1490 2 0 0 2 0
1491 2 0 0 2 0
1492 2 0 0 2 0
1493 2 0 0 2 0
1494 2 0 0 2 0
1495 2 0 0 2 0
1496 2 0 0 2 0
1497 2 0 0 2 0
1498 2 0 0 2 0
1499 2 0 0 2 0
1500 2 0 0 2 0
1501 2 0 0 2 0
1502 2 0 0 2 0
1503 2 0 0 2 0
1504 2 0 0 2 0
1505 2 0 0 2 0
1506 2 0 0 2 0
1507 2 0 0 2 0
1508 2 0 0 2 0
1509 2 0 0 2 0
1510 2 0 0 2 0
1511 2 0 0 2 0
1512 2 0 0 2 0
1513 2 0 0 2 0
1514 2 0 0 2 0
1515 2 0 0 2 0
1516 2 0 0 2 0
1517 2 0 0 2 0
1518 2 0 0 2 0
1519 2 0 0 2 0
1520 2 0 0 2 0
1521 2 0 0 2 0
1522 2 0 0 2 0
1523 2 0 0 2 0
1524 2 0 0 2 0
1525 2 0 0 2 0
1526 2 0 0 2 0
1527 2 0 0 2 0
1528 2 0 0 2 0
1529 2 0 0 2 0
1530 2 0 0 2 0
1531 2 0 0 2 0
1532 2 0 0 2 0
1533 2 0 0 2 0
1534 2 0 0 2 0
1535 2 0 0 2 0
1536 2 0 0 2 0
1537 2 0 0 2 0
1538 2 0 0 2 0
1539 2 0 0 2 0
1540 2 0 0 2 0
1541 2 0 0 2 0
1542 2 0 0 2 0
1543 2 0 0 2 0
1544 2 0 0 2 0
1545 2 0 0 2 0
1546 2 0 0 2 0
1547 2 0 0 2 0
1548 2 0 0 2 0
1549 2 0 0 2 0
1550 2 0 0 2 0
1551 2 0 0 2 0
1552 2 0 0 2 0
1553 2 0 0 2 0
1554 2 0 0 2 0
1555 2 0 0 2 0
1556 2 0 0 2 0
1557 2 0 0 2 0
1558 2 0 0 2 0
1559 2 0 0 2 0
1560 2 0 0 2 0
1561 2 0 0 2 0
1562 2 0 0 2 0
1563 2 0 0 2 0
1564 2 0 0 2 0
1565 2 0 0 2 0
1566 2 0 0 2 0
1567 2 0 0 2 0
1568 2 0 0 2 0
1569 2 0 0 2 0
1570 2 0 2 0 0
1571 2 0 2 0 0
1572 2 0 2 0 0
1573 2 0 2 0 0
1574 2 0 2 0 0
1575 2 0 2 0 0
1576 2 0 2 0 0
1577 2 0 2 0 0
1578 2 0 2 0 0
1579 2 0 2 0 0
1580 0 0 2 0 0
1581 0 0 2 0 0
1582 0 0 2 0 0
1583 0 0 2 0 0
1584 0 0 2 0 0
1585 0 0 2 0 0
1586 0 0 2 0 0
1587 0 0 2 0 0
1588 0 0 2 0 0
1589 0 0 2 0 0
1590 0 0 2 0 0
1591 0 0 2 0 0
1592 0 0 2 0 0
1593 0 0 2 0 0
1594 0 0 2 0 0
1595 0 0 2 0 0
1596 0 0 2 0 0
1597 0 0 2 0 0
1598 0 0 2 0 0
1599 0 0 2 0 0
1600 0 0 2 0 0
1601 0 0 2 0 0
1602 0 0 2 0 0
1603 0 0 2 0 0
1604 0 0 2 0 0
1605 0 0 2 0 0
1606 0 0 2 0 0
1607 0 0 2 0 0
1608 0 0 2 0 0
1609 0 0 2 0 0
1610 0 0 2 0 0
1611 0 0 2 0 0
1612 0 0 2 0 0
1613 0 0 2 0 0
1614 0 0 2 0 0
1615 0 0 2 0 0
1616 0 0 2 0 0
1617 0 0 2 0 0
1618 0 0 2 0 0
1619 0 0 2 0 0
1620 0 0 2 0 0
1621 0 0 2 0 0
1622 0 0 2 0 0
1623 0 0 2 0 0
1624 0 0 2 0 0
1625 0 0 2 0 0
1626 0 0 2 0 0
1627 0 0 2 0 0
1628 0 0 2 0 0
1629 0 0 2 0 0
1630 0 0 2 0 0
1631 0 0 2 0 0
1632 0 0 2 0 0
1633 0 0 2 0 0
1634 0 0 2 0 0
1635 0 0 2 0 0
1636 0 0 2 0 0
1637 0 0 2 0 0
1638 0 0 2 0 0
1639 0 0 2 0 0
1640 0 0 2 0 0
1641 0 0 2 0 0
1642 0 0 2 0 0
1643 0 0 2 0 0
1644 0 0 2 0 0
1645 0 0 2 0 0
1646 0 0 2 0 0
1647 0 0 2 0 0
1648 0 0 2 0 0
1649 0 0 2 0 0
1650 0 0 2 0 0
1651 0 0 2 0 0
1652 0 0 2 0 0
1653 0 0 2 0 0
1654 0 0 2 0 0
1655 0 0 2 0 0
1656 0 0 2 0 0
1657 0 0 2 0 0
1658 0 0 2 0 0
1659 0 0 2 0 0
1660 0 0 2 0 0
1661 0 0 2 0 0
1662 0 0 2 0 0
1663 0 0 2 0 0
1664 0 0 2 0 0
1665 0 0 2 0 0
1666 0 0 2 0 0
1667 0 0 2 0 0
1668 0 0 2 0 0
1669 0 0 2 0 0
1670 0 0 2 0 0
1671 0 0 2 0 0
1672 0 0 2 0 0
1673 0 0 2 0 0
1674 0 0 2 0 0
1675 0 0 2 0 0
1676 0 0 2 0 0
1677 0 0 2 0 0
1678 0 0 2 0 0
1679 0 0 2 0 0
1680 0 0 2 0 0
1681 0 0 2 0 0
1682 0 0 2 0 2
1683 0 0 2 0 2
1684 0 0 2 0 2
1685 0 0 2 0 2
1686 0 0 2 0 2
1687 0 0 2 0 2
1688 0 0 2 0 2
1689 0 0 2 0 2
1690 0 0 2 0 2
1691 0 0 2 0 2
1692 0 0 2 0 2
1693 0 0 2 0 2
1694 0 0 2 0 2
1695 0 0 2 0 2
1696 0 0 2 0 2
1697 0 0 2 0 2
1698 0 0 2 0 2
1699 0 0 2 0 2
1700 0 0 2 0 2
1701 0 0 2 0 2
1702 0 0 2 0 2
1703 0 0 2 0 2
1704 0 0 2 0 2
1705 0 0 2 0 2
1706 0 0 2 0 2
1707 0 0 2 0 2
1708 0 0 2 0 2
1709 0 0 2 0 2
1710 0 0 2 0 2
1711 0 0 2 0 2
1712 0 0 2 0 2
1713 0 0 2 0 2
1714 0 0 2 0 2
1715 0 0 2 0 2
1716 0 0 2 0 2
1717 0 0 2 0 2
1718 0 0 2 0 2
1719 0 0 2 0 2
1720 0 0 2 0 2
1721 0 0 2 0 2
1722 0 0 2 0 2
1723 0 0 2 0 2
1724 0 0 2 0 2
1725 0 0 2 0 2
1726 0 0 2 0 2
1727 0 0 2 0 2
1728 0 0 2 0 2
1729 0 0 2 0 2
1730 0 0 2 0 2
1731 0 0 2 0 2
1732 0 0 2 0 2
1733 0 0 2 0 2
1734 0 0 2 0 2
1735 0 0 2 0 2
1736 0 0 2 0 2
1737 0 0 2 0 2
1738 0 0 2 0 2
1739 0 0 2 0 2
1740 0 0 2 0 2
1741 0 0 2 0 2
1742 0 0 2 0 0
1743 0 0 2 0 0
1744 0 0 2 0 0
1745 0 0 2 0 0
1746 0 0 2 0 0
1747 0 0 2 0 0
1748 0 0 2 0 0
1749 0 0 2 0 0
1750 0 0 2 0 0
1751 0 0 2 0 0
1752 0 0 2 0 0
1753 0 0 2 0 0
1754 0 0 2 0 0
1755 0 0 2 0 0
1756 0 0 2 0 0
1757 0 0 2 0 2
1758 0 0 2 0 2
1759 0 0 2 0 2
1760 0 0 2 0 2
1761 0 0 2 0 2
1762 0 0 2 0 2
1763 0 0 2 0 2
1764 0 0 2 0 2
1765 0 0 2 0 2
1766 0 0 2 0 2
1767 0 0 2 0 2
1768 0 0 2 0 2
1769 0 0 2 0 2
1770 0 0 2 0 2
1771 0 0 2 0 2
1772 0 0 2 0 2
1773 0 0 2 0 2
1774 0 0 2 0 2
1775 0 0 2 0 2
1776 0 0 2 0 2
1777 0 0 2 0 2
1778 0 0 2 0 2
1779 0 0 2 0 2
1780 0 0 2 0 2
1781 0 0 2 0 2
1782 0 0 2 0 2
1783 0 0 2 0 2
1784 0 0 2 0 2
1785 0 0 2 0 2
1786 0 0 2 0 2
1787 0 0 2 0 2
1788 0 0 2 0 2
1789 0 0 2 0 2
1790 0 0 2 0 2
1791 0 0 2 0 2
1792 0 0 2 0 2
1793 0 0 2 0 2
1794 0 0 2 0 2
1795 0 0 2 0 2
1796 0 0 2 0 2
1797 0 0 2 0 2
1798 0 0 2 0 2
1799 0 0 2 0 2
1800 0 0 2 0 2
1801 0 0 2 0 2
1802 0 0 2 0 2
1803 0 0 2 0 2
1804 0 0 2 0 2
1805 0 0 2 0 2
1806 0 0 2 0 2
1807 0 0 2 0 2
1808 0 0 2 0 2
1809 0 0 2 0 2
1810 0 0 2 0 2
1811 0 0 2 0 2
1812 0 0 2 0 2
1813 0 0 2 0 2
1814 0 0 2 0 2
1815 0 0 2 0 2
1816 0 0 2 0 2
1817 0 0 2 0 2
1818 0 0 2 0 2
1819 0 0 2 0 2
1820 0 0 2 0 2
1821 0 0 2 0 2
1822 0 0 2 0 2
1823 0 0 2 0 2
1824 0 0 2 0 2
1825 0 0 2 0 2
1826 0 0 2 0 2
1827 0 0 2 0 2
1828 0 0 2 0 2
1829 0 0 2 0 2
1830 0 0 2 0 2
1831 0 0 2 0 2
1832 0 0 2 0 2
1833 0 0 2 0 2
1834 0 0 2 0 2
1835 0 0 2 0 2
1836 0 0 2 0 2
1837 0 0 2 0 2
1838 0 0 2 0 2
1839 0 0 2 0 2
1840 0 0 2 0 2
1841 0 0 2 0 2
1842 0 0 2 0 2
1843 0 0 2 0 2
1844 0 0 2 0 2
1845 0 0 2 0 2
1846 0 0 2 0 2
1847 0 0 2 0 2
1848 0 0 2 0 2
1849 0 0 2 0 2
1850 0 0 2 0 2
1851 0 0 2 0 2
1852 0 0 2 0 2
1853 0 0 2 0 2
1854 0 0 2 0 2
1855 0 0 2 0 2
1856 0 0 2 0 2
1857 0 0 2 0 2
1858 0 0 2 0 2
1859 0 0 2 0 2
1860 0 0 2 0 2
1861 0 0 2 0 2
1862 0 0 2 0 2
1863 0 0 2 0 2
1864 0 0 2 0 2
1865 0 0 2 0 2
1866 0 0 2 0 2
1867 0 0 2 0 2
1868 0 0 2 0 2
1869 0 0 2 0 2
1870 0 0 2 0 2
1871 0 0 2 0 2
1872 0 0 2 0 2
1873 0 0 2 0 2
1874 0 0 2 0 2
1875 0 0 2 0 2
1876 0 0 2 0 2
1877 0 0 2 0 2
1878 0 0 2 0 2
1879 0 0 2 0 2
1880 0 0 2 0 2
1881 0 0 2 0 2
1882 0 0 2 0 2
1883 0 0 2 0 2
1884 0 0 2 0 2
1885 0 0 2 0 2
1886 0 0 2 0 2
1887 0 0 2 0 2
1888 0 0 2 0 2
1889 0 0 2 0 2
1890 0 0 2 0 2
1891 0 0 2 0 2
1892 0 0 2 0 2
1893 0 0 2 0 2
1894 0 0 2 0 2
1895 0 0 2 0 2
1896 0 0 2 0 2
1897 0 0 2 0 2
1898 0 0 2 0 2
1899 0 0 2 0 2
1900 0 0 2 0 2
1901 0 0 2 0 2
1902 0 0 2 0 2
1903 0 0 2 0 2
1904 0 0 2 0 2
1905 0 0 2 0 2
1906 0 0 2 0 2
1907 0 0 2 0 2
1908 0 0 2 0 2
1909 0 0 2 0 2
1910 0 0 2 0 2
1911 0 0 2 0 2
1912 0 0 2 0 2
1913 0 0 2 0 2
1914 0 0 2 0 2
1915 0 0 2 0 2
1916 0 0 2 0 2
1917 0 0 2 0 2
1918 0 0 2 0 2
1919 0 0 2 0 2
1920 0 0 2 0 2
1921 0 0 2 0 2
1922 0 0 2 0 2
1923 0 0 2 0 2
1924 0 0 2 0 2
1925 0 0 2 0 2
1926 0 0 2 0 2
1927 0 0 2 0 2
1928 0 0 2 0 2
1929 0 0 2 0 2
1930 0 0 2 0 2
1931 0 0 2 0 2
1932 0 0 2 0 2
1933 0 0 2 0 2
1934 0 0 2 0 2
1935 0 0 2 0 2
1936 0 0 2 0 2
1937 0 0 2 0 2
1938 0 0 2 0 2
1939 0 0 2 0 2
1940 0 0 2 0 2
1941 0 0 2 0 2
1942 0 0 2 0 2
1943 0 0 2 0 2
1944 0 0 2 0 2
1945 0 0 2 0 2
1946 0 0 2 0 2
1947 0 0 2 0 2
1948 0 0 2 0 2
1949 0 0 2 0 2
1950 0 0 2 0 2
1951 0 0 2 0 2
1952 0 0 2 0 2
1953 0 0 2 0 2
1954 0 0 2 0 2
1955 0 0 2 0 2
1956 0 0 2 0 2
1957 0 0 2 0 2
1958 0 0 2 0 2
1959 0 0 2 0 2
1960 0 0 2 0 2
1961 0 0 2 0 2
1962 0 0 2 0 2
1963 0 0 2 0 2
1964 0 0 2 0 2
1965 0 0 2 0 2
1966 0 0 2 0 2
1967 0 0 2 0 2
1968 0 0 2 0 2
1969 0 0 2 0 2
1970 0 0 2 0 2
1971 0 0 2 0 2
1972 0 0 2 0 2
1973 0 0 2 0 2
1974 0 0 2 0 2
1975 0 0 2 0 2
1976 0 0 2 0 2
1977 0 0 2 0 2
1978 0 0 2 0 2
1979 0 0 2 0 2
1980 0 0 2 0 2
1981 0 0 2 0 2
1982 0 0 2 0 2
1983 0 0 2 0 2
1984 0 0 2 0 2
1985 0 0 2 0 2
1986 0 0 2 0 2
1987 0 0 2 0 2
1988 0 0 2 0 2
1989 0 0 2 0 2
1990 0 0 2 0 2
1991 0 0 2 0 2
1992 0 0 2 0 2
1993 0 0 2 0 2
1994 0 0 2 0 2
1995 0 0 2 0 2
1996 0 0 2 0 2
1997 0 0 2 0 2
1998 0 0 2 0 2
1999 0 0 2 0 2
2000 0 0 2 0 2
2001 0 0 2 0 2
2002 0 0 2 0 2
2003 0 0 2 0 2
2004 0 0 2 0 2
2005 0 0 2 0 2
2006 0 0 2 0 2
2007 0 0 2 0 2
2008 0 0 2 0 2
2009 0 0 2 0 2
2010 2 0 2 0 2
2011 2 0 2 0 2
2012 2 0 2 0 2
2013 2 0 2 0 2
2014 2 0 2 0 2
2015 2 0 2 0 2
2016 2 0 2 0 2
2017 2 0 2 0 2
2018 2 0 2 0 2
2019 2 0 2 0 2
2020 2 0 2 0 2
2021 2 0 2 0 2
2022 2 0 2 0 2
2023 2 0 2 0 2
2024 2 0 2 0 2
2025 2 0 2 0 2
2026 2 0 2 0 2
2027 2 0 2 0 2
2028 2 0 2 0 2
2029 2 0 2 0 2
2030 2 0 0 2 2
2031 2 0 0 2 2
2032 2 0 0 2 2
2033 2 0 0 2 2
2034 2 0 0 2 2
2035 2 0 0 2 2
2036 2 0 0 2 2
2037 2 0 0 2 2
2038 2 0 0 2 2
2039 2 0 0 2 2
2040 2 0 0 0 2
2041 2 0 0 0 2
2042 2 0 0 0 2
2043 2 0 0 0 2
2044 2 0 0 0 2
2045 2 0 0 0 2
2046 2 0 0 0 2
2047 2 0 0 0 2
2048 2 0 0 0 2
2049 2 0 0 0 2
2050 2 0 0 0 2
2051 2 0 0 0 2
2052 2 0 0 0 2
2053 2 0 0 0 2
2054 2 0 0 0 2
2055 2 0 0 0 2
2056 2 0 0 0 2
2057 2 0 0 0 2
2058 2 0 0 0 2
2059 2 0 0 0 2
2060 2 0 0 0 2
2061 2 0 0 0 2
2062 2 0 0 0 2
2063 2 0 0 0 2
2064 2 0 0 0 2
2065 2 0 0 0 2
2066 2 0 0 0 2
2067 2 0 0 0 2
2068 2 0 0 0 2
2069 2 0 0 0 2
2070 2 0 0 0 2
2071 2 0 0 0 2
2072 2 0 0 0 2
2073 2 0 0 0 2
2074 2 0 0 0 2
2075 2 0 0 0 2
2076 2 0 0 0 2
2077 2 0 0 0 2
2078 2 0 0 0 2
2079 2 0 0 0 2
2080 2 0 0 0 2
2081 2 0 0 0 2
2082 2 0 0 0 2
2083 2 0 0 0 2
2084 2 0 0 0 2
2085 2 0 0 0 2
2086 2 0 0 0 2
2087 2 0 0 0 2
2088 2 0 0 0 2
2089 2 0 0 0 2
2090 2 0 0 0 2
2091 2 0 0 0 2
2092 2 0 0 0 2
2093 2 0 0 0 2
2094 2 0 0 0 2
2095 2 0 0 0 2
2096 2 0 0 0 2
2097 2 0 0 0 2
2098 2 0 0 0 2
2099 2 0 0 0 2
2100 2 0 0 0 2
2101 2 0 0 0 2
2102 2 0 0 0 2
2103 2 0 0 0 2
2104 2 0 0 0 2
2105 2 0 0 0 2
2106 2 0 0 0 2
2107 2 0 0 0 2
2108 2 0 0 0 2
2109 2 0 0 0 2
2110 2 0 0 0 2
2111 2 0 0 0 2
2112 2 0 0 0 2
2113 2 0 0 0 2
2114 2 0 0 0 2
2115 2 0 0 0 2
2116 2 0 0 0 2
2117 2 0 0 0 2
2118 2 0 0 0 2
2119 2 0 0 0 2
2120 2 0 0 0 2
2121 2 0 0 0 2
2122 2 0 0 0 2
2123 2 0 0 0 2
2124 2 0 0 0 2
2125 2 0 0 0 2
2126 2 0 0 0 2
2127 2 0 0 0 2
2128 2 0 0 0 2
2129 2 0 0 0 2
2130 2 0 0 0 2
2131 2 0 0 0 2
2132 2 0 0 0 2
2133 2 0 0 0 2
2134 2 0 0 0 2
2135 2 0 0 0 2
2136 2 0 0 0 2
2137 2 0 0 0 2
2138 2 0 0 0 2
2139 2 0 0 0 2
2140 2 0 0 0 2
2141 2 0 0 0 2
2142 2 0 0 0 2
2143 2 0 0 0 2
2144 2 0 0 0 2
2145 2 0 0 0 2
2146 2 0 0 0 2
2147 2 0 0 0 2
2148 2 0 0 0 2
2149 2 0 0 0 2
2150 2 0 0 0 2
2151 2 0 0 0 2
2152 2 0 0 0 2
2153 2 0 0 0 2
2154 2 0 0 0 2
2155 2 0 0 0 2
2156 2 0 0 0 2
2157 2 0 0 0 2
2158 2 0 0 0 2
2159 2 0 0 0 2
2160 2 0 0 0 2
2161 2 0 0 0 2
2162 2 0 0 0 2
2163 2 0 0 0 2
2164 2 0 0 0 2
2165 2 0 0 0 2
2166 2 0 0 0 2
2167 2 0 0 0 2
2168 2 0 0 0 2
2169 2 0 0 0 2
2170 2 0 0 0 2
2171 2 0 0 0 2
2172 2 0 0 0 2
2173 2 0 0 0 2
2174 2 0 0 0 2
2175 2 0 0 0 2
2176 2 0 0 0 2
2177 2 0 0 0 2
2178 2 0 0 0 2
2179 2 0 0 0 2
2180 2 0 0 0 2
2181 2 0 0 0 2
2182 2 0 0 0 2
2183 2 0 0 0 2
2184 2 0 0 0 2
2185 2 0 0 0 2
2186 2 0 0 0 2
2187 2 0 0 0 2
2188 2 0 0 0 2
2189 2 0 0 0 2
2190 2 0 0 0 2
2191 2 0 0 0 2
2192 2 0 0 0 2
2193 2 0 0 0 2
2194 2 0 0 0 2
2195 2 0 0 0 2
2196 2 0 0 0 2
2197 2 0 0 0 2
2198 2 0 0 0 2
2199 2 0 0 0 2
2200 2 0 0 0 2
2201 2 0 0 0 2
2202 2 0 0 0 2
2203 2 0 0 0 2
2204 2 0 0 0 2
2205 2 0 0 0 2
2206 2 0 0 0 2
2207 2 0 0 0 2
2208 2 0 0 0 2
2209 2 0 0 0 2
2210 2 0 0 0 2
2211 2 0 0 0 2
2212 2 0 0 0 2
2213 2 0 0 0 2
2214 2 0 0 0 2
2215 2 0 0 0 2
2216 2 0 0 0 2
2217 2 0 0 0 2
2218 2 0 0 0 2
2219 2 0 0 0 2
2220 2 0 0 0 2
2221 2 0 0 0 2
2222 2 0 0 0 2
2223 2 0 0 0 2
2224 2 0 0 0 2
2225 2 0 0 0 2
2226 2 0 0 0 2
2227 2 0 0 0 2
2228 2 0 0 0 2
2229 2 0 0 0 2
2230 2 0 0 0 0
2231 2 0 0 0 0
2232 2 0 0 0 0
2233 2 0 0 0 0
2234 2 0 0 0 0
2235 2 0 0 0 0
2236 2 0 0 0 0
2237 2 0 0 0 0
2238 2 0 0 0 0
2239 2 0 0 0 0
2240 2 0 0 0 0
2241 2 0 0 0 0
2242 2 0 0 0 0
2243 2 0 0 0 0
2244 2 0 0 0 0
2245 2 0 0 0 0
2246 2 0 0 0 0
2247 2 0 0 0 0
2248 2 0 0 0 0
2249 2 0 0 0 0
2250 2 0 0 0 0
2251 2 0 0 0 0
2252 2 0 0 0 0
2253 2 0 0 0 0
2254 2 0 0 0 0
2255 2 0 0 0 0
2256 2 0 0 0 0
2257 2 0 0 0 0
2258 2 0 0 0 0
2259 2 0 0 0 0
2260 2 0 0 0 0
2261 2 0 0 0 0
2262 2 0 0 0 0
2263 2 0 0 0 0
2264 2 0 0 0 0
2265 2 0 0 0 0
2266 2 0 0 0 0
2267 2 0 0 0 0
2268 2 0 0 0 0
2269 2 0 0 0 0
2270 2 0 0 0 0
2271 2 0 0 0 0
2272 2 0 0 0 0
2273 2 0 0 0 0
2274 2 0 0 0 0
2275 2 0 0 0 0
2276 2 0 0 0 0
2277 2 0 0 0 0
2278 2 0 0 0 0
2279 2 0 0 0 0
2280 2 0 0 0 0
2281 2 0 0 0 0
2282 2 0 0 0 0
2283 2 0 0 0 0
2284 2 0 0 0 0
2285 2 0 0 0 0
2286 2 0 0 0 0
2287 2 0 0 0 0
2288 2 0 0 0 0
2289 2 0 0 0 0
2290 2 0 0 0 0
2291 2 0 0 0 0
2292 2 0 0 0 0
2293 2 0 0 0 0
2294 2 0 0 0 0
2295 2 0 0 0 0
2296 2 0 0 0 0
2297 2 0 0 0 0
2298 2 0 0 0 0
2299 2 0 0 0 0
2300 2 0 0 0 0
2301 2 0 0 0 0
2302 2 0 0 0 0
2303 2 0 0 0 0
2304 2 0 0 0 0
2305 2 0 0 0 0
2306 2 0 0 0 0
2307 2 0 0 0 0
2308 2 0 0 0 0
2309 2 0 0 0 0
2310 2 0 0 0 0
2311 2 0 0 0 0
2312 2 0 0 0 0
2313 2 0 0 0 0
2314 2 0 0 0 0
2315 2 0 0 0 0
2316 2 0 0 0 0
2317 2 0 0 0 0
2318 2 0 0 0 0
2319 2 0 0 0 0
2320 2 0 0 0 0
2321 2 0 0 0 0
2322 2 0 0 0 0
2323 2 0 0 0 0
2324 2 0 0 0 0
2325 2 0 0 0 0
2326 2 0 0 0 0
2327 2 0 0 0 0
2328 2 0 0 0 0
2329 2 0 0 0 0
2330 2 0 0 0 0
2331 2 0 0 0 0
2332 2 0 0 0 0
2333 2 0 0 0 0
2334 2 0 0 0 0
2335 2 0 0 0 0
2336 2 0 0 0 0
2337 2 0 0 0 0
2338 2 0 0 0 0
2339 2 0 0 0 0
2340 2 0 0 2 0
2341 2 0 0 2 0
2342 2 0 0 2 0
2343 2 0 0 2 0
2344 2 0 0 2 0
2345 2 0 0 2 0
2346 2 0 0 2 0
2347 2 0 0 2 0
2348 2 0 0 2 0
2349 2 0 0 2 0
2350 2 0 0 2 0
2351 2 0 0 2 0
2352 2 0 0 2 0
2353 2 0 0 2 0
2354 2 0 0 2 0
2355 2 0 0 2 0
2356 2 0 0 2 0
2357 2 0 0 2 0
2358 2 0 0 2 0
2359 2 0 0 2 0
2360 2 0 0 2 0
2361 2 0 0 2 0
2362 2 0 0 2 0
2363 2 0 0 2 0
2364 2 0 0 2 0
2365 2 0 0 2 0
2366 2 0 0 2 0
2367 2 0 0 2 0
2368 2 0 0 2 0
2369 2 0 0 2 0
2370 2 0 0 2 0
2371 2 0 0 2 0
2372 2 0 0 2 0
2373 2 0 0 2 0
2374 2 0 0 2 0
2375 2 0 0 2 0
2376 2 0 0 2 0
2377 2 0 0 2 0
2378 2 0 0 2 0
2379 2 0 0 2 0
2380 2 0 0 2 0
2381 2 0 0 2 0
2382 2 0 0 2 0
2383 2 0 0 2 0
2384 2 0 0 2 0
2385 2 0 0 2 0
2386 2 0 0 2 0
2387 2 0 0 2 0
2388 2 0 0 2 0
2389 2 0 0 2 0
2390 2 0 0 2 0
2391 2 0 0 2 0
2392 2 0 0 2 0
2393 2 0 0 2 0
2394 2 0 0 2 0
2395 2 0 0 2 0
2396 2 0 0 2 0
2397 2 0 0 2 0
2398 2 0 0 2 0
2399 2 0 0 2 0
2400 2 0 0 2 0
2401 2 0 0 2 0
2402 2 0 0 2 0
2403 2 0 0 2 0
2404 2 0 0 2 0
2405 2 0 0 2 0
2406 2 0 0 2 0
2407 2 0 0 2 0
2408 2 0 0 2 0
2409 2 0 0 2 0
2410 2 0 0 2 0
2411 2 0 0 2 0
2412 2 0 0 2 0
2413 2 0 0 2 0
2414 2 0 0 2 0
2415 2 0 0 2 0
2416 2 0 0 2 0
2417 2 0 0 2 0
2418 2 0 0 2 0
2419 2 0 0 2 0
2420 2 0 2 0 0
2421 2 0 2 0 0
2422 2 0 2 0 0
2423 2 0 2 0 0
2424 2 0 2 0 0
2425 2 0 2 0 0
2426 2 0 2 0 0
2427 2 0 2 0 0
2428 2 0 2 0 0
2429 2 0 2 0 0
2430 2 0 2 0 0
2431 2 0 2 0 0
2432 2 0 2 0 0
2433 2 0 2 0 0
2434 2 0 2 0 0
2435 2 0 2 0 0
2436 2 0 2 0 0
2437 2 0 2 0 0
2438 2 0 2 0 0
2439 2 0 2 0 0
2440 2 0 2 0 0
2441 2 0 2 0 0
2442 2 0 2 0 0
2443 2 0 2 0 0
2444 2 0 2 0 0
2445 2 0 2 0 0
2446 2 0 2 0 0
2447 2 0 2 0 0
2448 2 0 2 0 0
2449 2 0 2 0 0
2450 0 0 2 0 0
2451 0 0 2 0 0
2452 0 0 2 0 0
2453 0 0 2 0 0
2454 0 0 2 0 0
2455 0 0 2 0 0
2456 0 0 2 0 0
2457 0 0 2 0 0
2458 0 0 2 0 0
2459 0 0 2 0 0
2460 0 0 2 0 0
2461 0 0 2 0 0
2462 0 0 2 0 0
2463 0 0 2 0 0
2464 0 0 2 0 0
2465 0 0 2 0 0
2466 0 0 2 0 0
2467 0 0 2 0 0
2468 0 0 2 0 0
2469 0 0 2 0 0
2470 0 0 2 0 0
2471 0 0 2 0 0
2472 0 0 2 0 0
2473 0 0 2 0 0
2474 0 0 2 0 0
2475 0 0 2 0 0
2476 0 0 2 0 0
2477 0 0 2 0 0
2478 0 0 2 0 0
2479 0 0 2 0 0
2480 0 0 2 0 0
2481 0 0 2 0 0
2482 0 0 2 0 0
2483 0 0 2 0 0
2484 0 0 2 0 0
2485 0 0 2 0 0
2486 0 0 2 0 0
2487 0 0 2 0 0
2488 0 0 2 0 0
2489 0 0 2 0 0
2490 0 0 2 0 0
2491 0 0 2 0 0
2492 0 0 2 0 0
2493 0 0 2 0 0
2494 0 0 2 0 0
2495 0 0 2 0 0
2496 0 0 2 0 0
2497 0 0 2 0 0
2498 0 0 2 0 0
2499 0 0 2 0 0
2500 0 0 2 0 0
2501 0 0 2 0 0
2502 0 0 2 0 0
2503 0 0 2 0 0
2504 0 0 2 0 0
2505 0 0 2 0 0
2506 0 0 2 0 0
2507 0 0 2 0 0
2508 0 0 2 0 0
2509 0 0 2 0 0
2510 0 0 2 0 0
2511 0 0 2 0 0
2512 0 0 2 0 0
2513 0 0 2 0 0
2514 0 0 2 0 0
2515 0 0 2 0 0
2516 0 0 2 0 0
2517 0 0 2 0 0
2518 0 0 2 0 0
2519 0 0 2 0 0
2520 0 0 2 0 0
2521 0 0 2 0 0
2522 0 0 2 0 0
2523 0 0 2 0 0
2524 0 0 2 0 0
2525 0 0 2 0 0
2526 0 0 2 0 0
2527 0 0 2 0 0
2528 0 0 2 0 0
2529 0 0 2 0 0
2530 0 0 2 0 0
2531 0 0 2 0 0
2532 0 0 2 0 0
2533 0 0 2 0 0
2534 0 0 2 0 0
2535 0 0 2 0 0
2536 0 0 2 0 0
2537 0 0 2 0 0
2538 0 0 2 0 0
2539 0 0 2 0 0
2540 0 0 2 0 0
2541 0 0 2 0 0
2542 0 0 2 0 0
2543 0 0 2 0 0
2544 0 0 2 0 0
2545 0 0 2 0 0
2546 0 0 2 0 0
2547 0 0 2 0 0
2548 0 0 2 0 0
2549 0 0 2 0 0
2550 0 0 2 0 0
2551 0 0 2 0 0
2552 0 0 2 0 0
2553 0 0 2 0 0
2554 0 0 2 0 0
2555 0 0 2 0 0
2556 0 0 2 0 0
2557 0 0 2 0 0
2558 0 0 2 0 0
2559 0 0 2 0 0
2560 0 0 2 0 0
2561 0 0 2 0 0
2562 0 0 2 0 0
2563 0 0 2 0 0
2564 0 0 2 0 0
2565 0 0 2 0 0
2566 0 0 2 0 0
2567 0 0 2 0 0
2568 0 0 2 0 0
2569 0 0 2 0 0
2570 0 0 2 0 0
2571 0 0 2 0 0
2572 0 0 2 0 0
2573 0 0 2 0 0
2574 0 0 2 0 0
2575 0 0 2 0 0
2576 0 0 2 0 0
2577 0 0 2 0 0
2578 0 0 2 0 0
2579 0 0 2 0 0
2580 0 0 2 0 0
2581 0 0 2 0 0
2582 0 0 2 0 0
2583 0 0 2 0 0
2584 0 0 2 0 0
2585 0 0 2 0 0
2586 0 0 2 0 0
2587 0 0 2 0 0
2588 0 0 2 0 0
2589 0 0 2 0 0
2590 0 0 2 0 0
2591 0 0 2 0 0
2592 0 0 2 0 0
2593 0 0 2 0 0
2594 0 0 2 0 0
2595 0 0 2 0 0
2596 0 0 2 0 0
2597 0 0 2 0 0
2598 0 0 2 0 0
2599 0 0 2 0 0
2600 0 0 2 0 0
2601 0 0 2 0 0
2602 0 0 2 0 0
2603 0 0 2 0 0
2604 0 0 2 0 0
2605 0 0 2 0 0
2606 0 0 2 0 0
2607 0 0 2 0 0
2608 0 0 2 0 0
2609 0 0 2 0 0
2610 0 0 2 0 0
2611 0 0 2 0 0
2612 0 0 2 0 0
2613 0 0 2 0 0
2614 0 0 2 0 0
2615 0 0 2 0 0
2616 0 0 2 0 0
2617 0 0 2 0 0
2618 0 0 2 0 0
2619 0 0 2 0 0
2620 0 0 2 0 1
2621 0 0 2 0 1
2622 0 0 2 0 1
2623 0 0 2 0 1
2624 0 0 2 0 1
2625 0 0 2 0 1
2626 0 0 2 0 1
2627 0 0 2 0 1
2628 0 0 2 0 1
2629 0 0 2 0 1
2630 0 0 2 0 1
2631 0 0 2 0 1
2632 0 0 2 0 1
2633 0 0 2 0 1
2634 0 0 2 0 1
2635 0 0 2 0 1
2636 0 0 2 0 1
2637 0 0 2 0 1
2638 0 0 2 0 1
2639 0 0 2 0 1
2640 0 0 2 0 1
2641 0 0 2 0 1
2642 0 0 2 0 1
2643 0 0 2 0 1
2644 0 0 2 0 1
2645 0 0 2 0 1
2646 0 0 2 0 1
2647 0 0 2 0 1
2648 0 0 2 0 1
2649 0 0 2 0 1
2650 0 0 2 0 1
2651 0 0 2 0 1
2652 0 0 2 0 1
2653 0 0 2 0 1
2654 0 0 2 0 1
2655 0 0 2 0 1
2656 0 0 2 0 1
2657 0 0 2 0 1
2658 0 0 2 0 1
2659 0 0 2 0 1
2660 0 0 2 0 1
2661 0 0 2 0 1
2662 0 0 2 0 1
2663 0 0 2 0 1
2664 0 0 2 0 1
2665 0 0 2 0 1
2666 0 0 2 0 1
2667 0 0 2 0 1
2668 0 0 2 0 1
2669 0 0 2 0 1
2670 0 0 2 0 2
2671 0 0 2 0 2
2672 0 0 2 0 2
2673 0 0 2 0 2
2674 0 0 2 0 2
2675 0 0 2 0 2
2676 0 0 2 0 2
2677 0 0 2 0 2
2678 0 0 2 0 2
2679 0 0 2 0 2
2680 0 0 2 0 2
2681 0 0 2 0 2
2682 0 0 2 0 2
2683 0 0 2 0 2
2684 0 0 2 0 2
2685 0 0 2 0 2
2686 0 0 2 0 2
2687 0 0 2 0 2
2688 0 0 2 0 2
2689 0 0 2 0 2
2690 0 0 2 0 2
2691 0 0 2 0 2
2692 0 0 2 0 2
2693 0 0 2 0 2
2694 0 0 2 0 2
2695 0 0 2 0 2
2696 0 0 2 0 2
2697 0 0 2 0 2
2698 0 0 2 0 2
2699 0 0 2 0 2
2700 0 0 2 0 2
2701 0 0 2 0 2
2702 0 0 2 0 2
2703 0 0 2 0 2
2704 0 0 2 0 2
2705 0 0 2 0 2
2706 0 0 2 0 2
2707 0 0 2 0 2
2708 0 0 2 0 2
2709 0 0 2 0 2
2710 0 0 2 0 2
2711 0 0 2 0 2
2712 0 0 2 0 2
2713 0 0 2 0 2
2714 0 0 2 0 2
2715 0 0 2 0 2
2716 0 0 2 0 2
2717 0 0 2 0 2
2718 0 0 2 0 2
2719 0 0 2 0 2
2720 0 0 2 0 2
2721 0 0 2 0 2
2722 0 0 2 0 2
2723 0 0 2 0 2
2724 0 0 2 0 2
2725 0 0 2 0 2
2726 0 0 2 0 2
2727 0 0 2 0 2
2728 0 0 2 0 2
2729 0 0 2 0 2
2730 0 0 2 0 2
2731 0 0 2 0 2
2732 0 0 2 0 2
2733 0 0 2 0 2
2734 0 0 2 0 2
2735 0 0 2 0 2
2736 0 0 2 0 2
2737 0 0 2 0 2
2738 0 0 2 0 2
2739 0 0 2 0 2
2740 0 0 2 0 2
2741 0 0 2 0 2
2742 0 0 2 0 2
2743 0 0 2 0 2
2744 0 0 2 0 2
2745 0 0 2 0 2
2746 0 0 2 0 2
2747 0 0 2 0 2
2748 0 0 2 0 2
2749 0 0 2 0 2
2750 0 0 2 0 2
2751 0 0 2 0 2
2752 0 0 2 0 2
2753 0 0 2 0 2
2754 0 0 2 0 2
2755 0 0 2 0 2
2756 0 0 2 0 2
2757 0 0 2 0 2
2758 0 0 2 0 2
2759 0 0 2 0 2
2760 0 0 2 0 2
2761 0 0 2 0 2
2762 0 0 2 0 2
2763 0 0 2 0 2
2764 0 0 2 0 2
2765 0 0 2 0 2
2766 0 0 2 0 2
2767 0 0 2 0 2
2768 0 0 2 0 2
2769 0 0 2 0 2
2770 0 0 2 0 2
2771 0 0 2 0 2
2772 0 0 2 0 2
2773 0 0 2 0 2
2774 0 0 2 0 2
2775 0 0 2 0 2
2776 0 0 2 0 2
2777 0 0 2 0 2
2778 0 0 2 0 2
2779 0 0 2 0 2
2780 0 0 2 0 2
2781 0 0 2 0 2
2782 0 0 2 0 2
2783 0 0 2 0 2
2784 0 0 2 0 2
2785 0 0 2 0 2
2786 0 0 2 0 2
2787 0 0 2 0 2
2788 0 0 2 0 2
2789 0 0 2 0 2
2790 0 0 2 0 2
2791 0 0 2 0 2
2792 0 0 2 0 2
2793 0 0 2 0 2
2794 0 0 2 0 2
2795 0 0 2 0 2
2796 0 0 2 0 2
2797 0 0 2 0 2
2798 0 0 2 0 2
2799 0 0 2 0 2
2800 0 0 2 0 2
2801 0 0 2 0 2
2802 0 0 2 0 2
2803 0 0 2 0 2
2804 0 0 2 0 2
2805 0 0 2 0 2
2806 0 0 2 0 2
2807 0 0 2 0 2
2808 0 0 2 0 2
2809 0 0 2 0 2
2810 0 0 2 0 2
2811 0 0 2 0 2
2812 0 0 2 0 2
2813 0 0 2 0 2
2814 0 0 2 0 2
2815 0 0 2 0 2
2816 0 0 2 0 2
2817 0 0 2 0 2
2818 0 0 2 0 2
2819 0 0 2 0 2
2820 0 0 2 0 2
2821 0 0 2 0 2
2822 0 0 2 0 2
2823 0 0 2 0 2
2824 0 0 2 0 2
2825 0 0 2 0 2
2826 0 0 2 0 2
2827 0 0 2 0 2
2828 0 0 2 0 2
2829 0 0 2 0 2
2830 0 2 2 0 2
2831 0 2 2 0 2
2832 0 2 2 0 2
2833 0 2 2 0 2
2834 0 2 2 0 2
2835 0 2 2 0 2
2836 0 2 2 0 2
2837 0 2 2 0 2
2838 0 2 2 0 2
2839 0 2 2 0 2
2840 0 2 2 0 2
2841 0 2 2 0 2
2842 0 2 2 0 2
2843 0 2 2 0 2
2844 0 2 2 0 2
2845 0 2 2 0 2
2846 0 2 2 0 2
2847 0 2 2 0 2
2848 0 2 2 0 2
2849 0 2 2 0 2
2850 0 2 2 0 2
2851 0 2 2 0 2
2852 0 2 2 0 2
2853 0 2 2 0 2
2854 0 2 2 0 2
2855 0 2 2 0 2
2856 0 2 2 0 2
2857 0 2 2 0 2
2858 0 2 2 0 2
2859 0 2 2 0 2
2860 0 2 2 0 2
2861 0 2 2 0 2
2862 0 2 2 0 2
2863 0 2 2 0 2
2864 0 2 2 0 2
2865 0 2 2 0 2
2866 0 2 2 0 2
2867 0 2 2 0 2
2868 0 2 2 0 2
2869 0 2 2 0 2
2870 2 0 2 0 2
2871 2 0 2 0 2
2872 2 0 2 0 2
2873 2 0 2 0 2
2874 2 0 2 0 2
2875 2 0 2 0 2
2876 2 0 2 0 2
2877 2 0 2 0 2
2878 2 0 2 0 2
2879 2 0 2 0 2
2880 2 0 2 0 2
2881 2 0 2 0 2
2882 2 0 2 0 2
2883 2 0 2 0 2
2884 2 0 2 0 2
2885 2 0 2 0 2
2886 2 0 2 0 2
2887 2 0 2 0 2
2888 2 0 2 0 2
2889 2 0 2 0 2
2890 2 0 0 0 2
2891 2 0 0 0 2
2892 2 0 0 0 2
2893 2 0 0 0 2
2894 2 0 0 0 2
2895 2 0 0 0 2
2896 2 0 0 0 2
2897 2 0 0 0 2
2898 2 0 0 0 2
2899 2 0 0 0 2
2900 2 0 0 2 2
2901 2 0 0 0 2
2902 2 0 0 0 2
2903 2 0 0 0 2
2904 2 0 0 0 2
2905 2 0 0 0 2
2906 2 0 0 0 2
2907 2 0 0 0 2
2908 2 0 0 0 2
2909 2 0 0 0 2
2910 2 0 0 0 2
2911 2 0 0 0 2
2912 2 0 0 0 2
2913 2 0 0 0 2
2914 2 0 0 0 2
2915 2 0 0 0 2
2916 2 0 0 0 2
2917 2 0 0 0 2
2918 2 0 0 0 2
2919 2 0 0 0 2
2920 2 0 0 0 2
2921 2 0 0 0 2
2922 2 0 0 0 2
2923 2 0 0 0 2
2924 2 0 0 0 2
2925 2 0 0 0 2
2926 2 0 0 0 2
2927 2 0 0 0 2
2928 2 0 0 0 2
2929 2 0 0 0 2
2930 2 0 0 0 2
2931 2 0 0 0 2
2932 2 0 0 0 2
2933 2 0 0 0 2
2934 2 0 0 0 2
2935 2 0 0 0 2
2936 2 0 0 0 2
2937 2 0 0 0 2
2938 2 0 0 0 2
2939 2 0 0 0 2
2940 2 0 0 0 2
2941 2 0 0 0 2
2942 2 0 0 0 2
2943 2 0 0 0 2
2944 2 0 0 0 2
2945 2 0 0 0 2
2946 2 0 0 0 2
2947 2 0 0 0 2
2948 2 0 0 0 2
2949 2 0 0 0 2
2950 2 0 0 0 2
2951 2 0 0 0 2
2952 2 0 0 0 2
2953 2 0 0 0 2
2954 2 0 0 0 2
2955 2 0 0 0 2
2956 2 0 0 0 2
2957 2 0 0 0 2
2958 2 0 0 0 2
2959 2 0 0 0 2
2960 2 0 5 0 2
2961 2 0 5 0 2
2962 2 0 5 0 2
2963 2 0 5 0 2
2964 2 0 5 0 2
2965 2 0 5 0 2
2966 2 0 5 0 2
2967 2 0 5 0 2
2968 2 0 5 0 2
2969 2 0 5 0 2
2970 2 0 5 0 2
2971 2 0 5 0 2
2972 2 0 5 0 2
2973 2 0 5 0 2
2974 2 0 5 0 2
2975 2 0 5 0 2
2976 2 0 5 0 2
2977 2 0 5 0 2
2978 2 0 5 0 2
2979 2 0 5 0 2
2980 2 0 5 0 2
2981 2 0 5 0 2
2982 2 0 5 0 2
2983 2 0 5 0 2
2984 2 0 5 0 2
2985 2 0 5 0 2
2986 2 0 5 0 2
2987 2 0 5 0 2
2988 2 0 5 0 2
2989 2 0 5 0 2
2990 2 0 5 0 2
2991 2 0 5 0 2
2992 2 0 5 0 2
2993 2 0 5 0 2
2994 2 0 5 0 2
2995 2 0 5 0 2
2996 2 0 5 0 2
2997 2 0 5 0 2
2998 2 0 5 0 2
2999 2 0 5 0 2
3000 2 0 5 0 2
3001 2 0 5 0 2
3002 2 0 5 0 2
3003 2 0 5 0 2
3004 2 0 5 0 2
3005 2 0 5 0 2
3006 2 0 5 0 2
3007 2 0 5 0 2
3008 2 0 5 0 2
3009 2 0 5 0 2
3010 2 0 5 0 2
3011 2 0 5 0 2
3012 2 0 5 0 2
3013 2 0 5 0 2
3014 2 0 5 0 2
3015 2 0 5 0 2
3016 2 0 5 0 2
3017 2 0 5 0 2
3018 2 0 5 0 2
3019 2 0 5 0 2
3020 2 0 5 0 2
3021 2 0 5 0 2
3022 2 0 5 0 2
3023 2 0 5 0 2
3024 2 0 5 0 2
3025 2 0 5 0 2
3026 2 0 5 0 2
3027 2 0 5 0 2
3028 2 0 5 0 2
3029 2 0 5 0 2
3030 2 0 5 0 2
3031 2 0 5 0 2
3032 2 0 5 0 2
3033 2 0 5 0 2
3034 2 0 5 0 2
3035 2 0 5 0 2
3036 2 0 5 0 2
3037 2 0 5 0 2
3038 2 0 5 0 2
3039 2 0 5 0 2
3040 2 0 5 0 2
3041 2 0 5 0 2
3042 2 0 5 0 2
3043 2 0 5 0 2
3044 2 0 5 0 2
3045 2 0 5 0 2
3046 2 0 5 0 2
3047 2 0 5 0 2
3048 2 0 5 0 2
3049 2 0 5 0 2
3050 2 0 5 0 2
3051 2 0 5 0 2
3052 2 0 5 0 2
3053 2 0 5 0 2
3054 2 0 5 0 2
3055 2 0 5 0 2
3056 2 0 5 0 2
3057 2 0 5 0 2
3058 2 0 5 0 2
3059 2 0 5 0 2
3060 2 0 5 0 2
3061 2 0 5 0 2
3062 2 0 5 0 2
3063 2 0 5 0 2
3064 2 0 5 0 2
3065 2 0 5 0 2
3066 2 0 5 0 2
3067 2 0 5 0 2
3068 2 0 5 0 2
3069 2 0 5 0 2
3070 2 0 5 0 2
3071 2 0 5 0 2
3072 2 0 5 0 2
3073 2 0 5 0 2
3074 2 0 5 0 2
3075 2 0 5 0 2
3076 2 0 5 0 2
3077 2 0 5 0 2
3078 2 0 5 0 2
3079 2 0 5 0 2
3080 2 0 5 0 2
3081 2 0 5 0 2
3082 2 0 5 0 2
3083 2 0 5 0 2
3084 2 0 5 0 2
3085 2 0 5 0 2
3086 2 0 5 0 2
3087 2 0 5 0 2
3088 2 0 5 0 2
3089 2 0 5 0 2
3090 2 0 5 0 2
3091 2 0 5 0 2
3092 2 0 5 0 2
3093 2 0 5 0 2
3094 2 0 5 0 2
3095 2 0 5 0 2
3096 2 0 5 0 2
3097 2 0 5 0 2
3098 2 0 5 0 2
3099 2 0 5 0 2
3100 2 0 5 0 2
3101 2 0 5 0 2
3102 2 0 5 0 2
3103 2 0 5 0 2
3104 2 0 5 0 2
3105 2 0 5 0 2
3106 2 0 5 0 2
3107 2 0 5 0 2
3108 2 0 5 0 2
3109 2 0 5 0 2
3110 2 0 5 0 2
3111 2 0 5 0 2
3112 2 0 5 0 2
3113 2 0 5 0 2
3114 2 0 5 0 2
3115 2 0 5 0 2
3116 2 0 5 0 2
3117 2 0 5 0 2
3118 2 0 5 0 2
3119 2 0 5 0 2
3120 2 0 5 0 2
3121 2 0 5 0 2
3122 2 0 5 0 2
3123 2 0 5 0 2
3124 2 0 5 0 2
3125 2 0 5 0 2
3126 2 0 5 0 2
3127 2 0 5 0 2
3128 2 0 5 0 2
3129 2 0 5 0 2
3130 2 0 5 0 2
3131 2 0 5 0 2
3132 2 0 5 0 2
3133 2 0 5 0 2
3134 2 0 5 0 2
3135 2 0 5 0 2
3136 2 0 5 0 2
3137 2 0 5 0 2
3138 2 0 5 0 2
3139 2 0 5 0 2
3140 2 0 5 0 0
3141 2 0 5 0 0
3142 2 0 5 0 0
3143 2 0 5 0 0
3144 2 0 5 0 0
3145 2 0 5 0 0
3146 2 0 5 0 0
3147 2 0 5 0 0
3148 2 0 5 0 0
3149 2 0 5 0 0
3150 2 0 5 0 0
3151 2 0 5 0 0
3152 2 0 5 0 0
3153 2 0 5 0 0
3154 2 0 5 0 0
3155 2 0 5 0 0
3156 2 0 5 0 0
3157 2 0 5 0 0
3158 2 0 5 0 0
3159 2 0 5 0 0
3160 2 0 5 0 0
3161 2 0 5 0 0
3162 2 0 5 0 0
3163 2 0 5 0 0
3164 2 0 5 0 0
3165 2 0 5 0 0
3166 2 0 5 0 0
3167 2 0 5 0 0
3168 2 0 5 0 0
3169 2 0 5 0 0
3170 2 0 0 0 0
3171 2 0 0 0 0
3172 2 0 0 0 0
3173 2 0 0 0 0
3174 2 0 0 0 0
3175 2 0 0 0 0
3176 2 0 0 0 0
3177 2 0 0 0 0
3178 2 0 0 0 0
3179 2 0 0 0 0
3180 2 0 0 0 0
3181 2 0 0 0 0
3182 2 0 0 0 0
3183 2 0 0 0 0
3184 2 0 0 0 0
3185 2 0 0 0 0
3186 2 0 0 0 0
3187 2 0 0 0 0
3188 2 0 0 0 0
3189 2 0 0 0 0
3190 2 0 0 0 0
3191 2 0 0 0 0
3192 2 0 0 0 0
3193 2 0 0 0 0
3194 2 0 0 0 0
3195 2 0 0 0 0
3196 2 0 0 0 0
3197 2 0 0 0 0
3198 2 0 0 0 0
3199 2 0 0 0 0
3200 2 0 0 0 0
3201 2 0 0 0 0
3202 2 0 0 0 0
3203 2 0 0 0 0
3204 2 0 0 0 0
3205 2 0 0 0 0
3206 2 0 0 0 0
3207 2 0 0 0 0
3208 2 0 0 0 0
3209 2 0 0 0 0
3210 2 0 0 0 0
3211 2 0 0 0 0
3212 2 0 0 0 0
3213 2 0 0 0 0
3214 2 0 0 0 0
3215 2 0 0 0 0
3216 2 0 0 0 0
3217 2 0 0 0 0
3218 2 0 0 0 0
3219 2 0 0 0 0
3220 2 0 0 0 0
3221 2 0 0 0 0
3222 2 0 0 0 0
3223 2 0 0 0 0
3224 2 0 0 0 0
3225 2 0 0 0 0
3226 2 0 0 0 0
3227 2 0 0 0 0
3228 2 0 0 0 0
3229 2 0 0 0 0
3230 2 0 0 0 0
3231 2 0 0 0 0
3232 2 0 0 0 0
3233 2 0 0 0 0
3234 2 0 0 0 0
3235 2 0 0 0 0
3236 2 0 0 0 0
3237 2 0 0 0 0
3238 2 0 0 0 0
3239 2 0 0 0 0
3240 2 0 2 0 0
3241 2 0 2 0 0
3242 2 0 2 0 0
3243 2 0 2 0 0
3244 2 0 2 0 0
3245 2 0 2 0 0
3246 2 0 2 0 0
3247 2 0 2 0 0
3248 2 0 2 0 0
3249 2 0 2 0 0
3250 0 0 2 0 0
3251 0 0 2 0 0
3252 0 0 2 0 0
3253 0 0 2 0 0
3254 0 0 2 0 0
3255 0 0 2 0 0
3256 0 0 2 0 0
3257 0 0 2 0 0
3258 0 0 2 0 0
3259 0 0 2 0 0
3260 0 0 2 0 0
3261 0 0 2 0 0
3262 0 0 2 0 0
3263 0 0 2 0 0
3264 0 0 2 0 0
3265 0 0 2 0 0
3266 0 0 2 0 0
3267 0 0 2 0 0
3268 0 0 2 0 0
3269 0 0 2 0 0
3270 0 0 2 0 0
3271 0 0 2 0 0
3272 0 0 2 0 0
3273 0 0 2 0 0
3274 0 0 2 0 0
3275 0 0 2 0 0
3276 0 0 2 0 0
3277 0 0 2 0 0
3278 0 0 2 0 0
3279 0 0 2 0 0
3280 0 0 2 0 0
3281 0 0 2 0 0
3282 0 0 2 0 0
3283 0 0 2 0 0
3284 0 0 2 0 0
3285 0 0 2 0 0
3286 0 0 2 0 0
3287 0 0 2 0 0
3288 0 0 2 0 0
3289 0 0 2 0 0
3290 0 0 2 0 0
3291 0 0 2 0 0
3292 0 0 2 0 0
3293 0 0 2 0 0
3294 0 0 2 0 0
3295 0 0 2 0 0
3296 0 0 2 0 0
3297 0 0 2 0 0
3298 0 0 2 0 0
3299 0 0 2 0 0
3300 0 0 2 0 0
3301 0 0 2 0 0
3302 0 0 2 0 0
3303 0 0 2 0 0
3304 0 0 2 0 0
3305 0 0 2 0 0
3306 0 0 2 0 0
3307 0 0 2 0 0
3308 0 0 2 0 0
3309 0 0 2 0 0
3310 0 0 2 0 0
3311 0 0 2 0 0
3312 0 0 2 0 0
3313 0 0 2 0 0
3314 0 0 2 0 0
3315 0 0 2 0 0
3316 0 0 2 0 0
3317 0 0 2 0 0
3318 0 0 2 0 0
3319 0 0 2 0 0
3320 0 0 2 0 0
3321 0 0 2 0 0
3322 0 0 2 0 0
3323 0 0 2 0 0
3324 0 0 2 0 0
3325 0 0 2 0 0
3326 0 0 2 0 0
3327 0 0 2 0 0
3328 0 0 2 0 0
3329 0 0 2 0 0
3330 0 0 2 0 0
3331 0 0 2 0 0
3332 0 0 2 0 0
3333 0 0 2 0 0
3334 0 0 2 0 0
3335 0 0 2 0 0
3336 0 0 2 0 0
3337 0 0 2 0 0
3338 0 0 2 0 0
3339 0 0 2 0 0
3340 0 0 2 0 0
3341 0 0 2 0 0
3342 0 0 2 0 0
3343 0 0 2 0 0
3344 0 0 2 0 0
3345 0 0 2 0 0
3346 0 0 2 0 0
3347 0 0 2 0 0
3348 0 0 2 0 0
3349 0 0 2 0 0
3350 0 0 2 0 0
3351 0 0 2 0 0
3352 0 0 2 0 0
3353 0 0 2 0 0
3354 0 0 2 0 0
3355 0 0 2 0 0
3356 0 0 2 0 0
3357 0 0 2 0 0
3358 0 0 2 0 0
3359 0 0 2 0 0
3360 0 0 2 0 0
3361 0 0 2 0 0
3362 0 0 2 0 0
3363 0 0 2 0 0
3364 0 0 2 0 0
3365 0 0 2 0 0
3366 0 0 2 0 0
3367 0 0 2 0 0
3368 0 0 2 0 0
3369 0 0 2 0 0
3370 0 0 2 0 1
3371 0 0 2 0 1
3372 0 0 2 0 1
3373 0 0 2 0 1
3374 0 0 2 0 1
3375 0 0 2 0 1
3376 0 0 2 0 1
3377 0 0 2 0 1
3378 0 0 2 0 1
3379 0 0 2 0 1
3380 0 0 2 0 1
3381 0 0 2 0 1
3382 0 0 2 0 1
3383 0 0 2 0 1
3384 0 0 2 0 1
3385 0 0 2 0 1
3386 0 0 2 0 1
3387 0 0 2 0 1
3388 0 0 2 0 1
3389 0 0 2 0 1
3390 0 0 2 0 1
3391 0 0 2 0 1
3392 0 0 2 0 1
3393 0 0 2 0 1
3394 0 0 2 0 1
3395 0 0 2 0 1
3396 0 0 2 0 1
3397 0 0 2 0 1
3398 0 0 2 0 1
3399 0 0 2 0 1
3400 0 0 2 0 1
3401 0 0 2 0 1
3402 0 0 2 0 1
3403 0 0 2 0 1
3404 0 0 2 0 1
3405 0 0 2 0 1
3406 0 0 2 0 1
3407 0 0 2 0 1
3408 0 0 2 0 1
3409 0 0 2 0 1
3410 0 0 2 0 0
3411 0 0 2 0 0
3412 0 0 2 0 0
3413 0 0 2 0 0
3414 0 0 2 0 0
3415 0 0 2 0 0
3416 0 0 2 0 0
3417 0 0 2 0 0
3418 0 0 2 0 0
3419 0 0 2 0 0
3420 0 0 2 0 0
3421 0 0 2 0 0
3422 0 0 2 0 0
3423 0 0 2 0 0
3424 0 0 2 0 0
3425 0 0 2 0 0
3426 0 0 2 0 0
3427 0 0 2 0 0
3428 0 0 2 0 0
3429 0 0 2 0 0
3430 0 0 2 0 1
3431 0 0 2 0 1
3432 0 0 2 0 1
3433 0 0 2 0 1
3434 0 0 2 0 1
3435 0 0 2 0 1
3436 0 0 2 0 1
3437 0 0 2 0 1
3438 0 0 2 0 1
3439 0 0 2 0 1
3440 0 0 2 0 1
3441 0 0 2 0 1
3442 0 0 2 0 1
3443 0 0 2 0 1
3444 0 0 2 0 1
3445 0 0 2 0 1
3446 0 0 2 0 1
3447 0 0 2 0 1
3448 0 0 2 0 1
3449 0 0 2 0 1
3450 0 0 2 0 0
3451 0 0 2 0 0
3452 0 0 2 0 0
3453 0 0 2 0 0
3454 0 0 2 0 0
3455 0 0 2 0 0
3456 0 0 2 0 0
3457 0 0 2 0 0
3458 0 0 2 0 0
3459 0 0 2 0 0
3460 0 0 2 0 0
3461 0 0 2 0 0
3462 0 0 2 0 0
3463 0 0 2 0 0
3464 0 0 2 0 0
3465 0 0 2 0 0
3466 0 0 2 0 0
3467 0 0 2 0 0
3468 0 0 2 0 0
3469 0 0 2 0 0
3470 0 0 2 0 0
3471 0 0 2 0 0
3472 0 0 2 0 0
3473 0 0 2 0 0
3474 0 0 2 0 0
3475 0 0 2 0 0
3476 0 0 2 0 0
3477 0 0 2 0 0
3478 0 0 2 0 0
3479 0 0 2 0 0
3480 0 0 2 0 0
3481 0 0 2 0 0
3482 0 0 2 0 0
3483 0 0 2 0 0
3484 0 0 2 0 0
3485 0 0 2 0 0
3486 0 0 2 0 0
3487 0 0 2 0 0
3488 0 0 2 0 0
3489 0 0 2 0 0
3490 0 0 2 0 2
3491 0 0 2 0 2
3492 0 0 2 0 2
3493 0 0 2 0 2
3494 0 0 2 0 2
3495 0 0 2 0 2
3496 0 0 2 0 2
3497 0 0 2 0 2
3498 0 0 2 0 2
3499 0 0 2 0 2
3500 0 0 2 0 1
3501 0 0 2 0 1
3502 0 0 2 0 1
3503 0 0 2 0 1
3504 0 0 2 0 1
3505 0 0 2 0 1
3506 0 0 2 0 1
3507 0 0 2 0 1
3508 0 0 2 0 1
3509 0 0 2 0 1
3510 0 0 2 0 1
3511 0 0 2 0 1
3512 0 0 2 0 1
3513 0 0 2 0 1
3514 0 0 2 0 1
3515 0 0 2 0 1
3516 0 0 2 0 1
3517 0 0 2 0 1
3518 0 0 2 0 1
3519 0 0 2 0 1
3520 0 0 2 0 1
3521 0 0 2 0 1
3522 0 0 2 0 1
3523 0 0 2 0 1
3524 0 0 2 0 1
3525 0 0 2 0 1
3526 0 0 2 0 1
3527 0 0 2 0 1
3528 0 0 2 0 1
3529 0 0 2 0 1
3530 0 0 2 0 1
3531 0 0 2 0 1
3532 0 0 2 0 1
3533 0 0 2 0 1
3534 0 0 2 0 1
3535 0 0 2 0 1
3536 0 0 2 0 1
3537 0 0 2 0 1
3538 0 0 2 0 1
3539 0 0 2 0 1
3540 5 0 2 0 1
3541 5 0 2 0 1
3542 5 0 2 0 1
3543 5 0 2 0 1
3544 5 0 2 0 1
3545 5 0 2 0 1
3546 5 0 2 0 1
3547 5 0 2 0 1
3548 5 0 2 0 1
3549 5 0 2 0 1
3550 5 0 2 0 1
3551 5 0 2 0 1
3552 5 0 2 0 1
3553 5 0 2 0 1
3554 5 0 2 0 1
3555 5 0 2 0 1
3556 5 0 2 0 1
3557 5 0 2 0 1
3558 5 0 2 0 1
3559 5 0 2 0 1
3560 5 0 2 0 1
3561 5 0 2 0 1
3562 5 0 2 0 1
3563 5 0 2 0 1
3564 5 0 2 0 1
3565 5 0 2 0 1
3566 5 0 2 0 1
3567 5 0 2 0 1
3568 5 0 2 0 1
3569 5 0 2 0 1
3570 5 0 2 0 1
3571 5 0 2 0 1
3572 5 0 2 0 1
3573 5 0 2 0 1
3574 5 0 2 0 1
3575 5 0 2 0 1
3576 5 0 2 0 1
3577 5 0 2 0 1
3578 5 0 2 0 1
3579 5 0 2 0 1
3580 5 0 2 0 0
3581 5 0 2 0 0
3582 5 0 2 0 0
3583 5 0 2 0 0
3584 5 0 2 0 0
3585 5 0 2 0 0
3586 5 0 2 0 0
3587 5 0 2 0 0
3588 5 0 2 0 0
3589 5 0 2 0 0
3590 5 0 2 0 2
3591 5 0 2 0 2
3592 5 0 2 0 2
3593 5 0 2 0 2
3594 5 0 2 0 2
3595 5 0 2 0 2
3596 5 0 2 0 2
3597 5 0 2 0 2
3598 5 0 2 0 2
3599 5 0 2 0 2
3600 5 0 2 0 2
3601 5 0 2 0 2
3602 5 0 2 0 2
3603 5 0 2 0 2
3604 5 0 2 0 2
3605 5 0 2 0 2
3606 5 0 2 0 2
3607 5 0 2 0 2
3608 5 0 2 0 2
3609 5 0 2 0 2
3610 5 0 2 0 2
3611 5 0 2 0 2
3612 5 0 2 0 2
3613 5 0 2 0 2
3614 5 0 2 0 2
3615 5 0 2 0 2
3616 5 0 2 0 2
3617 5 0 2 0 2
3618 5 0 2 0 2
3619 5 0 2 0 2
3620 5 0 2 0 2
3621 5 0 2 0 2
3622 5 0 2 0 2
3623 5 0 2 0 2
3624 5 0 2 0 2
3625 5 0 2 0 2
3626 5 0 2 0 2
3627 5 0 2 0 2
3628 5 0 2 0 2
3629 5 0 2 0 2
3630 5 0 2 0 2
3631 5 0 2 0 2
3632 5 0 2 0 2
3633 5 0 2 0 2
3634 5 0 2 0 2
3635 5 0 2 0 2
3636 5 0 2 0 2
3637 5 0 2 0 2
3638 5 0 2 0 2
3639 5 0 2 0 2
3640 5 0 2 0 2
3641 5 0 2 0 2
3642 5 0 2 0 2
3643 5 0 2 0 2
3644 5 0 2 0 2
3645 5 0 2 0 2
3646 5 0 2 0 2
3647 5 0 2 0 2
3648 5 0 2 0 2
3649 5 0 2 0 2
3650 5 0 2 0 2
3651 5 0 2 0 2
3652 5 0 2 0 2
3653 5 0 2 0 2
3654 5 0 2 0 2
3655 5 0 2 0 2
3656 5 0 2 0 2
3657 5 0 2 0 2
3658 5 0 2 0 2
3659 5 0 2 0 2
3660 5 0 2 0 2
3661 5 0 2 0 2
3662 5 0 2 0 2
3663 5 0 2 0 2
3664 5 0 2 0 2
3665 5 0 2 0 2
3666 5 0 2 0 2
3667 5 0 2 0 2
3668 5 0 2 0 2
3669 5 0 2 0 2
3670 5 0 2 0 2
3671 5 0 2 0 2
3672 5 0 2 0 2
3673 5 0 2 0 2
3674 5 0 2 0 2
3675 5 0 2 0 2
3676 5 0 2 0 2
3677 5 0 2 0 2
3678 5 0 2 0 2
3679 5 0 2 0 2
3680 0 0 2 0 2
3681 0 0 2 0 2
3682 0 0 2 0 2
3683 0 0 2 0 2
3684 0 0 2 0 2
3685 0 0 2 0 2
3686 0 0 2 0 2
3687 0 0 2 0 2
3688 0 0 2 0 2
3689 0 0 2 0 2
3690 0 0 2 0 2
3691 0 0 2 0 2
3692 0 0 2 0 2
3693 0 0 2 0 2
3694 0 0 2 0 2
3695 0 0 2 0 2
3696 0 0 2 0 2
3697 0 0 2 0 2
3698 0 0 2 0 2
3699 0 0 2 0 2
3700 0 0 2 0 2
3701 0 0 2 0 2
3702 0 0 2 0 2
3703 0 0 2 0 2
3704 0 0 2 0 2
3705 0 0 2 0 2
3706 0 0 2 0 2
3707 0 0 2 0 2
3708 0 0 2 0 2
3709 0 0 2 0 2
3710 0 0 2 0 2
3711 0 0 2 0 2
3712 0 0 2 0 2
3713 0 0 2 0 2
3714 0 0 2 0 2
3715 0 0 2 0 2
3716 0 0 2 0 2
3717 0 0 2 0 2
3718 0 0 2 0 2
3719 0 0 2 0 2
3720 0 2 2 0 2
3721 0 2 2 0 2
3722 0 2 2 0 2
3723 0 2 2 2 2
3724 0 2 2 2 2
3725 0 2 2 2 2
3726 0 2 2 2 2
3727 0 2 2 2 2
3728 0 2 2 2 2
3729 0 2 2 2 2
3730 2 0 2 2 2
3731 2 0 2 2 2
3732 2 0 2 2 2
3733 2 0 2 2 2
3734 2 0 2 2 2
3735 2 0 2 2 2
3736 2 0 2 2 2
3737 2 0 2 2 2
3738 2 0 2 2 2
3739 2 0 2 2 2
3740 2 0 2 0 2
3741 2 0 2 0 2
3742 2 0 2 0 2
3743 2 0 2 0 2
3744 2 0 2 0 2
3745 2 0 2 0 2
3746 2 0 2 0 2
3747 2 0 2 0 2
3748 2 0 2 0 2
3749 2 0 2 0 2
3750 2 0 0 2 2
3751 2 0 0 2 2
3752 2 0 0 2 2
3753 2 0 0 2 2
3754 2 0 0 2 2
3755 2 0 0 2 2
3756 2 0 0 2 2
3757 2 0 0 2 2
3758 2 0 0 2 2
3759 2 0 0 2 2
3760 2 0 0 0 2
3761 2 0 0 0 2
3762 2 0 0 0 2
3763 2 0 0 0 2
3764 2 0 0 0 2
3765 2 0 0 0 2
3766 2 0 0 0 2
3767 2 0 0 0 2
3768 2 0 0 0 2
3769 2 0 0 0 2
3770 2 0 0 0 2
3771 2 0 0 0 2
3772 2 0 0 0 2
3773 2 0 0 0 2
3774 2 0 0 0 2
3775 2 0 0 0 2
3776 2 0 0 0 2
3777 2 0 0 0 2
3778 2 0 0 0 2
3779 2 0 0 0 2
3780 2 0 0 0 2
3781 2 0 0 0 2
3782 2 0 0 0 2
3783 2 0 0 0 2
3784 2 0 0 0 2
3785 2 0 0 0 2
3786 2 0 0 0 2
3787 2 0 0 0 2
3788 2 0 0 0 2
3789 2 0 0 0 2
3790 2 0 0 0 2
3791 2 0 0 0 2
3792 2 0 0 0 2
3793 2 0 0 0 2
3794 2 0 0 0 2
3795 2 0 0 0 2
3796 2 0 0 0 2
3797 2 0 0 0 2
3798 2 0 0 0 2
3799 2 0 0 0 2
3800 2 0 0 0 2
3801 2 0 0 0 2
3802 2 0 0 0 2
3803 2 0 0 0 2
3804 2 0 0 0 2
3805 2 0 0 0 2
3806 2 0 0 0 2
3807 2 0 0 0 2
3808 2 0 0 0 2
3809 2 0 0 0 2
3810 2 0 0 0 2
3811 2 0 0 0 2
3812 2 0 0 0 2
3813 2 0 0 0 2
3814 2 0 0 0 2
3815 2 0 0 0 2
3816 2 0 0 0 2
3817 2 0 0 0 2
3818 2 0 0 0 2
3819 2 0 0 0 2
3820 2 0 0 0 2
3821 2 0 0 0 2
3822 2 0 0 0 2
3823 2 0 0 0 2
3824 2 0 0 0 2
3825 2 0 0 0 2
3826 2 0 0 0 2
3827 2 0 0 0 2
3828 2 0 0 0 2
3829 2 0 0 0 2
3830 2 0 0 0 2
3831 2 0 0 0 2
3832 2 0 0 0 2
3833 2 0 0 0 2
3834 2 0 0 0 2
3835 2 0 0 0 2
3836 2 0 0 0 2
3837 2 0 0 0 2
3838 2 0 0 0 2
3839 2 0 0 0 2
3840 2 0 0 0 0
3841 2 0 0 0 0
3842 2 0 0 0 0
3843 2 0 0 0 0
3844 2 0 0 0 0
3845 2 0 0 0 0
3846 2 0 0 0 0
3847 2 0 0 0 0
3848 2 0 0 0 0
3849 2 0 0 0 0
3850 2 0 0 0 0
3851 2 0 0 0 0
3852 2 0 0 0 0
3853 2 0 0 0 0
3854 2 0 0 0 0
3855 2 0 0 0 0
3856 2 0 0 0 0
3857 2 0 0 0 0
3858 2 0 0 0 0
3859 2 0 0 0 0
3860 2 0 0 0 0
3861 2 0 0 0 0
3862 2 0 0 0 0
3863 2 0 0 0 0
3864 2 0 0 0 0
3865 2 0 0 0 0
3866 2 0 0 0 0
3867 2 0 0 0 0
3868 2 0 0 0 0
3869 2 0 0 0 0
3870 2 0 0 0 0
3871 2 0 0 0 0
3872 2 0 0 0 0
