0 0 0 0 0 0
1 0 0 0 0 0
2 0 0 0 0 0
3 0 0 0 0 0
4 0 0 0 0 0
5 0 0 0 0 0
6 0 0 0 0 0
7 0 0 0 0 0
8 0 0 0 0 0
9 0 0 0 0 0
10 0 0 0 0 0
11 0 0 0 0 0
12 0 0 0 0 0
13 0 0 0 0 0
14 0 0 0 0 0
15 0 0 0 0 0
16 0 0 0 0 0
17 0 0 0 0 0
18 0 0 0 0 0
19 0 0 0 0 0
20 0 0 0 0 0
21 0 0 0 0 0
22 0 0 0 0 0
23 0 0 0 0 0
24 0 0 0 0 0
25 0 0 0 0 0
26 0 0 0 0 0
27 0 0 0 0 0
28 0 0 0 0 0
29 0 0 0 0 0
30 0 0 0 0 0
31 0 0 0 0 0
32 0 0 0 0 0
33 0 0 0 0 0
34 0 0 0 0 0
35 0 0 0 0 0
36 0 0 0 0 0
37 0 0 0 0 0
38 0 0 0 0 0
39 0 0 0 0 0
40 0 0 0 0 0
41 0 0 0 0 0
42 0 0 0 0 0
43 0 0 0 0 0
44 0 0 0 0 0
45 0 0 0 0 0
46 0 0 0 0 0
47 0 0 0 0 0
48 0 0 0 0 0
49 0 0 0 0 0
50 0 0 0 0 0
51 0 0 0 0 0
52 0 0 0 0 0
53 0 0 0 0 0
54 0 0 0 0 0
55 0 0 0 0 0
56 0 0 0 0 0
57 0 0 0 0 0
58 0 0 0 0 0
59 0 0 0 0 0
60 0 0 0 0 0
61 0 0 0 0 0
62 0 0 0 0 0
63 0 0 0 0 0
64 0 0 0 0 0
65 0 0 0 0 0
66 0 0 0 0 0
67 0 0 0 0 0
68 0 0 0 0 0
69 0 0 0 0 0
70 0 0 0 0 0
71 0 0 0 0 0
72 0 0 0 0 0
73 0 0 0 0 0
74 0 0 0 0 0
75 0 0 0 0 0
76 0 0 0 0 0
77 0 0 0 0 0
78 0 0 0 0 0
79 0 0 0 0 0
80 0 0 0 0 0
81 0 0 0 0 0
82 0 0 0 0 0
83 0 0 0 0 0
84 0 0 0 0 0
85 0 0 0 0 0
86 0 0 0 0 0
87 0 0 0 0 0
88 0 0 0 0 0
89 0 0 0 0 0
90 0 0 0 0 0
91 0 0 0 0 0
92 0 0 0 0 0
93 0 0 0 0 0
94 0 0 0 0 0
95 0 0 0 0 0
96 0 0 0 0 0
97 0 0 0 0 0
98 0 0 0 0 0
99 0 0 0 0 0
100 0 0 0 0 0
101 0 0 0 0 0
102 0 0 0 0 0
103 0 0 0 0 0
104 0 0 0 0 0
105 0 0 0 0 0
106 0 0 0 0 0
107 0 0 0 0 0
108 0 0 0 0 0
109 0 0 0 0 0
110 0 0 0 0 0
111 0 0 0 0 0
112 0 0 0 0 0
113 0 0 0 0 0
114 0 0 0 0 0
115 0 0 0 0 0
116 0 0 0 0 0
117 0 0 0 0 0
118 0 0 0 0 0
119 0 0 0 0 0
120 0 0 0 0 0
121 0 0 0 0 0
122 0 0 0 0 0
123 0 0 0 0 0
124 0 0 0 0 0
125 0 0 0 0 0
126 0 0 0 0 0
127 0 0 0 0 0
128 0 0 0 0 0
129 0 0 0 0 0
130 0 0 0 0 0
131 0 0 0 0 0
132 0 0 0 0 0
133 0 0 0 0 0
134 0 0 0 0 0
135 0 0 0 0 0
136 0 0 0 0 0
137 0 0 0 0 0
138 0 0 0 0 0
139 0 0 0 0 0
140 0 0 0 0 0
141 0 0 0 0 0
142 0 0 0 0 0
143 0 0 0 0 0
144 0 0 0 0 0
145 0 0 0 0 0
146 0 0 0 0 0
147 0 0 0 0 0
148 0 0 0 0 0
149 0 0 0 0 0
150 0 0 0 0 0
151 0 0 0 0 0
152 0 0 0 0 0
153 0 0 0 0 0
154 0 0 0 0 0
155 0 0 0 0 0
156 0 0 0 0 0
157 0 0 0 0 0
158 0 0 0 0 0
159 0 0 0 0 0
160 0 0 0 0 0
161 0 0 0 0 0
162 0 0 0 0 0
163 0 0 0 0 0
164 0 0 0 0 0
165 0 0 0 0 0
166 0 0 0 0 0
167 0 0 0 0 0
168 0 0 0 0 0
169 0 0 0 0 0
170 0 0 0 0 0
171 0 0 0 0 0
172 0 0 0 0 0
173 0 0 0 0 0
174 0 0 0 0 0
175 0 0 0 0 0
176 0 0 0 0 0
177 0 0 0 0 0
178 0 0 0 0 0
179 0 0 0 0 0
180 0 0 0 0 0
181 0 0 0 0 0
182 0 0 0 0 0
183 0 0 0 0 0
184 0 0 0 0 0
185 0 0 0 0 0
186 0 0 0 0 0
187 0 0 0 0 0
188 0 0 0 0 0
189 0 0 0 0 0
190 0 0 0 0 0
191 0 0 0 0 0
192 0 0 0 0 0
193 0 0 0 0 0
194 0 0 0 0 0
195 0 0 0 0 0
196 0 0 0 0 0
197 0 0 0 0 0
198 0 0 0 0 0
199 0 0 0 0 0
200 0 0 0 0 0
201 0 0 0 0 0
202 0 0 0 0 0
203 0 0 0 0 0
204 0 0 0 0 0
205 0 0 0 0 0
206 0 0 0 0 0
207 0 0 0 0 0
208 0 0 0 0 0
209 0 0 0 0 0
210 0 0 0 0 0
211 0 0 0 0 0
212 0 0 0 0 0
213 0 0 0 0 0
214 0 0 0 0 0
215 0 0 0 0 0
216 0 0 0 0 0
217 0 0 0 0 0
218 0 0 0 0 0
219 0 0 0 0 0
220 0 0 0 0 0
221 0 0 0 0 0
222 0 0 0 0 0
223 0 0 0 0 0
224 0 0 0 0 0
225 0 0 0 0 0
226 0 0 0 0 0
227 0 0 0 0 0
228 0 0 0 0 0
229 0 0 0 0 0
230 0 0 0 0 0
231 0 0 0 0 0
232 0 0 0 0 0
233 0 0 0 0 0
234 0 0 0 0 0
235 0 0 0 0 0
236 0 0 0 0 0
237 0 0 0 0 0
238 0 0 0 0 0
239 0 0 0 0 0
240 0 0 0 0 0
241 0 0 0 0 0
242 0 0 0 0 0
243 0 0 0 0 0
244 0 0 0 0 0
245 0 0 0 0 0
246 0 0 0 0 0
247 0 0 0 0 0
248 0 0 0 0 0
249 0 0 0 0 0
250 0 0 0 0 0
251 0 0 0 0 0
252 0 0 0 0 0
253 0 0 0 0 0
254 0 0 0 0 0
255 0 0 0 0 0
256 0 0 0 0 0
257 0 0 0 0 0
258 0 0 0 0 0
259 0 0 0 0 0
260 0 0 0 0 0
261 0 0 0 0 0
262 0 0 0 0 0
263 0 0 0 0 0
264 0 0 0 0 0
265 0 0 0 0 0
266 0 0 0 0 0
267 0 0 0 0 0
268 0 0 0 0 0
269 0 0 0 0 0
270 0 0 0 0 0
271 0 0 0 0 0
272 0 0 0 0 0
273 0 0 0 0 0
274 0 0 0 0 0
275 0 0 0 0 0
276 0 0 0 0 0
277 0 0 0 0 0
278 0 0 0 0 0
279 0 0 0 0 0
280 0 0 2 0 0
281 0 0 2 0 0
282 0 0 2 0 0
283 0 0 2 0 0
284 0 0 2 0 0
285 0 0 2 0 0
286 0 0 2 0 0
287 0 0 2 0 0
288 0 0 2 0 0
289 0 0 2 0 0
290 0 0 2 0 0
291 0 0 2 0 0
292 0 0 2 0 0
293 0 0 2 0 0
294 0 0 2 0 0
295 0 0 2 0 0
296 0 0 2 0 0
297 0 0 2 0 0
298 0 0 2 0 0
299 0 0 2 0 0
300 0 0 2 0 0
301 0 0 2 0 0
302 0 0 2 0 0
303 0 0 2 0 0
304 0 0 2 0 0
305 0 0 2 0 0
306 0 0 2 0 0
307 0 0 2 0 0
308 0 0 2 0 0
309 0 0 2 0 0
310 0 0 2 0 0
311 0 0 2 0 0
312 0 0 2 0 0
313 0 0 2 0 0
314 0 0 2 0 0
315 0 0 2 0 0
316 0 0 2 0 0
317 0 0 2 0 0
318 0 0 2 0 0
319 0 0 2 0 0
320 0 0 2 0 0
321 0 0 2 0 0
322 0 0 2 0 0
323 0 0 2 0 0
324 0 0 2 0 0
325 0 0 2 0 0
326 0 0 2 0 0
327 0 0 2 0 0
328 0 0 2 0 0
329 0 0 2 0 0
330 0 0 2 0 0
331 0 0 2 0 0
332 0 0 2 0 0
333 0 0 2 0 0
334 0 0 2 0 0
335 0 0 2 0 0
336 0 0 2 0 0
337 0 0 2 0 0
338 0 0 2 0 0
339 0 0 2 0 0
340 0 0 2 0 0
341 0 0 2 0 0
342 0 0 2 0 0
343 0 0 2 0 0
344 0 0 2 0 0
345 0 0 2 0 0
346 0 0 2 0 0
347 0 0 2 0 0
348 0 0 2 0 0
349 0 0 2 0 0
350 0 0 2 0 0
351 0 0 2 0 0
352 0 0 2 0 0
353 0 0 2 0 0
354 0 0 2 0 0
355 0 0 2 0 0
356 0 0 2 0 0
357 0 0 2 0 0
358 0 0 2 0 0
359 0 0 2 0 0
360 0 0 2 0 0
361 0 0 2 0 0
362 0 0 2 0 0
363 0 0 2 0 0
364 0 0 2 0 0
365 0 0 2 0 0
366 0 0 2 0 0
367 0 0 2 0 0
368 0 0 2 0 0
369 0 0 2 0 0
370 0 0 2 0 0
371 0 0 2 0 0
372 0 0 2 0 0
373 0 0 2 0 0
374 0 0 2 0 0
375 0 0 2 0 0
376 0 0 2 0 0
377 0 0 2 0 0
378 0 0 2 0 0
379 0 0 2 0 0
380 2 0 2 0 0
381 2 0 2 0 0
382 2 0 2 0 0
383 2 0 2 0 0
384 2 0 2 0 0
385 2 0 2 0 0
386 2 0 2 0 0
387 2 0 2 0 0
388 2 0 2 0 0
389 2 0 2 0 0
390 2 0 2 0 0
391 2 0 2 0 0
392 2 0 2 0 0
393 2 0 2 0 0
394 2 0 2 0 0
395 2 0 2 0 0
396 2 0 2 0 0
397 2 0 2 0 0
398 2 0 2 0 0
399 2 0 2 0 0
400 2 0 0 0 0
401 2 0 0 0 0
402 2 0 0 0 0
403 2 0 0 0 0
404 2 0 0 0 0
405 2 0 0 0 0
406 2 0 0 0 0
407 2 0 0 0 0
408 2 0 0 0 0
409 2 0 0 0 0
410 2 0 0 0 0
411 2 0 0 0 0
412 2 0 0 0 0
413 2 0 0 0 0
414 2 0 0 0 0
415 2 0 0 0 0
416 2 0 0 0 0
417 2 0 0 0 0
418 2 0 0 0 0
419 2 0 0 0 0
420 2 0 0 0 0
421 2 0 0 0 0
422 2 0 0 0 0
423 2 0 0 0 0
424 2 0 0 0 0
425 2 0 0 0 0
426 2 0 0 0 0
427 2 0 0 0 0
428 2 0 0 0 0
429 2 0 0 0 0
430 2 0 0 0 0
431 2 0 0 0 0
432 2 0 0 0 0
433 2 0 0 0 0
434 2 0 0 0 0
435 2 0 0 0 0
436 2 0 0 0 0
437 2 0 0 0 0
438 2 0 0 0 0
439 2 0 0 0 0
440 2 0 0 0 0
441 2 0 0 0 0
442 2 0 0 0 0
443 2 0 0 0 0
444 2 0 0 0 0
445 2 0 0 0 0
446 2 0 0 0 0
447 2 0 0 0 0
448 2 0 0 0 0
449 2 0 0 0 0
450 2 0 0 0 0
451 2 0 0 0 0
452 2 0 0 0 0
453 2 0 0 0 0
454 2 0 0 0 0
455 2 0 0 0 0
456 2 0 0 0 0
457 2 0 0 0 0
458 2 0 0 0 0
459 2 0 0 0 0
460 2 0 0 0 0
461 2 0 0 0 0
462 2 0 0 0 0
463 2 0 0 0 0
464 2 0 0 0 0
465 2 0 0 0 0
466 2 0 0 0 0
467 2 0 0 0 0
468 2 0 0 0 0
469 2 0 0 0 0
470 2 0 0 0 0
471 2 0 0 0 0
472 2 0 0 0 0
473 2 0 0 0 0
474 2 0 0 0 0
475 2 0 0 0 0
476 2 0 0 0 0
477 2 0 0 0 0
478 2 0 0 0 0
479 2 0 0 0 0
480 2 0 0 0 0
481 2 0 0 0 0
482 2 0 0 0 0
483 2 0 0 0 0
484 2 0 0 0 0
485 2 0 0 0 0
486 2 0 0 0 0
487 2 0 0 0 0
488 2 0 0 0 0
489 2 0 0 0 0
490 2 0 2 0 0
491 2 0 2 0 0
492 2 0 2 0 0
493 2 0 2 0 0
494 2 0 2 0 0
495 2 0 2 0 0
496 2 0 2 0 0
497 2 0 2 0 0
498 2 0 2 0 0
499 2 0 2 0 0
500 2 0 2 0 0
501 2 0 2 0 0
502 2 0 2 0 0
503 2 0 2 0 0
504 2 0 2 0 0
505 2 0 2 0 0
506 2 0 2 0 0
507 2 0 2 0 0
508 2 0 2 0 0
509 2 0 2 0 0
510 0 2 2 0 0
511 0 2 2 0 0
512 0 2 2 0 0
513 0 2 2 0 0
514 0 2 2 0 0
515 0 2 2 0 0
516 0 0 2 0 0
517 0 0 2 0 0
518 0 0 2 0 0
519 0 0 2 0 0
520 0 0 2 0 0
521 0 0 2 0 0
522 0 0 2 0 0
523 0 0 2 0 0
524 0 0 2 0 0
525 0 0 2 0 0
526 0 0 2 0 0
527 0 0 2 0 0
528 0 0 2 0 0
529 0 0 2 0 0
530 0 0 2 0 0
531 0 0 2 0 0
532 0 0 2 0 0
533 0 0 2 0 0
534 0 0 2 0 0
535 0 0 2 0 0
536 0 0 2 0 0
537 0 0 2 0 0
538 0 0 2 0 0
539 0 0 2 0 0
540 0 0 2 0 0
541 0 0 2 0 0
542 0 0 2 0 0
543 0 0 2 0 0
544 0 0 2 0 0
545 0 0 2 0 0
546 0 0 2 0 0
547 0 0 2 0 0
548 0 0 2 0 0
549 0 0 2 0 0
550 0 0 2 0 0
551 0 0 2 0 0
552 0 0 2 0 0
553 0 0 2 0 0
554 0 0 2 0 0
555 0 0 2 0 0
556 0 0 2 0 0
557 0 0 2 0 0
558 0 0 2 0 0
559 0 0 2 0 0
560 0 0 2 0 0
561 0 0 2 0 0
562 0 0 2 0 0
563 0 0 2 0 0
564 0 0 2 0 0
565 0 0 2 0 0
566 0 0 2 0 0
567 0 0 2 0 0
568 0 0 2 0 0
569 0 0 2 0 0
570 0 0 2 0 0
571 0 0 2 0 0
572 0 0 2 0 0
573 0 0 2 0 0
574 0 0 2 0 0
575 0 0 2 0 0
576 0 0 2 0 0
577 0 0 2 0 0
578 0 0 2 0 0
579 0 0 2 0 0
580 0 0 2 0 0
581 0 0 2 0 0
582 0 0 2 0 0
583 0 0 2 0 0
584 0 0 2 0 0
585 0 0 2 0 0
586 0 0 2 0 0
587 0 0 2 0 0
588 0 0 2 0 0
589 0 0 2 0 0
590 0 0 2 0 0
591 0 0 2 0 0
592 0 0 2 0 0
593 0 0 2 0 0
594 0 0 2 0 0
595 0 0 2 0 0
596 0 0 2 0 0
597 0 0 2 0 0
598 0 0 2 0 0
599 0 0 2 0 0
600 0 0 2 0 0
601 0 0 2 0 0
602 0 0 2 0 0
603 0 0 2 0 0
604 0 0 2 0 0
605 0 0 2 0 0
606 0 0 2 0 0
607 0 0 2 0 0
608 0 0 2 0 0
609 0 0 2 0 0
610 0 0 2 0 0
611 0 0 2 0 0
612 0 0 2 0 0
613 0 0 2 0 0
614 0 0 2 0 0
615 0 0 2 0 0
616 0 0 2 0 0
617 0 0 2 0 0
618 0 0 2 0 0
619 0 0 2 0 0
620 0 0 2 0 0
621 0 0 2 0 0
622 0 0 2 0 0
623 0 0 2 0 0
624 0 0 2 0 0
625 0 0 2 0 0
626 0 0 2 0 0
627 0 0 2 0 0
628 0 0 2 0 0
629 0 0 2 0 0
630 0 2 2 0 0
631 0 2 2 0 0
632 0 2 2 0 0
633 0 2 2 0 0
634 0 2 2 0 0
635 0 2 2 0 0
636 0 2 2 0 0
637 0 2 2 0 0
638 0 2 2 0 0
639 0 2 2 0 0
640 0 2 2 0 0
641 0 2 2 0 0
642 0 2 2 0 0
643 0 2 2 0 0
644 0 2 2 0 0
645 0 2 2 0 0
646 0 2 2 0 0
647 0 2 2 0 0
648 0 2 2 0 0
649 0 2 2 0 0
650 2 0 2 0 0
651 2 0 2 0 0
652 2 0 2 0 0
653 2 0 2 0 0
654 2 0 2 0 0
655 2 0 2 0 0
656 2 0 2 0 0
657 2 0 2 0 0
658 2 0 2 0 0
659 2 0 2 0 0
660 2 0 2 0 0
661 2 0 2 0 0
662 2 0 2 0 0
663 2 0 2 0 0
664 2 0 2 0 0
665 2 0 2 0 0
666 2 0 2 0 0
667 2 0 2 0 0
668 2 0 2 0 0
669 2 0 2 0 0
670 2 0 0 0 0
671 2 0 0 0 0
672 2 0 0 0 0
673 2 0 0 0 0
674 2 0 0 0 0
675 2 0 0 0 0
676 2 0 0 0 0
677 2 0 0 0 0
678 2 0 0 0 0
679 2 0 0 0 0
680 2 0 0 0 0
681 2 0 0 0 0
682 2 0 0 0 0
683 2 0 0 0 0
684 2 0 0 0 0
685 2 0 0 0 0
686 2 0 0 0 0
687 2 0 0 0 0
688 2 0 0 0 0
689 2 0 0 0 0
690 2 0 0 0 0
691 2 0 0 0 0
692 2 0 0 0 0
693 2 0 0 0 0
694 2 0 0 0 0
695 2 0 0 0 0
696 2 0 0 0 0
697 2 0 0 0 0
698 2 0 0 0 0
699 2 0 0 0 0
700 2 0 0 0 0
701 2 0 0 0 0
702 2 0 0 0 0
703 2 0 0 0 0
704 2 0 0 0 0
705 2 0 0 0 0
706 2 0 0 0 0
707 2 0 0 0 0
708 2 0 0 0 0
709 2 0 0 0 0
710 2 0 0 0 0
711 2 0 0 0 0
712 2 0 0 0 0
713 2 0 0 0 0
714 2 0 0 0 0
715 2 0 0 0 0
716 2 0 0 0 0
717 2 0 0 0 0
718 2 0 0 0 0
719 2 0 0 0 0
720 2 0 0 0 0
721 2 0 0 0 0
722 2 0 0 0 0
723 2 0 0 0 0
724 2 0 0 0 0
725 2 0 0 0 0
726 2 0 0 0 0
727 2 0 0 0 0
728 2 0 0 0 0
729 2 0 0 0 0
730 2 0 0 0 0
731 2 0 0 0 0
732 2 0 0 0 0
733 2 0 0 0 0
734 2 0 0 0 0
735 2 0 0 0 0
736 2 0 0 0 0
737 2 0 0 0 0
738 2 0 0 0 0
739 2 0 0 0 0
740 2 0 0 0 0
741 2 0 0 0 0
742 2 0 0 0 0
743 2 0 0 0 0
744 2 0 0 0 0
745 2 0 0 0 0
746 2 0 0 0 0
747 2 0 0 0 0
748 2 0 0 0 0
749 2 0 0 0 0
750 2 0 0 0 0
751 2 0 0 0 0
752 2 0 0 0 0
753 2 0 0 0 0
754 2 0 0 0 0
755 2 0 0 0 0
756 2 0 0 0 0
757 2 0 0 0 0
758 2 0 0 0 0
759 2 0 0 0 0
760 2 0 0 0 0
761 2 0 0 0 0
762 2 0 0 0 0
763 2 0 0 0 0
764 2 0 0 0 0
765 2 0 0 0 0
766 2 0 0 0 0
767 2 0 0 0 0
768 2 0 0 0 0
769 2 0 0 0 0
770 2 0 0 2 0
771 2 0 0 2 0
772 2 0 0 2 0
773 2 0 0 2 0
774 2 0 0 2 0
775 2 0 0 2 0
776 2 0 0 2 0
777 2 0 0 2 0
778 2 0 0 2 0
779 2 0 0 2 0
780 2 0 2 0 0
781 2 0 2 0 0
782 2 0 2 0 0
783 2 0 2 0 0
784 2 0 2 0 0
785 2 0 2 0 0
786 2 0 2 0 0
787 2 0 2 0 0
788 2 0 2 0 0
789 2 0 2 0 0
790 0 0 2 0 0
791 0 0 2 0 0
792 0 0 2 0 0
793 0 0 2 0 0
794 0 0 2 0 0
795 0 0 2 0 0
796 0 0 2 0 0
797 0 0 2 0 0
798 0 0 2 0 0
799 0 0 2 0 0
800 0 0 2 0 0
801 0 0 2 0 0
802 0 0 2 0 0
803 0 0 2 0 0
804 0 0 2 0 0
805 0 0 2 0 0
806 0 0 2 0 0
807 0 0 2 0 0
808 0 0 2 0 0
809 0 0 2 0 0
810 0 0 2 0 0
811 0 0 2 0 0
812 0 0 2 0 0
813 0 0 2 0 0
814 0 0 2 0 0
815 0 0 2 0 0
816 0 0 2 0 0
817 0 0 2 0 0
818 0 0 2 0 0
819 0 0 2 0 0
820 0 0 2 0 0
821 0 0 2 0 0
822 0 0 2 0 0
823 0 0 2 0 0
824 0 0 2 0 0
825 0 0 2 0 0
826 0 0 2 0 0
827 0 0 2 0 0
828 0 0 2 0 0
829 0 0 2 0 0
830 0 0 2 0 0
831 0 0 2 0 0
832 0 0 2 0 0
833 0 0 2 0 0
834 0 0 2 0 0
835 0 0 2 0 0
836 0 0 2 0 0
837 0 0 2 0 0
838 0 0 2 0 0
839 0 0 2 0 0
840 0 0 2 0 0
841 0 0 2 0 0
842 0 0 2 0 0
843 0 0 2 0 0
844 0 0 2 0 0
845 0 0 2 0 0
846 0 0 2 0 0
847 0 0 2 0 0
848 0 0 2 0 0
849 0 0 2 0 0
850 0 0 2 0 0
851 0 0 2 0 0
852 0 0 2 0 0
853 0 0 2 0 0
854 0 0 2 0 0
855 0 0 2 0 0
856 0 0 2 0 0
857 0 0 2 0 0
858 0 0 2 0 0
859 0 0 2 0 0
860 0 0 2 0 0
861 0 0 2 0 0
862 0 0 2 0 0
863 0 0 2 0 0
864 0 0 2 0 0
865 0 0 2 0 0
866 0 0 2 0 0
867 0 0 2 0 0
868 0 0 2 0 0
869 0 0 2 0 0
870 0 0 2 0 0
871 0 0 2 0 0
872 0 0 2 0 0
873 0 0 2 0 0
874 0 0 2 0 0
875 0 0 2 0 0
876 0 0 2 0 0
877 0 0 2 0 0
878 0 0 2 0 0
879 0 0 2 0 0
880 0 0 2 0 0
881 0 0 2 0 0
882 0 0 2 0 0
883 0 0 2 0 0
884 0 0 2 0 0
885 0 0 2 0 0
886 0 0 2 0 0
887 0 0 2 0 0
888 0 0 2 0 0
889 0 0 2 0 0
890 0 0 2 0 0
891 0 0 2 0 0
892 0 0 2 0 0
893 0 0 2 0 0
894 0 0 2 0 0
895 0 0 2 0 0
896 0 0 2 0 0
897 0 0 2 0 0
898 0 0 2 0 0
899 0 0 2 0 0
900 0 0 2 0 0
901 0 0 2 0 0
902 0 0 2 0 0
903 0 0 2 0 0
904 0 0 2 0 0
905 0 0 2 0 0
906 0 0 2 0 0
907 0 0 2 0 0
908 0 0 2 0 0
909 0 0 2 0 0
910 0 0 2 0 0
911 0 0 2 0 0
912 0 0 2 0 0
913 0 0 2 0 0
914 0 0 2 0 0
915 0 0 2 0 0
916 0 0 2 0 0
917 0 0 2 0 0
918 0 0 2 0 0
919 0 0 2 0 0
920 0 0 2 0 0
921 0 0 2 0 0
922 0 0 2 0 0
923 0 0 2 0 0
924 0 0 2 0 0
925 0 0 2 0 0
926 0 0 2 0 0
927 0 0 2 0 0
928 0 0 2 0 0
929 0 0 2 0 0
930 0 0 2 0 1
931 0 0 2 0 1
932 0 0 2 0 1
933 0 0 2 0 1
934 0 0 2 0 1
935 0 0 2 0 1
936 0 0 2 0 1
937 0 0 2 0 1
938 0 0 2 0 1
939 0 0 2 0 1
940 0 0 2 0 1
941 0 0 2 0 1
942 0 0 2 0 1
943 0 0 2 0 1
944 0 0 2 0 1
945 0 0 2 0 1
946 0 0 2 0 1
947 0 0 2 0 1
948 0 0 2 0 1
949 0 0 2 0 1
950 0 0 2 0 2
951 0 0 2 0 2
952 0 0 2 0 2
953 0 0 2 0 2
954 0 0 2 0 2
955 0 0 2 0 2
956 0 0 2 0 2
957 0 0 2 0 2
958 0 0 2 0 2
959 0 0 2 0 2
960 0 0 2 0 2
961 0 0 2 0 2
962 0 0 2 0 2
963 0 0 2 0 2
964 0 0 2 0 2
965 0 0 2 0 2
966 0 0 2 0 2
967 0 0 2 0 2
968 0 0 2 0 2
969 0 0 2 0 2
970 0 0 2 0 2
971 0 0 2 0 2
972 0 0 2 0 2
973 0 0 2 0 2
974 0 0 2 0 2
975 0 0 2 0 2
976 0 0 2 0 2
977 0 0 2 0 2
978 0 0 2 0 2
979 0 0 2 0 2
980 0 0 2 0 2
981 0 0 2 0 2
982 0 0 2 0 2
983 0 0 2 0 2
984 0 0 2 0 2
985 0 0 2 0 2
986 0 0 2 0 2
987 0 0 2 0 2
988 0 0 2 0 2
989 0 0 2 0 2
990 0 0 2 0 2
991 0 0 2 0 2
992 0 0 2 0 2
993 0 0 2 0 2
994 0 0 2 0 2
995 0 0 2 0 2
996 0 0 2 0 2
997 0 0 2 0 2
998 0 0 2 0 2
999 0 0 2 0 2
1000 0 0 2 0 2
1001 0 0 2 0 2
1002 0 0 2 0 2
1003 0 0 2 0 2
1004 0 0 2 0 2
1005 0 0 2 0 2
1006 0 0 2 0 2
1007 0 0 2 0 2
1008 0 0 2 0 2
1009 0 0 2 0 2
1010 0 0 2 0 2
1011 0 0 2 0 2
1012 0 0 2 0 2
1013 0 0 2 0 2
1014 0 0 2 0 2
1015 0 0 2 0 2
1016 0 0 2 0 2
1017 0 0 2 0 2
1018 0 0 2 0 2
1019 0 0 2 0 2
1020 0 0 2 0 2
1021 0 0 2 0 2
1022 0 0 2 0 2
1023 0 0 2 0 2
1024 0 0 2 0 2
1025 0 0 2 0 2
1026 0 0 2 0 2
1027 0 0 2 0 2
1028 0 0 2 0 2
1029 0 0 2 0 2
1030 0 0 2 0 2
1031 0 0 2 0 2
1032 0 0 2 0 2
1033 0 0 2 0 2
1034 0 0 2 0 2
1035 0 0 2 0 2
1036 0 0 2 0 2
1037 0 0 2 0 2
1038 0 0 2 0 2
1039 0 0 2 0 2
1040 0 0 2 0 2
1041 0 0 2 0 2
1042 0 0 2 0 2
1043 0 0 2 0 2
1044 0 0 2 0 2
1045 0 0 2 0 2
1046 0 0 2 0 2
1047 0 0 2 0 2
1048 0 0 2 0 2
1049 0 0 2 0 2
1050 0 0 2 0 2
1051 0 0 2 0 2
1052 0 0 2 0 2
1053 0 0 2 0 2
1054 0 0 2 0 2
1055 0 0 2 0 2
1056 0 0 2 0 2
1057 0 0 2 0 2
1058 0 0 2 0 2
1059 0 0 2 0 2
1060 0 2 2 0 2
1061 0 2 2 0 2
1062 0 2 2 0 2
1063 0 2 2 0 2
1064 0 2 2 0 2
1065 0 2 2 0 2
1066 0 2 2 0 2
1067 0 2 2 0 2
1068 0 2 2 0 2
1069 0 2 2 0 2
1070 0 2 2 0 2
1071 0 2 2 0 2
1072 0 2 2 0 2
1073 0 2 2 0 2
1074 0 2 2 0 2
1075 0 2 2 0 2
1076 0 2 2 0 2
1077 0 2 2 0 2
1078 0 2 2 0 2
1079 0 2 2 0 2
1080 0 2 2 0 2
1081 0 2 2 0 2
1082 0 2 2 0 2
1083 0 2 2 0 2
1084 0 2 2 0 2
1085 0 2 2 0 2
1086 0 2 2 0 2
1087 0 2 2 0 2
1088 0 2 2 0 2
1089 0 2 2 0 2
1090 0 0 2 0 2
1091 0 0 2 0 2
1092 0 0 2 0 2
1093 0 0 2 0 2
1094 0 0 2 0 2
1095 0 0 2 0 2
1096 0 0 2 0 2
1097 0 0 2 0 2
1098 0 0 2 0 2
1099 0 0 2 0 2
1100 2 0 2 0 2
1101 2 0 2 0 2
1102 2 0 2 0 2
1103 2 0 2 0 2
1104 2 0 2 0 2
1105 2 0 2 0 2
1106 2 0 2 0 2
1107 2 0 2 0 2
1108 2 0 2 0 2
1109 2 0 2 0 2
1110 2 0 0 0 2
1111 2 0 0 0 2
1112 2 0 0 0 2
1113 2 0 0 0 2
1114 2 0 0 0 2
1115 2 0 0 0 2
1116 2 0 0 0 2
1117 2 0 0 0 2
1118 2 0 0 0 2
1119 2 0 0 0 2
1120 2 0 0 0 2
1121 2 0 0 0 2
1122 2 0 0 0 2
1123 2 0 0 0 2
1124 2 0 0 0 2
1125 2 0 0 0 2
1126 2 0 0 0 2
1127 2 0 0 0 2
1128 2 0 0 0 2
1129 2 0 0 0 2
1130 2 0 0 0 2
1131 2 0 0 0 2
1132 2 0 0 0 2
1133 2 0 0 0 2
1134 2 0 0 0 2
1135 2 0 0 0 2
1136 2 0 0 0 2
1137 2 0 0 0 2
1138 2 0 0 0 2
1139 2 0 0 0 2
1140 2 0 0 0 2
1141 2 0 0 0 2
1142 2 0 0 0 2
1143 2 0 0 0 2
1144 2 0 0 0 2
1145 2 0 0 0 2
1146 2 0 0 0 2
1147 2 0 0 0 2
1148 2 0 0 0 2
1149 2 0 0 0 2
1150 2 0 0 0 2
1151 2 0 0 0 2
1152 2 0 0 0 2
1153 2 0 0 0 2
1154 2 0 0 0 2
1155 2 0 0 0 2
1156 2 0 0 0 2
1157 2 0 0 0 2
1158 2 0 0 0 2
1159 2 0 0 0 2
1160 2 0 0 0 2
1161 2 0 0 0 2
1162 2 0 0 0 2
1163 2 0 0 0 2
1164 2 0 0 0 2
1165 2 0 0 0 2
1166 2 0 0 0 2
1167 2 0 0 0 2
1168 2 0 0 0 2
1169 2 0 0 0 2
1170 2 0 0 0 2
1171 2 0 0 0 2
1172 2 0 0 0 2
1173 2 0 0 0 2
1174 2 0 0 0 2
1175 2 0 0 0 2
1176 2 0 0 0 2
1177 2 0 0 0 2
1178 2 0 0 0 2
1179 2 0 0 0 2
1180 2 0 0 0 2
1181 2 0 0 0 2
1182 2 0 0 0 2
1183 2 0 0 0 2
1184 2 0 0 0 2
1185 2 0 0 0 2
1186 2 0 0 0 2
1187 2 0 0 0 2
1188 2 0 0 0 2
1189 2 0 0 0 2
1190 2 0 0 0 2
1191 2 0 0 0 2
1192 2 0 0 0 2
1193 2 0 0 0 2
1194 2 0 0 0 2
1195 2 0 0 0 2
1196 2 0 0 0 2
1197 2 0 0 0 2
1198 2 0 0 0 2
1199 2 0 0 0 2
1200 2 0 0 0 0
1201 2 0 0 0 0
1202 2 0 0 0 0
1203 2 0 0 0 0
1204 2 0 0 0 0
1205 2 0 0 0 0
1206 2 0 0 0 0
1207 2 0 0 0 0
1208 2 0 0 0 0
1209 2 0 0 0 0
1210 2 0 0 0 0
1211 2 0 0 0 0
1212 2 0 0 0 0
1213 2 0 0 0 0
1214 2 0 0 0 0
1215 2 0 0 0 0
1216 2 0 0 0 0
1217 2 0 0 0 0
1218 2 0 0 0 0
1219 2 0 0 0 0
1220 2 0 0 0 0
1221 2 0 0 0 0
1222 2 0 0 0 0
1223 2 0 0 0 0
1224 2 0 0 0 0
1225 2 0 0 0 0
1226 2 0 0 0 0
1227 2 0 0 0 0
1228 2 0 0 0 0
1229 2 0 0 0 0
1230 2 0 0 0 0
1231 2 0 0 0 0
1232 2 0 0 0 0
1233 2 0 0 0 0
1234 2 0 0 0 0
1235 2 0 0 0 0
1236 2 0 0 0 0
1237 2 0 0 0 0
1238 2 0 0 0 0
1239 2 0 0 0 0
1240 2 0 0 0 0
1241 2 0 0 0 0
1242 2 0 0 0 0
1243 2 0 0 0 0
1244 2 0 0 0 0
1245 2 0 0 0 0
1246 2 0 0 0 0
1247 2 0 0 0 0
1248 2 0 0 0 0
1249 2 0 0 0 0
1250 2 0 0 0 0
1251 2 0 0 0 0
1252 2 0 0 0 0
1253 2 0 0 0 0
1254 2 0 0 0 0
1255 2 0 0 0 0
1256 2 0 0 0 0
1257 2 0 0 0 0
1258 2 0 0 0 0
1259 2 0 0 0 0
1260 2 0 0 0 0
1261 2 0 0 0 0
1262 2 0 0 0 0
1263 2 0 0 0 0
1264 2 0 0 0 0
1265 2 0 0 0 0
1266 2 0 0 0 0
1267 2 0 0 0 0
1268 2 0 0 0 0
1269 2 0 0 0 0
1270 2 0 0 0 0
1271 2 0 0 0 0
1272 2 0 0 0 0
1273 2 0 0 0 0
1274 2 0 0 0 0
1275 2 0 0 0 0
1276 2 0 0 0 0
1277 2 0 0 0 0
1278 2 0 0 0 0
1279 2 0 0 0 0
1280 2 0 0 0 0
1281 2 0 0 0 0
1282 2 0 0 0 0
1283 2 0 0 0 0
1284 2 0 0 0 0
1285 2 0 0 0 0
1286 2 0 0 0 0
1287 2 0 0 0 0
1288 2 0 0 0 0
1289 2 0 0 0 0
1290 2 0 0 0 0
1291 2 0 0 0 0
1292 2 0 0 0 0
1293 2 0 0 0 0
1294 2 0 0 0 0
1295 2 0 0 0 0
1296 2 0 0 0 0
1297 2 0 0 0 0
1298 2 0 0 0 0
1299 2 0 0 0 0
1300 2 0 0 0 0
1301 2 0 0 0 0
1302 2 0 0 0 0
1303 2 0 0 0 0
1304 2 0 0 0 0
1305 2 0 0 0 0
1306 2 0 0 0 0
1307 2 0 0 0 0
1308 2 0 0 0 0
1309 2 0 0 0 0
1310 2 0 2 0 0
1311 2 0 2 0 0
1312 2 0 2 0 0
1313 2 0 2 0 0
1314 2 0 2 0 0
1315 2 0 2 0 0
1316 2 0 2 0 0
1317 2 0 2 0 0
1318 2 0 2 0 0
1319 2 0 2 0 0
1320 2 0 2 0 0
1321 2 0 2 0 0
1322 2 0 2 0 0
1323 2 0 2 0 0
1324 2 0 2 0 0
1325 2 0 2 0 0
1326 2 0 2 0 0
1327 2 0 2 0 0
1328 2 0 2 0 0
1329 2 0 2 0 0
1330 0 0 2 0 0
1331 0 0 2 0 0
1332 0 0 2 0 0
1333 0 0 2 0 0
1334 0 0 2 0 0
1335 0 0 2 0 0
1336 0 0 2 0 0
1337 0 0 2 0 0
1338 0 0 2 0 0
1339 0 0 2 0 0
1340 0 0 2 0 0
1341 0 0 2 0 0
1342 0 0 2 0 0
1343 0 0 2 0 0
1344 0 0 2 0 0
1345 0 0 2 0 0
1346 0 0 2 0 0
1347 0 0 2 0 0
1348 0 0 2 0 0
1349 0 0 2 0 0
1350 0 0 2 0 0
1351 0 0 2 0 0
1352 0 0 2 0 0
1353 0 0 2 0 0
1354 0 0 2 0 0
1355 0 0 2 0 0
1356 0 0 2 0 0
1357 0 0 2 0 0
1358 0 0 2 0 0
1359 0 0 2 0 0
1360 0 0 2 0 0
1361 0 0 2 0 0
1362 0 0 2 0 0
1363 0 0 2 0 0
1364 0 0 2 0 0
1365 0 0 2 0 0
1366 0 0 2 0 0
1367 0 0 2 0 0
1368 0 0 2 0 0
1369 0 0 2 0 0
1370 0 0 2 0 0
1371 0 0 2 0 0
1372 0 0 2 0 0
1373 0 0 2 0 0
1374 0 0 2 0 0
1375 0 0 2 0 0
1376 0 0 2 0 0
1377 0 0 2 0 0
1378 0 0 2 0 0
1379 0 0 2 0 0
1380 0 0 2 0 0
1381 0 0 2 0 0
1382 0 0 2 0 0
1383 0 0 2 0 0
1384 0 0 2 0 0
1385 0 0 2 0 0
1386 0 0 2 0 0
1387 0 0 2 0 0
1388 0 0 2 0 0
1389 0 0 2 0 0
1390 0 0 2 0 0
1391 0 0 2 0 0
1392 0 0 2 0 0
1393 0 0 2 0 0
1394 0 0 2 0 0
1395 0 0 2 0 0
1396 0 0 2 0 0
1397 0 0 2 0 0
1398 0 0 2 0 0
1399 0 0 2 0 0
1400 0 0 2 0 1
1401 0 0 2 0 1
1402 0 0 2 0 1
1403 0 0 2 0 1
1404 0 0 2 0 1
1405 0 0 2 0 1
1406 0 0 2 0 1
1407 0 0 2 0 1
1408 0 0 2 0 1
1409 0 0 2 0 1
1410 0 0 2 0 1
1411 0 0 2 0 1
1412 0 0 2 0 1
1413 0 0 2 0 1
1414 0 0 2 0 1
1415 0 0 2 0 1
1416 0 0 2 0 1
1417 0 0 2 0 1
1418 0 0 2 0 1
1419 0 0 2 0 1
1420 0 0 2 0 1
1421 0 0 2 0 1
1422 0 0 2 0 1
1423 0 0 2 0 1
1424 0 0 2 0 1
1425 0 0 2 0 1
1426 0 0 2 0 1
1427 0 0 2 0 1
1428 0 0 2 0 1
1429 0 0 2 0 1
1430 0 0 2 0 1
1431 0 0 2 0 1
1432 0 0 2 0 1
1433 0 0 2 0 1
1434 0 0 2 0 1
1435 0 0 2 0 1
1436 0 0 2 0 1
1437 0 0 2 0 1
1438 0 0 2 0 1
1439 0 0 2 0 1
1440 0 0 2 0 1
1441 0 0 2 0 1
1442 0 0 2 0 1
1443 0 0 2 0 1
1444 0 0 2 0 1
1445 0 0 2 0 1
1446 0 0 2 0 1
1447 0 0 2 0 1
1448 0 0 2 0 1
1449 0 0 2 0 1
1450 0 0 2 0 2
1451 0 0 2 0 2
1452 0 0 2 0 2
1453 0 0 2 0 2
1454 0 0 2 0 2
1455 0 0 2 0 2
1456 0 0 2 0 2
1457 0 0 2 0 2
1458 0 0 2 0 2
1459 0 0 2 0 2
1460 0 0 2 0 2
1461 0 0 2 0 2
1462 0 0 2 0 2
1463 0 0 2 0 2
1464 0 0 2 0 2
1465 0 0 2 0 2
1466 0 0 2 0 2
1467 0 0 2 0 2
1468 0 0 2 0 2
1469 0 0 2 0 2
1470 0 0 2 0 2
1471 0 0 2 0 2
1472 0 0 2 0 2
1473 0 0 2 0 2
1474 0 0 2 0 2
1475 0 0 2 0 2
1476 0 0 2 0 2
1477 0 0 2 0 2
1478 0 0 2 0 2
1479 0 0 2 0 2
1480 0 0 2 0 2
1481 0 0 2 0 2
1482 0 0 2 0 2
1483 0 0 2 0 2
1484 0 0 2 0 2
1485 0 0 2 0 2
1486 0 0 2 0 2
1487 0 0 2 0 2
1488 0 0 2 0 2
1489 0 0 2 0 2
1490 0 0 2 0 2
1491 0 0 2 0 2
1492 0 0 2 0 2
1493 0 0 2 0 2
1494 0 0 2 0 2
1495 0 0 2 0 2
1496 0 0 2 0 2
1497 0 0 2 0 2
1498 0 0 2 0 2
1499 0 0 2 0 2
1500 0 0 2 0 2
1501 0 0 2 0 2
1502 0 0 2 0 2
1503 0 0 2 0 2
1504 0 0 2 0 2
1505 0 0 2 0 2
1506 0 0 2 0 2
1507 0 0 2 0 2
1508 0 0 2 0 2
1509 0 0 2 0 2
1510 0 0 2 0 2
1511 0 0 2 0 2
1512 0 0 2 0 2
1513 0 0 2 0 2
1514 0 0 2 0 2
1515 0 0 2 0 2
1516 0 0 2 0 2
1517 0 0 2 0 2
1518 0 0 2 0 2
1519 0 0 2 0 2
1520 0 0 2 0 2
1521 0 0 2 0 2
1522 0 0 2 0 2
1523 0 0 2 0 2
1524 0 0 2 0 2
1525 0 0 2 0 2
1526 0 0 2 0 2
1527 0 0 2 0 2
1528 0 0 2 0 2
1529 0 0 2 0 2
1530 2 0 2 0 2
1531 2 0 2 0 2
1532 2 0 2 0 2
1533 2 0 2 0 2
1534 2 0 2 0 2
1535 2 0 2 0 2
1536 2 0 2 0 2
1537 2 0 2 0 2
1538 2 0 2 0 2
1539 2 0 2 0 2
1540 2 0 2 0 2
1541 2 0 2 0 2
1542 2 0 2 0 2
1543 2 0 2 0 2
1544 2 0 2 0 2
1545 2 0 2 0 2
1546 2 0 2 0 2
1547 2 0 2 0 2
1548 2 0 2 0 2
1549 2 0 2 0 2
1550 2 0 0 0 2
1551 2 0 0 0 2
1552 2 0 0 0 2
1553 2 0 0 0 2
1554 2 0 0 0 2
1555 2 0 0 0 2
1556 2 0 0 0 2
1557 2 0 0 0 2
1558 2 0 0 0 2
1559 2 0 0 0 2
1560 2 0 0 0 2
1561 2 0 0 0 2
1562 2 0 0 0 2
1563 2 0 0 0 2
1564 2 0 0 0 2
1565 2 0 0 0 2
1566 2 0 0 0 2
1567 2 0 0 0 2
1568 2 0 0 0 2
1569 2 0 0 0 2
1570 2 0 0 0 2
1571 2 0 0 0 2
1572 2 0 0 0 2
1573 2 0 0 0 2
1574 2 0 0 0 2
1575 2 0 0 0 2
1576 2 0 0 0 2
1577 2 0 0 0 2
1578 2 0 0 0 2
1579 2 0 0 0 2
1580 2 0 0 0 2
1581 2 0 0 0 2
1582 2 0 0 0 2
1583 2 0 0 0 2
1584 2 0 0 0 2
1585 2 0 0 0 2
1586 2 0 0 0 2
1587 2 0 0 0 2
1588 2 0 0 0 2
1589 2 0 0 0 2
1590 2 0 0 0 2
1591 2 0 0 0 2
1592 2 0 0 0 2
1593 2 0 0 0 2
1594 2 0 0 0 2
1595 2 0 0 0 2
1596 2 0 0 0 2
1597 2 0 0 0 2
1598 2 0 0 0 2
1599 2 0 0 0 2
1600 2 0 0 0 2
1601 2 0 0 0 2
1602 2 0 0 0 2
1603 2 0 0 0 2
1604 2 0 0 0 2
1605 2 0 0 0 2
1606 2 0 0 0 2
1607 2 0 0 0 2
1608 2 0 0 0 2
1609 2 0 0 0 2
1610 2 0 0 0 2
1611 2 0 0 0 2
1612 2 0 0 0 2
1613 2 0 0 0 2
1614 2 0 0 0 2
1615 2 0 0 0 2
1616 2 0 0 0 2
1617 2 0 0 0 2
1618 2 0 0 0 2
1619 2 0 0 0 2
1620 2 0 0 0 2
1621 2 0 0 0 2
1622 2 0 0 0 2
1623 2 0 0 0 2
1624 2 0 0 0 2
1625 2 0 0 0 2
1626 2 0 0 0 2
1627 2 0 0 0 2
1628 2 0 0 0 2
1629 2 0 0 0 2
1630 2 0 0 0 2
1631 2 0 0 0 2
1632 2 0 0 0 2
1633 2 0 0 0 2
1634 2 0 0 0 2
1635 2 0 0 0 2
1636 2 0 0 0 2
1637 2 0 0 0 2
1638 2 0 0 0 2
1639 2 0 0 0 2
1640 2 0 0 0 2
1641 2 0 0 0 2
1642 2 0 0 0 2
1643 2 0 0 0 2
1644 2 0 0 0 2
1645 2 0 0 0 2
1646 2 0 0 0 2
1647 2 0 0 0 2
1648 2 0 0 0 2
1649 2 0 0 0 2
1650 2 0 0 0 2
1651 2 0 0 0 2
1652 2 0 0 0 2
1653 2 0 0 0 2
1654 2 0 0 0 2
1655 2 0 0 0 2
1656 2 0 0 0 2
1657 2 0 0 0 2
1658 2 0 0 0 2
1659 2 0 0 0 2
1660 2 0 0 0 0
1661 2 0 0 0 0
1662 2 0 0 0 0
1663 2 0 0 0 0
1664 2 0 0 0 0
1665 2 0 0 0 0
1666 2 0 0 0 0
1667 2 0 0 0 0
1668 2 0 0 0 0
1669 2 0 0 0 0
1670 2 0 0 0 0
1671 2 0 0 0 0
1672 2 0 0 0 0
1673 2 0 0 0 0
1674 2 0 0 0 0
1675 2 0 0 0 0
1676 2 0 0 0 0
1677 2 0 0 0 0
1678 2 0 0 0 0
1679 2 0 0 0 0
1680 2 0 0 0 0
1681 2 0 0 0 0
1682 2 0 0 0 0
1683 2 0 0 0 0
1684 2 0 0 0 0
1685 2 0 0 0 0
1686 2 0 0 0 0
1687 2 0 0 0 0
1688 2 0 0 0 0
1689 2 0 0 0 0
1690 2 0 0 0 0
1691 2 0 0 0 0
1692 2 0 0 0 0
1693 2 0 0 0 0
1694 2 0 0 0 0
1695 2 0 0 0 0
1696 2 0 0 0 0
1697 2 0 0 0 0
1698 2 0 0 0 0
1699 2 0 0 0 0
1700 2 0 0 0 0
1701 2 0 0 0 0
1702 2 0 0 0 0
1703 2 0 0 0 0
1704 2 0 0 0 0
1705 2 0 0 0 0
1706 2 0 0 0 0
1707 2 0 0 0 0
1708 2 0 0 0 0
1709 2 0 0 0 0
1710 2 0 0 0 0
1711 2 0 0 0 0
1712 2 0 0 0 0
1713 2 0 0 0 0
1714 2 0 0 0 0
1715 2 0 0 0 0
1716 2 0 0 0 0
1717 2 0 0 0 0
1718 2 0 0 0 0
1719 2 0 0 0 0
1720 2 0 0 0 0
1721 2 0 0 0 0
1722 2 0 0 0 0
1723 2 0 0 0 0
1724 2 0 0 0 0
1725 2 0 0 0 0
1726 2 0 0 0 0
1727 2 0 0 0 0
1728 2 0 0 0 0
1729 2 0 0 0 0
1730 2 0 0 0 0
1731 2 0 0 0 0
1732 2 0 0 0 0
1733 2 0 0 0 0
1734 2 0 0 0 0
1735 2 0 0 0 0
1736 2 0 0 0 0
1737 2 0 0 0 0
1738 2 0 0 0 0
1739 2 0 0 0 0
1740 2 0 0 0 0
1741 2 0 0 0 0
1742 2 0 0 0 0
1743 2 0 0 0 0
1744 2 0 0 0 0
1745 2 0 0 0 0
1746 2 0 0 0 0
1747 2 0 0 0 0
1748 2 0 0 0 0
1749 2 0 0 0 0
1750 2 0 0 0 0
1751 2 0 0 0 0
1752 2 0 0 0 0
1753 2 0 0 0 0
1754 2 0 0 0 0
1755 2 0 0 0 0
1756 2 0 0 0 0
1757 2 0 0 0 0
1758 2 0 0 0 0
1759 2 0 0 0 0
1760 2 0 0 0 0
1761 2 0 0 0 0
1762 2 0 0 0 0
1763 2 0 0 0 0
1764 2 0 0 0 0
1765 2 0 0 0 0
1766 2 0 0 0 0
1767 2 0 0 0 0
1768 2 0 0 0 0
1769 2 0 0 0 0
1770 2 0 0 0 0
1771 2 0 0 0 0
1772 2 0 0 0 0
1773 2 0 0 0 0
1774 2 0 0 0 0
1775 2 0 0 0 0
1776 2 0 0 0 0
1777 2 0 0 0 0
1778 2 0 0 0 0
1779 2 0 0 0 0
1780 2 0 0 0 0
1781 2 0 0 0 0
1782 2 0 0 0 0
1783 2 0 0 0 0
1784 2 0 0 0 0
1785 2 0 0 0 0
1786 2 0 0 0 0
1787 2 0 0 0 0
1788 2 0 0 0 0
1789 2 0 0 0 0
1790 2 0 0 0 0
1791 2 0 0 0 0
1792 2 0 0 0 0
1793 2 0 0 0 0
1794 2 0 0 0 0
1795 2 0 0 0 0
1796 2 0 0 0 0
1797 2 0 0 0 0
1798 2 0 0 0 0
1799 2 0 0 0 0
1800 2 0 0 0 0
1801 2 0 0 0 0
1802 2 0 0 0 0
1803 2 0 0 0 0
1804 2 0 0 0 0
1805 2 0 0 0 0
1806 2 0 0 0 0
1807 2 0 0 0 0
1808 2 0 0 0 0
1809 2 0 0 0 0
1810 2 0 0 2 0
1811 2 0 0 2 0
1812 2 0 0 2 0
1813 2 0 0 2 0
1814 2 0 0 2 0
1815 2 0 0 2 0
1816 2 0 0 2 0
1817 2 0 0 2 0
1818 2 0 0 2 0
1819 2 0 0 2 0
1820 2 0 2 0 0
1821 2 0 2 0 0
1822 2 0 2 0 0
1823 2 0 2 0 0
1824 2 0 2 0 0
1825 2 0 2 0 0
1826 2 0 2 0 0
1827 2 0 2 0 0
1828 2 0 2 0 0
1829 2 0 2 0 0
1830 0 0 2 0 0
1831 0 0 2 0 0
1832 0 0 2 0 0
1833 0 0 2 0 0
1834 0 0 2 0 0
1835 0 0 2 0 0
1836 0 0 2 0 0
1837 0 0 2 0 0
1838 0 0 2 0 0
1839 0 0 2 0 0
1840 0 0 2 0 0
1841 0 0 2 0 0
1842 0 0 2 0 0
1843 0 0 2 0 0
1844 0 0 2 0 0
1845 0 0 2 0 0
1846 0 0 2 0 0
1847 0 0 2 0 0
1848 0 0 2 0 0
1849 0 0 2 0 0
1850 0 0 2 0 0
1851 0 0 2 0 0
1852 0 0 2 0 0
1853 0 0 2 0 0
1854 0 0 2 0 0
1855 0 0 2 0 0
1856 0 0 2 0 0
1857 0 0 2 0 0
1858 0 0 2 0 0
1859 0 0 2 0 0
1860 0 0 2 0 0
1861 0 0 2 0 0
1862 0 0 2 0 0
1863 0 0 2 0 0
1864 0 0 2 0 0
1865 0 0 2 0 0
1866 0 0 2 0 0
1867 0 0 2 0 0
1868 0 0 2 0 0
1869 0 0 2 0 0
1870 0 0 2 0 0
1871 0 0 2 0 0
1872 0 0 2 0 0
1873 0 0 2 0 0
1874 0 0 2 0 0
1875 0 0 2 0 0
1876 0 0 2 0 0
1877 0 0 2 0 0
1878 0 0 2 0 0
1879 0 0 2 0 0
1880 0 0 2 0 0
1881 0 0 2 0 0
1882 0 0 2 0 0
1883 0 0 2 0 0
1884 0 0 2 0 0
1885 0 0 2 0 0
1886 0 0 2 0 0
1887 0 0 2 0 0
1888 0 0 2 0 0
1889 0 0 2 0 0
1890 0 0 2 0 0
1891 0 0 2 0 0
1892 0 0 2 0 0
1893 0 0 2 0 0
1894 0 0 2 0 0
1895 0 0 2 0 0
1896 0 0 2 0 0
1897 0 0 2 0 0
1898 0 0 2 0 0
1899 0 0 2 0 0
1900 0 0 2 0 0
1901 0 0 2 0 0
1902 0 0 2 0 0
1903 0 0 2 0 0
1904 0 0 2 0 0
1905 0 0 2 0 0
1906 0 0 2 0 0
1907 0 0 2 0 0
1908 0 0 2 0 0
1909 0 0 2 0 0
1910 0 0 2 0 0
1911 0 0 2 0 0
1912 0 0 2 0 0
1913 0 0 2 0 0
1914 0 0 2 0 0
1915 0 0 2 0 0
1916 0 0 2 0 0
1917 0 0 2 0 0
1918 0 0 2 0 0
1919 0 0 2 0 0
1920 0 0 2 0 0
1921 0 0 2 0 0
1922 0 0 2 0 0
1923 0 0 2 0 0
1924 0 0 2 0 0
1925 0 0 2 0 0
1926 0 0 2 0 0
1927 0 0 2 0 0
1928 0 0 2 0 0
1929 0 0 2 0 0
1930 0 0 2 0 0
1931 0 0 2 0 0
1932 0 0 2 0 0
1933 0 0 2 0 0
1934 0 0 2 0 0
1935 0 0 2 0 0
1936 0 0 2 0 0
1937 0 0 2 0 0
1938 0 0 2 0 0
1939 0 0 2 0 0
1940 0 0 2 0 0
1941 0 0 2 0 0
1942 0 0 2 0 0
1943 0 0 2 0 0
1944 0 0 2 0 0
1945 0 0 2 0 0
1946 0 0 2 0 0
1947 0 0 2 0 0
1948 0 0 2 0 0
1949 0 0 2 0 0
1950 0 0 2 0 1
1951 0 0 2 0 1
1952 0 0 2 0 1
1953 0 0 2 0 1
1954 0 0 2 0 1
1955 0 0 2 0 1
1956 0 0 2 0 1
1957 0 0 2 0 1
1958 0 0 2 0 1
1959 0 0 2 0 1
1960 0 0 2 0 1
1961 0 0 2 0 1
1962 0 0 2 0 1
1963 0 0 2 0 1
1964 0 0 2 0 1
1965 0 0 2 0 1
1966 0 0 2 0 1
1967 0 0 2 0 1
1968 0 0 2 0 1
1969 0 0 2 0 1
1970 0 0 2 0 1
1971 0 0 2 0 1
1972 0 0 2 0 1
1973 0 0 2 0 1
1974 0 0 2 0 1
1975 0 0 2 0 1
1976 0 0 2 0 1
1977 0 0 2 0 1
1978 0 0 2 0 1
1979 0 0 2 0 1
1980 0 0 2 0 2
1981 0 0 2 0 2
1982 0 0 2 0 2
1983 0 0 2 0 2
1984 0 0 2 0 2
1985 0 0 2 0 2
1986 0 0 2 0 2
1987 0 0 2 0 2
1988 0 0 2 0 2
1989 0 0 2 0 2
1990 0 0 2 0 2
1991 0 0 2 0 2
1992 0 0 2 0 2
1993 0 0 2 0 2
1994 0 0 2 0 2
1995 0 0 2 0 2
1996 0 0 2 0 2
1997 0 0 2 0 2
1998 0 0 2 0 2
1999 0 0 2 0 2
2000 0 0 2 0 2
2001 0 0 2 0 2
2002 0 0 2 0 2
2003 0 0 2 0 2
2004 0 0 2 0 2
2005 0 0 2 0 2
2006 0 0 2 0 2
2007 0 0 2 0 2
2008 0 0 2 0 2
2009 0 0 2 0 2
2010 0 0 2 0 2
2011 0 0 2 0 2
2012 0 0 2 0 2
2013 0 0 2 0 2
2014 0 0 2 0 2
2015 0 0 2 0 2
2016 0 0 2 0 2
2017 0 0 2 0 2
2018 0 0 2 0 2
2019 0 0 2 0 2
2020 0 0 2 0 2
2021 0 0 2 0 2
2022 0 0 2 0 2
2023 0 0 2 0 2
2024 0 0 2 0 2
2025 0 0 2 0 2
2026 0 0 2 0 2
2027 0 0 2 0 2
2028 0 0 2 0 2
2029 0 0 2 0 2
2030 0 0 2 0 2
2031 0 0 2 0 2
2032 0 0 2 0 2
2033 0 0 2 0 2
2034 0 0 2 0 2
2035 0 0 2 0 2
2036 0 0 2 0 2
2037 0 0 2 0 2
2038 0 0 2 0 2
2039 0 0 2 0 2
2040 0 0 2 0 2
2041 0 0 2 0 2
2042 0 0 2 0 2
2043 0 0 2 0 2
2044 0 0 2 0 2
2045 0 0 2 0 2
2046 0 0 2 0 2
2047 0 0 2 0 2
2048 0 0 2 0 2
2049 0 0 2 0 2
2050 0 0 2 0 2
2051 0 0 2 0 2
2052 0 0 2 0 2
2053 0 0 2 0 2
2054 0 0 2 0 2
2055 0 0 2 0 2
2056 0 0 2 0 2
2057 0 0 2 0 2
2058 0 0 2 0 2
2059 0 0 2 0 2
2060 0 0 2 0 2
2061 0 0 2 0 2
2062 0 0 2 0 2
2063 0 0 2 0 2
2064 0 0 2 0 2
2065 0 0 2 0 2
2066 0 0 2 0 2
2067 0 0 2 0 2
2068 0 0 2 0 2
2069 0 0 2 0 2
2070 0 0 2 0 2
2071 0 0 2 0 2
2072 0 0 2 0 2
2073 0 0 2 0 2
2074 0 0 2 0 2
2075 0 0 2 0 2
2076 0 0 2 0 2
2077 0 0 2 0 2
2078 0 0 2 0 2
2079 0 0 2 0 2
2080 2 0 2 0 2
2081 2 0 2 0 2
2082 2 0 2 0 2
2083 2 0 2 0 2
2084 2 0 2 0 2
2085 2 0 2 0 2
2086 2 0 2 0 2
2087 2 0 2 0 2
2088 2 0 2 0 2
2089 2 0 2 0 2
2090 2 0 0 0 2
2091 2 0 0 0 2
2092 2 0 0 0 2
2093 2 0 0 0 2
2094 2 0 0 0 2
2095 2 0 0 0 2
2096 2 0 0 0 2
2097 2 0 0 0 2
2098 2 0 0 0 2
2099 2 0 0 0 2
2100 2 0 0 0 2
2101 2 0 0 0 2
2102 2 0 0 0 2
2103 2 0 0 0 2
2104 2 0 0 0 2
2105 2 0 0 0 2
2106 2 0 0 0 2
2107 2 0 0 0 2
2108 2 0 0 0 2
2109 2 0 0 0 2
2110 2 0 0 0 2
2111 2 0 0 0 2
2112 2 0 0 0 2
2113 2 0 0 0 2
2114 2 0 0 0 2
2115 2 0 0 0 2
2116 2 0 0 0 2
2117 2 0 0 0 2
2118 2 0 0 0 2
2119 2 0 0 0 2
2120 2 0 0 0 2
2121 2 0 0 0 2
2122 2 0 0 0 2
2123 2 0 0 0 2
2124 2 0 0 0 2
2125 2 0 0 0 2
2126 2 0 0 0 2
2127 2 0 0 0 2
2128 2 0 0 0 2
2129 2 0 0 0 2
2130 2 0 0 0 2
2131 2 0 0 0 2
2132 2 0 0 0 2
2133 2 0 0 0 2
2134 2 0 0 0 2
2135 2 0 0 0 2
2136 2 0 0 0 2
2137 2 0 0 0 2
2138 2 0 0 0 2
2139 2 0 0 0 2
2140 2 0 0 0 2
2141 2 0 0 0 2
2142 2 0 0 0 2
2143 2 0 0 0 2
2144 2 0 0 0 2
2145 2 0 0 0 2
2146 2 0 0 0 2
2147 2 0 0 0 2
2148 2 0 0 0 2
2149 2 0 0 0 2
2150 2 0 0 0 2
2151 2 0 0 0 2
2152 2 0 0 0 2
2153 2 0 0 0 2
2154 2 0 0 0 2
2155 2 0 0 0 2
2156 2 0 0 0 2
2157 2 0 0 0 2
2158 2 0 0 0 2
2159 2 0 0 0 2
2160 2 0 0 0 2
2161 2 0 0 0 2
2162 2 0 0 0 2
2163 2 0 0 0 2
2164 2 0 0 0 2
2165 2 0 0 0 2
2166 2 0 0 0 2
2167 2 0 0 0 2
2168 2 0 0 0 2
2169 2 0 0 0 2
2170 2 0 0 0 2
2171 2 0 0 0 2
2172 2 0 0 0 2
2173 2 0 0 0 2
2174 2 0 0 0 2
2175 2 0 0 0 2
2176 2 0 0 0 2
2177 2 0 0 0 2
2178 2 0 0 0 2
2179 2 0 0 0 2
2180 2 0 0 2 2
2181 2 0 0 2 2
2182 2 0 0 2 2
2183 2 0 0 2 2
2184 2 0 0 2 2
2185 2 0 0 2 2
2186 2 0 0 2 2
2187 2 0 0 2 2
2188 2 0 0 2 2
2189 2 0 0 2 2
2190 2 0 0 2 2
2191 2 0 0 2 2
2192 2 0 0 2 2
2193 2 0 0 2 2
2194 2 0 0 2 2
2195 2 0 0 2 2
2196 2 0 0 2 2
2197 2 0 0 2 2
2198 2 0 0 2 2
2199 2 0 0 2 2
2200 2 0 2 0 2
2201 2 0 2 0 2
2202 2 0 2 0 2
2203 2 0 2 0 2
2204 2 0 2 0 2
2205 2 0 2 0 2
2206 2 0 2 0 2
2207 2 0 2 0 2
2208 2 0 2 0 2
2209 2 0 2 0 2
2210 2 0 0 0 0
2211 2 0 0 0 0
2212 2 0 0 0 0
2213 2 0 0 0 0
2214 2 0 0 0 0
2215 2 0 0 0 0
2216 2 0 0 0 0
2217 2 0 0 0 0
2218 2 0 0 0 0
2219 2 0 0 0 0
2220 2 0 0 0 0
2221 2 0 0 0 0
2222 2 0 0 0 0
2223 2 0 0 0 0
2224 2 0 0 0 0
2225 2 0 0 0 0
2226 2 0 0 0 0
2227 2 0 0 0 0
2228 2 0 0 0 0
2229 2 0 0 0 0
2230 2 0 0 0 0
2231 2 0 0 0 0
2232 2 0 0 0 0
2233 2 0 0 0 0
2234 2 0 0 0 0
2235 2 0 0 0 0
2236 2 0 0 0 0
2237 2 0 0 0 0
2238 2 0 0 0 0
2239 2 0 0 0 0
2240 2 0 0 0 0
2241 2 0 0 0 0
2242 2 0 0 0 0
2243 2 0 0 0 0
2244 2 0 0 0 0
2245 2 0 0 0 0
2246 2 0 0 0 0
2247 2 0 0 0 0
2248 2 0 0 0 0
2249 2 0 0 0 0
2250 2 0 0 0 0
2251 2 0 0 0 0
2252 2 0 0 0 0
2253 2 0 0 0 0
2254 2 0 0 0 0
2255 2 0 0 0 0
2256 2 0 0 0 0
2257 2 0 0 0 0
2258 2 0 0 0 0
2259 2 0 0 0 0
2260 2 0 0 0 0
2261 2 0 0 0 0
2262 2 0 0 0 0
2263 2 0 0 0 0
2264 2 0 0 0 0
2265 2 0 0 0 0
2266 2 0 0 0 0
2267 2 0 0 0 0
2268 2 0 0 0 0
2269 2 0 0 0 0
2270 2 0 0 0 0
2271 2 0 0 0 0
2272 2 0 0 0 0
2273 2 0 0 0 0
2274 2 0 0 0 0
2275 2 0 0 0 0
2276 2 0 0 0 0
2277 2 0 0 0 0
2278 2 0 0 0 0
2279 2 0 0 0 0
2280 2 0 0 0 0
2281 2 0 0 0 0
2282 2 0 0 0 0
2283 2 0 0 0 0
2284 2 0 0 0 0
2285 2 0 0 0 0
2286 2 0 0 0 0
2287 2 0 0 0 0
2288 2 0 0 0 0
2289 2 0 0 0 0
2290 2 0 0 0 0
2291 2 0 0 0 0
2292 2 0 0 0 0
2293 2 0 0 0 0
2294 2 0 0 0 0
2295 2 0 0 0 0
2296 2 0 0 0 0
2297 2 0 0 0 0
2298 2 0 0 0 0
2299 2 0 0 0 0
2300 2 0 0 0 0
2301 2 0 0 0 0
2302 2 0 0 0 0
2303 2 0 0 0 0
2304 2 0 0 0 0
2305 2 0 0 0 0
2306 2 0 0 0 0
2307 2 0 0 0 0
2308 2 0 0 0 0
2309 2 0 0 0 0
2310 2 0 0 0 0
2311 2 0 0 0 0
2312 2 0 0 0 0
2313 2 0 0 0 0
2314 2 0 0 0 0
2315 2 0 0 0 0
2316 2 0 0 0 0
2317 2 0 0 0 0
2318 2 0 0 0 0
2319 2 0 0 0 0
2320 2 0 0 0 0
2321 2 0 0 0 0
2322 2 0 0 0 0
2323 2 0 0 0 0
2324 2 0 0 0 0
2325 2 0 0 0 0
2326 2 0 0 0 0
2327 2 0 0 0 0
2328 2 0 0 0 0
2329 2 0 0 0 0
2330 2 0 0 0 0
2331 2 0 0 0 0
2332 2 0 0 0 0
2333 2 0 0 0 0
2334 2 0 0 0 0
2335 2 0 0 0 0
2336 2 0 0 0 0
2337 2 0 0 0 0
2338 2 0 0 0 0
2339 2 0 0 0 0
2340 2 0 0 0 0
2341 2 0 0 0 0
2342 2 0 0 0 0
2343 2 0 0 0 0
2344 2 0 0 0 0
2345 2 0 0 0 0
2346 2 0 0 0 0
2347 2 0 0 0 0
2348 2 0 0 0 0
2349 2 0 0 0 0
2350 2 0 0 2 0
2351 2 0 0 2 0
2352 2 0 0 2 0
2353 2 0 0 2 0
2354 2 0 0 2 0
2355 2 0 0 2 0
2356 2 0 0 2 0
2357 2 0 0 0 0
2358 2 0 0 0 0
2359 2 0 0 0 0
2360 2 0 2 0 0
2361 2 0 2 0 0
2362 2 0 2 0 0
2363 2 0 2 0 0
2364 2 0 2 0 0
2365 2 0 2 0 0
2366 2 0 2 0 0
2367 2 0 2 0 0
2368 2 0 2 0 0
2369 2 0 2 0 0
2370 0 0 2 0 0
2371 0 0 2 0 0
2372 0 0 2 0 0
2373 0 0 2 0 0
2374 0 0 2 0 0
2375 0 0 2 0 0
2376 0 0 2 0 0
2377 0 0 2 0 0
2378 0 0 2 0 0
2379 0 0 2 0 0
2380 0 0 2 0 0
2381 0 0 2 0 0
2382 0 0 2 0 0
2383 0 0 2 0 0
2384 0 0 2 0 0
2385 0 0 2 0 0
2386 0 0 2 0 0
2387 0 0 2 0 0
2388 0 0 2 0 0
2389 0 0 2 0 0
2390 0 0 2 0 0
2391 0 0 2 0 0
2392 0 0 2 0 0
2393 0 0 2 0 0
2394 0 0 2 0 0
2395 0 0 2 0 0
2396 0 0 2 0 0
2397 0 0 2 0 0
2398 0 0 2 0 0
2399 0 0 2 0 0
2400 0 0 2 0 0
2401 0 0 2 0 0
2402 0 0 2 0 0
2403 0 0 2 0 0
2404 0 0 2 0 0
2405 0 0 2 0 0
2406 0 0 2 0 0
2407 0 0 2 0 0
2408 0 0 2 0 0
2409 0 0 2 0 0
2410 0 0 2 0 0
2411 0 0 2 0 0
2412 0 0 2 0 0
2413 0 0 2 0 0
2414 0 0 2 0 0
2415 0 0 2 0 0
2416 0 0 2 0 0
2417 0 0 2 0 0
2418 0 0 2 0 0
2419 0 0 2 0 0
2420 0 0 2 0 0
2421 0 0 2 0 0
2422 0 0 2 0 0
2423 0 0 2 0 0
2424 0 0 2 0 0
2425 0 0 2 0 0
2426 0 0 2 0 0
2427 0 0 2 0 0
2428 0 0 2 0 0
2429 0 0 2 0 0
2430 0 0 2 0 0
2431 0 0 2 0 0
2432 0 0 2 0 0
2433 0 0 2 0 0
2434 0 0 2 0 0
2435 0 0 2 0 0
2436 0 0 2 0 0
2437 0 0 2 0 0
2438 0 0 2 0 0
2439 0 0 2 0 0
2440 0 0 2 0 0
2441 0 0 2 0 0
2442 0 0 2 0 0
2443 0 0 2 0 0
2444 0 0 2 0 0
2445 0 0 2 0 0
2446 0 0 2 0 0
2447 0 0 2 0 0
2448 0 0 2 0 0
2449 0 0 2 0 0
2450 0 0 2 0 0
2451 0 0 2 0 0
2452 0 0 2 0 0
2453 0 0 2 0 0
2454 0 0 2 0 0
2455 0 0 2 0 0
2456 0 0 2 0 0
2457 0 0 2 0 0
2458 0 0 2 0 0
2459 0 0 2 0 0
2460 0 0 2 0 1
2461 0 0 2 0 1
2462 0 0 2 0 1
2463 0 0 2 0 1
2464 0 0 2 0 1
2465 0 0 2 0 1
2466 0 0 2 0 1
2467 0 0 2 0 1
2468 0 0 2 0 1
2469 0 0 2 0 1
2470 0 0 2 0 1
2471 0 0 2 0 1
2472 0 0 2 0 1
2473 0 0 2 0 1
2474 0 0 2 0 1
2475 0 0 2 0 1
2476 0 0 2 0 1
2477 0 0 2 0 1
2478 0 0 2 0 1
2479 0 0 2 0 1
2480 0 0 2 0 1
2481 0 0 2 0 1
2482 0 0 2 0 1
2483 0 0 2 0 1
2484 0 0 2 0 1
2485 0 0 2 0 1
2486 0 0 2 0 1
2487 0 0 2 0 1
2488 0 0 2 0 1
2489 0 0 2 0 1
2490 0 0 2 0 1
2491 0 0 2 0 1
2492 0 0 2 0 1
2493 0 0 2 0 1
2494 0 0 2 0 1
2495 0 0 2 0 1
2496 0 0 2 0 1
2497 0 0 2 0 1
2498 0 0 2 0 1
2499 0 0 2 0 1
2500 0 0 2 0 1
2501 0 0 2 0 1
2502 0 0 2 0 1
2503 0 0 2 0 1
2504 0 0 2 0 1
2505 0 0 2 0 1
2506 0 0 2 0 1
2507 0 0 2 0 1
2508 0 0 2 0 1
2509 0 0 2 0 1
2510 0 0 2 0 1
2511 0 0 2 0 1
2512 0 0 2 0 1
2513 0 0 2 0 1
2514 0 0 2 0 1
2515 0 0 2 0 1
2516 0 0 2 0 1
2517 0 0 2 0 1
2518 0 0 2 0 1
2519 0 0 2 0 1
2520 0 0 2 0 1
2521 0 0 2 0 1
2522 0 0 2 0 1
2523 0 0 2 0 1
2524 0 0 2 0 1
2525 0 0 2 0 1
2526 0 0 2 0 1
2527 0 0 2 0 1
2528 0 0 2 0 1
2529 0 0 2 0 1
2530 0 0 2 0 1
2531 0 0 2 0 1
2532 0 0 2 0 1
2533 0 0 2 0 1
2534 0 0 2 0 1
2535 0 0 2 0 1
2536 0 0 2 0 1
2537 0 0 2 0 1
2538 0 0 2 0 1
2539 0 0 2 0 1
2540 0 0 2 0 1
2541 0 0 2 0 1
2542 0 0 2 0 1
2543 0 0 2 0 1
2544 0 0 2 0 1
2545 0 0 2 0 1
2546 0 0 2 0 1
2547 0 0 2 0 1
2548 0 0 2 0 1
2549 0 0 2 0 1
2550 0 0 2 0 0
2551 0 0 2 0 0
2552 0 0 2 0 0
2553 0 0 2 0 0
2554 0 0 2 0 0
2555 0 0 2 0 0
2556 0 0 2 0 0
2557 0 0 2 0 0
2558 0 0 2 0 0
2559 0 0 2 0 0
2560 0 0 2 0 0
2561 0 0 2 0 0
2562 0 0 2 0 0
2563 0 0 2 0 0
2564 0 0 2 0 0
2565 0 0 2 0 0
2566 0 0 2 0 0
2567 0 0 2 0 0
2568 0 0 2 0 0
2569 0 0 2 0 0
2570 0 0 2 0 0
2571 0 0 2 0 0
2572 0 0 2 0 0
2573 0 0 2 0 0
2574 0 0 2 0 0
2575 0 0 2 0 0
2576 0 0 2 0 0
2577 0 0 2 0 0
2578 0 0 2 0 0
2579 0 0 2 0 0
2580 0 0 2 0 0
2581 0 0 2 0 0
2582 0 0 2 0 0
2583 0 0 2 0 0
2584 0 0 2 0 0
2585 0 0 2 0 0
2586 0 0 2 0 0
2587 0 0 2 0 0
2588 0 0 2 0 0
2589 0 0 2 0 0
2590 0 0 2 0 0
2591 0 0 2 0 0
2592 0 0 2 0 0
2593 0 0 2 0 0
2594 0 0 2 0 0
2595 0 0 2 0 0
2596 0 0 2 0 0
2597 0 0 2 0 0
2598 0 0 2 0 0
2599 0 0 2 0 0
2600 0 0 2 0 0
2601 0 0 2 0 0
2602 0 0 2 0 0
2603 0 0 2 0 0
2604 0 0 2 0 0
2605 0 0 2 0 0
2606 0 0 2 0 0
2607 0 0 2 0 0
2608 0 0 2 0 0
2609 0 0 2 0 0
2610 0 0 2 0 0
2611 0 0 2 0 0
2612 0 0 2 0 0
2613 0 0 2 0 0
2614 0 0 2 0 0
2615 0 0 2 0 0
2616 0 0 2 0 0
2617 0 0 2 0 0
2618 0 0 2 0 0
2619 0 0 2 0 0
2620 0 0 2 0 0
2621 0 0 2 0 0
2622 0 0 2 0 0
2623 0 0 2 0 0
2624 0 0 2 0 0
2625 0 0 2 0 0
2626 0 0 2 0 0
2627 0 0 2 0 0
2628 0 0 2 0 0
2629 0 0 2 0 0
2630 0 0 2 0 0
2631 0 0 2 0 0
2632 0 0 2 0 0
2633 0 0 2 0 0
2634 0 0 2 0 0
2635 0 0 2 0 0
2636 0 0 2 0 0
2637 0 0 2 0 0
2638 0 0 2 0 0
2639 0 0 2 0 0
2640 0 0 2 0 0
2641 0 0 2 0 0
2642 0 0 2 0 0
2643 0 0 2 0 0
2644 0 0 2 0 0
2645 0 0 2 0 0
2646 0 0 2 0 0
2647 0 0 2 0 0
2648 0 0 2 0 0
2649 0 0 2 0 0
2650 0 0 2 0 0
2651 0 0 2 0 0
2652 0 0 2 0 0
2653 0 0 2 0 0
2654 0 0 2 0 0
2655 0 0 2 0 0
2656 0 0 2 0 0
2657 0 0 2 0 0
2658 0 0 2 0 0
2659 0 0 2 0 0
2660 0 0 2 0 0
2661 0 0 2 0 0
2662 0 0 2 0 0
2663 0 0 2 0 0
2664 0 0 2 0 0
2665 0 0 2 0 0
2666 0 0 2 0 0
2667 0 0 2 0 0
2668 0 0 2 0 0
2669 0 0 2 0 0
2670 0 0 2 0 1
2671 0 0 2 0 1
2672 0 0 2 0 1
2673 0 0 2 0 1
2674 0 0 2 0 1
2675 0 0 2 0 1
2676 0 0 2 0 1
2677 0 0 2 0 1
2678 0 0 2 0 1
2679 0 0 2 0 1
2680 0 0 2 0 1
2681 0 0 2 0 1
2682 0 0 2 0 1
2683 0 0 2 0 1
2684 0 0 2 0 1
2685 0 0 2 0 1
2686 0 0 2 0 1
2687 0 0 2 0 1
2688 0 0 2 0 1
2689 0 0 2 0 1
2690 0 0 2 0 2
2691 0 0 2 0 2
2692 0 0 2 0 2
2693 0 0 2 0 2
2694 0 0 2 0 2
2695 0 0 2 0 2
2696 0 0 2 0 2
2697 0 0 2 0 2
2698 0 0 2 0 2
2699 0 0 2 0 2
2700 0 0 2 0 2
2701 0 0 2 0 2
2702 0 0 2 0 2
2703 0 0 2 0 2
2704 0 0 2 0 2
2705 0 0 2 0 2
2706 0 0 2 0 2
2707 0 0 2 0 2
2708 0 0 2 0 2
2709 0 0 2 0 2
2710 0 0 2 0 2
2711 0 0 2 0 2
2712 0 0 2 0 2
2713 0 0 2 0 2
2714 0 0 2 0 2
2715 0 0 2 0 2
2716 0 0 2 0 2
2717 0 0 2 0 2
2718 0 0 2 0 2
2719 0 0 2 0 2
2720 0 0 2 0 2
2721 0 0 2 0 2
2722 0 0 2 0 2
2723 0 0 2 0 2
2724 0 0 2 0 2
2725 0 0 2 0 2
2726 0 0 2 0 2
2727 0 0 2 0 2
2728 0 0 2 0 2
2729 0 0 2 0 2
2730 0 0 2 0 2
2731 0 0 2 0 2
2732 0 0 2 0 2
2733 0 0 2 0 2
2734 0 0 2 0 2
2735 0 0 2 0 2
2736 0 0 2 0 2
2737 0 0 2 0 2
2738 0 0 2 0 2
2739 0 0 2 0 2
2740 0 0 2 0 2
2741 0 0 2 0 0
2742 0 0 2 0 0
2743 0 0 2 0 0
2744 0 0 2 0 0
2745 0 0 2 0 0
2746 0 0 2 0 0
2747 0 0 2 0 0
2748 0 0 2 0 0
2749 0 0 2 0 0
2750 0 0 2 0 0
2751 0 0 2 0 0
2752 0 0 2 0 0
2753 0 0 2 0 0
2754 0 0 2 0 0
2755 0 0 2 0 0
2756 0 0 2 0 0
2757 0 0 2 0 0
2758 0 0 2 0 0
2759 0 0 2 0 0
2760 0 0 2 0 0
2761 0 0 2 0 0
2762 0 0 2 0 0
2763 0 0 2 0 0
2764 0 0 2 0 0
2765 0 0 2 0 0
2766 0 0 2 0 0
2767 0 0 2 0 0
2768 0 0 2 0 0
2769 0 0 2 0 0
2770 0 0 2 0 0
2771 0 0 2 0 0
2772 0 0 2 0 0
2773 0 0 2 0 0
2774 0 0 2 0 0
2775 0 0 2 0 0
2776 0 0 2 0 0
2777 0 0 2 0 0
2778 0 0 2 0 0
2779 0 0 2 0 0
2780 0 0 2 0 0
2781 0 0 2 0 0
2782 0 0 2 0 0
2783 0 0 2 0 0
2784 0 0 2 0 0
2785 0 0 2 0 0
2786 0 0 2 0 2
2787 0 0 2 0 2
2788 0 0 2 0 2
2789 0 0 2 0 2
2790 0 0 2 0 1
2791 0 0 2 0 1
2792 0 0 2 0 1
2793 0 0 2 0 1
2794 0 0 2 0 1
2795 0 0 2 0 1
2796 0 0 2 0 1
2797 0 0 2 0 1
2798 0 0 2 0 1
2799 0 0 2 0 1
2800 0 0 2 0 1
2801 0 0 2 0 1
2802 0 0 2 0 1
2803 0 0 2 0 1
2804 0 0 2 0 1
2805 0 0 2 0 1
2806 0 0 2 0 1
2807 0 0 2 0 1
2808 0 0 2 0 1
2809 0 0 2 0 1
2810 0 0 2 0 1
2811 0 0 2 0 1
2812 0 0 2 0 1
2813 0 0 2 0 1
2814 0 0 2 0 1
2815 0 0 2 0 1
2816 0 0 2 0 1
2817 0 0 2 0 1
2818 0 0 2 0 1
2819 0 0 2 0 1
2820 0 0 2 0 1
2821 0 0 2 0 1
2822 0 0 2 0 1
2823 0 0 2 0 1
2824 0 0 2 0 1
2825 0 0 2 0 1
2826 0 0 2 0 1
2827 0 0 2 0 1
2828 0 0 2 0 1
2829 0 0 2 0 1
2830 0 0 2 0 1
2831 0 0 2 0 1
2832 0 0 2 0 1
2833 0 0 2 0 1
2834 0 0 2 0 1
2835 0 0 2 0 1
2836 0 0 2 0 1
2837 0 0 2 0 1
2838 0 0 2 0 1
2839 0 0 2 0 1
2840 0 0 2 0 1
2841 0 0 2 0 1
2842 0 0 2 0 1
2843 0 0 2 0 1
2844 0 0 2 0 1
2845 0 0 2 0 1
2846 0 0 2 0 1
2847 0 0 2 0 1
2848 0 0 2 0 1
2849 0 0 2 0 1
2850 0 0 2 0 1
2851 0 0 2 0 1
2852 0 0 2 0 1
2853 0 0 2 0 1
2854 0 0 2 0 1
2855 0 0 2 0 1
2856 0 0 2 0 1
2857 0 0 2 0 1
2858 0 0 2 0 1
2859 0 0 2 0 1
2860 0 0 2 0 1
2861 0 0 2 0 1
2862 0 0 2 0 1
2863 0 0 2 0 1
2864 0 0 2 0 1
2865 0 0 2 0 1
2866 0 0 2 0 1
2867 0 0 2 0 1
2868 0 0 2 0 1
2869 0 0 2 0 1
2870 0 0 2 0 1
2871 0 0 2 0 1
2872 0 0 2 0 1
2873 0 0 2 0 1
2874 0 0 2 0 1
2875 0 0 2 0 1
2876 0 0 2 0 1
2877 0 0 2 0 1
2878 0 0 2 0 1
2879 0 0 2 0 1
2880 0 0 2 0 1
2881 0 0 2 0 1
2882 0 0 2 0 1
2883 0 0 2 0 1
2884 0 0 2 0 1
2885 0 0 2 0 1
2886 0 0 2 0 1
2887 0 0 2 0 1
2888 0 0 2 0 1
2889 0 0 2 0 1
2890 0 0 2 0 2
2891 0 0 2 0 2
2892 0 0 2 0 2
2893 0 0 2 0 2
2894 0 0 2 0 2
2895 0 0 2 0 2
2896 0 0 2 0 2
2897 0 0 2 0 2
2898 0 0 2 0 2
2899 0 0 2 0 2
2900 0 0 2 0 2
2901 0 0 2 0 2
2902 0 0 2 0 2
2903 0 0 2 0 2
2904 0 0 2 0 2
2905 0 0 2 0 2
2906 0 0 2 0 2
2907 0 0 2 0 2
2908 0 0 2 0 2
2909 0 0 2 0 2
2910 0 0 2 0 2
2911 0 0 2 0 2
2912 0 0 2 0 2
2913 0 0 2 0 2
2914 0 0 2 0 2
2915 0 0 2 0 2
2916 0 0 2 0 2
2917 0 0 2 0 2
2918 0 0 2 0 2
2919 0 0 2 0 2
2920 0 0 2 0 2
2921 0 0 2 0 2
2922 0 0 2 0 2
2923 0 0 2 0 2
2924 0 0 2 0 2
2925 0 0 2 0 2
2926 0 0 2 0 2
2927 0 0 2 0 2
2928 0 0 2 0 2
2929 0 0 2 0 2
2930 0 0 2 0 2
2931 0 0 2 0 2
2932 0 0 2 0 2
2933 0 0 2 0 2
2934 0 0 2 0 2
2935 0 0 2 0 2
2936 0 0 2 0 2
2937 0 0 2 0 2
2938 0 0 2 0 2
2939 0 0 2 0 2
2940 0 0 2 0 2
2941 0 0 2 0 2
2942 0 0 2 0 2
2943 0 0 2 0 2
2944 0 0 2 0 2
2945 0 0 2 0 2
2946 0 0 2 0 2
2947 0 0 2 0 2
2948 0 0 2 0 2
2949 0 0 2 0 2
2950 0 0 2 0 2
2951 0 0 2 0 2
2952 0 0 2 0 2
2953 0 0 2 0 2
2954 0 0 2 0 2
2955 0 0 2 0 2
2956 0 0 2 0 2
2957 0 0 2 0 2
2958 0 0 2 0 2
2959 0 0 2 0 2
2960 0 0 2 0 2
2961 0 0 2 0 2
2962 0 0 2 0 2
2963 0 0 2 0 2
2964 0 0 2 0 2
2965 0 0 2 0 2
2966 0 0 2 0 2
2967 0 0 2 0 2
2968 0 0 2 0 2
2969 0 0 2 0 2
2970 0 2 2 0 2
2971 0 2 2 0 2
2972 0 2 2 0 2
2973 0 2 2 0 2
2974 0 2 2 0 2
2975 0 2 2 0 2
2976 0 2 2 0 2
2977 0 2 2 0 2
2978 0 2 2 0 2
2979 0 2 2 0 2
2980 0 2 2 0 2
2981 0 2 2 0 2
2982 0 2 2 0 2
2983 0 2 2 0 2
2984 0 2 2 0 2
2985 0 2 2 0 2
2986 0 2 2 0 2
2987 0 2 2 0 2
2988 0 2 2 0 2
2989 0 2 2 0 2
2990 0 2 2 0 2
2991 0 2 2 0 2
2992 0 2 2 0 2
2993 0 2 2 0 2
2994 0 2 2 0 2
2995 0 2 2 0 2
2996 0 2 2 0 2
2997 0 2 2 0 2
2998 0 2 2 0 2
2999 0 2 2 0 2
3000 0 2 2 0 2
3001 0 2 2 0 2
3002 0 2 2 0 2
3003 0 2 2 0 2
3004 0 2 2 0 2
3005 0 2 2 0 2
3006 0 2 2 0 2
3007 0 2 2 0 2
3008 0 2 2 0 2
3009 0 2 2 0 2
3010 0 0 2 0 2
3011 0 0 2 0 2
3012 0 0 2 0 2
3013 0 0 2 0 2
3014 0 0 2 0 2
3015 0 0 2 0 2
3016 0 0 2 0 2
3017 0 0 2 0 2
3018 0 0 2 0 2
3019 0 0 2 0 2
3020 2 0 2 0 2
3021 2 0 2 0 2
3022 2 0 2 0 2
3023 2 0 2 0 2
3024 2 0 2 0 2
3025 2 0 2 0 2
3026 2 0 2 0 2
3027 2 0 2 0 2
3028 2 0 2 0 2
3029 2 0 2 0 2
3030 2 0 2 0 2
3031 2 0 2 0 2
3032 2 0 2 0 2
3033 2 0 2 0 2
3034 2 0 2 0 2
3035 2 0 2 0 2
3036 2 0 2 0 2
3037 2 0 2 0 2
3038 2 0 2 0 2
3039 2 0 2 0 2
3040 2 0 0 0 2
3041 2 0 0 0 2
3042 2 0 0 0 2
3043 2 0 0 0 2
3044 2 0 0 0 2
3045 2 0 0 0 2
3046 2 0 0 0 2
3047 2 0 0 0 2
3048 2 0 0 0 2
3049 2 0 0 0 2
3050 2 0 0 0 2
3051 2 0 0 0 2
3052 2 0 0 0 2
3053 2 0 0 0 2
3054 2 0 0 0 2
3055 2 0 0 0 2
3056 2 0 0 0 2
3057 2 0 0 0 2
3058 2 0 0 0 2
3059 2 0 0 0 2
3060 2 0 0 0 2
3061 2 0 0 0 2
3062 2 0 0 0 2
3063 2 0 0 0 2
3064 2 0 0 0 2
3065 2 0 0 0 2
3066 2 0 0 0 2
3067 2 0 0 0 2
3068 2 0 0 0 2
3069 2 0 0 0 2
3070 2 0 0 0 2
3071 2 0 0 0 2
3072 2 0 0 0 2
3073 2 0 0 0 2
3074 2 0 0 0 2
3075 2 0 0 0 2
3076 2 0 0 0 2
3077 2 0 0 0 2
3078 2 0 0 0 2
3079 2 0 0 0 2
3080 2 0 0 0 2
3081 2 0 0 0 2
3082 2 0 0 0 2
3083 2 0 0 0 2
3084 2 0 0 0 2
3085 2 0 0 0 2
3086 2 0 0 0 2
3087 2 0 0 0 2
3088 2 0 0 0 2
3089 2 0 0 0 2
3090 2 0 0 0 2
3091 2 0 0 0 2
3092 2 0 0 0 2
3093 2 0 0 0 2
3094 2 0 0 0 2
3095 2 0 0 0 2
3096 2 0 0 0 2
3097 2 0 0 0 2
3098 2 0 0 0 2
3099 2 0 0 0 2
3100 2 0 0 0 2
3101 2 0 0 0 2
3102 2 0 0 0 2
3103 2 0 0 0 2
3104 2 0 0 0 2
3105 2 0 0 0 2
3106 2 0 0 0 2
3107 2 0 0 0 2
3108 2 0 0 0 2
3109 2 0 0 0 2
3110 2 0 0 0 2
3111 2 0 0 0 2
3112 2 0 0 0 2
3113 2 0 0 0 2
3114 2 0 0 0 2
3115 2 0 0 0 2
3116 2 0 0 0 2
3117 2 0 0 0 2
3118 2 0 0 0 2
3119 2 0 0 0 2
3120 2 0 0 0 0
3121 2 0 0 0 0
3122 2 0 0 0 0
3123 2 0 0 0 0
3124 2 0 0 0 0
3125 2 0 0 0 0
3126 2 0 0 0 0
3127 2 0 0 0 0
3128 2 0 0 0 0
3129 2 0 0 0 0
3130 2 0 0 0 0
3131 2 0 0 0 0
3132 2 0 0 0 0
3133 2 0 0 0 0
3134 2 0 0 0 0
3135 2 0 0 0 0
3136 2 0 0 0 0
3137 2 0 0 0 0
3138 2 0 0 0 0
