0 0 0 0 0 0
1 0 0 0 0 0
2 0 0 0 0 0
3 0 0 0 0 0
4 0 0 0 0 0
5 0 0 0 0 0
6 0 0 0 0 0
7 0 0 0 0 0
8 0 0 0 0 0
9 0 0 0 0 0
10 0 0 0 0 0
11 0 0 0 0 0
12 0 0 0 0 0
13 0 0 0 0 0
14 0 0 0 0 0
15 0 0 0 0 0
16 0 0 0 0 0
17 0 0 0 0 0
18 0 0 0 0 0
19 0 0 0 0 0
20 0 0 0 0 0
21 0 0 0 0 0
22 0 0 0 0 0
23 0 0 0 0 0
24 0 0 0 0 0
25 0 0 0 0 0
26 0 0 0 0 0
27 0 0 0 0 0
28 0 0 0 0 0
29 0 0 0 0 0
30 0 0 0 0 0
31 0 0 0 0 0
32 0 0 0 0 0
33 0 0 0 0 0
34 0 0 0 0 0
35 0 0 0 0 0
36 0 0 0 0 0
37 0 0 0 0 0
38 0 0 0 0 0
39 0 0 0 0 0
40 0 0 0 0 0
41 0 0 0 0 0
42 0 0 0 0 0
43 0 0 0 0 0
44 0 0 0 0 0
45 0 0 0 0 0
46 0 0 0 0 0
47 0 0 0 0 0
48 0 0 0 0 0
49 0 0 0 0 0
50 0 0 0 0 0
51 0 0 0 0 0
52 0 0 0 0 0
53 0 0 0 0 0
54 0 0 0 0 0
55 0 0 0 0 0
56 0 0 0 0 0
57 0 0 0 0 0
58 0 0 0 0 0
59 0 0 0 0 0
60 0 0 0 0 0
61 0 0 0 0 0
62 0 0 0 0 0
63 0 0 0 0 0
64 0 0 0 0 0
65 0 0 0 0 0
66 0 0 0 0 0
67 0 0 0 0 0
68 0 0 0 0 0
69 0 0 0 0 0
70 0 0 0 0 0
71 0 0 0 0 0
72 0 0 0 0 0
73 0 0 0 0 0
74 0 0 0 0 0
75 0 0 0 0 0
76 0 0 0 0 0
77 0 0 0 0 0
78 0 0 0 0 0
79 0 0 0 0 0
80 0 0 0 0 0
81 0 0 0 0 0
82 0 0 0 0 0
83 0 0 0 0 0
84 0 0 0 0 0
85 0 0 0 0 0
86 0 0 0 0 0
87 0 0 0 0 0
88 0 0 0 0 0
89 0 0 0 0 0
90 0 0 0 0 0
91 0 0 0 0 0
92 0 0 0 0 0
93 0 0 0 0 0
94 0 0 0 0 0
95 0 0 0 0 0
96 0 0 0 0 0
97 0 0 0 0 0
98 0 0 0 0 0
99 0 0 0 0 0
100 0 0 0 0 0
101 0 0 0 0 0
102 0 0 0 0 0
103 0 0 0 0 0
104 0 0 0 0 0
105 0 0 0 0 0
106 0 0 0 0 0
107 0 0 0 0 0
108 0 0 0 0 0
109 0 0 0 0 0
110 0 0 0 0 0
111 0 0 0 0 0
112 0 0 0 0 0
113 0 0 0 0 0
114 0 0 0 0 0
115 0 0 0 0 0
116 0 0 0 0 0
117 0 0 0 0 0
118 0 0 0 0 0
119 0 0 0 0 0
120 0 0 0 0 0
121 0 0 0 0 0
122 0 0 0 0 0
123 0 0 0 0 0
124 0 0 0 0 0
125 0 0 0 0 0
126 0 0 0 0 0
127 0 0 0 0 0
128 0 0 0 0 0
129 0 0 0 0 0
130 0 0 0 0 0
131 0 0 0 0 0
132 0 0 0 0 0
133 0 0 0 0 0
134 0 0 0 0 0
135 0 0 0 0 0
136 0 0 0 0 0
137 0 0 0 0 0
138 0 0 0 0 0
139 0 0 0 0 0
140 0 0 0 0 0
141 0 0 0 0 0
142 0 0 0 0 0
143 0 0 0 0 0
144 0 0 0 0 0
145 0 0 0 0 0
146 0 0 0 0 0
147 0 0 0 0 0
148 0 0 0 0 0
149 0 0 0 0 0
150 0 0 0 0 0
151 0 0 0 0 0
152 0 0 0 0 0
153 0 0 0 0 0
154 0 0 0 0 0
155 0 0 0 0 0
156 0 0 0 0 0
157 0 0 0 0 0
158 0 0 0 0 0
159 0 0 0 0 0
160 0 0 0 0 0
161 0 0 0 0 0
162 0 0 0 0 0
163 0 0 0 0 0
164 0 0 0 0 0
165 0 0 0 0 0
166 0 0 0 0 0
167 0 0 0 0 0
168 0 0 0 0 0
169 0 0 0 0 0
170 0 0 0 0 0
171 0 0 0 0 0
172 0 0 0 0 0
173 0 0 0 0 0
174 0 0 0 0 0
175 0 0 0 0 0
176 0 0 0 0 0
177 0 0 0 0 0
178 0 0 0 0 0
179 0 0 0 0 0
180 0 0 2 0 0
181 0 0 2 0 0
182 0 0 2 0 0
183 0 0 2 0 0
184 0 0 2 0 0
185 0 0 2 0 0
186 0 0 2 0 0
187 0 0 2 0 0
188 0 0 2 0 0
189 0 0 2 0 0
190 0 0 2 0 0
191 0 0 2 0 0
192 0 0 2 0 0
193 0 0 2 0 0
194 0 0 2 0 0
195 0 0 2 0 0
196 0 0 2 0 0
197 0 0 2 0 0
198 0 0 2 0 0
199 0 0 2 0 0
200 0 0 2 0 0
201 0 0 2 0 0
202 0 0 2 0 0
203 0 0 2 0 0
204 0 0 2 0 0
205 0 0 2 0 0
206 0 0 2 0 0
207 0 0 2 0 0
208 0 0 2 0 0
209 0 0 2 0 0
210 0 0 2 0 0
211 0 0 2 0 0
212 0 0 2 0 0
213 0 0 2 0 0
214 0 0 2 0 0
215 0 0 2 0 0
216 0 0 2 0 0
217 0 0 2 0 0
218 0 0 2 0 0
219 0 0 2 0 0
220 0 0 2 0 0
221 0 0 2 0 0
222 0 0 2 0 0
223 0 0 2 0 0
224 0 0 2 0 0
225 0 0 2 0 0
226 0 0 2 0 0
227 0 0 2 0 0
228 0 0 2 0 0
229 0 0 2 0 0
230 0 0 2 0 0
231 0 0 2 0 0
232 0 0 2 0 0
233 0 0 2 0 0
234 0 0 2 0 0
235 0 0 2 0 0
236 0 0 2 0 0
237 0 0 2 0 0
238 0 0 2 0 0
239 0 0 2 0 0
240 0 0 2 0 0
241 0 0 2 0 0
242 0 0 2 0 0
243 0 0 2 0 0
244 0 0 2 0 0
245 0 0 2 0 0
246 0 0 2 0 0
247 0 0 2 0 0
248 0 0 2 0 0
249 0 0 2 0 0
250 0 0 2 0 0
251 0 0 2 0 0
252 0 0 2 0 0
253 0 0 2 0 0
254 0 0 2 0 0
255 0 0 2 0 0
256 0 0 2 0 0
257 0 0 2 0 0
258 0 0 2 0 0
259 0 0 2 0 0
260 0 0 2 0 0
261 0 0 2 0 0
262 0 0 2 0 0
263 0 0 2 0 0
264 0 0 2 0 0
265 0 0 2 0 0
266 0 0 2 0 0
267 0 0 2 0 0
268 0 0 2 0 0
269 0 0 2 0 0
270 0 0 2 0 0
271 0 0 2 0 0
272 0 0 2 0 0
273 0 0 2 0 0
274 0 0 2 0 0
275 0 0 2 0 0
276 0 0 2 0 0
277 0 0 2 0 0
278 0 0 2 0 0
279 0 0 2 0 0
280 0 0 2 0 0
281 0 0 2 0 0
282 0 0 2 0 0
283 0 0 2 0 0
284 0 0 2 0 0
285 0 0 2 0 0
286 0 0 2 0 0
287 0 0 2 0 0
288 0 0 2 0 0
289 0 0 2 0 0
290 0 0 2 0 0
291 0 0 2 0 0
292 0 0 2 0 0
293 0 0 2 0 0
294 0 0 2 0 0
295 0 0 2 0 0
296 0 0 2 0 0
297 0 0 2 0 0
298 0 0 2 0 0
299 0 0 2 0 0
300 0 0 2 0 0
301 0 0 2 0 0
302 0 0 2 0 0
303 0 0 2 0 0
304 0 0 2 0 0
305 0 0 2 0 0
306 0 0 2 0 0
307 0 0 2 0 0
308 0 0 2 0 0
309 0 0 2 0 0
310 0 0 2 0 0
311 0 0 2 0 0
312 0 0 2 0 0
313 0 0 2 0 0
314 0 0 2 0 0
315 0 0 2 0 0
316 0 0 2 0 0
317 0 0 2 0 0
318 0 0 2 0 0
319 0 0 2 0 0
320 2 0 2 0 0
321 2 0 2 0 0
322 2 0 2 0 0
323 2 0 2 0 0
324 2 0 2 0 0
325 2 0 2 0 0
326 2 0 2 0 0
327 2 0 2 0 0
328 2 0 2 0 0
329 2 0 2 0 0
330 2 0 0 0 0
331 2 0 0 0 0
332 2 0 0 0 0
333 2 0 0 0 0
334 2 0 0 0 0
335 2 0 0 0 0
336 2 0 0 0 0
337 2 0 0 0 0
338 2 0 0 0 0
339 2 0 0 0 0
340 2 0 0 0 0
341 2 0 0 0 0
342 2 0 0 0 0
343 2 0 0 0 0
344 2 0 0 0 0
345 2 0 0 0 0
346 2 0 0 0 0
347 2 0 0 0 0
348 2 0 0 0 0
349 2 0 0 0 0
350 2 0 0 0 0
351 2 0 0 0 0
352 2 0 0 0 0
353 2 0 0 0 0
354 2 0 0 0 0
355 2 0 0 0 0
356 2 0 0 0 0
357 2 0 0 0 0
358 2 0 0 0 0
359 2 0 0 0 0
360 2 0 0 0 0
361 2 0 0 0 0
362 2 0 0 0 0
363 2 0 0 0 0
364 2 0 0 0 0
365 2 0 0 0 0
366 2 0 0 0 0
367 2 0 0 0 0
368 2 0 0 0 0
369 2 0 0 0 0
370 2 0 0 0 0
371 2 0 0 0 0
372 2 0 0 0 0
373 2 0 0 0 0
374 2 0 0 0 0
375 2 0 0 0 0
376 2 0 0 0 0
377 2 0 0 0 0
378 2 0 0 0 0
379 2 0 0 0 0
380 2 0 0 0 0
381 2 0 0 0 0
382 2 0 0 0 0
383 2 0 0 0 0
384 2 0 0 0 0
385 2 0 0 0 0
386 2 0 0 0 0
387 2 0 0 0 0
388 2 0 0 0 0
389 2 0 0 0 0
390 2 0 0 0 0
391 2 0 0 0 0
392 2 0 0 0 0
393 2 0 0 0 0
394 2 0 0 0 0
395 2 0 0 0 0
396 2 0 0 0 0
397 2 0 0 0 0
398 2 0 0 0 0
399 2 0 0 0 0
400 2 0 0 0 0
401 2 0 0 0 0
402 2 0 0 0 0
403 2 0 0 0 0
404 2 0 0 0 0
405 2 0 0 0 0
406 2 0 0 0 0
407 2 0 0 0 0
408 2 0 0 0 0
409 2 0 0 0 0
410 2 0 0 0 0
411 2 0 0 0 0
412 2 0 0 0 0
413 2 0 0 0 0
414 2 0 0 0 0
415 2 0 0 0 0
416 2 0 0 0 0
417 2 0 0 0 0
418 2 0 0 0 0
419 2 0 0 0 0
420 2 0 0 0 0
421 2 0 0 0 0
422 2 0 0 0 0
423 2 0 0 0 0
424 2 0 0 0 0
425 2 0 0 0 0
426 2 0 0 0 0
427 2 0 0 0 0
428 2 0 0 0 0
429 2 0 0 0 0
430 2 0 0 0 0
431 2 0 0 0 0
432 2 0 0 0 0
433 2 0 0 0 0
434 2 0 0 0 0
435 2 0 0 0 0
436 2 0 0 0 0
437 2 0 0 0 0
438 2 0 0 0 0
439 2 0 0 0 0
440 2 0 0 0 0
441 2 0 0 0 0
442 2 0 0 0 0
443 2 0 0 0 0
444 2 0 0 0 0
445 2 0 0 0 0
446 2 0 0 0 0
447 2 0 0 0 0
448 2 0 0 0 0
449 2 0 0 0 0
450 2 0 0 0 0
451 2 0 0 0 0
452 2 0 0 0 0
453 2 0 0 0 0
454 2 0 0 0 0
455 2 0 0 0 0
456 2 0 0 0 0
457 2 0 0 0 0
458 2 0 0 0 0
459 2 0 0 0 0
460 2 0 0 0 0
461 2 0 0 0 0
462 2 0 0 0 0
463 2 0 0 0 0
464 2 0 0 0 0
465 2 0 0 0 0
466 2 0 0 0 0
467 2 0 0 0 0
468 2 0 0 0 0
469 2 0 0 0 0
470 2 0 0 0 0
471 2 0 0 0 0
472 2 0 0 0 0
473 2 0 0 0 0
474 2 0 0 0 0
475 2 0 0 0 0
476 2 0 0 2 0
477 2 0 0 2 0
478 2 0 0 2 0
479 2 0 0 2 0
480 2 0 0 2 0
481 2 0 0 2 0
482 2 0 0 2 0
483 2 0 0 2 0
484 2 0 0 2 0
485 2 0 0 2 0
486 2 0 0 2 0
487 2 0 0 2 0
488 2 0 0 2 0
489 2 0 0 2 0
490 2 0 0 2 0
491 2 0 0 2 0
492 2 0 0 2 0
493 2 0 0 2 0
494 2 0 0 2 0
495 2 0 0 2 0
496 2 0 0 2 0
497 2 0 0 2 0
498 2 0 0 2 0
499 2 0 0 2 0
500 2 0 2 0 0
501 2 0 2 0 0
502 2 0 2 0 0
503 2 0 2 0 0
504 2 0 2 0 0
505 2 0 2 0 0
506 2 0 2 0 0
507 2 0 2 0 0
508 2 0 2 0 0
509 2 0 2 0 0
510 0 2 2 0 0
511 0 2 2 0 0
512 0 2 2 0 0
513 0 2 2 0 0
514 0 2 2 0 0
515 0 2 2 0 0
516 0 2 2 0 0
517 0 2 2 0 0
518 0 2 2 0 0
519 0 2 2 0 0
520 0 0 2 0 0
521 0 0 2 0 0
522 0 0 2 0 0
523 0 0 2 0 0
524 0 0 2 0 0
525 0 0 2 0 0
526 0 0 2 0 0
527 0 0 2 0 0
528 0 0 2 0 0
529 0 0 2 0 0
530 0 0 2 0 0
531 0 0 2 0 0
532 0 0 2 0 0
533 0 0 2 0 0
534 0 0 2 0 0
535 0 0 2 0 0
536 0 0 2 0 0
537 0 0 2 0 0
538 0 0 2 0 0
539 0 0 2 0 0
540 0 0 2 0 0
541 0 0 2 0 0
542 0 0 2 0 0
543 0 0 2 0 0
544 0 0 2 0 0
545 0 0 2 0 0
546 0 0 2 0 0
547 0 0 2 0 0
548 0 0 2 0 0
549 0 0 2 0 0
550 0 0 2 0 0
551 0 0 2 0 0
552 0 0 2 0 0
553 0 0 2 0 0
554 0 0 2 0 0
555 0 0 2 0 0
556 0 0 2 0 0
557 0 0 2 0 0
558 0 0 2 0 0
559 0 0 2 0 0
560 0 0 2 0 0
561 0 0 2 0 0
562 0 0 2 0 0
563 0 0 2 0 0
564 0 0 2 0 0
565 0 0 2 0 0
566 0 0 2 0 0
567 0 0 2 0 0
568 0 0 2 0 0
569 0 0 2 0 0
570 0 0 2 0 0
571 0 0 2 0 0
572 0 0 2 0 0
573 0 0 2 0 0
574 0 0 2 0 0
575 0 0 2 0 0
576 0 0 2 0 0
577 0 0 2 0 0
578 0 0 2 0 0
579 0 0 2 0 0
580 0 0 2 0 0
581 0 0 2 0 0
582 0 0 2 0 0
583 0 0 2 0 0
584 0 0 2 0 0
585 0 0 2 0 0
586 0 0 2 0 0
587 0 0 2 0 0
588 0 0 2 0 0
589 0 0 2 0 0
590 0 0 2 0 0
591 0 0 2 0 0
592 0 0 2 0 0
593 0 0 2 0 0
594 0 0 2 0 0
595 0 0 2 0 0
596 0 0 2 0 0
597 0 0 2 0 0
598 0 0 2 0 0
599 0 0 2 0 0
600 0 0 2 0 0
601 0 0 2 0 0
602 0 0 2 0 0
603 0 0 2 0 0
604 0 0 2 0 0
605 0 0 2 0 0
606 0 0 2 0 0
607 0 0 2 0 0
608 0 0 2 0 0
609 0 0 2 0 0
610 0 0 2 0 0
611 0 0 2 0 0
612 0 0 2 0 0
613 0 0 2 0 0
614 0 0 2 0 0
615 0 0 2 0 0
616 0 0 2 0 0
617 0 0 2 0 0
618 0 0 2 0 0
619 0 0 2 0 0
620 0 0 2 0 0
621 0 0 2 0 0
622 0 0 2 0 0
623 0 0 2 0 0
624 0 0 2 0 0
625 0 0 2 0 0
626 0 0 2 0 0
627 0 0 2 0 0
628 0 0 2 0 0
629 0 0 2 0 0
630 0 0 2 0 0
631 0 0 2 0 0
632 0 0 2 0 0
633 0 0 2 0 0
634 0 0 2 0 0
635 0 0 2 0 0
636 0 0 2 0 0
637 0 0 2 0 0
638 0 0 2 0 0
639 0 0 2 0 0
640 0 0 2 0 1
641 0 0 2 0 1
642 0 0 2 0 1
643 0 0 2 0 1
644 0 0 2 0 1
645 0 0 2 0 1
646 0 0 2 0 1
647 0 0 2 0 1
648 0 0 2 0 1
649 0 0 2 0 1
650 0 0 2 0 1
651 0 0 2 0 1
652 0 0 2 0 1
653 0 0 2 0 1
654 0 0 2 0 1
655 0 0 2 0 1
656 0 0 2 0 1
657 0 0 2 0 1
658 0 0 2 0 1
659 0 0 2 0 1
660 0 0 2 0 1
661 0 0 2 0 1
662 0 0 2 0 1
663 0 0 2 0 1
664 0 0 2 0 1
665 0 0 2 0 1
666 0 0 2 0 1
667 0 0 2 0 1
668 0 0 2 0 1
669 0 0 2 0 1
670 0 0 2 0 1
671 0 0 2 0 1
672 0 0 2 0 1
673 0 0 2 0 1
674 0 0 2 0 1
675 0 0 2 0 1
676 0 0 2 0 1
677 0 0 2 0 1
678 0 0 2 0 1
679 0 0 2 0 1
680 0 0 2 0 1
681 0 0 2 0 1
682 0 0 2 0 1
683 0 0 2 0 1
684 0 0 2 0 1
685 0 0 2 0 1
686 0 0 2 0 1
687 0 0 2 0 1
688 0 0 2 0 1
689 0 0 2 0 1
690 0 0 2 0 1
691 0 0 2 0 1
692 0 0 2 0 1
693 0 0 2 0 1
694 0 0 2 0 1
695 0 0 2 0 1
696 0 0 2 0 1
697 0 0 2 0 1
698 0 0 2 0 1
699 0 0 2 0 1
700 0 0 2 0 1
701 0 0 2 0 1
702 0 0 2 0 1
703 0 0 2 0 1
704 0 0 2 0 1
705 0 0 2 0 1
706 0 0 2 0 1
707 0 0 2 0 1
708 0 0 2 0 1
709 0 0 2 0 1
710 0 0 2 0 2
711 0 0 2 0 2
712 0 0 2 0 2
713 0 0 2 0 2
714 0 0 2 0 2
715 0 0 2 0 2
716 0 0 2 0 2
717 0 0 2 0 2
718 0 0 2 0 2
719 0 0 2 0 2
720 0 0 2 0 2
721 0 0 2 0 2
722 0 0 2 0 2
723 0 0 2 0 2
724 0 0 2 0 2
725 0 0 2 0 2
726 0 0 2 0 2
727 0 0 2 0 2
728 0 0 2 0 2
729 0 0 2 0 2
730 0 0 2 0 2
731 0 0 2 0 2
732 0 0 2 0 2
733 0 0 2 0 2
734 0 0 2 0 2
735 0 0 2 0 2
736 0 0 2 0 2
737 0 0 2 0 2
738 0 0 2 0 2
739 0 0 2 0 2
740 0 0 2 0 2
741 0 0 2 0 2
742 0 0 2 0 2
743 0 0 2 0 2
744 0 0 2 0 2
745 0 0 2 0 2
746 0 0 2 0 2
747 0 0 2 0 2
748 0 0 2 0 2
749 0 0 2 0 2
750 0 0 2 0 2
751 0 0 2 0 2
752 0 0 2 0 2
753 0 0 2 0 2
754 0 0 2 0 2
755 0 0 2 0 2
756 0 0 2 0 2
757 0 0 2 0 2
758 0 0 2 0 2
759 0 0 2 0 2
760 0 0 2 0 2
761 0 0 2 0 2
762 0 0 2 0 2
763 0 0 2 0 2
764 0 0 2 0 2
765 0 0 2 0 2
766 0 0 2 0 2
767 0 0 2 0 2
768 0 0 2 0 2
769 0 0 2 0 2
770 0 0 2 0 2
771 0 0 2 0 2
772 0 0 2 0 2
773 0 0 2 0 2
774 0 0 2 0 2
775 0 0 2 0 2
776 0 0 2 0 2
777 0 0 2 0 2
778 0 0 2 0 2
779 0 0 2 0 2
780 0 0 2 0 2
781 0 0 2 0 2
782 0 0 2 0 2
783 0 0 2 0 2
784 0 0 2 0 2
785 0 0 2 0 2
786 0 0 2 0 2
787 0 0 2 0 2
788 0 0 2 0 2
789 0 0 2 0 2
790 0 0 2 0 2
791 0 0 2 0 2
792 0 0 2 0 2
793 0 0 2 0 2
794 0 0 2 0 2
795 0 0 2 0 2
796 0 0 2 0 2
797 0 0 2 0 2
798 0 0 2 0 2
799 0 0 2 0 2
800 0 0 2 0 2
801 0 0 2 0 2
802 0 0 2 0 2
803 0 0 2 0 2
804 0 0 2 0 2
805 0 0 2 0 2
806 0 0 2 0 2
807 0 0 2 0 2
808 0 0 2 0 2
809 0 0 2 0 2
810 0 0 2 0 2
811 0 0 2 0 2
812 0 0 2 0 2
813 0 0 2 0 2
814 0 0 2 0 2
815 0 0 2 0 2
816 0 0 2 0 2
817 0 0 2 0 2
818 0 0 2 0 2
819 0 0 2 0 2
820 0 0 2 0 2
821 0 0 2 0 2
822 0 0 2 0 2
823 0 0 2 0 2
824 0 0 2 0 2
825 0 0 2 0 2
826 0 0 2 0 2
827 0 0 2 0 2
828 0 0 2 0 2
829 0 0 2 0 2
830 0 2 2 0 2
831 0 2 2 0 2
832 0 2 2 0 2
833 0 2 2 0 2
834 0 2 2 0 2
835 0 2 2 0 2
836 0 2 2 0 2
837 0 2 2 0 2
838 0 2 2 0 2
839 0 2 2 0 2
840 2 0 2 0 2
841 2 0 2 0 2
842 2 0 2 0 2
843 2 0 2 0 2
844 2 0 2 0 2
845 2 0 2 0 2
846 2 0 2 0 2
847 2 0 2 0 2
848 2 0 2 0 2
849 2 0 2 0 2
850 2 0 0 2 2
851 2 0 0 2 2
852 2 0 0 2 2
853 2 0 0 2 2
854 2 0 0 2 2
855 2 0 0 2 2
856 2 0 0 2 2
857 2 0 0 2 2
858 2 0 0 2 2
859 2 0 0 2 2
860 2 0 0 0 2
861 2 0 0 0 2
862 2 0 0 0 2
863 2 0 0 0 2
864 2 0 0 0 2
865 2 0 0 0 2
866 2 0 0 0 2
867 2 0 0 0 2
868 2 0 0 0 2
869 2 0 0 0 2
870 2 0 0 0 2
871 2 0 0 0 2
872 2 0 0 0 2
873 2 0 0 0 2
874 2 0 0 0 2
875 2 0 0 0 2
876 2 0 0 0 2
877 2 0 0 0 2
878 2 0 0 0 2
879 2 0 0 0 2
880 2 0 0 0 2
881 2 0 0 0 2
882 2 0 0 0 2
883 2 0 0 0 2
884 2 0 0 0 2
885 2 0 0 0 2
886 2 0 0 0 2
887 2 0 0 0 2
888 2 0 0 0 2
889 2 0 0 0 2
890 2 0 0 0 2
891 2 0 0 0 2
892 2 0 0 0 2
893 2 0 0 0 2
894 2 0 0 0 2
895 2 0 0 0 2
896 2 0 0 0 2
897 2 0 0 0 2
898 2 0 0 0 2
899 2 0 0 0 2
900 2 0 0 0 2
901 2 0 0 0 2
902 2 0 0 0 2
903 2 0 0 0 2
904 2 0 0 0 2
905 2 0 0 0 2
906 2 0 0 0 2
907 2 0 0 0 2
908 2 0 0 0 2
909 2 0 0 0 2
910 2 0 0 0 2
911 2 0 0 0 2
912 2 0 0 0 2
913 2 0 0 0 2
914 2 0 0 0 2
915 2 0 0 0 2
916 2 0 0 0 2
917 2 0 0 0 2
918 2 0 0 0 2
919 2 0 0 0 2
920 2 0 0 0 2
921 2 0 0 0 2
922 2 0 0 0 2
923 2 0 0 0 2
924 2 0 0 0 2
925 2 0 0 0 2
926 2 0 0 0 2
927 2 0 0 0 2
928 2 0 0 0 2
929 2 0 0 0 2
930 2 0 0 0 2
931 2 0 0 0 2
932 2 0 0 0 2
933 2 0 0 0 2
934 2 0 0 0 2
935 2 0 0 0 2
936 2 0 0 0 2
937 2 0 0 0 2
938 2 0 0 0 2
939 2 0 0 0 2
940 2 0 0 0 2
941 2 0 0 0 2
942 2 0 0 0 2
943 2 0 0 0 2
944 2 0 0 0 2
945 2 0 0 0 2
946 2 0 0 0 2
947 2 0 0 0 2
948 2 0 0 0 2
949 2 0 0 0 2
950 2 0 0 0 2
951 2 0 0 0 2
952 2 0 0 0 2
953 2 0 0 0 2
954 2 0 0 0 2
955 2 0 0 0 2
956 2 0 0 0 2
957 2 0 0 0 2
958 2 0 0 0 2
959 2 0 0 0 2
960 2 0 0 0 2
961 2 0 0 0 2
962 2 0 0 0 2
963 2 0 0 0 2
964 2 0 0 0 2
965 2 0 0 0 2
966 2 0 0 0 2
967 2 0 0 0 2
968 2 0 0 0 2
969 2 0 0 0 2
970 2 0 0 0 0
971 2 0 0 0 0
972 2 0 0 0 0
973 2 0 0 0 0
974 2 0 0 0 0
975 2 0 0 0 0
976 2 0 0 0 0
977 2 0 0 0 0
978 2 0 0 0 0
979 2 0 0 0 0
980 2 0 0 0 0
981 2 0 0 0 0
982 2 0 0 0 0
983 2 0 0 0 0
984 2 0 0 0 0
985 2 0 0 0 0
986 2 0 0 0 0
987 2 0 0 0 0
988 2 0 0 0 0
989 2 0 0 0 0
990 2 0 0 0 0
991 2 0 0 0 0
992 2 0 0 0 0
993 2 0 0 0 0
994 2 0 0 0 0
995 2 0 0 0 0
996 2 0 0 0 0
997 2 0 0 0 0
998 2 0 0 0 0
999 2 0 0 0 0
1000 2 0 0 0 0
1001 2 0 0 0 0
1002 2 0 0 0 0
1003 2 0 0 0 0
1004 2 0 0 0 0
1005 2 0 0 0 0
1006 2 0 0 0 0
1007 2 0 0 0 0
1008 2 0 0 0 0
1009 2 0 0 0 0
1010 2 0 0 0 0
1011 2 0 0 0 0
1012 2 0 0 0 0
1013 2 0 0 0 0
1014 2 0 0 0 0
1015 2 0 0 0 0
1016 2 0 0 0 0
1017 2 0 0 0 0
1018 2 0 0 0 0
1019 2 0 0 0 0
1020 2 0 0 0 0
1021 2 0 0 0 0
1022 2 0 0 0 0
1023 2 0 0 0 0
1024 2 0 0 0 0
1025 2 0 0 0 0
1026 2 0 0 0 0
1027 2 0 0 0 0
1028 2 0 0 0 0
1029 2 0 0 0 0
1030 2 0 0 0 0
1031 2 0 0 0 0
1032 2 0 0 0 0
1033 2 0 0 0 0
1034 2 0 0 0 0
1035 2 0 0 0 0
1036 2 0 0 0 0
1037 2 0 0 0 0
1038 2 0 0 0 0
1039 2 0 0 0 0
1040 2 0 0 0 0
1041 2 0 0 0 0
1042 2 0 0 0 0
1043 2 0 0 0 0
1044 2 0 0 0 0
1045 2 0 0 0 0
1046 2 0 0 0 0
1047 2 0 0 0 0
1048 2 0 0 0 0
1049 2 0 0 0 0
1050 2 0 0 0 0
1051 2 0 0 0 0
1052 2 0 0 0 0
1053 2 0 0 0 0
1054 2 0 0 0 0
1055 2 0 0 0 0
1056 2 0 0 0 0
1057 2 0 0 0 0
1058 2 0 0 0 0
1059 2 0 0 0 0
1060 2 0 0 2 0
1061 2 0 0 2 0
1062 2 0 0 2 0
1063 2 0 0 2 0
1064 2 0 0 2 0
1065 2 0 0 2 0
1066 2 0 0 2 0
1067 2 0 0 2 0
1068 2 0 0 2 0
1069 2 0 0 2 0
1070 2 0 2 0 0
1071 2 0 2 0 0
1072 2 0 2 0 0
1073 2 0 2 0 0
1074 2 0 2 0 0
1075 2 0 2 0 0
1076 2 0 2 0 0
1077 2 0 2 0 0
1078 2 0 2 0 0
1079 2 0 2 0 0
1080 2 0 2 0 0
1081 2 0 2 0 0
1082 2 0 2 0 0
1083 2 0 2 0 0
1084 2 0 2 0 0
1085 2 0 2 0 0
1086 2 0 2 0 0
1087 2 0 2 0 0
1088 2 0 2 0 0
1089 2 0 2 0 0
1090 0 2 2 0 0
1091 0 2 2 0 0
1092 0 2 2 0 0
1093 0 2 2 0 0
1094 0 2 2 0 0
1095 0 2 2 0 0
1096 0 2 2 0 0
1097 0 2 2 0 0
1098 0 2 2 0 0
1099 0 2 2 0 0
1100 0 0 2 0 0
1101 0 0 2 0 0
1102 0 0 2 0 0
1103 0 0 2 0 0
1104 0 0 2 0 0
1105 0 0 2 0 0
1106 0 0 2 0 0
1107 0 0 2 0 0
1108 0 0 2 0 0
1109 0 0 2 0 0
1110 0 0 2 0 0
1111 0 0 2 0 0
1112 0 0 2 0 0
1113 0 0 2 0 0
1114 0 0 2 0 0
1115 0 0 2 0 0
1116 0 0 2 0 0
1117 0 0 2 0 0
1118 0 0 2 0 0
1119 0 0 2 0 0
1120 0 0 2 0 0
1121 0 0 2 0 0
1122 0 0 2 0 0
1123 0 0 2 0 0
1124 0 0 2 0 0
1125 0 0 2 0 0
1126 0 0 2 0 0
1127 0 0 2 0 0
1128 0 0 2 0 0
1129 0 0 2 0 0
1130 0 0 2 0 0
1131 0 0 2 0 0
1132 0 0 2 0 0
1133 0 0 2 0 0
1134 0 0 2 0 0
1135 0 0 2 0 0
1136 0 0 2 0 0
1137 0 0 2 0 0
1138 0 0 2 0 0
1139 0 0 2 0 0
1140 0 0 2 0 0
1141 0 0 2 0 0
1142 0 0 2 0 0
1143 0 0 2 0 0
1144 0 0 2 0 0
1145 0 0 2 0 0
1146 0 0 2 0 0
1147 0 0 2 0 0
1148 0 0 2 0 0
1149 0 0 2 0 0
1150 0 0 2 0 0
1151 0 0 2 0 0
1152 0 0 2 0 0
1153 0 0 2 0 0
1154 0 0 2 0 0
1155 0 0 2 0 0
1156 0 0 2 0 0
1157 0 0 2 0 0
1158 0 0 2 0 0
1159 0 0 2 0 0
1160 0 0 2 0 0
1161 0 0 2 0 0
1162 0 0 2 0 0
1163 0 0 2 0 0
1164 0 0 2 0 0
1165 0 0 2 0 0
1166 0 0 2 0 0
1167 0 0 2 0 0
1168 0 0 2 0 0
1169 0 0 2 0 0
1170 0 0 2 0 0
1171 0 0 2 0 0
1172 0 0 2 0 0
1173 0 0 2 0 0
1174 0 0 2 0 0
1175 0 0 2 0 0
1176 0 0 2 0 0
1177 0 0 2 0 0
1178 0 0 2 0 0
1179 0 0 2 0 0
1180 0 0 2 0 0
1181 0 0 2 0 0
1182 0 0 2 0 0
1183 0 0 2 0 0
1184 0 0 2 0 0
1185 0 0 2 0 0
1186 0 0 2 0 0
1187 0 0 2 0 0
1188 0 0 2 0 0
1189 0 0 2 0 0
1190 0 0 2 0 0
1191 0 0 2 0 0
1192 0 0 2 0 0
1193 0 0 2 0 0
1194 0 0 2 0 0
1195 0 0 2 0 0
1196 0 0 2 0 0
1197 0 0 2 0 0
1198 0 0 2 0 0
1199 0 0 2 0 0
1200 0 0 2 0 0
1201 0 0 2 0 0
1202 0 0 2 0 0
1203 0 0 2 0 0
1204 0 0 2 0 0
1205 0 0 2 0 0
1206 0 0 2 0 0
1207 0 0 2 0 0
1208 0 0 2 0 0
1209 0 0 2 0 0
1210 0 0 2 0 0
1211 0 0 2 0 0
1212 0 0 2 0 0
1213 0 0 2 0 0
1214 0 0 2 0 0
1215 0 0 2 0 0
1216 0 0 2 0 0
1217 0 0 2 0 0
1218 0 0 2 0 0
1219 0 0 2 0 0
1220 0 0 2 0 0
1221 0 0 2 0 0
1222 0 0 2 0 0
1223 0 0 2 0 0
1224 0 0 2 0 0
1225 0 0 2 0 0
1226 0 0 2 0 0
1227 0 0 2 0 0
1228 0 0 2 0 0
1229 0 0 2 0 0
1230 5 0 2 0 0
1231 5 0 2 0 0
1232 5 0 2 0 0
1233 5 0 2 0 0
1234 5 0 2 0 0
1235 5 0 2 0 0
1236 5 0 2 0 0
1237 5 0 2 0 0
1238 5 0 2 0 0
1239 5 0 2 0 0
1240 5 0 2 0 0
1241 5 0 2 0 0
1242 5 0 2 0 0
1243 5 0 2 0 0
1244 5 0 2 0 0
1245 5 0 2 0 0
1246 5 0 2 0 0
1247 5 0 2 0 0
1248 5 0 2 0 0
1249 5 0 2 0 0
1250 5 0 2 0 0
1251 5 0 2 0 0
1252 5 0 2 0 0
1253 5 0 2 0 0
1254 5 0 2 0 0
1255 5 0 2 0 0
1256 5 0 2 0 0
1257 5 0 2 0 0
1258 5 0 2 0 0
1259 5 0 2 0 0
1260 5 0 2 0 0
1261 5 0 2 0 0
1262 5 0 2 0 0
1263 5 0 2 0 0
1264 5 0 2 0 0
1265 5 0 2 0 0
1266 5 0 2 0 0
1267 5 0 2 0 0
1268 5 0 2 0 0
1269 5 0 2 0 0
1270 5 0 2 0 0
1271 5 0 2 0 0
1272 5 0 2 0 0
1273 5 0 2 0 0
1274 5 0 2 0 0
1275 5 0 2 0 0
1276 5 0 2 0 0
1277 5 0 2 0 0
1278 5 0 2 0 0
1279 5 0 2 0 0
1280 5 0 2 0 0
1281 5 0 2 0 0
1282 5 0 2 0 0
1283 5 0 2 0 0
1284 5 0 2 0 0
1285 5 0 2 0 0
1286 5 0 2 0 0
1287 5 0 2 0 0
1288 5 0 2 0 0
1289 5 0 2 0 0
1290 5 0 2 0 0
1291 5 0 2 0 0
1292 5 0 2 0 0
1293 5 0 2 0 0
1294 5 0 2 0 0
1295 5 0 2 0 0
1296 5 0 2 0 0
1297 5 0 2 0 0
1298 5 0 2 0 0
1299 5 0 2 0 0
1300 5 0 2 0 0
1301 5 0 2 0 0
1302 5 0 2 0 0
1303 5 0 2 0 0
1304 5 0 2 0 0
1305 5 0 2 0 0
1306 5 0 2 0 0
1307 5 0 2 0 0
1308 5 0 2 0 0
1309 5 0 2 0 0
1310 5 0 2 0 0
1311 5 0 2 0 0
1312 5 0 2 0 0
1313 5 0 2 0 0
1314 5 0 2 0 0
1315 5 0 2 0 0
1316 5 0 2 0 0
1317 5 0 2 0 0
1318 5 0 2 0 0
1319 5 0 2 0 0
1320 5 0 2 0 0
1321 5 0 2 0 0
1322 5 0 2 0 0
1323 5 0 2 0 0
1324 5 0 2 0 0
1325 5 0 2 0 0
1326 5 0 2 0 0
1327 5 0 2 0 0
1328 5 0 2 0 0
1329 5 0 2 0 0
1330 5 0 2 0 0
1331 5 0 2 0 0
1332 5 0 2 0 0
1333 5 0 2 0 0
1334 5 0 2 0 0
1335 5 0 2 0 0
1336 5 0 2 0 0
1337 5 0 2 0 0
1338 5 0 2 0 0
1339 5 0 2 0 0
1340 5 0 2 0 1
1341 5 0 2 0 1
1342 5 0 2 0 1
1343 5 0 2 0 1
1344 5 0 2 0 1
1345 5 0 2 0 1
1346 5 0 2 0 1
1347 5 0 2 0 1
1348 5 0 2 0 1
1349 5 0 2 0 1
1350 5 0 2 0 2
1351 5 0 2 0 2
1352 5 0 2 0 2
1353 5 0 2 0 2
1354 5 0 2 0 2
1355 5 0 2 0 2
1356 5 0 2 0 2
1357 5 0 2 0 2
1358 5 0 2 0 2
1359 5 0 2 0 2
1360 5 0 2 0 2
1361 5 0 2 0 2
1362 5 0 2 0 2
1363 5 0 2 0 2
1364 5 0 2 0 2
1365 5 0 2 0 2
1366 5 0 2 0 2
1367 5 0 2 0 2
1368 5 0 2 0 2
1369 5 0 2 0 2
1370 5 0 2 0 2
1371 5 0 2 0 2
1372 5 0 2 0 2
1373 5 0 2 0 2
1374 5 0 2 0 2
1375 5 0 2 0 2
1376 5 0 2 0 2
1377 5 0 2 0 2
1378 5 0 2 0 2
1379 5 0 2 0 2
1380 5 0 2 0 2
1381 5 0 2 0 2
1382 5 0 2 0 2
1383 5 0 2 0 2
1384 5 0 2 0 2
1385 5 0 2 0 2
1386 5 0 2 0 2
1387 5 0 2 0 2
1388 5 0 2 0 2
1389 5 0 2 0 2
1390 5 0 2 0 2
1391 5 0 2 0 2
1392 5 0 2 0 2
1393 5 0 2 0 2
1394 5 0 2 0 2
1395 5 0 2 0 2
1396 5 0 2 0 2
1397 5 0 2 0 2
1398 5 0 2 0 2
1399 5 0 2 0 2
1400 0 0 2 0 2
1401 0 0 2 0 2
1402 0 0 2 0 2
1403 0 0 2 0 2
1404 0 0 2 0 2
1405 0 0 2 0 2
1406 0 0 2 0 2
1407 0 0 2 0 2
1408 0 0 2 0 2
1409 0 0 2 0 2
1410 0 5 2 0 2
1411 0 5 2 0 2
1412 0 5 2 0 2
1413 0 5 2 0 2
1414 0 5 2 0 2
1415 0 5 2 0 2
1416 0 5 2 0 2
1417 0 5 2 0 2
1418 0 5 2 0 2
1419 0 5 2 0 2
1420 0 0 2 0 2
1421 0 0 2 0 2
1422 0 0 2 0 2
1423 0 0 2 0 2
1424 0 0 2 0 2
1425 0 0 2 0 2
1426 0 0 2 0 2
1427 0 0 2 0 2
1428 0 0 2 0 2
1429 0 0 2 0 2
1430 0 0 2 0 2
1431 0 0 2 0 2
1432 0 0 2 0 2
1433 0 0 2 0 2
1434 0 0 2 0 2
1435 0 0 2 0 2
1436 0 0 2 0 2
1437 0 0 2 0 2
1438 0 0 2 0 2
1439 0 0 2 0 2
1440 0 0 2 0 2
1441 0 0 2 0 2
1442 0 0 2 0 2
1443 0 0 2 0 2
1444 0 0 2 0 2
1445 0 0 2 0 2
1446 0 0 2 0 2
1447 0 0 2 0 2
1448 0 0 2 0 2
1449 0 0 2 0 2
1450 0 0 2 0 2
1451 0 0 2 0 2
1452 0 0 2 0 2
1453 0 0 2 0 2
1454 0 0 2 0 2
1455 0 0 2 0 2
1456 0 0 2 0 2
1457 0 0 2 0 2
1458 0 0 2 0 2
1459 0 0 2 0 2
1460 0 0 2 0 2
1461 0 0 2 0 2
1462 0 0 2 0 2
1463 0 0 2 0 2
1464 0 0 2 0 2
1465 0 0 2 0 2
1466 0 0 2 0 2
1467 0 0 2 0 2
1468 0 0 2 0 2
1469 0 0 2 0 2
1470 0 0 2 0 2
1471 0 0 2 0 2
1472 0 0 2 0 2
1473 0 0 2 0 2
1474 0 0 2 0 2
1475 0 0 2 0 2
1476 0 0 2 0 2
1477 0 0 2 0 2
1478 0 0 2 0 2
1479 0 0 2 0 2
1480 0 0 2 0 2
1481 0 0 2 0 2
1482 0 0 2 0 2
1483 0 0 2 0 2
1484 0 0 2 0 2
1485 0 0 2 0 2
1486 0 0 2 0 2
1487 0 0 2 0 2
1488 0 0 2 0 2
1489 0 0 2 0 2
1490 0 2 2 0 2
1491 0 0 2 0 2
1492 0 0 2 0 2
1493 0 0 2 0 2
1494 0 0 2 0 2
1495 0 0 2 0 2
1496 0 0 2 0 2
1497 0 0 2 0 2
1498 0 0 2 0 2
1499 0 0 2 0 2
1500 0 0 2 0 2
1501 0 0 2 0 2
1502 0 0 2 0 2
1503 0 0 2 0 2
1504 0 0 2 0 2
1505 0 0 2 0 2
1506 0 2 2 0 2
1507 0 2 2 0 2
1508 0 2 2 0 2
1509 0 2 2 0 2
1510 2 0 2 0 2
1511 2 0 2 0 2
1512 2 0 2 0 2
1513 2 0 2 0 2
1514 2 0 2 0 2
1515 2 0 2 0 2
1516 2 0 2 0 2
1517 2 0 2 0 2
1518 2 0 2 0 2
1519 2 0 2 0 2
1520 2 0 2 0 2
1521 2 0 2 0 2
1522 2 0 2 0 2
1523 2 0 2 0 2
1524 2 0 2 0 2
1525 2 0 2 0 2
1526 2 0 2 0 2
1527 2 0 2 0 2
1528 2 0 2 0 2
1529 2 0 2 0 2
1530 2 0 0 2 2
1531 2 0 0 2 2
1532 2 0 0 2 2
1533 2 0 0 2 2
1534 2 0 0 2 2
1535 2 0 0 2 2
1536 2 0 0 2 2
1537 2 0 0 2 2
1538 2 0 0 2 2
1539 2 0 0 2 2
1540 2 0 0 2 2
1541 2 0 0 2 2
1542 2 0 0 2 2
1543 2 0 0 2 2
1544 2 0 0 2 2
1545 2 0 0 2 2
1546 2 0 0 2 2
1547 2 0 0 2 2
1548 2 0 0 2 2
1549 2 0 0 2 2
1550 2 0 0 0 2
1551 2 0 0 0 2
1552 2 0 0 0 2
1553 2 0 0 0 2
1554 2 0 0 0 2
1555 2 0 0 0 2
1556 2 0 0 0 2
1557 2 0 0 0 2
1558 2 0 0 0 2
1559 2 0 0 0 2
1560 2 0 0 0 2
1561 2 0 0 0 2
1562 2 0 0 0 2
1563 2 0 0 0 2
1564 2 0 0 0 2
1565 2 0 0 0 2
1566 2 0 0 0 2
1567 2 0 0 0 2
1568 2 0 0 0 2
1569 2 0 0 0 2
1570 2 0 0 0 2
1571 2 0 0 0 2
1572 2 0 0 0 2
1573 2 0 0 0 2
1574 2 0 0 0 2
1575 2 0 0 0 2
1576 2 0 0 0 2
1577 2 0 0 0 2
1578 2 0 0 0 2
1579 2 0 0 0 2
1580 2 0 0 0 2
1581 2 0 0 0 2
1582 2 0 0 0 2
1583 2 0 0 0 2
1584 2 0 0 0 2
1585 2 0 0 0 2
1586 2 0 0 0 2
1587 2 0 0 0 2
1588 2 0 0 0 2
1589 2 0 0 0 2
1590 2 0 0 0 2
1591 2 0 0 0 2
1592 2 0 0 0 2
1593 2 0 0 0 2
1594 2 0 0 0 2
1595 2 0 0 0 2
1596 2 0 0 0 2
1597 2 0 0 0 2
1598 2 0 0 0 2
1599 2 0 0 0 2
1600 2 0 0 0 2
1601 2 0 0 0 2
1602 2 0 0 0 2
1603 2 0 0 0 2
1604 2 0 0 0 2
1605 2 0 0 0 2
1606 2 0 0 0 2
1607 2 0 0 0 2
1608 2 0 0 0 2
1609 2 0 0 0 2
1610 2 0 0 0 2
1611 2 0 0 0 2
1612 2 0 0 0 2
1613 2 0 0 0 2
1614 2 0 0 0 2
1615 2 0 0 0 2
1616 2 0 0 0 2
1617 2 0 0 0 2
1618 2 0 0 0 2
1619 2 0 0 0 2
1620 2 0 0 0 2
1621 2 0 0 0 2
1622 2 0 0 0 2
1623 2 0 0 0 2
1624 2 0 0 0 2
1625 2 0 0 0 2
1626 2 0 0 0 2
1627 2 0 0 0 2
1628 2 0 0 0 2
1629 2 0 0 0 2
1630 2 0 0 0 2
1631 2 0 0 0 2
1632 2 0 0 0 2
1633 2 0 0 0 2
1634 2 0 0 0 2
1635 2 0 0 0 2
1636 2 0 0 0 2
1637 2 0 0 0 2
1638 2 0 0 0 2
1639 2 0 0 0 2
1640 2 0 0 0 2
1641 2 0 0 0 2
1642 2 0 0 0 2
1643 2 0 0 0 2
1644 2 0 0 0 2
1645 2 0 0 0 2
1646 2 0 0 0 2
1647 2 0 0 0 2
1648 2 0 0 0 2
1649 2 0 0 0 2
1650 2 0 0 0 2
1651 2 0 0 0 2
1652 2 0 0 0 2
1653 2 0 0 0 2
1654 2 0 0 0 2
1655 2 0 0 0 2
1656 2 0 0 0 2
1657 2 0 0 0 2
1658 2 0 0 0 2
1659 2 0 0 0 2
1660 2 0 0 0 2
1661 2 0 0 0 2
1662 2 0 0 0 2
1663 2 0 0 0 2
1664 2 0 0 0 2
1665 2 0 0 0 2
1666 2 0 0 0 2
1667 2 0 0 0 2
1668 2 0 0 0 2
1669 2 0 0 0 2
1670 2 0 0 0 2
1671 2 0 0 0 2
1672 2 0 0 0 2
1673 2 0 0 0 2
1674 2 0 0 0 2
1675 2 0 0 0 2
1676 2 0 0 0 2
1677 2 0 0 0 2
1678 2 0 0 0 2
1679 2 0 0 0 2
1680 2 0 0 0 2
1681 2 0 0 0 2
1682 2 0 0 0 2
1683 2 0 0 0 2
1684 2 0 0 0 2
1685 2 0 0 0 2
1686 2 0 0 0 2
1687 2 0 0 0 2
1688 2 0 0 0 2
1689 2 0 0 0 2
1690 2 0 0 0 2
1691 2 0 0 0 2
1692 2 0 0 0 2
1693 2 0 0 0 2
1694 2 0 0 0 2
1695 2 0 0 0 2
1696 2 0 0 0 2
1697 2 0 0 0 2
1698 2 0 0 0 2
1699 2 0 0 0 2
1700 2 0 0 0 2
1701 2 0 0 0 2
1702 2 0 0 0 2
1703 2 0 0 0 2
1704 2 0 0 0 2
1705 2 0 0 0 2
1706 2 0 0 0 2
1707 2 0 0 0 2
1708 2 0 0 0 2
1709 2 0 0 0 2
1710 2 0 0 0 2
1711 2 0 0 0 2
1712 2 0 0 0 2
1713 2 0 0 0 2
1714 2 0 0 0 2
1715 2 0 0 0 2
1716 2 0 0 0 2
1717 2 0 0 0 2
1718 2 0 0 0 2
1719 2 0 0 0 2
1720 2 0 0 0 2
1721 2 0 0 0 2
1722 2 0 0 0 2
1723 2 0 0 0 2
1724 2 0 0 0 2
1725 2 0 0 0 2
1726 2 0 0 0 2
1727 2 0 0 0 2
1728 2 0 0 0 2
1729 2 0 0 0 2
1730 2 0 0 0 2
1731 2 0 0 0 2
1732 2 0 0 0 2
1733 2 0 0 0 2
1734 2 0 0 0 2
1735 2 0 0 0 2
1736 2 0 0 0 2
1737 2 0 0 0 2
1738 2 0 0 0 2
1739 2 0 0 0 2
1740 2 0 0 0 2
1741 2 0 0 0 2
1742 2 0 0 0 2
1743 2 0 0 0 2
1744 2 0 0 0 2
1745 2 0 0 0 2
1746 2 0 0 0 2
1747 2 0 0 0 2
1748 2 0 0 0 2
1749 2 0 0 0 2
1750 2 0 0 0 2
1751 2 0 0 0 2
1752 2 0 0 0 2
1753 2 0 0 0 2
1754 2 0 0 0 2
1755 2 0 0 0 2
1756 2 0 0 0 2
1757 2 0 0 0 2
1758 2 0 0 0 2
1759 2 0 0 0 2
1760 2 0 0 0 2
1761 2 0 0 0 2
1762 2 0 0 0 2
1763 2 0 0 0 2
1764 2 0 0 0 2
1765 2 0 0 0 2
1766 2 0 0 0 2
1767 2 0 0 0 2
1768 2 0 0 0 2
1769 2 0 0 0 2
1770 2 0 0 0 0
1771 2 0 0 0 0
1772 2 0 0 0 0
1773 2 0 0 0 0
1774 2 0 0 0 0
1775 2 0 0 0 0
1776 2 0 0 0 0
1777 2 0 0 0 0
1778 2 0 0 0 0
1779 2 0 0 0 0
1780 2 0 0 0 0
1781 2 0 0 0 0
1782 2 0 0 0 0
1783 2 0 0 0 0
1784 2 0 0 0 0
1785 2 0 0 0 0
1786 2 0 0 0 0
1787 2 0 0 0 0
1788 2 0 0 0 0
1789 2 0 0 0 0
1790 2 0 0 0 0
1791 2 0 0 0 0
1792 2 0 0 0 0
1793 2 0 0 0 0
1794 2 0 0 0 0
1795 2 0 0 0 0
1796 2 0 0 0 0
1797 2 0 0 0 0
1798 2 0 0 0 0
1799 2 0 0 0 0
1800 2 0 0 0 0
1801 2 0 0 0 0
1802 2 0 0 0 0
1803 2 0 0 0 0
1804 2 0 0 0 0
1805 2 0 0 0 0
1806 2 0 0 0 0
1807 2 0 0 0 0
1808 2 0 0 0 0
1809 2 0 0 0 0
1810 2 0 0 0 0
1811 2 0 0 0 0
1812 2 0 0 0 0
1813 2 0 0 0 0
1814 2 0 0 0 0
1815 2 0 0 0 0
1816 2 0 0 0 0
1817 2 0 0 0 0
1818 2 0 0 0 0
1819 2 0 0 0 0
1820 2 0 0 0 0
1821 2 0 0 0 0
1822 2 0 0 0 0
1823 2 0 0 0 0
1824 2 0 0 0 0
1825 2 0 0 0 0
1826 2 0 0 0 0
1827 2 0 0 0 0
1828 2 0 0 0 0
1829 2 0 0 0 0
1830 2 0 0 0 0
1831 2 0 0 0 0
1832 2 0 0 0 0
1833 2 0 0 0 0
1834 2 0 0 0 0
1835 2 0 0 0 0
1836 2 0 0 0 0
1837 2 0 0 0 0
1838 2 0 0 0 0
1839 2 0 0 0 0
1840 2 0 0 0 0
1841 2 0 0 0 0
1842 2 0 0 0 0
1843 2 0 0 0 0
1844 2 0 0 0 0
1845 2 0 0 0 0
1846 2 0 0 0 0
1847 2 0 0 0 0
1848 2 0 0 0 0
1849 2 0 0 0 0
1850 2 0 0 0 0
1851 2 0 0 0 0
1852 2 0 0 0 0
1853 2 0 0 0 0
1854 2 0 0 0 0
1855 2 0 0 0 0
1856 2 0 0 0 0
1857 2 0 0 0 0
1858 2 0 0 0 0
1859 2 0 0 0 0
1860 2 0 0 0 0
1861 2 0 0 0 0
1862 2 0 0 0 0
1863 2 0 0 0 0
1864 2 0 0 0 0
1865 2 0 0 0 0
1866 2 0 0 0 0
1867 2 0 0 0 0
1868 2 0 0 0 0
1869 2 0 0 0 0
1870 2 0 0 0 0
1871 2 0 0 0 0
1872 2 0 0 0 0
1873 2 0 0 0 0
1874 2 0 0 0 0
1875 2 0 0 0 0
1876 2 0 0 0 0
1877 2 0 0 0 0
1878 2 0 0 0 0
1879 2 0 0 0 0
1880 2 0 0 0 0
1881 2 0 0 0 0
1882 2 0 0 0 0
1883 2 0 0 0 0
1884 2 0 0 0 0
1885 2 0 0 0 0
1886 2 0 0 0 0
1887 2 0 0 0 0
1888 2 0 0 0 0
1889 2 0 0 0 0
1890 2 0 0 0 0
1891 2 0 0 0 0
1892 2 0 0 0 0
1893 2 0 0 0 0
1894 2 0 0 0 0
1895 2 0 0 0 0
1896 2 0 0 0 0
1897 2 0 0 0 0
1898 2 0 0 0 0
1899 2 0 0 0 0
1900 2 0 0 0 0
1901 2 0 0 0 0
1902 2 0 0 0 0
1903 2 0 0 0 0
1904 2 0 0 0 0
1905 2 0 0 0 0
1906 2 0 0 0 0
1907 2 0 0 0 0
1908 2 0 0 0 0
1909 2 0 0 0 0
1910 2 0 0 2 0
1911 2 0 0 2 0
1912 2 0 0 2 0
1913 2 0 0 2 0
1914 2 0 0 2 0
1915 2 0 0 2 0
1916 2 0 0 2 0
1917 2 0 0 2 0
1918 2 0 0 2 0
1919 2 0 0 2 0
1920 2 0 0 2 0
1921 2 0 0 2 0
1922 2 0 0 2 0
1923 2 0 0 2 0
1924 2 0 0 2 0
1925 2 0 0 2 0
1926 2 0 0 2 0
1927 2 0 0 2 0
1928 2 0 0 2 0
1929 2 0 0 2 0
1930 2 0 0 2 0
1931 2 0 0 2 0
1932 2 0 0 2 0
1933 2 0 0 2 0
1934 2 0 0 2 0
1935 2 0 0 2 0
1936 2 0 0 2 0
1937 2 0 0 2 0
1938 2 0 0 2 0
1939 2 0 0 2 0
1940 2 0 0 2 0
1941 2 0 0 2 0
1942 2 0 0 2 0
1943 2 0 0 2 0
1944 2 0 0 2 0
1945 2 0 0 2 0
1946 2 0 0 2 0
1947 2 0 0 2 0
1948 2 0 0 2 0
1949 2 0 0 2 0
1950 2 0 0 2 0
1951 2 0 0 2 0
1952 2 0 0 2 0
1953 2 0 0 2 0
1954 2 0 0 2 0
1955 2 0 0 2 0
1956 2 0 0 2 0
1957 2 0 0 2 0
1958 2 0 0 2 0
1959 2 0 0 2 0
1960 2 0 2 0 0
1961 2 0 2 0 0
1962 2 0 2 0 0
1963 2 0 2 0 0
1964 2 0 2 0 0
1965 2 0 2 0 0
1966 2 0 2 0 0
1967 2 0 2 0 0
1968 2 0 2 0 0
1969 2 0 2 0 0
1970 0 0 2 0 0
1971 0 0 2 0 0
1972 0 0 2 0 0
1973 0 0 2 0 0
1974 0 0 2 0 0
1975 0 0 2 0 0
1976 0 0 2 0 0
1977 0 0 2 0 0
1978 0 0 2 0 0
1979 0 0 2 0 0
1980 0 0 2 0 0
1981 0 0 2 0 0
1982 0 0 2 0 0
1983 0 0 2 0 0
1984 0 0 2 0 0
1985 0 0 2 0 0
1986 0 0 2 0 0
1987 0 0 2 0 0
1988 0 0 2 0 0
1989 0 0 2 0 0
1990 0 0 2 0 0
1991 0 0 2 0 0
1992 0 0 2 0 0
1993 0 0 2 0 0
1994 0 0 2 0 0
1995 0 0 2 0 0
1996 0 0 2 0 0
1997 0 0 2 0 0
1998 0 0 2 0 0
1999 0 0 2 0 0
2000 0 0 2 0 0
2001 0 0 2 0 0
2002 0 0 2 0 0
2003 0 0 2 0 0
2004 0 0 2 0 0
2005 0 0 2 0 0
2006 0 0 2 0 0
2007 0 0 2 0 0
2008 0 0 2 0 0
2009 0 0 2 0 0
2010 0 0 2 0 0
2011 0 0 2 0 0
2012 0 0 2 0 0
2013 0 0 2 0 0
2014 0 0 2 0 0
2015 0 0 2 0 0
2016 0 0 2 0 0
2017 0 0 2 0 0
2018 0 0 2 0 0
2019 0 0 2 0 0
2020 0 0 2 0 0
2021 0 0 2 0 0
2022 0 0 2 0 0
2023 0 0 2 0 0
2024 0 0 2 0 0
2025 0 0 2 0 0
2026 0 0 2 0 0
2027 0 0 2 0 0
2028 0 0 2 0 0
2029 0 0 2 0 0
2030 0 0 2 0 0
2031 0 0 2 0 0
2032 0 0 2 0 0
2033 0 0 2 0 0
2034 0 0 2 0 0
2035 0 0 2 0 0
2036 0 0 2 0 0
2037 0 0 2 0 0
2038 0 0 2 0 0
2039 0 0 2 0 0
2040 0 0 2 0 0
2041 0 0 2 0 0
2042 0 0 2 0 0
2043 0 0 2 0 0
2044 0 0 2 0 0
2045 0 0 2 0 0
2046 0 0 2 0 0
2047 0 0 2 0 0
2048 0 0 2 0 0
2049 0 0 2 0 0
2050 0 0 2 0 0
2051 0 0 2 0 0
2052 0 0 2 0 0
2053 0 0 2 0 0
2054 0 0 2 0 0
2055 0 0 2 0 0
2056 0 0 2 0 0
2057 0 0 2 0 0
2058 0 0 2 0 0
2059 0 0 2 0 0
2060 0 0 2 0 0
2061 0 0 2 0 0
2062 0 0 2 0 0
2063 0 0 2 0 0
2064 0 0 2 0 0
2065 0 0 2 0 0
2066 0 0 2 0 0
2067 0 0 2 0 0
2068 0 0 2 0 0
2069 0 0 2 0 0
2070 0 0 2 0 0
2071 0 0 2 0 0
2072 0 0 2 0 0
2073 0 0 2 0 0
2074 0 0 2 0 0
2075 0 0 2 0 0
2076 0 0 2 0 0
2077 0 0 2 0 0
2078 0 0 2 0 0
2079 0 0 2 0 0
2080 0 0 2 0 0
2081 0 0 2 0 0
2082 0 0 2 0 0
2083 0 0 2 0 0
2084 0 0 2 0 0
2085 0 0 2 0 0
2086 0 0 2 0 0
2087 0 0 2 0 0
2088 0 0 2 0 0
2089 0 0 2 0 0
2090 0 0 2 0 0
2091 0 0 2 0 0
2092 0 0 2 0 0
2093 0 0 2 0 0
2094 0 0 2 0 0
2095 0 0 2 0 0
2096 0 0 2 0 0
2097 0 0 2 0 0
2098 0 0 2 0 0
2099 0 0 2 0 0
2100 0 0 2 0 0
2101 0 0 2 0 0
2102 0 0 2 0 0
2103 0 0 2 0 0
2104 0 0 2 0 0
2105 0 0 2 0 0
2106 0 0 2 0 0
2107 0 0 2 0 0
2108 0 0 2 0 0
2109 0 0 2 0 0
2110 0 0 2 0 0
2111 0 0 2 0 0
2112 0 0 2 0 0
2113 0 0 2 0 0
2114 0 0 2 0 0
2115 0 0 2 0 0
2116 0 0 2 0 0
2117 0 0 2 0 0
2118 0 0 2 0 0
2119 0 0 2 0 0
2120 0 0 2 0 0
2121 0 0 2 0 0
2122 0 0 2 0 0
2123 0 0 2 0 0
2124 0 0 2 0 0
2125 0 0 2 0 0
2126 0 0 2 0 0
2127 0 0 2 0 0
2128 0 0 2 0 0
2129 0 0 2 0 0
2130 0 0 2 0 0
2131 0 0 2 0 0
2132 0 0 2 0 0
2133 0 0 2 0 0
2134 0 0 2 0 0
2135 0 0 2 0 0
2136 0 0 2 0 0
2137 0 0 2 0 0
2138 0 0 2 0 0
2139 0 0 2 0 0
2140 0 0 2 0 0
2141 0 0 2 0 0
2142 0 0 2 0 0
2143 0 0 2 0 0
2144 0 0 2 0 0
2145 0 0 2 0 0
2146 0 0 2 0 0
2147 0 0 2 0 0
2148 0 0 2 0 0
2149 0 0 2 0 0
2150 5 0 2 0 0
2151 5 0 2 0 0
2152 5 0 2 0 0
2153 5 0 2 0 0
2154 5 0 2 0 0
2155 5 0 2 0 0
2156 5 0 2 0 0
2157 5 0 2 0 0
2158 5 0 2 0 0
2159 5 0 2 0 0
2160 5 0 2 0 0
2161 5 0 2 0 0
2162 5 0 2 0 0
2163 5 0 2 0 0
2164 5 0 2 0 0
2165 5 0 2 0 0
2166 5 0 2 0 0
2167 5 0 2 0 0
2168 5 0 2 0 0
2169 5 0 2 0 0
2170 5 0 2 0 0
2171 5 0 2 0 0
2172 5 0 2 0 0
2173 5 0 2 0 0
2174 5 0 2 0 0
2175 5 0 2 0 0
2176 5 0 2 0 0
2177 5 0 2 0 0
2178 5 0 2 0 0
2179 5 0 2 0 0
2180 5 0 2 0 0
2181 5 0 2 0 0
2182 5 0 2 0 0
2183 5 0 2 0 0
2184 5 0 2 0 0
2185 5 0 2 0 0
2186 5 0 2 0 0
2187 5 0 2 0 0
2188 5 0 2 0 0
2189 5 0 2 0 0
2190 5 0 2 0 0
2191 5 0 2 0 0
2192 5 0 2 0 0
2193 5 0 2 0 0
2194 5 0 2 0 0
2195 5 0 2 0 0
2196 5 0 2 0 0
2197 5 0 2 0 0
2198 5 0 2 0 0
2199 5 0 2 0 0
2200 5 0 2 0 0
2201 5 0 2 0 0
2202 5 0 2 0 0
2203 5 0 2 0 0
2204 5 0 2 0 0
2205 5 0 2 0 0
2206 5 0 2 0 0
2207 5 0 2 0 0
2208 5 0 2 0 0
2209 5 0 2 0 0
2210 5 0 2 0 1
2211 5 0 2 0 1
2212 5 0 2 0 1
2213 5 0 2 0 1
2214 5 0 2 0 1
2215 5 0 2 0 1
2216 5 0 2 0 1
2217 5 0 2 0 1
2218 5 0 2 0 1
2219 5 0 2 0 1
2220 5 0 2 0 2
2221 5 0 2 0 2
2222 5 0 2 0 2
2223 5 0 2 0 2
2224 5 0 2 0 2
2225 5 0 2 0 2
2226 5 0 2 0 2
2227 5 0 2 0 2
2228 5 0 2 0 2
2229 5 0 2 0 2
2230 5 0 2 0 2
2231 5 0 2 0 2
2232 5 0 2 0 2
2233 5 0 2 0 2
2234 5 0 2 0 2
2235 5 0 2 0 2
2236 5 0 2 0 2
2237 5 0 2 0 2
2238 5 0 2 0 2
2239 5 0 2 0 2
2240 5 0 2 0 2
2241 5 0 2 0 2
2242 5 0 2 0 2
2243 5 0 2 0 2
2244 5 0 2 0 2
2245 5 0 2 0 2
2246 5 0 2 0 2
2247 5 0 2 0 2
2248 5 0 2 0 2
2249 5 0 2 0 2
2250 5 0 2 0 2
2251 5 0 2 0 2
2252 5 0 2 0 2
2253 5 0 2 0 2
2254 5 0 2 0 2
2255 5 0 2 0 2
2256 5 0 2 0 2
2257 5 0 2 0 2
2258 5 0 2 0 2
2259 5 0 2 0 2
2260 5 0 2 0 2
2261 5 0 2 0 2
2262 5 0 2 0 2
2263 5 0 2 0 2
2264 5 0 2 0 2
2265 5 0 2 0 2
2266 5 0 2 0 2
2267 5 0 2 0 2
2268 5 0 2 0 2
2269 5 0 2 0 2
2270 5 0 2 0 2
2271 5 0 2 0 2
2272 5 0 2 0 2
2273 5 0 2 0 2
2274 5 0 2 0 2
2275 5 0 2 0 2
2276 5 0 2 0 2
2277 5 0 2 0 2
2278 5 0 2 0 2
2279 5 0 2 0 2
2280 5 0 2 0 2
2281 5 0 2 0 2
2282 5 0 2 0 2
2283 5 0 2 0 2
2284 5 0 2 0 2
2285 5 0 2 0 2
2286 5 0 2 0 2
2287 5 0 2 0 2
2288 5 0 2 0 2
2289 5 0 2 0 2
2290 5 0 2 0 2
2291 5 0 2 0 2
2292 5 0 2 0 2
2293 5 0 2 0 2
2294 5 0 2 0 2
2295 5 0 2 0 2
2296 5 0 2 0 2
2297 5 0 2 0 2
2298 5 0 2 0 2
2299 5 0 2 0 2
2300 5 0 2 0 2
2301 5 0 2 0 2
2302 5 0 2 0 2
2303 5 0 2 0 2
2304 5 0 2 0 2
2305 5 0 2 0 2
2306 5 0 2 0 2
2307 5 0 2 0 2
2308 5 0 2 0 2
2309 5 0 2 0 2
2310 5 0 2 0 2
2311 5 0 2 0 2
2312 5 0 2 0 2
2313 5 0 2 0 2
2314 5 0 2 0 2
2315 5 0 2 0 2
2316 5 0 2 0 2
2317 5 0 2 0 2
2318 5 0 2 0 2
2319 5 0 2 0 2
2320 5 0 2 0 2
2321 5 0 2 0 2
2322 5 0 2 0 2
2323 5 0 2 0 2
2324 5 0 2 0 2
2325 5 0 2 0 2
2326 5 0 2 0 2
2327 5 0 2 0 2
2328 5 0 2 0 2
2329 5 0 2 0 2
2330 5 0 2 0 2
2331 5 0 2 0 2
2332 5 0 2 0 2
2333 5 0 2 0 2
2334 5 0 2 0 2
2335 5 0 2 0 2
2336 5 0 2 0 2
2337 5 0 2 0 2
2338 5 0 2 0 2
2339 5 0 2 0 2
2340 0 0 2 0 2
2341 0 0 2 0 2
2342 0 0 2 0 2
2343 0 0 2 0 2
2344 0 0 2 0 2
2345 0 0 2 0 2
2346 0 0 2 0 2
2347 0 0 2 0 2
2348 0 0 2 0 2
2349 0 0 2 0 2
2350 0 0 2 0 2
2351 0 0 2 0 2
2352 0 0 2 0 2
2353 0 0 2 0 2
2354 0 0 2 0 2
2355 0 0 2 0 2
2356 0 0 2 0 2
2357 0 0 2 0 2
2358 0 0 2 0 2
2359 0 0 2 0 2
2360 0 0 2 0 2
2361 0 0 2 0 2
2362 0 0 2 0 2
2363 0 0 2 0 2
2364 0 0 2 0 2
2365 0 0 2 0 2
2366 0 0 2 0 2
2367 0 0 2 0 2
2368 0 0 2 0 2
2369 0 0 2 0 2
2370 0 0 2 0 2
2371 0 0 2 0 2
2372 0 0 2 0 2
2373 0 0 2 0 2
2374 0 0 2 0 2
2375 0 0 2 0 2
2376 0 0 2 0 2
2377 0 0 2 0 2
2378 0 0 2 0 2
2379 0 0 2 0 2
2380 0 2 2 0 2
2381 0 2 2 0 2
2382 0 2 2 0 2
2383 0 2 2 0 2
2384 0 2 2 0 2
2385 0 2 2 0 2
2386 0 2 2 0 2
2387 0 2 2 0 2
2388 0 2 2 0 2
2389 0 2 2 0 2
2390 0 2 2 0 2
2391 0 2 2 0 2
2392 0 2 2 0 2
2393 0 2 2 0 2
2394 0 2 2 0 2
2395 0 2 2 0 2
2396 0 2 2 0 2
2397 0 2 2 0 2
2398 0 2 2 0 2
2399 0 2 2 0 2
2400 2 0 2 0 2
2401 2 0 2 0 2
2402 2 0 2 0 2
2403 2 0 2 0 2
2404 2 0 2 0 2
2405 2 0 2 0 2
2406 2 0 2 0 2
2407 2 0 2 0 2
2408 2 0 2 0 2
2409 2 0 2 0 2
2410 2 0 2 0 2
2411 2 0 2 0 2
2412 2 0 2 0 2
2413 2 0 2 0 2
2414 2 0 2 0 2
2415 2 0 2 0 2
2416 2 0 2 0 2
2417 2 0 2 0 2
2418 2 0 2 0 2
2419 2 0 2 0 2
2420 2 0 0 0 2
2421 2 0 0 0 2
2422 2 0 0 0 2
2423 2 0 0 0 2
2424 2 0 0 0 2
2425 2 0 0 0 2
2426 2 0 0 0 2
2427 2 0 0 0 2
2428 2 0 0 0 2
2429 2 0 0 0 2
2430 2 0 0 0 2
2431 2 0 0 0 2
2432 2 0 0 0 2
2433 2 0 0 0 2
2434 2 0 0 0 2
2435 2 0 0 0 2
2436 2 0 0 0 2
2437 2 0 0 0 2
2438 2 0 0 0 2
2439 2 0 0 0 2
2440 2 0 0 0 2
2441 2 0 0 0 2
2442 2 0 0 0 2
2443 2 0 0 0 2
2444 2 0 0 0 2
2445 2 0 0 0 2
2446 2 0 0 0 2
2447 2 0 0 0 2
2448 2 0 0 0 2
2449 2 0 0 0 2
2450 2 0 0 0 2
2451 2 0 0 0 2
2452 2 0 0 0 2
2453 2 0 0 0 2
2454 2 0 0 0 2
2455 2 0 0 0 2
2456 2 0 0 0 2
2457 2 0 0 0 2
2458 2 0 0 0 2
2459 2 0 0 0 2
2460 2 0 0 0 2
2461 2 0 0 0 2
2462 2 0 0 0 2
2463 2 0 0 0 2
2464 2 0 0 0 2
2465 2 0 0 0 2
2466 2 0 0 0 2
2467 2 0 0 0 2
2468 2 0 0 0 2
2469 2 0 0 0 2
2470 2 0 0 0 2
2471 2 0 0 0 2
2472 2 0 0 0 2
2473 2 0 0 0 2
2474 2 0 0 0 2
2475 2 0 0 0 2
2476 2 0 0 0 2
2477 2 0 0 0 2
2478 2 0 0 0 2
2479 2 0 0 0 2
2480 2 0 0 0 2
2481 2 0 0 0 2
2482 2 0 0 0 2
2483 2 0 0 0 2
2484 2 0 0 0 2
2485 2 0 0 0 2
2486 2 0 0 0 2
2487 2 0 0 0 2
2488 2 0 0 0 2
2489 2 0 0 0 2
2490 2 0 0 0 2
2491 2 0 0 0 2
2492 2 0 0 0 2
2493 2 0 0 0 2
2494 2 0 0 0 2
2495 2 0 0 0 2
2496 2 0 0 0 2
2497 2 0 0 0 2
2498 2 0 0 0 2
2499 2 0 0 0 2
2500 2 0 0 0 2
2501 2 0 0 0 2
2502 2 0 0 0 2
2503 2 0 0 0 2
2504 2 0 0 0 2
2505 2 0 0 0 2
2506 2 0 0 0 2
2507 2 0 0 0 2
2508 2 0 0 0 2
2509 2 0 0 0 2
2510 2 0 0 0 2
2511 2 0 0 0 2
2512 2 0 0 0 2
2513 2 0 0 0 2
2514 2 0 0 0 2
2515 2 0 0 0 2
2516 2 0 0 0 2
2517 2 0 0 0 2
2518 2 0 0 0 2
2519 2 0 0 0 2
2520 2 0 0 0 2
2521 2 0 0 0 2
2522 2 0 0 0 2
2523 2 0 0 0 2
2524 2 0 0 0 2
2525 2 0 0 0 2
2526 2 0 0 0 2
2527 2 0 0 0 2
2528 2 0 0 0 2
2529 2 0 0 0 2
2530 2 0 0 0 2
2531 2 0 0 0 2
2532 2 0 0 0 2
2533 2 0 0 0 2
2534 2 0 0 0 2
2535 2 0 0 0 2
2536 2 0 0 0 2
2537 2 0 0 0 2
2538 2 0 0 0 2
2539 2 0 0 0 2
2540 2 0 5 0 2
2541 2 0 5 0 2
2542 2 0 5 0 2
2543 2 0 5 0 2
2544 2 0 5 0 2
2545 2 0 5 0 2
2546 2 0 5 0 2
2547 2 0 5 0 2
2548 2 0 5 0 2
2549 2 0 5 0 2
2550 2 0 5 0 2
2551 2 0 5 0 2
2552 2 0 5 0 2
2553 2 0 5 0 2
2554 2 0 5 0 2
2555 2 0 5 0 2
2556 2 0 5 0 2
2557 2 0 5 0 2
2558 2 0 5 0 2
2559 2 0 5 0 2
2560 2 0 5 0 2
2561 2 0 5 0 2
2562 2 0 5 0 2
2563 2 0 5 0 2
2564 2 0 5 0 2
2565 2 0 5 0 2
2566 2 0 5 0 2
2567 2 0 5 0 2
2568 2 0 5 0 2
2569 2 0 5 0 2
2570 2 0 5 0 2
2571 2 0 5 0 2
2572 2 0 5 0 2
2573 2 0 5 0 2
2574 2 0 5 0 2
2575 2 0 5 0 2
2576 2 0 5 0 2
2577 2 0 5 0 2
2578 2 0 5 0 2
2579 2 0 5 0 2
2580 2 0 5 0 2
2581 2 0 5 0 2
2582 2 0 5 0 2
2583 2 0 5 0 2
2584 2 0 5 0 2
2585 2 0 5 0 2
2586 2 0 5 0 2
2587 2 0 5 0 2
2588 2 0 5 0 2
2589 2 0 5 0 2
2590 2 0 5 0 2
2591 2 0 5 0 2
2592 2 0 5 0 2
2593 2 0 5 0 2
2594 2 0 5 0 2
2595 2 0 5 0 2
2596 2 0 5 0 2
2597 2 0 5 0 2
2598 2 0 5 0 2
2599 2 0 5 0 2
2600 2 0 5 0 2
2601 2 0 5 0 2
2602 2 0 5 0 2
2603 2 0 5 0 2
2604 2 0 5 0 2
2605 2 0 5 0 2
2606 2 0 5 0 2
2607 2 0 5 0 2
2608 2 0 5 0 2
2609 2 0 5 0 2
2610 2 0 5 0 0
2611 2 0 5 0 0
2612 2 0 5 0 0
2613 2 0 5 0 0
2614 2 0 5 0 0
2615 2 0 5 0 0
2616 2 0 5 0 0
2617 2 0 5 0 0
2618 2 0 5 0 0
2619 2 0 5 0 0
2620 2 0 5 0 0
2621 2 0 5 0 0
2622 2 0 5 0 0
2623 2 0 5 0 0
2624 2 0 5 0 0
2625 2 0 5 0 0
2626 2 0 5 0 0
2627 2 0 5 0 0
2628 2 0 5 0 0
2629 2 0 5 0 0
2630 2 0 5 0 0
2631 2 0 5 0 0
2632 2 0 5 0 0
2633 2 0 5 0 0
2634 2 0 5 0 0
2635 2 0 5 0 0
2636 2 0 5 0 0
2637 2 0 5 0 0
2638 2 0 5 0 0
2639 2 0 5 0 0
2640 2 0 5 0 0
2641 2 0 5 0 0
2642 2 0 5 0 0
2643 2 0 5 0 0
2644 2 0 5 0 0
2645 2 0 5 0 0
2646 2 0 5 0 0
2647 2 0 5 0 0
2648 2 0 5 0 0
2649 2 0 5 0 0
2650 2 0 0 0 0
2651 2 0 0 0 0
2652 2 0 0 0 0
2653 2 0 0 0 0
2654 2 0 0 0 0
2655 2 0 0 0 0
2656 2 0 0 0 0
2657 2 0 0 0 0
2658 2 0 0 0 0
2659 2 0 0 0 0
2660 2 0 0 0 0
2661 2 0 0 0 0
2662 2 0 0 0 0
2663 2 0 0 0 0
2664 2 0 0 0 0
2665 2 0 0 0 0
2666 2 0 0 0 0
2667 2 0 0 0 0
2668 2 0 0 0 0
2669 2 0 0 0 0
2670 2 0 0 0 0
2671 2 0 0 0 0
2672 2 0 0 0 0
2673 2 0 0 0 0
2674 2 0 0 0 0
2675 2 0 0 0 0
2676 2 0 0 0 0
2677 2 0 0 0 0
2678 2 0 0 0 0
2679 2 0 0 0 0
2680 2 0 0 0 0
2681 2 0 0 0 0
2682 2 0 0 0 0
2683 2 0 0 0 0
2684 2 0 0 0 0
2685 2 0 0 0 0
2686 2 0 0 0 0
2687 2 0 0 0 0
2688 2 0 0 0 0
2689 2 0 0 0 0
2690 2 0 0 0 0
2691 2 0 0 0 0
2692 2 0 0 0 0
2693 2 0 0 0 0
2694 2 0 0 0 0
2695 2 0 0 0 0
2696 2 0 0 0 0
2697 2 0 0 0 0
2698 2 0 0 0 0
2699 2 0 0 0 0
2700 2 0 0 0 0
2701 2 0 0 0 0
2702 2 0 0 0 0
2703 2 0 0 0 0
2704 2 0 0 0 0
2705 2 0 0 0 0
2706 2 0 0 0 0
2707 2 0 0 0 0
2708 2 0 0 0 0
2709 2 0 0 0 0
2710 2 0 0 0 0
2711 2 0 0 0 0
2712 2 0 0 0 0
2713 2 0 0 0 0
2714 2 0 0 0 0
2715 2 0 0 0 0
2716 2 0 0 0 0
2717 2 0 0 0 0
2718 2 0 0 0 0
2719 2 0 0 0 0
2720 2 0 0 2 0
2721 2 0 0 2 0
2722 2 0 0 2 0
2723 2 0 0 2 0
2724 2 0 0 2 0
2725 2 0 0 2 0
2726 2 0 0 2 0
2727 2 0 0 2 0
2728 2 0 0 2 0
2729 2 0 0 2 0
2730 2 0 0 2 0
2731 2 0 0 0 0
2732 2 0 0 0 0
2733 2 0 0 0 0
2734 2 0 0 0 0
2735 2 0 0 0 0
2736 2 0 0 0 0
2737 2 0 0 0 0
2738 2 0 0 0 0
2739 2 0 0 0 0
2740 2 0 2 0 0
2741 2 0 2 0 0
2742 2 0 2 0 0
2743 2 0 2 0 0
2744 2 0 2 0 0
2745 2 0 2 0 0
2746 2 0 2 0 0
2747 2 0 2 0 0
2748 2 0 2 0 0
2749 2 0 2 0 0
2750 0 2 2 0 0
2751 0 2 2 0 0
2752 0 2 2 0 0
2753 0 2 2 0 0
2754 0 2 2 0 0
2755 0 0 2 0 0
2756 0 0 2 0 0
2757 0 0 2 0 0
2758 0 0 2 0 0
2759 0 0 2 0 0
2760 0 0 2 0 0
2761 0 0 2 0 0
2762 0 0 2 0 0
2763 0 0 2 0 0
2764 0 0 2 0 0
2765 0 0 2 0 0
2766 0 0 2 0 0
2767 0 0 2 0 0
2768 0 0 2 0 0
2769 0 0 2 0 0
2770 0 0 2 0 0
2771 0 0 2 0 0
2772 0 0 2 0 0
2773 0 0 2 0 0
2774 0 0 2 0 0
2775 0 0 2 0 0
2776 0 0 2 0 0
2777 0 0 2 0 0
2778 0 0 2 0 0
2779 0 0 2 0 0
2780 0 0 2 0 0
2781 0 0 2 0 0
2782 0 0 2 0 0
2783 0 0 2 0 0
2784 0 0 2 0 0
2785 0 0 2 0 0
2786 0 0 2 0 0
2787 0 0 2 0 0
2788 0 0 2 0 0
2789 0 0 2 0 0
2790 0 0 2 0 0
2791 0 0 2 0 0
2792 0 0 2 0 0
2793 0 0 2 0 0
2794 0 0 2 0 0
2795 0 0 2 0 0
2796 0 0 2 0 0
2797 0 0 2 0 0
2798 0 0 2 0 0
2799 0 0 2 0 0
2800 0 0 2 0 0
2801 0 0 2 0 0
2802 0 0 2 0 0
2803 0 0 2 0 0
2804 0 0 2 0 0
2805 0 0 2 0 0
2806 0 0 2 0 0
2807 0 0 2 0 0
2808 0 0 2 0 0
2809 0 0 2 0 0
2810 0 0 2 0 0
2811 0 0 2 0 0
2812 0 0 2 0 0
2813 0 0 2 0 0
2814 0 0 2 0 0
2815 0 0 2 0 0
2816 0 0 2 0 0
2817 0 0 2 0 0
2818 0 0 2 0 0
2819 0 0 2 0 0
2820 0 0 2 0 0
2821 0 0 2 0 0
2822 0 0 2 0 0
2823 0 0 2 0 0
2824 0 0 2 0 0
2825 0 0 2 0 0
2826 0 0 2 0 0
2827 0 0 2 0 0
2828 0 0 2 0 0
2829 0 0 2 0 0
2830 0 0 2 0 0
2831 0 0 2 0 0
2832 0 0 2 0 0
2833 0 0 2 0 0
2834 0 0 2 0 0
2835 0 0 2 0 0
2836 0 0 2 0 0
2837 0 0 2 0 0
2838 0 0 2 0 0
2839 0 0 2 0 0
2840 0 0 2 0 0
2841 0 0 2 0 0
2842 0 0 2 0 0
2843 0 0 2 0 0
2844 0 0 2 0 0
2845 0 0 2 0 0
2846 0 0 2 0 0
2847 0 0 2 0 0
2848 0 0 2 0 0
2849 0 0 2 0 0
2850 0 0 2 0 0
2851 0 0 2 0 0
2852 0 0 2 0 0
2853 0 0 2 0 0
2854 0 0 2 0 0
2855 0 0 2 0 0
2856 0 0 2 0 0
2857 0 0 2 0 0
2858 0 0 2 0 0
2859 0 0 2 0 0
2860 0 0 2 0 0
2861 0 0 2 0 0
2862 0 0 2 0 0
2863 0 0 2 0 0
2864 0 0 2 0 0
2865 0 0 2 0 0
2866 0 0 2 0 0
2867 0 0 2 0 0
2868 0 0 2 0 0
2869 0 0 2 0 0
2870 0 0 2 0 0
2871 0 0 2 0 0
2872 0 0 2 0 0
2873 0 0 2 0 0
2874 0 0 2 0 0
2875 0 0 2 0 0
2876 0 0 2 0 0
2877 0 0 2 0 0
2878 0 0 2 0 0
2879 0 0 2 0 0
2880 0 0 2 0 0
2881 0 0 2 0 0
2882 0 0 2 0 0
2883 0 0 2 0 0
2884 0 0 2 0 0
2885 0 0 2 0 0
2886 0 0 2 0 0
2887 0 0 2 0 0
2888 0 0 2 0 0
2889 0 0 2 0 0
2890 0 0 2 0 0
2891 0 0 2 0 0
2892 0 0 2 0 0
2893 0 0 2 0 0
2894 0 0 2 0 0
2895 0 0 2 0 0
2896 0 0 2 0 0
2897 0 0 2 0 0
2898 0 0 2 0 0
2899 0 0 2 0 0
2900 0 0 2 0 1
2901 0 0 2 0 1
2902 0 0 2 0 1
2903 0 0 2 0 1
2904 0 0 2 0 1
2905 0 0 2 0 1
2906 0 0 2 0 1
2907 0 0 2 0 1
2908 0 0 2 0 1
2909 0 0 2 0 1
2910 0 0 2 0 1
2911 0 0 2 0 1
2912 0 0 2 0 1
2913 0 0 2 0 1
2914 0 0 2 0 1
2915 0 0 2 0 1
2916 0 0 2 0 1
2917 0 0 2 0 1
2918 0 0 2 0 1
2919 0 0 2 0 1
2920 0 0 2 0 1
2921 0 0 2 0 1
2922 0 0 2 0 1
2923 0 0 2 0 1
2924 0 0 2 0 1
2925 0 0 2 0 1
2926 0 0 2 0 1
2927 0 0 2 0 1
2928 0 0 2 0 1
2929 0 0 2 0 1
2930 0 0 2 0 2
2931 0 0 2 0 2
2932 0 0 2 0 2
2933 0 0 2 0 2
2934 0 0 2 0 2
2935 0 0 2 0 2
2936 0 0 2 0 2
2937 0 0 2 0 2
2938 0 0 2 0 2
2939 0 0 2 0 2
2940 0 0 2 0 2
2941 0 0 2 0 2
2942 0 0 2 0 2
2943 0 0 2 0 2
2944 0 0 2 0 2
2945 0 0 2 0 2
2946 0 0 2 0 2
2947 0 0 2 0 2
2948 0 0 2 0 2
2949 0 0 2 0 2
2950 0 0 2 0 2
2951 0 0 2 0 2
2952 0 0 2 0 2
2953 0 0 2 0 2
2954 0 0 2 0 2
2955 0 0 2 0 2
2956 0 0 2 0 2
2957 0 0 2 0 2
2958 0 0 2 0 2
2959 0 0 2 0 2
2960 0 0 2 0 2
2961 0 0 2 0 2
2962 0 0 2 0 2
2963 0 0 2 0 2
2964 0 0 2 0 2
2965 0 0 2 0 2
2966 0 0 2 0 2
2967 0 0 2 0 2
2968 0 0 2 0 2
2969 0 0 2 0 2
2970 0 0 2 0 2
2971 0 0 2 0 2
2972 0 0 2 0 2
2973 0 0 2 0 2
2974 0 0 2 0 2
2975 0 0 2 0 2
2976 0 0 2 0 2
2977 0 0 2 0 2
2978 0 0 2 0 2
2979 0 0 2 0 2
2980 0 0 2 0 2
2981 0 0 2 0 2
2982 0 0 2 0 2
2983 0 0 2 0 2
2984 0 0 2 0 2
2985 0 0 2 0 2
2986 0 0 2 0 2
2987 0 0 2 0 2
2988 0 0 2 0 2
2989 0 0 2 0 2
2990 0 0 2 0 2
2991 0 0 2 0 2
2992 0 0 2 0 2
2993 0 0 2 0 2
2994 0 0 2 0 2
2995 0 0 2 0 2
2996 0 0 2 0 2
2997 0 0 2 0 2
2998 0 0 2 0 2
2999 0 0 2 0 2
3000 0 0 2 0 2
3001 0 0 2 0 2
3002 0 0 2 0 2
3003 0 0 2 0 2
3004 0 0 2 0 2
3005 0 0 2 0 2
3006 0 0 2 0 2
3007 0 0 2 0 2
3008 0 0 2 0 2
3009 0 0 2 0 2
3010 0 0 2 0 2
3011 0 0 2 0 2
3012 0 0 2 0 2
3013 0 0 2 0 2
3014 0 0 2 0 2
3015 0 0 2 0 2
3016 0 0 2 0 2
3017 0 0 2 0 2
3018 0 0 2 0 2
3019 0 0 2 0 2
3020 0 0 2 0 2
3021 0 0 2 0 2
3022 0 0 2 0 2
3023 0 0 2 0 2
3024 0 0 2 0 2
3025 0 0 2 0 2
3026 0 0 2 0 2
3027 0 0 2 0 2
3028 0 0 2 0 2
3029 0 0 2 0 2
3030 0 0 2 0 2
3031 0 0 2 0 2
3032 0 0 2 0 2
3033 0 0 2 0 2
3034 0 0 2 0 2
3035 0 0 2 0 2
3036 0 0 2 0 2
3037 0 0 2 0 2
3038 0 0 2 0 2
3039 0 0 2 0 2
3040 0 0 2 0 2
3041 0 0 2 0 2
3042 0 0 2 0 2
3043 0 0 2 0 2
3044 0 0 2 0 2
3045 0 0 2 0 2
3046 0 0 2 0 2
3047 0 0 2 0 2
3048 0 0 2 0 2
3049 0 0 2 0 2
3050 0 0 2 0 2
3051 0 0 2 0 2
3052 0 0 2 0 2
3053 0 0 2 0 2
3054 0 0 2 0 2
3055 0 0 2 0 2
3056 0 0 2 0 2
3057 0 0 2 0 2
3058 0 0 2 0 2
3059 0 0 2 0 2
3060 0 0 2 0 2
3061 0 0 2 0 2
3062 0 0 2 0 2
3063 0 0 2 0 2
3064 0 0 2 0 2
3065 0 0 2 0 2
3066 0 0 2 0 2
3067 0 0 2 0 2
3068 0 0 2 0 2
3069 0 0 2 0 2
3070 5 0 2 0 2
3071 5 0 2 0 2
3072 5 0 2 0 2
3073 5 0 2 0 2
3074 5 0 2 0 2
3075 5 0 2 0 2
3076 5 0 2 0 2
3077 5 0 2 0 2
3078 5 0 2 0 2
3079 5 0 2 0 2
3080 5 0 2 0 2
3081 5 0 2 0 2
3082 5 0 2 0 2
3083 5 0 2 0 2
3084 5 0 2 0 2
3085 5 0 2 0 2
3086 5 0 2 0 2
3087 5 0 2 0 2
3088 5 0 2 0 2
3089 5 0 2 0 2
3090 5 0 2 0 2
3091 5 0 2 0 2
3092 5 0 2 0 2
3093 5 0 2 0 2
3094 5 0 2 0 2
3095 5 0 2 0 2
3096 5 0 2 0 2
3097 5 0 2 0 2
3098 5 0 2 0 2
3099 5 0 2 0 2
3100 5 0 2 0 2
3101 5 0 2 0 2
3102 5 0 2 0 2
3103 5 0 2 0 2
3104 5 0 2 0 2
3105 5 0 2 0 2
3106 5 0 2 0 2
3107 5 0 2 0 2
3108 5 0 2 0 2
3109 5 0 2 0 2
3110 5 0 2 0 2
3111 5 0 2 0 2
3112 5 0 2 0 2
3113 5 0 2 0 2
3114 5 0 2 0 2
3115 5 0 2 0 2
3116 5 0 2 0 2
3117 5 0 2 0 2
3118 5 0 2 0 2
3119 5 0 2 0 2
3120 5 0 2 0 2
3121 5 0 2 0 2
3122 5 0 2 0 2
3123 5 0 2 0 2
3124 5 0 2 0 2
3125 5 0 2 0 2
3126 5 0 2 0 2
3127 5 0 2 0 2
3128 5 0 2 0 2
3129 5 0 2 0 2
3130 5 0 2 0 2
3131 5 0 2 0 2
3132 5 0 2 0 2
3133 5 0 2 0 2
3134 5 0 2 0 2
3135 5 0 2 0 2
3136 5 0 2 0 2
3137 5 0 2 0 2
3138 5 0 2 0 2
3139 5 0 2 0 2
3140 0 5 2 0 2
3141 0 5 2 0 2
3142 0 5 2 0 2
3143 0 5 2 0 2
3144 0 5 2 0 2
3145 0 5 2 0 2
3146 0 5 2 0 2
3147 0 5 2 0 2
3148 0 5 2 0 2
3149 0 5 2 0 2
3150 0 0 2 0 2
3151 0 0 2 0 2
3152 0 0 2 0 2
3153 0 0 2 0 2
3154 0 0 2 0 2
3155 0 0 2 0 2
3156 0 0 2 0 2
3157 0 0 2 0 2
3158 0 0 2 0 2
3159 0 0 2 0 2
3160 0 0 2 0 2
3161 0 0 2 0 2
3162 0 0 2 0 2
3163 0 0 2 0 2
3164 0 0 2 0 2
3165 0 0 2 0 2
3166 0 0 2 0 2
3167 0 0 2 0 2
3168 0 0 2 0 2
3169 0 0 2 0 2
3170 0 0 2 0 2
3171 0 0 2 0 2
3172 0 0 2 0 2
3173 0 0 2 0 2
3174 0 0 2 0 2
3175 0 0 2 0 2
3176 0 0 2 0 2
3177 0 0 2 0 2
3178 0 0 2 0 2
3179 0 0 2 0 2
3180 0 2 2 0 2
3181 0 2 2 0 2
3182 0 2 2 0 2
3183 0 2 2 0 2
3184 0 2 2 0 2
3185 0 2 2 0 2
3186 0 2 2 0 2
3187 0 2 2 0 2
3188 0 2 2 0 2
3189 0 2 2 0 2
3190 2 0 2 0 2
3191 2 0 2 0 2
3192 2 0 2 0 2
3193 2 0 2 0 2
3194 2 0 2 0 2
3195 2 0 2 0 2
3196 2 0 2 0 2
3197 2 0 2 0 2
3198 2 0 2 0 2
3199 2 0 2 0 2
3200 2 0 2 0 2
3201 2 0 2 0 2
3202 2 0 2 0 2
3203 2 0 2 0 2
3204 2 0 2 0 2
3205 2 0 2 0 2
3206 2 0 2 0 2
3207 2 0 2 0 2
3208 2 0 2 0 2
3209 2 0 2 0 2
3210 2 0 0 0 2
3211 2 0 0 0 2
3212 2 0 0 0 2
3213 2 0 0 0 2
3214 2 0 0 0 2
3215 2 0 0 0 2
3216 2 0 0 0 2
3217 2 0 0 0 2
3218 2 0 0 0 2
3219 2 0 0 0 2
3220 2 0 0 2 2
3221 2 0 0 2 2
3222 2 0 0 2 2
3223 2 0 0 2 2
3224 2 0 0 2 2
3225 2 0 0 2 2
3226 2 0 0 2 2
3227 2 0 0 2 2
3228 2 0 0 2 2
3229 2 0 0 2 2
3230 2 0 0 2 2
3231 2 0 0 2 2
3232 2 0 0 2 2
3233 2 0 0 2 2
3234 2 0 0 2 2
3235 2 0 0 2 2
3236 2 0 0 0 2
3237 2 0 0 0 2
3238 2 0 0 0 2
3239 2 0 0 0 2
3240 2 0 0 0 2
3241 2 0 0 0 2
3242 2 0 0 0 2
3243 2 0 0 0 2
3244 2 0 0 0 2
3245 2 0 0 0 2
3246 2 0 0 0 2
3247 2 0 0 0 2
3248 2 0 0 0 2
3249 2 0 0 0 2
3250 2 0 0 0 2
3251 2 0 0 0 2
3252 2 0 0 0 2
3253 2 0 0 0 2
3254 2 0 0 0 2
3255 2 0 0 0 2
3256 2 0 0 0 2
3257 2 0 0 0 2
3258 2 0 0 0 2
3259 2 0 0 0 2
3260 2 0 0 0 2
3261 2 0 0 0 2
3262 2 0 0 0 2
3263 2 0 0 0 2
3264 2 0 0 0 2
3265 2 0 0 0 2
3266 2 0 0 0 2
3267 2 0 0 0 2
3268 2 0 0 0 2
3269 2 0 0 0 2
3270 2 0 0 0 2
3271 2 0 0 0 2
3272 2 0 0 0 2
3273 2 0 0 0 2
3274 2 0 0 0 2
3275 2 0 0 0 2
3276 2 0 0 0 2
3277 2 0 0 0 2
3278 2 0 0 0 2
3279 2 0 0 0 2
3280 2 0 0 0 2
3281 2 0 0 0 2
3282 2 0 0 0 2
3283 2 0 0 0 2
3284 2 0 0 0 2
3285 2 0 0 0 2
3286 2 0 0 0 2
3287 2 0 0 0 2
3288 2 0 0 0 2
3289 2 0 0 0 2
3290 2 0 5 0 2
3291 2 0 5 0 2
3292 2 0 5 0 2
3293 2 0 5 0 2
3294 2 0 5 0 2
3295 2 0 5 0 2
3296 2 0 5 0 2
3297 2 0 5 0 2
3298 2 0 5 0 2
3299 2 0 5 0 2
3300 2 0 5 0 2
3301 2 0 5 0 2
3302 2 0 5 0 2
3303 2 0 5 0 2
3304 2 0 5 0 2
3305 2 0 5 0 2
3306 2 0 5 0 2
3307 2 0 5 0 2
3308 2 0 5 0 2
3309 2 0 5 0 2
3310 2 0 5 0 2
3311 2 0 5 0 2
3312 2 0 5 0 2
3313 2 0 5 0 2
3314 2 0 5 0 2
3315 2 0 5 0 2
3316 2 0 5 0 2
3317 2 0 5 0 2
3318 2 0 5 0 2
3319 2 0 5 0 2
3320 2 0 5 0 0
3321 2 0 5 0 0
3322 2 0 5 0 0
3323 2 0 5 0 0
3324 2 0 5 0 0
3325 2 0 5 0 0
