0 0 0 0 0 0
1 0 0 0 0 0
2 0 0 0 0 0
3 0 0 0 0 0
4 0 0 0 0 0
5 0 0 0 0 0
6 0 0 0 0 0
7 0 0 0 0 0
8 0 0 0 0 0
9 0 0 0 0 0
10 0 0 0 0 0
11 0 0 0 0 0
12 0 0 0 0 0
13 0 0 0 0 0
14 0 0 0 0 0
15 0 0 0 0 0
16 0 0 0 0 0
17 0 0 0 0 0
18 0 0 0 0 0
19 0 0 0 0 0
20 0 0 0 0 0
21 0 0 0 0 0
22 0 0 0 0 0
23 0 0 0 0 0
24 0 0 0 0 0
25 0 0 0 0 0
26 0 0 0 0 0
27 0 0 0 0 0
28 0 0 0 0 0
29 0 0 0 0 0
30 0 0 0 0 0
31 0 0 0 0 0
32 0 0 0 0 0
33 0 0 0 0 0
34 0 0 0 0 0
35 0 0 0 0 0
36 0 0 0 0 0
37 0 0 0 0 0
38 0 0 0 0 0
39 0 0 0 0 0
40 0 0 0 0 0
41 0 0 0 0 0
42 0 0 0 0 0
43 0 0 0 0 0
44 0 0 0 0 0
45 0 0 0 0 0
46 0 0 0 0 0
47 0 0 0 0 0
48 0 0 0 0 0
49 0 0 0 0 0
50 0 0 0 0 0
51 0 0 0 0 0
52 0 0 0 0 0
53 0 0 0 0 0
54 0 0 0 0 0
55 0 0 0 0 0
56 0 0 0 0 0
57 0 0 0 0 0
58 0 0 0 0 0
59 0 0 0 0 0
60 0 0 0 0 0
61 0 0 0 0 0
62 0 0 0 0 0
63 0 0 0 0 0
64 0 0 0 0 0
65 0 0 0 0 0
66 0 0 0 0 0
67 0 0 0 0 0
68 0 0 0 0 0
69 0 0 0 0 0
70 0 0 0 0 0
71 0 0 0 0 0
72 0 0 0 0 0
73 0 0 0 0 0
74 0 0 0 0 0
75 0 0 0 0 0
76 0 0 0 0 0
77 0 0 0 0 0
78 0 0 0 0 0
79 0 0 0 0 0
80 0 0 0 0 0
81 0 0 0 0 0
82 0 0 0 0 0
83 0 0 0 0 0
84 0 0 0 0 0
85 0 0 0 0 0
86 0 0 0 0 0
87 0 0 0 0 0
88 0 0 0 0 0
89 0 0 0 0 0
90 0 0 0 0 0
91 0 0 0 0 0
92 0 0 0 0 0
93 0 0 0 0 0
94 0 0 0 0 0
95 0 0 0 0 0
96 0 0 0 0 0
97 0 0 0 0 0
98 0 0 0 0 0
99 0 0 0 0 0
100 0 0 0 0 0
101 0 0 0 0 0
102 0 0 0 0 0
103 0 0 0 0 0
104 0 0 0 0 0
105 0 0 0 0 0
106 0 0 0 0 0
107 0 0 0 0 0
108 0 0 0 0 0
109 0 0 0 0 0
110 0 0 0 0 0
111 0 0 0 0 0
112 0 0 0 0 0
113 0 0 0 0 0
114 0 0 0 0 0
115 0 0 0 0 0
116 0 0 0 0 0
117 0 0 0 0 0
118 0 0 0 0 0
119 0 0 0 0 0
120 0 0 0 0 0
121 0 0 0 0 0
122 0 0 0 0 0
123 0 0 0 0 0
124 0 0 0 0 0
125 0 0 0 0 0
126 0 0 0 0 0
127 0 0 0 0 0
128 0 0 0 0 0
129 0 0 0 0 0
130 0 0 0 0 0
131 0 0 0 0 0
132 0 0 0 0 0
133 0 0 0 0 0
134 0 0 0 0 0
135 0 0 0 0 0
136 0 0 0 0 0
137 0 0 0 0 0
138 0 0 0 0 0
139 0 0 0 0 0
140 0 0 0 0 0
141 0 0 0 0 0
142 0 0 0 0 0
143 0 0 0 0 0
144 0 0 0 0 0
145 0 0 0 0 0
146 0 0 0 0 0
147 0 0 0 0 0
148 0 0 0 0 0
149 0 0 0 0 0
150 0 0 0 0 0
151 0 0 0 0 0
152 0 0 0 0 0
153 0 0 0 0 0
154 0 0 0 0 0
155 0 0 0 0 0
156 0 0 0 0 0
157 0 0 0 0 0
158 0 0 0 0 0
159 0 0 0 0 0
160 0 0 0 0 0
161 0 0 0 0 0
162 0 0 0 0 0
163 0 0 0 0 0
164 0 0 0 0 0
165 0 0 0 0 0
166 0 0 0 0 0
167 0 0 0 0 0
168 0 0 0 0 0
169 0 0 0 0 0
170 0 0 0 0 0
171 0 0 0 0 0
172 0 0 0 0 0
173 0 0 0 0 0
174 0 0 0 0 0
175 0 0 0 0 0
176 0 0 0 0 0
177 0 0 0 0 0
178 0 0 0 0 0
179 0 0 0 0 0
180 0 0 0 0 0
181 0 0 0 0 0
182 0 0 0 0 0
183 0 0 0 0 0
184 0 0 0 0 0
185 0 0 0 0 0
186 0 0 0 0 0
187 0 0 0 0 0
188 0 0 0 0 0
189 0 0 0 0 0
190 0 0 0 0 0
191 0 0 0 0 0
192 0 0 0 0 0
193 0 0 0 0 0
194 0 0 0 0 0
195 0 0 0 0 0
196 0 0 0 0 0
197 0 0 0 0 0
198 0 0 0 0 0
199 0 0 0 0 0
200 0 0 0 0 0
201 0 0 0 0 0
202 0 0 0 0 0
203 0 0 0 0 0
204 0 0 0 0 0
205 0 0 0 0 0
206 0 0 0 0 0
207 0 0 0 0 0
208 0 0 0 0 0
209 0 0 0 0 0
210 0 0 0 0 0
211 0 0 0 0 0
212 0 0 0 0 0
213 0 0 0 0 0
214 0 0 0 0 0
215 0 0 0 0 0
216 0 0 0 0 0
217 0 0 0 0 0
218 0 0 0 0 0
219 0 0 0 0 0
220 0 0 0 0 0
221 0 0 0 0 0
222 0 0 0 0 0
223 0 0 0 0 0
224 0 0 0 0 0
225 0 0 0 0 0
226 0 0 0 0 0
227 0 0 0 0 0
228 0 0 0 0 0
229 0 0 0 0 0
230 0 0 0 0 0
231 0 0 0 0 0
232 0 0 0 0 0
233 0 0 0 0 0
234 0 0 0 0 0
235 0 0 0 0 0
236 0 0 0 0 0
237 0 0 0 0 0
238 0 0 0 0 0
239 0 0 0 0 0
240 0 0 0 0 0
241 0 0 0 0 0
242 0 0 0 0 0
243 0 0 0 0 0
244 0 0 0 0 0
245 0 0 0 0 0
246 0 0 0 0 0
247 0 0 0 0 0
248 0 0 0 0 0
249 0 0 0 0 0
250 0 0 0 0 0
251 0 0 0 0 0
252 0 0 0 0 0
253 0 0 0 0 0
254 0 0 0 0 0
255 0 0 0 0 0
256 0 0 0 0 0
257 0 0 0 0 0
258 0 0 0 0 0
259 0 0 0 0 0
260 0 0 0 0 0
261 0 0 0 0 0
262 0 0 0 0 0
263 0 0 0 0 0
264 0 0 0 0 0
265 0 0 0 0 0
266 0 0 0 0 0
267 0 0 0 0 0
268 0 0 0 0 0
269 0 0 0 0 0
270 0 0 0 0 0
271 0 0 0 0 0
272 0 0 0 0 0
273 0 0 0 0 0
274 0 0 0 0 0
275 0 0 0 0 0
276 0 0 0 0 0
277 0 0 0 0 0
278 0 0 0 0 0
279 0 0 0 0 0
280 0 0 0 0 0
281 0 0 0 0 0
282 0 0 0 0 0
283 0 0 0 0 0
284 0 0 0 0 0
285 0 0 0 0 0
286 0 0 0 0 0
287 0 0 0 0 0
288 0 0 0 0 0
289 0 0 0 0 0
290 0 0 0 0 0
291 0 0 0 0 0
292 0 0 0 0 0
293 0 0 0 0 0
294 0 0 0 0 0
295 0 0 0 0 0
296 0 0 0 0 0
297 0 0 0 0 0
298 0 0 0 0 0
299 0 0 0 0 0
300 0 0 0 0 0
301 0 0 0 0 0
302 0 0 0 0 0
303 0 0 0 0 0
304 0 0 0 0 0
305 0 0 0 0 0
306 0 0 0 0 0
307 0 0 0 0 0
308 0 0 0 0 0
309 0 0 0 0 0
310 0 0 0 0 0
311 0 0 0 0 0
312 0 0 0 0 0
313 0 0 0 0 0
314 0 0 0 0 0
315 0 0 0 0 0
316 0 0 0 0 0
317 0 0 0 0 0
318 0 0 0 0 0
319 0 0 0 0 0
320 0 0 0 0 0
321 0 0 0 0 0
322 0 0 0 0 0
323 0 0 0 0 0
324 0 0 0 0 0
325 0 0 0 0 0
326 0 0 0 0 0
327 0 0 0 0 0
328 0 0 0 0 0
329 0 0 0 0 0
330 0 0 0 0 0
331 0 0 0 0 0
332 0 0 0 0 0
333 0 0 0 0 0
334 0 0 0 0 0
335 0 0 0 0 0
336 0 0 0 0 0
337 0 0 0 0 0
338 0 0 0 0 0
339 0 0 0 0 0
340 0 0 0 0 0
341 0 0 0 0 0
342 0 0 0 0 0
343 0 0 0 0 0
344 0 0 0 0 0
345 0 0 0 0 0
346 0 0 0 0 0
347 0 0 0 0 0
348 0 0 0 0 0
349 0 0 0 0 0
350 0 0 0 0 0
351 0 0 0 0 0
352 0 0 0 0 0
353 0 0 0 0 0
354 0 0 0 0 0
355 0 0 0 0 0
356 0 0 0 0 0
357 0 0 0 0 0
358 0 0 0 0 0
359 0 0 0 0 0
360 0 0 0 0 0
361 0 0 0 0 0
362 0 0 0 0 0
363 0 0 0 0 0
364 0 0 0 0 0
365 0 0 0 0 0
366 0 0 0 0 0
367 0 0 0 0 0
368 0 0 0 0 0
369 0 0 0 0 0
370 0 0 0 0 0
371 0 0 0 0 0
372 0 0 0 0 0
373 0 0 0 0 0
374 0 0 0 0 0
375 0 0 0 0 0
376 0 0 0 0 0
377 0 0 0 0 0
378 0 0 0 0 0
379 0 0 0 0 0
380 0 0 0 0 0
381 0 0 0 0 0
382 0 0 0 0 0
383 0 0 0 0 0
384 0 0 0 0 0
385 0 0 0 0 0
386 0 0 0 0 0
387 0 0 0 0 0
388 0 0 0 0 0
389 0 0 0 0 0
390 0 0 0 0 0
391 0 0 0 0 0
392 0 0 0 0 0
393 0 0 0 0 0
394 0 0 0 0 0
395 0 0 0 0 0
396 0 0 0 0 0
397 0 0 0 0 0
398 0 0 0 0 0
399 0 0 0 0 0
400 0 0 0 0 0
401 0 0 0 0 0
402 0 0 0 0 0
403 0 0 0 0 0
404 0 0 0 0 0
405 0 0 0 0 0
406 0 0 0 0 0
407 0 0 0 0 0
408 0 0 0 0 0
409 0 0 0 0 0
410 0 0 0 0 0
411 0 0 0 0 0
412 0 0 0 0 0
413 0 0 0 0 0
414 0 0 0 0 0
415 0 0 0 0 0
416 0 0 0 0 0
417 0 0 0 0 0
418 0 0 0 0 0
419 0 0 0 0 0
420 0 0 0 0 0
421 0 0 0 0 0
422 0 0 0 0 0
423 0 0 0 0 0
424 0 0 0 0 0
425 0 0 0 0 0
426 0 0 0 0 0
427 0 0 0 0 0
428 0 0 0 0 0
429 0 0 0 0 0
430 0 0 0 0 0
431 0 0 0 0 0
432 0 0 0 0 0
433 0 0 0 0 0
434 0 0 0 0 0
435 0 0 0 0 0
436 0 0 0 0 0
437 0 0 0 0 0
438 0 0 0 0 0
439 0 0 0 0 0
440 0 0 0 0 0
441 0 0 0 0 0
442 0 0 0 0 0
443 0 0 0 0 0
444 0 0 0 0 0
445 0 0 0 0 0
446 0 0 0 0 0
447 0 0 0 0 0
448 0 0 0 0 0
449 0 0 0 0 0
450 0 0 0 0 0
451 0 0 0 0 0
452 0 0 0 0 0
453 0 0 0 0 0
454 0 0 0 0 0
455 0 0 0 0 0
456 0 0 0 0 0
457 0 0 0 0 0
458 0 0 0 0 0
459 0 0 0 0 0
460 0 0 0 0 0
461 0 0 0 0 0
462 0 0 0 0 0
463 0 0 0 0 0
464 0 0 0 0 0
465 0 0 0 0 0
466 0 0 0 0 0
467 0 0 0 0 0
468 0 0 0 0 0
469 0 0 0 0 0
470 0 0 0 0 0
471 0 0 0 0 0
472 0 0 0 0 0
473 0 0 0 0 0
474 0 0 0 0 0
475 0 0 0 0 0
476 0 0 0 0 0
477 0 0 0 0 0
478 0 0 0 0 0
479 0 0 0 0 0
480 0 0 0 0 0
481 0 0 0 0 0
482 0 0 0 0 0
483 0 0 0 0 0
484 0 0 0 0 0
485 0 0 0 0 0
486 0 0 0 0 0
487 0 0 0 0 0
488 0 0 0 0 0
489 0 0 0 0 0
490 0 0 0 0 0
491 0 0 0 0 0
492 0 0 0 0 0
493 0 0 0 0 0
494 0 0 0 0 0
495 0 0 0 0 0
496 0 0 0 0 0
497 0 0 0 0 0
498 0 0 0 0 0
499 0 0 0 0 0
500 0 0 0 2 0
501 0 0 0 2 0
502 0 0 0 2 0
503 0 0 0 2 0
504 0 0 0 2 0
505 0 0 0 2 0
506 0 0 0 2 0
507 0 0 0 2 0
508 0 0 0 2 0
509 0 0 0 2 0
510 0 0 0 2 0
511 0 0 0 2 0
512 0 0 0 2 0
513 0 0 0 2 0
514 0 0 0 2 0
515 0 0 0 2 0
516 0 0 0 2 0
517 0 0 0 2 0
518 0 0 0 2 0
519 0 0 0 2 0
520 0 0 2 0 0
521 0 0 2 0 0
522 0 0 2 0 0
523 0 0 2 0 0
524 0 0 2 0 0
525 0 0 2 0 0
526 0 0 2 0 0
527 0 0 2 0 0
528 0 0 2 0 0
529 0 0 2 0 0
530 0 0 2 0 0
531 0 0 2 0 0
532 0 0 2 0 0
533 0 0 2 0 0
534 0 0 2 0 0
535 0 0 2 0 0
536 0 0 2 0 0
537 0 0 2 0 0
538 0 0 2 0 0
539 0 0 2 0 0
540 0 0 2 0 0
541 0 0 2 0 0
542 0 0 2 0 0
543 0 0 2 0 0
544 0 0 2 0 0
545 0 0 2 0 0
546 0 0 2 0 0
547 0 0 2 0 0
548 0 0 2 0 0
549 0 0 2 0 0
550 0 0 2 0 0
551 0 0 2 0 0
552 0 0 2 0 0
553 0 0 2 0 0
554 0 0 2 0 0
555 0 0 2 0 0
556 0 0 2 0 0
557 0 0 2 0 0
558 0 0 2 0 0
559 0 0 2 0 0
560 0 0 2 0 0
561 0 0 2 0 0
562 0 0 2 0 0
563 0 0 2 0 0
564 0 0 2 0 0
565 0 0 2 0 0
566 0 0 2 0 0
567 0 0 2 0 0
568 0 0 2 0 0
569 0 0 2 0 0
570 0 0 2 0 0
571 0 0 2 0 0
572 0 0 2 0 0
573 0 0 2 0 0
574 0 0 2 0 0
575 0 0 2 0 0
576 0 0 2 0 0
577 0 0 2 0 0
578 0 0 2 0 0
579 0 0 2 0 0
580 0 0 2 0 0
581 0 0 2 0 0
582 0 0 2 0 0
583 0 0 2 0 0
584 0 0 2 0 0
585 0 0 2 0 0
586 0 0 2 0 0
587 0 0 2 0 0
588 0 0 2 0 0
589 0 0 2 0 0
590 0 0 2 0 0
591 0 0 2 0 0
592 0 0 2 0 0
593 0 0 2 0 0
594 0 0 2 0 0
595 0 0 2 0 0
596 0 0 2 0 0
597 0 0 2 0 0
598 0 0 2 0 0
599 0 0 2 0 0
600 0 0 2 0 0
601 0 0 2 0 0
602 0 0 2 0 0
603 0 0 2 0 0
604 0 0 2 0 0
605 0 0 2 0 0
606 0 0 2 0 0
607 0 0 2 0 0
608 0 0 2 0 0
609 0 0 2 0 0
610 0 0 2 0 1
611 0 0 2 0 1
612 0 0 2 0 1
613 0 0 2 0 1
614 0 0 2 0 1
615 0 0 2 0 1
616 0 0 2 0 1
617 0 0 2 0 1
618 0 0 2 0 1
619 0 0 2 0 1
620 0 0 2 0 1
621 0 0 2 0 1
622 0 0 2 0 1
623 0 0 2 0 1
624 0 0 2 0 1
625 0 0 2 0 1
626 0 0 2 0 1
627 0 0 2 0 1
628 0 0 2 0 1
629 0 0 2 0 1
630 0 0 2 0 1
631 0 0 2 0 1
632 0 0 2 0 1
633 0 0 2 0 1
634 0 0 2 0 1
635 0 0 2 0 1
636 0 0 2 0 1
637 0 0 2 0 1
638 0 0 2 0 1
639 0 0 2 0 1
640 0 0 2 0 1
641 0 0 2 0 1
642 0 0 2 0 1
643 0 0 2 0 1
644 0 0 2 0 1
645 0 0 2 0 1
646 0 0 2 0 1
647 0 0 2 0 1
648 0 0 2 0 1
649 0 0 2 0 1
650 0 0 2 0 0
651 0 0 2 0 0
652 0 0 2 0 0
653 0 0 2 0 0
654 0 0 2 0 0
655 0 0 2 0 0
656 0 0 2 0 0
657 0 0 2 0 0
658 0 0 2 0 0
659 0 0 2 0 0
660 0 0 2 0 0
661 0 0 2 0 0
662 0 0 2 0 0
663 0 0 2 0 0
664 0 0 2 0 0
665 0 0 2 0 0
666 0 0 2 0 0
667 0 0 2 0 0
668 0 0 2 0 0
669 0 0 2 0 0
670 0 0 2 0 0
671 0 0 2 0 0
672 0 0 2 0 0
673 0 0 2 0 0
674 0 0 2 0 0
675 0 0 2 0 0
676 0 0 2 0 0
677 0 0 2 0 0
678 0 0 2 0 0
679 0 0 2 0 0
680 0 0 2 0 2
681 0 0 2 0 2
682 0 0 2 0 2
683 0 0 2 0 2
684 0 0 2 0 2
685 0 0 2 0 2
686 0 0 2 0 2
687 0 0 2 0 2
688 0 0 2 0 2
689 0 0 2 0 2
690 0 0 2 0 2
691 0 0 2 0 2
692 0 0 2 0 0
693 0 0 2 0 0
694 0 0 2 0 0
695 0 0 2 0 0
696 0 0 2 0 0
697 0 0 2 0 0
698 0 0 2 0 0
699 0 0 2 0 0
700 0 0 2 0 2
701 0 0 2 0 2
702 0 0 2 0 2
703 0 0 2 0 2
704 0 0 2 0 2
705 0 0 2 0 2
706 0 0 2 0 2
707 0 0 2 0 2
708 0 0 2 0 2
709 0 0 2 0 2
710 0 0 2 0 2
711 0 0 2 0 2
712 0 0 2 0 2
713 0 0 2 0 2
714 0 0 2 0 2
715 0 0 2 0 2
716 0 0 2 0 2
717 0 0 2 0 2
718 0 0 2 0 2
719 0 0 2 0 2
720 0 0 2 0 2
721 0 0 2 0 2
722 0 0 2 0 2
723 0 0 2 0 2
724 0 0 2 0 2
725 0 0 2 0 2
726 0 0 2 0 2
727 0 0 2 0 2
728 0 0 2 0 2
729 0 0 2 0 2
730 0 0 2 0 2
731 0 0 2 0 2
732 0 0 2 0 2
733 0 0 2 0 2
734 0 0 2 0 2
735 0 0 2 0 2
736 0 0 2 0 2
737 0 0 2 0 2
738 0 0 2 0 2
739 0 0 2 0 2
740 0 0 2 0 2
741 0 0 2 0 2
742 0 0 2 0 2
743 0 0 2 0 2
744 0 0 2 0 2
745 0 0 2 0 2
746 0 0 2 0 2
747 0 0 2 0 2
748 0 0 2 0 2
749 0 0 2 0 2
750 0 0 2 0 2
751 0 0 2 0 2
752 0 0 2 0 2
753 0 0 2 0 2
754 0 0 2 0 2
755 0 0 2 0 2
756 0 0 2 0 2
757 0 0 2 0 2
758 0 0 2 0 2
759 0 0 2 0 2
760 0 0 2 0 2
761 0 0 2 0 2
762 0 0 2 0 2
763 0 0 2 0 2
764 0 0 2 0 2
765 0 0 2 0 2
766 0 0 2 0 2
767 0 0 2 0 2
768 0 0 2 0 2
769 0 0 2 0 2
770 0 0 2 0 2
771 0 0 2 0 2
772 0 0 2 0 2
773 0 0 2 0 2
774 0 0 2 0 2
775 0 0 2 0 2
776 0 0 2 0 2
777 0 0 2 0 2
778 0 0 2 0 2
779 0 0 2 0 2
780 0 0 2 0 2
781 0 0 2 0 2
782 0 0 2 0 2
783 0 0 2 0 2
784 0 0 2 0 2
785 0 0 2 0 2
786 0 0 2 0 2
787 0 0 2 0 2
788 0 0 2 0 2
789 0 0 2 0 2
790 0 0 2 0 2
791 0 0 2 0 2
792 0 0 2 0 2
793 0 0 2 0 2
794 0 0 2 0 2
795 0 0 2 0 2
796 0 0 2 0 2
797 0 0 2 0 2
798 0 0 2 0 2
799 0 0 2 0 2
800 0 0 2 0 2
801 0 0 2 0 2
802 0 0 2 0 2
803 0 0 2 0 2
804 0 0 2 0 2
805 0 0 2 0 2
806 0 0 2 0 2
807 0 0 2 0 2
808 0 0 2 0 2
809 0 0 2 0 2
810 0 0 2 0 2
811 0 0 2 0 2
812 0 0 2 0 2
813 0 0 2 0 2
814 0 0 2 0 2
815 0 0 2 0 2
816 0 0 2 0 2
817 0 0 2 0 2
818 0 0 2 0 2
819 0 0 2 0 2
820 0 0 2 0 2
821 0 0 2 0 2
822 0 2 2 0 2
823 0 2 2 0 2
824 0 2 2 0 2
825 0 2 2 0 2
826 0 2 2 0 2
827 0 2 2 0 2
828 0 2 2 0 2
829 0 2 2 0 2
830 2 0 2 0 2
831 2 0 2 0 2
832 2 0 2 0 2
833 2 0 2 0 2
834 2 0 2 0 2
835 2 0 2 0 2
836 2 0 2 0 2
837 2 0 2 0 2
838 2 0 2 0 2
839 2 0 2 0 2
840 2 0 2 0 2
841 2 0 2 0 2
842 2 0 2 0 2
843 2 0 2 0 2
844 2 0 2 0 2
845 2 0 2 0 2
846 2 0 2 0 2
847 2 0 2 0 2
848 2 0 2 0 2
849 2 0 2 0 2
850 2 0 0 0 2
851 2 0 0 0 2
852 2 0 0 0 2
853 2 0 0 0 2
854 2 0 0 0 2
855 2 0 0 0 2
856 2 0 0 0 2
857 2 0 0 0 2
858 2 0 0 0 2
859 2 0 0 0 2
860 2 0 0 0 2
861 2 0 0 0 2
862 2 0 0 0 2
863 2 0 0 0 2
864 2 0 0 0 2
865 2 0 0 0 2
866 2 0 0 0 2
867 2 0 0 0 2
868 2 0 0 0 2
869 2 0 0 0 2
870 2 0 0 0 2
871 2 0 0 0 2
872 2 0 0 0 2
873 2 0 0 0 2
874 2 0 0 0 2
875 2 0 0 0 2
876 2 0 0 0 2
877 2 0 0 0 2
878 2 0 0 0 2
879 2 0 0 0 2
880 2 0 0 0 2
881 2 0 0 0 2
882 2 0 0 0 2
883 2 0 0 0 2
884 2 0 0 0 2
885 2 0 0 0 2
886 2 0 0 0 2
887 2 0 0 0 2
888 2 0 0 0 2
889 2 0 0 0 2
890 2 0 0 0 2
891 2 0 0 0 2
892 2 0 0 0 2
893 2 0 0 0 2
894 2 0 0 0 2
895 2 0 0 0 2
896 2 0 0 0 2
897 2 0 0 0 2
898 2 0 0 0 2
899 2 0 0 0 2
900 2 0 0 0 2
901 2 0 0 0 2
902 2 0 0 0 2
903 2 0 0 0 2
904 2 0 0 0 2
905 2 0 0 0 2
906 2 0 0 0 2
907 2 0 0 0 2
908 2 0 0 0 2
909 2 0 0 0 2
910 2 0 0 0 2
911 2 0 0 0 2
912 2 0 0 0 2
913 2 0 0 0 2
914 2 0 0 0 2
915 2 0 0 0 2
916 2 0 0 0 2
917 2 0 0 0 2
918 2 0 0 0 2
919 2 0 0 0 2
920 2 0 0 0 2
921 2 0 0 0 2
922 2 0 0 0 2
923 2 0 0 0 2
924 2 0 0 0 2
925 2 0 0 0 2
926 2 0 0 0 2
927 2 0 0 0 0
928 2 0 0 0 0
929 2 0 0 0 0
930 2 0 0 0 0
931 2 0 0 0 0
932 2 0 0 0 0
933 2 0 0 0 0
934 2 0 0 0 0
935 2 0 0 0 0
936 2 0 0 0 0
937 2 0 0 0 0
938 2 0 0 0 0
939 2 0 0 0 0
940 2 0 0 0 0
941 2 0 0 0 0
942 2 0 0 0 0
943 2 0 0 0 0
944 2 0 0 0 0
945 2 0 0 0 0
946 2 0 0 0 0
947 2 0 0 0 0
948 2 0 0 0 0
949 2 0 0 0 0
950 2 0 0 0 0
951 2 0 0 0 0
952 2 0 0 0 0
953 2 0 0 0 0
954 2 0 0 0 0
955 2 0 0 0 0
956 2 0 0 0 0
957 2 0 0 0 0
958 2 0 0 0 0
959 2 0 0 0 0
960 2 0 0 0 0
961 2 0 0 0 0
962 2 0 0 0 0
963 2 0 0 0 0
964 2 0 0 0 0
965 2 0 0 0 0
966 2 0 0 0 0
967 2 0 0 0 0
968 2 0 0 0 0
969 2 0 0 0 0
970 2 0 0 0 0
971 2 0 0 0 0
972 2 0 0 0 0
973 2 0 0 0 0
974 2 0 0 0 0
975 2 0 0 0 0
976 2 0 0 0 0
977 2 0 0 0 0
978 2 0 0 0 0
979 2 0 0 0 0
980 2 0 0 0 0
981 2 0 0 0 0
982 2 0 0 0 0
983 2 0 0 0 0
984 2 0 0 0 0
985 2 0 0 0 0
986 2 0 0 0 0
987 2 0 0 0 0
988 2 0 0 0 0
989 2 0 0 0 0
990 2 0 0 0 0
991 2 0 0 0 0
992 2 0 0 0 0
993 2 0 0 0 0
994 2 0 0 0 0
995 2 0 0 0 0
996 2 0 0 0 0
997 2 0 0 0 0
998 2 0 0 0 0
999 2 0 0 0 0
1000 2 0 0 0 0
1001 2 0 0 0 0
1002 2 0 0 0 0
1003 2 0 0 0 0
1004 2 0 0 0 0
1005 2 0 0 0 0
1006 2 0 0 0 0
1007 2 0 0 0 0
1008 2 0 0 0 0
1009 2 0 0 0 0
1010 2 0 0 0 0
1011 2 0 0 0 0
1012 2 0 0 0 0
1013 2 0 0 0 0
1014 2 0 0 0 0
1015 2 0 0 0 0
1016 2 0 0 0 0
1017 2 0 0 0 0
1018 2 0 0 0 0
1019 2 0 0 0 0
1020 2 0 0 0 0
1021 2 0 0 0 0
1022 2 0 0 0 0
1023 2 0 0 0 0
1024 2 0 0 0 0
1025 2 0 0 0 0
1026 2 0 0 0 0
1027 2 0 0 0 0
1028 2 0 0 0 0
1029 2 0 0 0 0
1030 2 0 0 0 0
1031 2 0 0 0 0
1032 2 0 0 0 0
1033 2 0 0 0 0
1034 2 0 0 0 0
1035 2 0 0 0 0
1036 2 0 0 0 0
1037 2 0 0 0 0
1038 2 0 0 0 0
1039 2 0 0 0 0
1040 2 0 0 0 0
1041 2 0 0 0 0
1042 2 0 0 0 0
1043 2 0 0 0 0
1044 2 0 0 0 0
1045 2 0 0 0 0
1046 2 0 0 0 0
1047 2 0 0 0 0
1048 2 0 0 0 0
1049 2 0 0 0 0
1050 2 0 0 0 0
1051 2 0 0 0 0
1052 2 0 0 0 0
1053 2 0 0 0 0
1054 2 0 0 0 0
1055 2 0 0 0 0
1056 2 0 0 0 0
1057 2 0 0 0 0
1058 2 0 0 0 0
1059 2 0 0 0 0
1060 2 0 0 0 0
1061 2 0 0 0 0
1062 2 0 0 0 0
1063 2 0 0 0 0
1064 2 0 0 0 0
1065 2 0 0 0 0
1066 2 0 0 0 0
1067 2 0 0 0 0
1068 2 0 0 0 0
1069 2 0 0 0 0
1070 2 0 0 0 0
1071 2 0 0 0 0
1072 2 0 0 0 0
1073 2 0 0 0 0
1074 2 0 0 0 0
1075 2 0 0 0 0
1076 2 0 0 0 0
1077 2 0 0 0 0
1078 2 0 0 0 0
1079 2 0 0 0 0
1080 2 0 0 0 0
1081 2 0 0 0 0
1082 2 0 0 0 0
1083 2 0 0 0 0
1084 2 0 0 0 0
1085 2 0 0 0 0
1086 2 0 0 0 0
1087 2 0 0 0 0
1088 2 0 0 0 0
1089 2 0 0 0 0
1090 2 0 0 2 0
1091 2 0 0 2 0
1092 2 0 0 2 0
1093 2 0 0 2 0
1094 2 0 0 2 0
1095 2 0 0 2 0
1096 2 0 0 2 0
1097 2 0 0 2 0
1098 2 0 0 2 0
1099 2 0 0 2 0
1100 2 0 2 0 0
1101 2 0 2 0 0
1102 2 0 2 0 0
1103 2 0 2 0 0
1104 2 0 2 0 0
1105 2 0 2 0 0
1106 2 0 2 0 0
1107 2 0 2 0 0
1108 2 0 2 0 0
1109 2 0 2 0 0
1110 2 0 2 0 0
1111 2 0 2 0 0
1112 2 0 2 0 0
1113 2 0 2 0 0
1114 2 0 2 0 0
1115 2 0 2 0 0
1116 2 0 2 0 0
1117 2 0 2 0 0
1118 2 0 2 0 0
1119 2 0 2 0 0
1120 0 0 2 0 0
1121 0 0 2 0 0
1122 0 0 2 0 0
1123 0 0 2 0 0
1124 0 0 2 0 0
1125 0 0 2 0 0
1126 0 0 2 0 0
1127 0 0 2 0 0
1128 0 0 2 0 0
1129 0 0 2 0 0
1130 0 0 2 0 0
1131 0 0 2 0 0
1132 0 0 2 0 0
1133 0 0 2 0 0
1134 0 0 2 0 0
1135 0 0 2 0 0
1136 0 0 2 0 0
1137 0 0 2 0 0
1138 0 0 2 0 0
1139 0 0 2 0 0
1140 0 0 2 0 0
1141 0 0 2 0 0
1142 0 0 2 0 0
1143 0 0 2 0 0
1144 0 0 2 0 0
1145 0 0 2 0 0
1146 0 0 2 0 0
1147 0 0 2 0 0
1148 0 0 2 0 0
1149 0 0 2 0 0
1150 0 0 2 0 0
1151 0 0 2 0 0
1152 0 0 2 0 0
1153 0 0 2 0 0
1154 0 0 2 0 0
1155 0 0 2 0 0
1156 0 0 2 0 0
1157 0 0 2 0 0
1158 0 0 2 0 0
1159 0 0 2 0 0
1160 0 0 2 0 0
1161 0 0 2 0 0
1162 0 0 2 0 0
1163 0 0 2 0 0
1164 0 0 2 0 0
1165 0 0 2 0 0
1166 0 0 2 0 0
1167 0 0 2 0 0
1168 0 0 2 0 0
1169 0 0 2 0 0
1170 0 0 2 0 0
1171 0 0 2 0 0
1172 0 0 2 0 0
1173 0 0 2 0 0
1174 0 0 2 0 0
1175 0 0 2 0 0
1176 0 0 2 0 0
1177 0 0 2 0 0
1178 0 0 2 0 0
1179 0 0 2 0 0
1180 0 0 2 0 0
1181 0 0 2 0 0
1182 0 0 2 0 0
1183 0 0 2 0 0
1184 0 0 2 0 0
1185 0 0 2 0 0
1186 0 0 2 0 0
1187 0 0 2 0 0
1188 0 0 2 0 0
1189 0 0 2 0 0
1190 0 0 2 0 0
1191 0 0 2 0 0
1192 0 0 2 0 0
1193 0 0 2 0 0
1194 0 0 2 0 0
1195 0 0 2 0 0
1196 0 0 2 0 0
1197 0 0 2 0 0
1198 0 0 2 0 0
1199 0 0 2 0 0
1200 0 0 2 0 0
1201 0 0 2 0 0
1202 0 0 2 0 0
1203 0 0 2 0 0
1204 0 0 2 0 0
1205 0 0 2 0 0
1206 0 0 2 0 0
1207 0 0 2 0 0
1208 0 0 2 0 0
1209 0 0 2 0 0
1210 0 0 2 0 0
1211 0 0 2 0 0
1212 0 0 2 0 0
1213 0 0 2 0 0
1214 0 0 2 0 0
1215 0 0 2 0 0
1216 0 0 2 0 0
1217 0 0 2 0 0
1218 0 0 2 0 0
1219 0 0 2 0 0
1220 0 5 2 0 0
1221 0 5 2 0 0
1222 0 5 2 0 0
1223 0 5 2 0 0
1224 0 5 2 0 0
1225 0 5 2 0 0
1226 0 5 2 0 0
1227 0 5 2 0 0
1228 0 5 2 0 0
1229 0 5 2 0 0
1230 0 5 2 0 0
1231 0 5 2 0 0
1232 0 5 2 0 0
1233 0 5 2 0 0
1234 0 5 2 0 0
1235 0 5 2 0 0
1236 0 5 2 0 0
1237 0 5 2 0 0
1238 0 5 2 0 0
1239 0 5 2 0 0
1240 0 5 2 0 0
1241 0 5 2 0 0
1242 0 5 2 0 0
1243 0 5 2 0 0
1244 0 5 2 0 0
1245 0 5 2 0 0
1246 0 5 2 0 0
1247 0 5 2 0 0
1248 0 5 2 0 0
1249 0 5 2 0 0
1250 0 5 2 0 0
1251 0 5 2 0 0
1252 0 5 2 0 0
1253 0 5 2 0 0
1254 0 5 2 0 0
1255 0 5 2 0 0
1256 0 5 2 0 0
1257 0 5 2 0 0
1258 0 5 2 0 0
1259 0 5 2 0 0
1260 0 5 2 0 0
1261 0 5 2 0 0
1262 0 5 2 0 0
1263 0 5 2 0 0
1264 0 5 2 0 0
1265 0 5 2 0 0
1266 0 5 2 0 0
1267 0 5 2 0 0
1268 0 5 2 0 0
1269 0 5 2 0 0
1270 0 5 2 0 1
1271 0 5 2 0 1
1272 0 5 2 0 1
1273 0 5 2 0 1
1274 0 5 2 0 1
1275 0 5 2 0 1
1276 0 5 2 0 1
1277 0 5 2 0 1
1278 0 5 2 0 1
1279 0 5 2 0 1
1280 0 5 2 0 1
1281 0 5 2 0 1
1282 0 5 2 0 1
1283 0 5 2 0 1
1284 0 5 2 0 1
1285 0 5 2 0 1
1286 0 5 2 0 1
1287 0 5 2 0 1
1288 0 5 2 0 1
1289 0 5 2 0 1
1290 0 5 2 0 1
1291 0 5 2 0 1
1292 0 5 2 0 1
1293 0 5 2 0 1
1294 0 5 2 0 1
1295 0 5 2 0 1
1296 0 5 2 0 1
1297 0 5 2 0 1
1298 0 5 2 0 1
1299 0 5 2 0 1
1300 0 5 2 0 1
1301 0 5 2 0 1
1302 0 5 2 0 1
1303 0 5 2 0 1
1304 0 5 2 0 1
1305 0 5 2 0 1
1306 0 5 2 0 1
1307 0 5 2 0 1
1308 0 5 2 0 1
1309 0 5 2 0 1
1310 0 5 2 0 0
1311 0 5 2 0 0
1312 0 5 2 0 0
1313 0 5 2 0 0
1314 0 5 2 0 0
1315 0 5 2 0 0
1316 0 5 2 0 0
1317 0 5 2 0 0
1318 0 5 2 0 0
1319 0 5 2 0 0
1320 0 5 2 0 0
1321 0 5 2 0 0
1322 0 5 2 0 0
1323 0 5 2 0 0
1324 0 5 2 0 0
1325 0 5 2 0 0
1326 0 5 2 0 0
1327 0 5 2 0 0
1328 0 5 2 0 0
1329 0 5 2 0 0
1330 0 5 2 0 0
1331 0 5 2 0 0
1332 0 5 2 0 0
1333 0 5 2 0 0
1334 0 5 2 0 0
1335 0 5 2 0 0
1336 0 5 2 0 0
1337 0 5 2 0 0
1338 0 5 2 0 0
1339 0 5 2 0 0
1340 0 5 2 0 0
1341 0 5 2 0 0
1342 0 5 2 0 0
1343 0 5 2 0 0
1344 0 5 2 0 0
1345 0 5 2 0 0
1346 0 5 2 0 0
1347 0 5 2 0 0
1348 0 5 2 0 0
1349 0 5 2 0 0
1350 0 5 2 0 0
1351 0 5 2 0 0
1352 0 5 2 0 0
1353 0 5 2 0 0
1354 0 5 2 0 0
1355 0 5 2 0 0
1356 0 5 2 0 0
1357 0 5 2 0 0
1358 0 5 2 0 0
1359 0 5 2 0 0
1360 0 5 2 0 1
1361 0 5 2 0 1
1362 0 5 2 0 1
1363 0 5 2 0 1
1364 0 5 2 0 1
1365 0 5 2 0 1
1366 0 5 2 0 1
1367 0 5 2 0 1
1368 0 5 2 0 1
1369 0 5 2 0 1
1370 0 5 2 0 1
1371 0 5 2 0 1
1372 0 5 2 0 1
1373 0 5 2 0 1
1374 0 5 2 0 1
1375 0 5 2 0 1
1376 0 5 2 0 1
1377 0 5 2 0 1
1378 0 5 2 0 1
1379 0 5 2 0 1
1380 0 5 2 0 2
1381 0 5 2 0 2
1382 0 5 2 0 2
1383 0 5 2 0 2
1384 0 5 2 0 2
1385 0 5 2 0 2
1386 0 5 2 0 2
1387 0 5 2 0 2
1388 0 5 2 0 2
1389 0 5 2 0 2
1390 0 5 2 0 2
1391 0 5 2 0 2
1392 0 5 2 0 2
1393 0 5 2 0 2
1394 0 5 2 0 2
1395 0 5 2 0 2
1396 0 5 2 0 2
1397 0 5 2 0 2
1398 0 5 2 0 2
1399 0 5 2 0 2
1400 0 0 2 0 2
1401 0 0 2 0 2
1402 0 0 2 0 2
1403 0 0 2 0 2
1404 0 0 2 0 2
1405 0 0 2 0 2
1406 0 0 2 0 2
1407 0 0 2 0 2
1408 0 0 2 0 2
1409 0 0 2 0 2
1410 0 0 2 0 2
1411 0 0 2 0 2
1412 0 0 2 0 2
1413 0 0 2 0 2
1414 0 0 2 0 2
1415 0 0 2 0 2
1416 0 0 2 0 2
1417 0 0 2 0 2
1418 0 0 2 0 2
1419 0 0 2 0 2
1420 0 0 2 0 2
1421 0 0 2 0 2
1422 0 0 2 0 2
1423 0 0 2 0 2
1424 0 0 2 0 2
1425 0 0 2 0 2
1426 0 0 2 0 2
1427 0 0 2 0 2
1428 0 0 2 0 2
1429 0 0 2 0 2
1430 0 0 2 0 2
1431 0 0 2 0 2
1432 0 0 2 0 2
1433 0 0 2 0 2
1434 0 0 2 0 2
1435 0 0 2 0 2
1436 0 0 2 0 2
1437 0 0 2 0 2
1438 0 0 2 0 2
1439 0 0 2 0 2
1440 0 0 2 0 2
1441 0 0 2 0 2
1442 0 0 2 0 2
1443 0 0 2 0 2
1444 0 0 2 0 2
1445 0 0 2 0 2
1446 0 0 2 0 2
1447 0 0 2 0 2
1448 0 0 2 0 2
1449 0 0 2 0 2
1450 0 0 2 0 2
1451 0 0 2 0 2
1452 0 0 2 0 2
1453 0 0 2 0 2
1454 0 0 2 0 2
1455 0 0 2 0 2
1456 0 0 2 0 2
1457 0 0 2 0 2
1458 0 0 2 0 2
1459 0 0 2 0 2
1460 0 0 2 0 2
1461 0 0 2 0 2
1462 0 0 2 0 2
1463 0 0 2 0 2
1464 0 0 2 0 2
1465 0 0 2 0 2
1466 0 0 2 0 2
1467 0 0 2 0 2
1468 0 0 2 0 2
1469 0 0 2 0 2
1470 0 0 2 0 2
1471 0 0 2 0 2
1472 0 0 2 0 2
1473 0 0 2 0 2
1474 0 0 2 0 2
1475 0 0 2 0 2
1476 0 0 2 0 2
1477 0 0 2 0 2
1478 0 0 2 0 2
1479 0 0 2 0 2
1480 0 0 2 0 2
1481 0 0 2 0 2
1482 0 0 2 0 2
1483 0 0 2 0 2
1484 0 0 2 0 2
1485 0 0 2 0 2
1486 0 0 2 0 2
1487 0 0 2 0 2
1488 0 0 2 0 2
1489 0 0 2 0 2
1490 0 0 2 0 2
1491 0 0 2 0 2
1492 0 0 2 0 2
1493 0 0 2 0 2
1494 0 0 2 0 2
1495 0 0 2 0 2
1496 0 0 2 0 2
1497 0 0 2 0 2
1498 0 0 2 0 2
1499 0 0 2 0 2
1500 2 0 2 0 2
1501 2 0 2 0 2
1502 2 0 2 0 2
1503 2 0 2 0 2
1504 2 0 2 0 2
1505 2 0 2 0 2
1506 2 0 2 0 2
1507 2 0 2 0 2
1508 2 0 2 0 2
1509 2 0 2 0 2
1510 2 0 0 0 2
1511 2 0 0 0 2
1512 2 0 0 0 2
1513 2 0 0 0 2
1514 2 0 0 0 2
1515 2 0 0 0 2
1516 2 0 0 0 2
1517 2 0 0 0 2
1518 2 0 0 0 2
1519 2 0 0 0 2
1520 2 0 0 0 2
1521 2 0 0 0 2
1522 2 0 0 0 2
1523 2 0 0 0 2
1524 2 0 0 0 2
1525 2 0 0 0 2
1526 2 0 0 0 2
1527 2 0 0 0 2
1528 2 0 0 0 2
1529 2 0 0 0 2
1530 2 0 0 0 2
1531 2 0 0 0 2
1532 2 0 0 0 2
1533 2 0 0 0 2
1534 2 0 0 0 2
1535 2 0 0 0 2
1536 2 0 0 0 2
1537 2 0 0 0 2
1538 2 0 0 0 2
1539 2 0 0 0 2
1540 2 0 0 0 2
1541 2 0 0 0 2
1542 2 0 0 0 2
1543 2 0 0 0 2
1544 2 0 0 0 2
1545 2 0 0 0 2
1546 2 0 0 0 2
1547 2 0 0 0 2
1548 2 0 0 0 2
1549 2 0 0 0 2
1550 2 0 0 0 2
1551 2 0 0 0 2
1552 2 0 0 0 2
1553 2 0 0 0 2
1554 2 0 0 0 2
1555 2 0 0 0 2
1556 2 0 0 0 2
1557 2 0 0 0 2
1558 2 0 0 0 2
1559 2 0 0 0 2
1560 2 0 0 0 0
1561 2 0 0 0 0
1562 2 0 0 0 0
1563 2 0 0 0 0
1564 2 0 0 0 0
1565 2 0 0 0 0
1566 2 0 0 0 0
1567 2 0 0 0 0
1568 2 0 0 0 0
1569 2 0 0 0 0
1570 2 0 0 0 0
1571 2 0 0 0 0
1572 2 0 0 0 0
1573 2 0 0 0 0
1574 2 0 0 0 0
1575 2 0 0 0 0
1576 2 0 0 0 0
1577 2 0 0 0 0
1578 2 0 0 0 0
1579 2 0 0 0 0
1580 2 0 0 0 0
1581 2 0 0 0 0
1582 2 0 0 0 0
1583 2 0 0 0 0
1584 2 0 0 0 0
1585 2 0 0 0 0
1586 2 0 0 0 0
1587 2 0 0 0 0
1588 2 0 0 0 0
1589 2 0 0 0 0
1590 2 0 0 0 0
1591 2 0 0 0 0
1592 2 0 0 0 0
1593 2 0 0 0 0
1594 2 0 0 0 0
1595 2 0 0 0 0
1596 2 0 0 0 0
1597 2 0 0 0 0
1598 2 0 0 0 0
1599 2 0 0 0 0
1600 2 0 0 0 0
1601 2 0 0 0 0
1602 2 0 0 0 0
1603 2 0 0 0 0
1604 2 0 0 0 0
1605 2 0 0 0 0
1606 2 0 0 0 0
1607 2 0 0 0 0
1608 2 0 0 0 0
1609 2 0 0 0 0
1610 2 0 0 0 0
1611 2 0 0 0 0
1612 2 0 0 0 0
1613 2 0 0 0 0
1614 2 0 0 0 0
1615 2 0 0 0 0
1616 2 0 0 0 0
1617 2 0 0 0 0
1618 2 0 0 0 0
1619 2 0 0 0 0
1620 2 0 0 0 0
1621 2 0 0 0 0
1622 2 0 0 0 0
1623 2 0 0 0 0
1624 2 0 0 0 0
1625 2 0 0 0 0
1626 2 0 0 0 0
1627 2 0 0 0 0
1628 2 0 0 0 0
1629 2 0 0 0 0
1630 2 0 0 0 0
1631 2 0 0 0 0
1632 2 0 0 0 0
1633 2 0 0 0 0
1634 2 0 0 0 0
1635 2 0 0 0 0
1636 2 0 0 0 0
1637 2 0 0 0 0
1638 2 0 0 0 0
1639 2 0 0 0 0
1640 2 0 0 0 0
1641 2 0 0 0 0
1642 2 0 0 0 0
1643 2 0 0 0 0
1644 2 0 0 0 0
1645 2 0 0 0 0
1646 2 0 0 0 0
1647 2 0 0 0 0
1648 2 0 0 0 0
1649 2 0 0 0 0
1650 2 0 0 0 0
1651 2 0 0 0 0
1652 2 0 0 0 0
1653 2 0 0 0 0
1654 2 0 0 0 0
1655 2 0 0 0 0
1656 2 0 0 0 0
1657 2 0 0 0 0
1658 2 0 0 0 0
1659 2 0 0 0 0
1660 2 0 0 0 0
1661 2 0 0 0 0
1662 2 0 0 0 0
1663 2 0 0 0 0
1664 2 0 0 0 0
1665 2 0 0 0 0
1666 2 0 0 0 0
1667 2 0 0 0 0
1668 2 0 0 0 0
1669 2 0 0 0 0
1670 2 0 0 0 0
1671 2 0 0 0 0
1672 2 0 0 0 0
1673 2 0 0 0 0
1674 2 0 0 0 0
1675 2 0 0 0 0
1676 2 0 0 0 0
1677 2 0 0 0 0
1678 2 0 0 0 0
1679 2 0 0 0 0
1680 2 0 0 0 0
1681 2 0 0 0 0
1682 2 0 0 0 0
1683 2 0 0 0 0
1684 2 0 0 0 0
1685 2 0 0 0 0
1686 2 0 0 0 0
1687 2 0 0 0 0
1688 2 0 0 0 0
1689 2 0 0 0 0
1690 2 0 0 0 0
1691 2 0 0 0 0
1692 2 0 0 0 0
1693 2 0 0 0 0
1694 2 0 0 0 0
1695 2 0 0 0 0
1696 2 0 0 0 0
1697 2 0 0 0 0
1698 2 0 0 0 0
1699 2 0 0 0 0
1700 2 0 0 0 0
1701 2 0 0 0 0
1702 2 0 0 0 0
1703 2 0 0 0 0
1704 2 0 0 0 0
1705 2 0 0 0 0
1706 2 0 0 0 0
1707 2 0 0 0 0
1708 2 0 0 0 0
1709 2 0 0 0 0
1710 2 0 0 0 0
1711 2 0 0 0 0
1712 2 0 0 0 0
1713 2 0 0 0 0
1714 2 0 0 0 0
1715 2 0 0 0 0
1716 2 0 0 0 0
1717 2 0 0 0 0
1718 2 0 0 0 0
1719 2 0 0 0 0
1720 2 0 0 0 0
1721 2 0 0 0 0
1722 2 0 0 0 0
1723 2 0 0 0 0
1724 2 0 0 0 0
1725 2 0 0 0 0
1726 2 0 0 0 0
1727 2 0 0 0 0
1728 2 0 0 0 0
1729 2 0 0 0 0
1730 2 0 0 0 0
1731 2 0 0 0 0
1732 2 0 0 0 0
1733 2 0 0 0 0
1734 2 0 0 0 0
1735 2 0 0 0 0
1736 2 0 0 0 0
1737 2 0 0 0 0
1738 2 0 0 0 0
1739 2 0 0 0 0
1740 2 0 0 0 0
1741 2 0 0 0 0
1742 2 0 0 0 0
1743 2 0 0 0 0
1744 2 0 0 0 0
1745 2 0 0 0 0
1746 2 0 0 0 0
1747 2 0 0 0 0
1748 2 0 0 0 0
1749 2 0 0 0 0
1750 2 0 0 0 0
1751 2 0 0 0 0
1752 2 0 0 0 0
1753 2 0 0 0 0
1754 2 0 0 0 0
1755 2 0 0 0 0
1756 2 0 0 0 0
1757 2 0 0 0 0
1758 2 0 0 0 0
1759 2 0 0 0 0
1760 2 0 0 0 0
1761 2 0 0 0 0
1762 2 0 0 0 0
1763 2 0 0 0 0
1764 2 0 0 0 0
1765 2 0 0 0 0
1766 2 0 0 0 0
1767 2 0 0 0 0
1768 2 0 0 0 0
1769 2 0 0 0 0
1770 2 0 2 0 0
1771 2 0 2 0 0
1772 2 0 2 0 0
1773 2 0 2 0 0
1774 2 0 2 0 0
1775 2 0 2 0 0
1776 2 0 2 0 0
1777 2 0 2 0 0
1778 2 0 2 0 0
1779 2 0 2 0 0
1780 2 0 2 0 0
1781 2 0 2 0 0
1782 2 0 2 0 0
1783 2 0 2 0 0
1784 2 0 2 0 0
1785 2 0 2 0 0
1786 2 0 2 0 0
1787 2 0 2 0 0
1788 2 0 2 0 0
1789 2 0 2 0 0
1790 0 0 2 0 0
1791 0 0 2 0 0
1792 0 0 2 0 0
1793 0 0 2 0 0
1794 0 0 2 0 0
1795 0 0 2 0 0
1796 0 0 2 0 0
1797 0 0 2 0 0
1798 0 0 2 0 0
1799 0 0 2 0 0
1800 0 0 2 0 0
1801 0 0 2 0 0
1802 0 0 2 0 0
1803 0 0 2 0 0
1804 0 0 2 0 0
1805 0 0 2 0 0
1806 0 0 2 0 0
1807 0 0 2 0 0
1808 0 0 2 0 0
1809 0 0 2 0 0
1810 0 0 2 0 0
1811 0 0 2 0 0
1812 0 0 2 0 0
1813 0 0 2 0 0
1814 0 0 2 0 0
1815 0 0 2 0 0
1816 0 0 2 0 0
1817 0 0 2 0 0
1818 0 0 2 0 0
1819 0 0 2 0 0
1820 0 0 2 0 0
1821 0 0 2 0 0
1822 0 0 2 0 0
1823 0 0 2 0 0
1824 0 0 2 0 0
1825 0 0 2 0 0
1826 0 0 2 0 0
1827 0 0 2 0 0
1828 0 0 2 0 0
1829 0 0 2 0 0
1830 0 0 2 0 0
1831 0 0 2 0 0
1832 0 0 2 0 0
1833 0 0 2 0 0
1834 0 0 2 0 0
1835 0 0 2 0 0
1836 0 0 2 0 0
1837 0 0 2 0 0
1838 0 0 2 0 0
1839 0 0 2 0 0
1840 0 0 2 0 0
1841 0 0 2 0 0
1842 0 0 2 0 0
1843 0 0 2 0 0
1844 0 0 2 0 0
1845 0 0 2 0 0
1846 0 0 2 0 0
1847 0 0 2 0 0
1848 0 0 2 0 0
1849 0 0 2 0 0
1850 0 0 2 0 0
1851 0 0 2 0 0
1852 0 0 2 0 0
1853 0 0 2 0 0
1854 0 0 2 0 0
1855 0 0 2 0 0
1856 0 0 2 0 0
1857 0 0 2 0 0
1858 0 0 2 0 0
1859 0 0 2 0 0
1860 0 0 2 0 0
1861 0 0 2 0 0
1862 0 0 2 0 0
1863 0 0 2 0 0
1864 0 0 2 0 0
1865 0 0 2 0 0
1866 0 0 2 0 0
1867 0 0 2 0 0
1868 0 0 2 0 0
1869 0 0 2 0 0
1870 0 0 2 0 0
1871 0 0 2 0 0
1872 0 0 2 0 0
1873 0 0 2 0 0
1874 0 0 2 0 0
1875 0 0 2 0 0
1876 0 0 2 0 0
1877 0 0 2 0 0
1878 0 0 2 0 0
1879 0 0 2 0 0
1880 0 0 2 0 0
1881 0 0 2 0 0
1882 0 0 2 0 0
1883 0 0 2 0 0
1884 0 0 2 0 0
1885 0 0 2 0 0
1886 0 0 2 0 0
1887 0 0 2 0 0
1888 0 0 2 0 0
1889 0 0 2 0 0
1890 0 0 2 0 0
1891 0 0 2 0 0
1892 0 0 2 0 0
1893 0 0 2 0 0
1894 0 0 2 0 0
1895 0 0 2 0 0
1896 0 0 2 0 0
1897 0 0 2 0 0
1898 0 0 2 0 0
1899 0 0 2 0 0
1900 0 0 2 0 0
1901 0 0 2 0 0
1902 0 0 2 0 0
1903 0 0 2 0 0
1904 0 0 2 0 0
1905 0 0 2 0 0
1906 0 0 2 0 0
1907 0 0 2 0 0
1908 0 0 2 0 0
1909 0 0 2 0 0
1910 0 0 2 0 0
1911 0 0 2 0 0
1912 0 0 2 0 0
1913 0 0 2 0 0
1914 0 0 2 0 0
1915 0 0 2 0 0
1916 0 0 2 0 0
1917 0 0 2 0 0
1918 0 0 2 0 0
1919 0 0 2 0 0
1920 0 0 2 0 0
1921 0 0 2 0 0
1922 0 0 2 0 0
1923 0 0 2 0 0
1924 0 0 2 0 0
1925 0 0 2 0 0
1926 0 0 2 0 0
1927 0 0 2 0 0
1928 0 0 2 0 0
1929 0 0 2 0 0
1930 0 0 2 0 0
1931 0 0 2 0 0
1932 0 0 2 0 0
1933 0 0 2 0 0
1934 0 0 2 0 0
1935 0 0 2 0 0
1936 0 0 2 0 0
1937 0 0 2 0 0
1938 0 0 2 0 0
1939 0 0 2 0 0
1940 0 5 2 0 0
1941 0 5 2 0 0
1942 0 5 2 0 0
1943 0 5 2 0 0
1944 0 5 2 0 0
1945 0 5 2 0 0
1946 0 5 2 0 0
1947 0 5 2 0 0
1948 0 5 2 0 0
1949 0 5 2 0 0
1950 0 5 2 0 0
1951 0 5 2 0 0
1952 0 5 2 0 0
1953 0 5 2 0 0
1954 0 5 2 0 0
1955 0 5 2 0 0
1956 0 5 2 0 0
1957 0 5 2 0 0
1958 0 5 2 0 0
1959 0 5 2 0 0
1960 0 5 2 0 0
1961 0 5 2 0 0
1962 0 5 2 0 0
1963 0 5 2 0 0
1964 0 5 2 0 0
1965 0 5 2 0 0
1966 0 5 2 0 0
1967 0 5 2 0 0
1968 0 5 2 0 0
1969 0 5 2 0 0
1970 0 5 2 0 0
1971 0 5 2 0 0
1972 0 5 2 0 0
1973 0 5 2 0 0
1974 0 5 2 0 0
1975 0 5 2 0 0
1976 0 5 2 0 0
1977 0 5 2 0 0
1978 0 5 2 0 0
1979 0 5 2 0 0
1980 0 5 2 0 0
1981 0 5 2 0 0
1982 0 5 2 0 0
1983 0 5 2 0 0
1984 0 5 2 0 0
1985 0 5 2 0 0
1986 0 5 2 0 0
1987 0 5 2 0 0
1988 0 5 2 0 0
1989 0 5 2 0 0
1990 0 5 2 0 0
1991 0 5 2 0 0
1992 0 5 2 0 0
1993 0 5 2 0 0
1994 0 5 2 0 0
1995 0 5 2 0 0
1996 0 5 2 0 0
1997 0 5 2 0 0
1998 0 5 2 0 0
1999 0 5 2 0 0
2000 0 5 2 0 1
2001 0 5 2 0 1
2002 0 5 2 0 1
2003 0 5 2 0 1
2004 0 5 2 0 1
2005 0 5 2 0 1
2006 0 5 2 0 1
2007 0 5 2 0 1
2008 0 5 2 0 1
2009 0 5 2 0 1
2010 0 5 2 0 1
2011 0 5 2 0 1
2012 0 5 2 0 1
2013 0 5 2 0 1
2014 0 5 2 0 1
2015 0 5 2 0 1
2016 0 5 2 0 1
2017 0 5 2 0 1
2018 0 5 2 0 1
2019 0 5 2 0 1
2020 0 5 2 0 2
2021 0 5 2 0 2
2022 0 5 2 0 2
2023 0 5 2 0 2
2024 0 5 2 0 2
2025 0 5 2 0 2
2026 0 5 2 0 2
2027 0 5 2 0 2
2028 0 5 2 0 2
2029 0 5 2 0 2
2030 0 5 2 0 2
2031 0 5 2 0 2
2032 0 5 2 0 2
2033 0 5 2 0 2
2034 0 5 2 0 2
2035 0 5 2 0 2
2036 0 5 2 0 2
2037 0 5 2 0 2
2038 0 5 2 0 2
2039 0 5 2 0 2
2040 0 5 2 0 0
2041 0 5 2 0 0
2042 0 5 2 0 0
2043 0 5 2 0 0
2044 0 5 2 0 0
2045 0 5 2 0 0
2046 0 5 2 0 0
2047 0 5 2 0 0
2048 0 5 2 0 0
2049 0 5 2 0 0
2050 0 5 2 0 0
2051 0 5 2 0 0
2052 0 5 2 0 0
2053 0 5 2 0 0
2054 0 5 2 0 0
2055 0 5 2 0 0
2056 0 5 2 0 0
2057 0 5 2 0 0
2058 0 5 2 0 0
2059 0 5 2 0 0
2060 0 5 2 0 0
2061 0 5 2 0 0
2062 0 5 2 0 0
2063 0 5 2 0 0
2064 0 5 2 0 0
2065 0 5 2 0 0
2066 0 5 2 0 0
2067 0 5 2 0 0
2068 0 5 2 0 0
2069 0 5 2 0 0
2070 0 5 2 0 0
2071 0 5 2 0 0
2072 0 5 2 0 0
2073 0 5 2 0 0
2074 0 5 2 0 0
2075 0 5 2 0 0
2076 0 5 2 0 0
2077 0 5 2 0 0
2078 0 5 2 0 0
2079 0 5 2 0 0
2080 0 5 2 0 1
2081 0 5 2 0 1
2082 0 5 2 0 1
2083 0 5 2 0 1
2084 0 5 2 0 1
2085 0 5 2 0 1
2086 0 5 2 0 1
2087 0 5 2 0 1
2088 0 5 2 0 1
2089 0 5 2 0 1
2090 0 0 2 0 1
2091 0 0 2 0 1
2092 0 0 2 0 1
2093 0 0 2 0 1
2094 0 0 2 0 1
2095 0 0 2 0 1
2096 0 0 2 0 1
2097 0 0 2 0 1
2098 0 0 2 0 1
2099 0 0 2 0 1
2100 0 0 2 0 1
2101 0 0 2 0 1
2102 0 0 2 0 1
2103 0 0 2 0 1
2104 0 0 2 0 1
2105 0 0 2 0 1
2106 0 0 2 0 1
2107 0 0 2 0 1
2108 0 0 2 0 1
2109 0 0 2 0 1
2110 0 0 2 0 1
2111 0 0 2 0 1
2112 0 0 2 0 1
2113 0 0 2 0 1
2114 0 0 2 0 1
2115 0 0 2 0 1
2116 0 0 2 0 1
2117 0 0 2 0 1
2118 0 0 2 0 1
2119 0 0 2 0 1
2120 0 0 2 0 1
2121 0 0 2 0 1
2122 0 0 2 0 1
2123 0 0 2 0 1
2124 0 0 2 0 1
2125 0 0 2 0 1
2126 0 0 2 0 1
2127 0 0 2 0 1
2128 0 0 2 0 1
2129 0 0 2 0 1
2130 0 0 2 0 1
2131 0 0 2 0 1
2132 0 0 2 0 1
2133 0 0 2 0 1
2134 0 0 2 0 1
2135 0 0 2 0 1
2136 0 0 2 0 1
2137 0 0 2 0 1
2138 0 0 2 0 1
2139 0 0 2 0 1
2140 0 0 2 0 2
2141 0 0 2 0 2
2142 0 0 2 0 2
2143 0 0 2 0 2
2144 0 0 2 0 2
2145 0 0 2 0 2
2146 0 0 2 0 2
2147 0 0 2 0 2
2148 0 0 2 0 2
2149 0 0 2 0 2
2150 0 0 2 0 2
2151 0 0 2 0 2
2152 0 0 2 0 2
2153 0 0 2 0 2
2154 0 0 2 0 2
2155 0 0 2 0 2
2156 0 0 2 0 2
2157 0 0 2 0 2
2158 0 0 2 0 2
2159 0 0 2 0 2
2160 0 0 2 0 2
2161 0 0 2 0 2
2162 0 0 2 0 2
2163 0 0 2 0 2
2164 0 0 2 0 2
2165 0 0 2 0 2
2166 0 0 2 0 2
2167 0 0 2 0 2
2168 0 0 2 0 2
2169 0 0 2 0 2
2170 0 0 2 0 2
2171 0 0 2 0 2
2172 0 0 2 0 2
2173 0 0 2 0 2
2174 0 0 2 0 2
2175 0 0 2 0 2
2176 0 0 2 0 2
2177 0 0 2 0 2
2178 0 0 2 0 2
2179 0 0 2 0 2
2180 0 0 2 0 2
2181 0 0 2 0 2
2182 0 0 2 0 2
2183 0 0 2 0 2
2184 0 0 2 0 2
2185 0 0 2 0 2
2186 0 0 2 0 2
2187 0 0 2 0 2
2188 0 0 2 0 2
2189 0 0 2 0 2
2190 0 0 2 0 2
2191 0 0 2 0 2
2192 0 0 2 0 2
2193 0 0 2 0 2
2194 0 0 2 0 2
2195 0 0 2 0 2
2196 0 0 2 0 2
2197 0 0 2 0 2
2198 0 0 2 0 2
2199 0 0 2 0 2
2200 0 0 2 0 2
2201 0 0 2 0 2
2202 0 0 2 0 2
2203 0 0 2 0 2
2204 0 0 2 0 2
2205 0 0 2 0 2
2206 0 0 2 0 2
2207 0 0 2 0 2
2208 0 0 2 0 2
2209 0 0 2 0 2
2210 0 0 2 0 2
2211 0 0 2 0 2
2212 0 0 2 0 2
2213 0 0 2 0 2
2214 0 0 2 0 2
2215 0 0 2 0 2
2216 0 0 2 0 2
2217 0 0 2 0 2
2218 0 0 2 0 2
2219 0 0 2 0 2
2220 0 0 2 0 2
2221 0 0 2 0 2
2222 0 0 2 0 2
2223 0 0 2 0 2
2224 0 0 2 0 2
2225 0 0 2 0 2
2226 0 0 2 0 2
2227 0 0 2 0 2
2228 0 0 2 0 2
2229 0 0 2 0 2
2230 0 0 2 0 2
2231 0 0 2 0 2
2232 0 0 2 0 2
2233 0 0 2 0 2
2234 0 0 2 0 2
2235 0 0 2 0 2
2236 0 0 2 0 2
2237 0 0 2 0 2
2238 0 0 2 0 2
2239 0 0 2 0 2
2240 0 0 2 0 2
2241 0 0 2 0 2
2242 0 0 2 0 2
2243 0 0 2 0 2
2244 0 0 2 0 2
2245 0 0 2 0 2
2246 0 0 2 0 2
2247 0 0 2 0 2
2248 0 0 2 0 2
2249 0 0 2 0 2
2250 0 0 2 0 2
2251 0 0 2 0 2
2252 0 0 2 0 2
2253 0 0 2 0 2
2254 0 0 2 0 2
2255 0 0 2 0 2
2256 0 0 2 0 2
2257 0 0 2 0 2
2258 0 0 2 0 2
2259 0 0 2 0 2
2260 0 0 2 0 2
2261 0 0 2 0 2
2262 0 0 2 0 2
2263 0 0 2 0 2
2264 0 0 2 0 2
2265 0 0 2 0 2
2266 0 0 2 0 2
2267 0 0 2 0 2
2268 0 0 2 0 2
2269 0 0 2 0 2
2270 0 0 2 0 2
2271 0 0 2 0 2
2272 0 0 2 0 2
2273 0 0 2 0 2
2274 0 0 2 0 2
2275 0 0 2 0 2
2276 0 0 2 0 2
2277 0 0 2 0 2
2278 0 0 2 0 2
2279 0 0 2 0 2
2280 0 0 2 0 2
2281 0 0 2 0 2
2282 0 0 2 0 2
2283 0 0 2 0 2
2284 0 0 2 0 2
2285 0 0 2 0 2
2286 0 0 2 0 2
2287 0 0 2 0 2
2288 0 0 2 0 2
2289 0 0 2 0 2
2290 0 0 2 0 2
2291 0 0 2 0 2
2292 0 0 2 0 2
2293 0 0 2 0 2
2294 0 0 2 0 2
2295 0 0 2 0 2
2296 0 0 2 0 2
2297 0 0 2 0 2
2298 0 0 2 0 2
2299 0 0 2 0 2
2300 0 0 2 0 2
2301 0 0 2 0 2
2302 0 0 2 0 2
2303 0 0 2 0 2
2304 0 0 2 0 2
2305 0 0 2 0 2
2306 0 0 2 0 2
2307 0 0 2 0 2
2308 0 0 2 0 2
2309 0 0 2 0 2
2310 0 0 2 0 2
2311 0 0 2 0 2
2312 0 0 2 0 2
2313 0 0 2 0 2
2314 0 0 2 0 2
2315 0 0 2 0 2
2316 0 0 2 0 2
2317 0 0 2 0 2
2318 0 0 2 0 2
2319 0 0 2 0 2
2320 0 0 2 0 2
2321 0 0 2 0 2
2322 0 0 2 0 2
2323 0 0 2 0 2
2324 0 0 2 0 2
2325 0 0 2 0 2
2326 0 0 2 0 2
2327 0 0 2 0 2
2328 0 0 2 0 2
2329 0 0 2 0 2
2330 0 0 2 0 2
2331 0 0 2 0 2
2332 0 0 2 0 2
2333 0 0 2 0 2
2334 0 0 2 0 2
2335 0 0 2 0 2
2336 0 0 2 0 2
2337 0 0 2 0 2
2338 0 0 2 0 2
2339 0 0 2 0 2
2340 0 0 2 0 2
2341 0 2 2 0 2
2342 0 2 2 0 2
2343 0 2 2 0 2
2344 0 2 2 0 2
2345 0 2 2 0 2
2346 0 2 2 0 2
2347 0 2 2 0 2
2348 0 2 2 0 2
2349 0 2 2 0 2
2350 0 2 2 0 2
2351 0 2 2 0 2
2352 0 2 2 0 2
2353 0 2 2 0 2
2354 0 2 2 0 2
2355 0 2 2 0 2
2356 0 0 2 0 2
2357 0 0 2 0 2
2358 0 0 2 0 2
2359 0 0 2 0 2
2360 2 0 2 0 2
2361 2 0 2 0 2
2362 2 0 2 0 2
2363 2 0 2 0 2
2364 2 0 2 0 2
2365 2 0 2 0 2
2366 2 0 2 0 2
2367 2 0 2 0 2
2368 2 0 2 0 2
2369 2 0 2 0 2
2370 2 0 0 0 2
2371 2 0 0 2 2
2372 2 0 0 2 2
2373 2 0 0 2 2
2374 2 0 0 2 2
2375 2 0 0 2 2
2376 2 0 0 2 2
2377 2 0 0 2 2
2378 2 0 0 2 2
2379 2 0 0 2 2
2380 2 0 0 0 2
2381 2 0 0 0 2
2382 2 0 0 0 2
2383 2 0 0 0 2
2384 2 0 0 0 2
2385 2 0 0 0 2
2386 2 0 0 0 2
2387 2 0 0 0 2
2388 2 0 0 0 2
2389 2 0 0 0 2
2390 2 0 0 0 2
2391 2 0 0 0 2
2392 2 0 0 0 2
2393 2 0 0 0 2
2394 2 0 0 0 2
2395 2 0 0 0 2
2396 2 0 0 0 2
2397 2 0 0 0 2
2398 2 0 0 0 2
2399 2 0 0 0 2
2400 2 0 0 0 2
2401 2 0 0 0 2
2402 2 0 0 0 2
2403 2 0 0 0 2
2404 2 0 0 0 2
2405 2 0 0 0 2
2406 2 0 0 0 2
2407 2 0 0 0 2
2408 2 0 0 0 2
2409 2 0 0 0 2
2410 2 0 0 0 2
2411 2 0 0 0 2
2412 2 0 0 0 2
2413 2 0 0 0 2
2414 2 0 0 0 2
2415 2 0 0 0 2
2416 2 0 0 0 2
2417 2 0 0 0 2
2418 2 0 0 0 2
2419 2 0 0 0 2
2420 2 0 0 0 2
2421 2 0 0 0 2
2422 2 0 0 0 2
2423 2 0 0 0 2
2424 2 0 0 0 2
2425 2 0 0 0 2
2426 2 0 0 0 2
2427 2 0 0 0 2
2428 2 0 0 0 2
2429 2 0 0 0 2
2430 2 0 0 0 2
2431 2 0 0 0 2
2432 2 0 0 0 2
2433 2 0 0 0 2
2434 2 0 0 0 2
2435 2 0 0 0 2
2436 2 0 0 0 2
2437 2 0 0 0 2
2438 2 0 0 0 2
2439 2 0 0 0 2
2440 2 0 0 0 2
2441 2 0 0 0 2
2442 2 0 0 0 2
2443 2 0 0 0 2
2444 2 0 0 0 2
2445 2 0 0 0 2
2446 2 0 0 0 2
2447 2 0 0 0 2
2448 2 0 0 0 2
2449 2 0 0 0 2
2450 2 0 0 0 2
2451 2 0 0 0 2
2452 2 0 0 0 2
2453 2 0 0 0 2
2454 2 0 0 0 2
2455 2 0 0 0 2
2456 2 0 0 0 2
2457 2 0 0 0 2
2458 2 0 0 0 2
2459 2 0 0 0 2
2460 2 0 0 0 2
2461 2 0 0 0 2
2462 2 0 0 0 2
2463 2 0 0 0 2
2464 2 0 0 0 2
2465 2 0 0 0 2
2466 2 0 0 0 2
2467 2 0 0 0 2
2468 2 0 0 0 2
2469 2 0 0 0 2
2470 2 0 0 0 0
2471 2 0 0 0 0
2472 2 0 0 0 0
2473 2 0 0 0 0
2474 2 0 0 0 0
2475 2 0 0 0 0
2476 2 0 0 0 0
2477 2 0 0 0 0
2478 2 0 0 0 0
2479 2 0 0 0 0
2480 2 0 0 0 0
2481 2 0 0 0 0
2482 2 0 0 0 0
2483 2 0 0 0 0
2484 2 0 0 0 0
2485 2 0 0 0 0
2486 2 0 0 0 0
2487 2 0 0 0 0
2488 2 0 0 0 0
2489 2 0 0 0 0
2490 2 0 0 0 0
2491 2 0 0 0 0
2492 2 0 0 0 0
2493 2 0 0 0 0
2494 2 0 0 0 0
2495 2 0 0 0 0
2496 2 0 0 0 0
2497 2 0 0 0 0
2498 2 0 0 0 0
2499 2 0 0 0 0
2500 2 0 0 0 0
2501 2 0 0 0 0
2502 2 0 0 0 0
2503 2 0 0 0 0
2504 2 0 0 0 0
2505 2 0 0 0 0
2506 2 0 0 0 0
2507 2 0 0 0 0
2508 2 0 0 0 0
2509 2 0 0 0 0
2510 2 0 0 0 0
2511 2 0 0 0 0
2512 2 0 0 0 0
2513 2 0 0 0 0
2514 2 0 0 0 0
2515 2 0 0 0 0
2516 2 0 0 0 0
2517 2 0 0 0 0
2518 2 0 0 0 0
2519 2 0 0 0 0
2520 2 0 0 0 0
2521 2 0 0 0 0
2522 2 0 0 0 0
2523 2 0 0 0 0
2524 2 0 0 0 0
2525 2 0 0 0 0
2526 2 0 0 0 0
2527 2 0 0 0 0
2528 2 0 0 0 0
2529 2 0 0 0 0
2530 2 0 0 0 0
2531 2 0 0 0 0
2532 2 0 0 0 0
2533 2 0 0 0 0
2534 2 0 0 0 0
2535 2 0 0 0 0
2536 2 0 0 0 0
2537 2 0 0 0 0
2538 2 0 0 0 0
2539 2 0 0 0 0
2540 2 0 0 0 0
2541 2 0 0 0 0
2542 2 0 0 0 0
2543 2 0 0 0 0
2544 2 0 0 0 0
2545 2 0 0 0 0
2546 2 0 0 0 0
2547 2 0 0 0 0
2548 2 0 0 0 0
2549 2 0 0 0 0
2550 2 0 0 2 0
2551 2 0 0 2 0
2552 2 0 0 2 0
2553 2 0 0 2 0
2554 2 0 0 2 0
2555 2 0 0 2 0
2556 2 0 0 2 0
2557 2 0 0 2 0
2558 2 0 0 2 0
2559 2 0 0 2 0
2560 2 0 0 2 0
2561 2 0 0 2 0
2562 2 0 0 2 0
2563 2 0 0 2 0
2564 2 0 0 2 0
2565 2 0 0 2 0
2566 2 0 0 2 0
2567 2 0 0 2 0
2568 2 0 0 2 0
2569 2 0 0 2 0
2570 2 0 0 2 0
2571 2 0 0 2 0
2572 2 0 0 2 0
2573 2 0 0 2 0
2574 2 0 0 2 0
2575 2 0 0 2 0
2576 2 0 0 2 0
2577 2 0 0 2 0
2578 2 0 0 2 0
2579 2 0 0 2 0
2580 2 0 0 2 0
2581 2 0 0 2 0
2582 2 0 0 2 0
2583 2 0 0 2 0
2584 2 0 0 2 0
2585 2 0 0 2 0
2586 2 0 0 2 0
2587 2 0 0 2 0
2588 2 0 0 2 0
2589 2 0 0 2 0
2590 2 0 0 2 0
2591 2 0 0 2 0
2592 2 0 0 2 0
2593 2 0 0 2 0
2594 2 0 0 2 0
2595 2 0 0 2 0
2596 2 0 0 2 0
2597 2 0 0 2 0
2598 2 0 0 2 0
2599 2 0 0 2 0
2600 2 0 0 2 0
2601 2 0 0 2 0
2602 2 0 0 2 0
2603 2 0 0 2 0
2604 2 0 0 2 0
2605 2 0 0 2 0
2606 2 0 0 2 0
2607 2 0 0 2 0
2608 2 0 0 2 0
2609 2 0 0 2 0
2610 2 0 0 2 0
2611 2 0 0 2 0
2612 2 0 0 2 0
2613 2 0 0 2 0
2614 2 0 0 2 0
2615 2 0 0 2 0
2616 2 0 0 2 0
2617 2 0 0 2 0
2618 2 0 0 2 0
2619 2 0 0 2 0
2620 2 0 0 2 0
2621 2 0 0 2 0
2622 2 0 0 2 0
2623 2 0 0 2 0
2624 2 0 0 2 0
2625 2 0 0 2 0
2626 2 0 0 2 0
2627 2 0 0 2 0
2628 2 0 0 2 0
2629 2 0 0 2 0
2630 2 0 0 2 0
2631 2 0 0 2 0
2632 2 0 0 2 0
2633 2 0 0 2 0
2634 2 0 0 2 0
2635 2 0 0 2 0
2636 2 0 0 2 0
2637 2 0 0 2 0
2638 2 0 0 2 0
2639 2 0 0 2 0
2640 2 0 0 2 0
2641 2 0 0 2 0
2642 2 0 0 2 0
2643 2 0 0 2 0
2644 2 0 0 2 0
2645 2 0 0 2 0
2646 2 0 0 2 0
2647 2 0 0 2 0
2648 2 0 0 2 0
2649 2 0 0 2 0
2650 2 0 0 2 0
2651 2 0 0 2 0
2652 2 0 0 2 0
2653 2 0 0 2 0
2654 2 0 0 2 0
2655 2 0 0 2 0
2656 2 0 0 0 0
2657 2 0 0 0 0
2658 2 0 0 0 0
2659 2 0 0 0 0
2660 2 0 0 0 0
2661 2 0 0 0 0
2662 2 0 0 0 0
2663 2 0 0 0 0
2664 2 0 0 0 0
2665 2 0 0 0 0
2666 2 0 0 0 0
2667 2 0 0 0 0
2668 2 0 0 0 0
2669 2 0 0 0 0
2670 2 0 0 0 0
2671 2 0 0 0 0
2672 2 0 0 0 0
2673 2 0 0 0 0
2674 2 0 0 0 0
2675 2 0 0 0 0
2676 2 0 0 0 0
2677 2 0 0 0 0
2678 2 0 0 0 0
2679 2 0 0 0 0
2680 2 0 0 0 0
2681 2 0 0 0 0
2682 2 0 0 0 0
2683 2 0 0 0 0
2684 2 0 0 0 0
2685 2 0 0 0 0
2686 2 0 0 0 0
2687 2 0 0 0 0
2688 2 0 0 0 0
2689 2 0 0 0 0
2690 2 0 0 0 0
2691 2 0 0 0 0
2692 2 0 0 0 0
2693 2 0 0 0 0
2694 2 0 0 0 0
2695 2 0 0 0 0
2696 2 0 0 0 0
2697 2 0 0 0 0
2698 2 0 0 0 0
2699 2 0 0 0 0
2700 2 0 2 0 0
2701 2 0 2 0 0
2702 2 0 2 0 0
2703 2 0 2 0 0
2704 2 0 2 0 0
2705 2 0 2 0 0
2706 2 0 2 0 0
2707 2 0 2 0 0
2708 2 0 2 0 0
2709 2 0 2 0 0
2710 2 0 2 0 0
2711 2 0 2 0 0
2712 2 0 2 0 0
2713 2 0 2 0 0
2714 2 0 2 0 0
2715 2 0 2 0 0
2716 2 0 2 0 0
2717 2 0 2 0 0
2718 2 0 2 0 0
2719 2 0 2 0 0
2720 0 0 2 0 0
2721 0 0 2 0 0
2722 0 0 2 0 0
2723 0 0 2 0 0
2724 0 0 2 0 0
2725 0 0 2 0 0
2726 0 0 2 0 0
2727 0 0 2 0 0
2728 0 0 2 0 0
2729 0 0 2 0 0
2730 0 0 2 0 0
2731 0 0 2 0 0
2732 0 0 2 0 0
2733 0 0 2 0 0
2734 0 0 2 0 0
2735 0 0 2 0 0
2736 0 0 2 0 0
2737 0 0 2 0 0
2738 0 0 2 0 0
2739 0 0 2 0 0
2740 0 0 2 0 0
2741 0 0 2 0 0
2742 0 0 2 0 0
2743 0 0 2 0 0
2744 0 0 2 0 0
2745 0 0 2 0 0
2746 0 0 2 0 0
2747 0 0 2 0 0
2748 0 0 2 0 0
2749 0 0 2 0 0
2750 0 0 2 0 0
2751 0 0 2 0 0
2752 0 0 2 0 0
2753 0 0 2 0 0
2754 0 0 2 0 0
2755 0 0 2 0 0
2756 0 0 2 0 0
2757 0 0 2 0 0
2758 0 0 2 0 0
2759 0 0 2 0 0
2760 0 0 2 0 0
2761 0 0 2 0 0
2762 0 0 2 0 0
2763 0 0 2 0 0
2764 0 0 2 0 0
2765 0 0 2 0 0
2766 0 0 2 0 0
2767 0 0 2 0 0
2768 0 0 2 0 0
2769 0 0 2 0 0
2770 0 0 2 0 0
2771 0 0 2 0 0
2772 0 0 2 0 0
2773 0 0 2 0 0
2774 0 0 2 0 0
2775 0 0 2 0 0
2776 0 0 2 0 0
2777 0 0 2 0 0
2778 0 0 2 0 0
2779 0 0 2 0 0
2780 0 0 2 0 1
2781 0 0 2 0 1
2782 0 0 2 0 1
2783 0 0 2 0 1
2784 0 0 2 0 1
2785 0 0 2 0 1
2786 0 0 2 0 1
2787 0 0 2 0 1
2788 0 0 2 0 1
2789 0 0 2 0 1
2790 0 0 2 0 1
2791 0 0 2 0 1
2792 0 0 2 0 1
2793 0 0 2 0 1
2794 0 0 2 0 1
2795 0 0 2 0 1
2796 0 0 2 0 1
2797 0 0 2 0 1
2798 0 0 2 0 1
2799 0 0 2 0 1
2800 0 0 2 0 1
2801 0 0 2 0 1
2802 0 0 2 0 1
2803 0 0 2 0 1
2804 0 0 2 0 1
2805 0 0 2 0 1
2806 0 0 2 0 1
2807 0 0 2 0 1
2808 0 0 2 0 1
2809 0 0 2 0 1
2810 0 0 2 0 1
2811 0 0 2 0 1
2812 0 0 2 0 1
2813 0 0 2 0 1
2814 0 0 2 0 1
2815 0 0 2 0 1
2816 0 0 2 0 1
2817 0 0 2 0 1
2818 0 0 2 0 1
2819 0 0 2 0 1
2820 0 0 2 0 1
2821 0 0 2 0 1
2822 0 0 2 0 1
2823 0 0 2 0 1
2824 0 0 2 0 1
2825 0 0 2 0 1
2826 0 0 2 0 1
2827 0 0 2 0 1
2828 0 0 2 0 1
2829 0 0 2 0 1
2830 0 0 2 0 1
2831 0 0 2 0 1
2832 0 0 2 0 1
2833 0 0 2 0 1
2834 0 0 2 0 1
2835 0 0 2 0 1
2836 0 0 2 0 1
2837 0 0 2 0 1
2838 0 0 2 0 1
2839 0 0 2 0 1
2840 0 0 2 0 1
2841 0 0 2 0 1
2842 0 0 2 0 1
2843 0 0 2 0 1
2844 0 0 2 0 1
2845 0 0 2 0 1
2846 0 0 2 0 1
2847 0 0 2 0 1
2848 0 0 2 0 1
2849 0 0 2 0 1
2850 0 0 2 0 2
2851 0 0 2 0 2
2852 0 0 2 0 2
2853 0 0 2 0 2
2854 0 0 2 0 2
2855 0 0 2 0 2
2856 0 0 2 0 2
2857 0 0 2 0 2
2858 0 0 2 0 2
2859 0 0 2 0 2
2860 0 0 2 0 2
2861 0 0 2 0 2
2862 0 0 2 0 2
2863 0 0 2 0 2
2864 0 0 2 0 2
2865 0 0 2 0 2
2866 0 0 2 0 2
2867 0 0 2 0 2
2868 0 0 2 0 2
2869 0 0 2 0 2
2870 0 0 2 0 2
2871 0 0 2 0 2
2872 0 0 2 0 2
2873 0 0 2 0 2
2874 0 0 2 0 2
2875 0 0 2 0 2
2876 0 0 2 0 2
2877 0 0 2 0 2
2878 0 0 2 0 2
2879 0 0 2 0 2
2880 0 0 2 0 2
2881 0 0 2 0 2
2882 0 0 2 0 2
2883 0 0 2 0 2
2884 0 0 2 0 2
2885 0 0 2 0 2
2886 0 0 2 0 2
2887 0 0 2 0 2
2888 0 0 2 0 2
2889 0 0 2 0 2
2890 0 0 2 0 2
2891 0 0 2 0 2
2892 0 0 2 0 2
2893 0 0 2 0 2
2894 0 0 2 0 2
2895 0 0 2 0 2
2896 0 0 2 0 2
2897 0 0 2 0 2
2898 0 0 2 0 2
2899 0 0 2 0 2
2900 0 0 2 0 2
2901 0 0 2 0 2
2902 0 0 2 0 2
2903 0 0 2 0 2
2904 0 0 2 0 2
2905 0 0 2 0 2
2906 0 0 2 0 2
2907 0 0 2 0 2
2908 0 0 2 0 2
2909 0 0 2 0 2
2910 0 0 2 0 2
2911 0 0 2 0 2
2912 0 0 2 0 2
2913 0 0 2 0 2
2914 0 0 2 0 2
2915 0 0 2 0 2
2916 0 0 2 0 2
2917 0 0 2 0 2
2918 0 0 2 0 2
2919 0 0 2 0 2
2920 2 0 2 0 2
2921 2 0 2 0 2
2922 2 0 2 0 2
2923 2 0 2 0 2
2924 2 0 2 0 2
2925 2 0 2 0 2
2926 2 0 2 0 2
2927 2 0 2 0 2
2928 2 0 2 0 2
2929 2 0 2 0 2
2930 2 0 2 0 2
2931 2 0 2 0 2
2932 2 0 2 0 2
2933 2 0 2 0 2
2934 2 0 2 0 2
2935 2 0 2 0 2
2936 2 0 2 0 2
2937 2 0 2 0 2
2938 2 0 2 0 2
2939 2 0 2 0 2
2940 2 0 2 0 2
2941 2 0 2 0 2
2942 2 0 2 0 2
2943 2 0 2 0 2
2944 2 0 2 0 2
2945 2 0 2 0 2
2946 2 0 2 0 2
2947 2 0 2 0 2
2948 2 0 2 0 2
2949 2 0 2 0 2
2950 2 0 0 0 2
2951 2 0 0 0 2
2952 2 0 0 0 2
2953 2 0 0 0 2
2954 2 0 0 0 2
2955 2 0 0 0 2
2956 2 0 0 0 2
2957 2 0 0 0 2
2958 2 0 0 0 2
2959 2 0 0 0 2
2960 2 0 0 0 2
2961 2 0 0 0 2
2962 2 0 0 0 2
2963 2 0 0 0 2
2964 2 0 0 0 2
2965 2 0 0 0 2
2966 2 0 0 0 2
2967 2 0 0 0 2
2968 2 0 0 0 2
2969 2 0 0 0 2
2970 2 0 0 0 2
2971 2 0 0 0 2
2972 2 0 0 0 2
2973 2 0 0 0 2
2974 2 0 0 0 2
2975 2 0 0 0 2
2976 2 0 0 0 2
2977 2 0 0 0 2
2978 2 0 0 0 2
2979 2 0 0 0 2
2980 2 0 0 0 2
2981 2 0 0 0 2
2982 2 0 0 0 2
2983 2 0 0 0 2
2984 2 0 0 0 2
2985 2 0 0 0 2
2986 2 0 0 0 2
2987 2 0 0 0 2
2988 2 0 0 0 2
2989 2 0 0 0 2
2990 2 0 0 0 2
2991 2 0 0 0 2
2992 2 0 0 0 2
2993 2 0 0 0 2
2994 2 0 0 0 2
2995 2 0 0 0 2
2996 2 0 0 0 2
2997 2 0 0 0 2
2998 2 0 0 0 2
2999 2 0 0 0 2
3000 2 0 0 0 2
3001 2 0 0 0 2
3002 2 0 0 0 2
3003 2 0 0 0 2
3004 2 0 0 0 2
3005 2 0 0 0 2
3006 2 0 0 0 2
3007 2 0 0 0 2
3008 2 0 0 0 2
3009 2 0 0 0 2
3010 2 0 0 0 2
3011 2 0 0 0 2
3012 2 0 0 0 2
3013 2 0 0 0 2
3014 2 0 0 0 2
3015 2 0 0 0 2
3016 2 0 0 0 2
3017 2 0 0 0 2
3018 2 0 0 0 2
3019 2 0 0 0 2
3020 2 0 0 0 0
3021 2 0 0 0 0
3022 2 0 0 0 0
3023 2 0 0 0 0
3024 2 0 0 0 0
3025 2 0 0 0 0
3026 2 0 0 0 0
3027 2 0 0 0 0
3028 2 0 0 0 0
3029 2 0 0 0 0
3030 2 0 0 0 0
3031 2 0 0 0 0
3032 2 0 0 0 0
3033 2 0 0 0 0
3034 2 0 0 0 0
3035 2 0 0 0 0
3036 2 0 0 0 0
3037 2 0 0 0 0
3038 2 0 0 0 0
3039 2 0 0 0 0
3040 2 0 0 0 0
3041 2 0 0 0 0
3042 2 0 0 0 0
3043 2 0 0 0 0
3044 2 0 0 0 0
3045 2 0 0 0 0
3046 2 0 0 0 0
3047 2 0 0 0 0
3048 2 0 0 0 0
3049 2 0 0 0 0
3050 2 0 0 0 0
3051 2 0 0 0 0
3052 2 0 0 0 0
3053 2 0 0 0 0
3054 2 0 0 0 0
