0 0 0 0 0 0
1 0 0 0 0 0
2 0 0 0 0 0
3 0 0 0 0 0
4 0 0 0 0 0
5 0 0 0 0 0
6 0 0 0 0 0
7 0 0 0 0 0
8 0 0 0 0 0
9 0 0 0 0 0
10 0 0 0 0 0
11 0 0 0 0 0
12 0 0 0 0 0
13 0 0 0 0 0
14 0 0 0 0 0
15 0 0 0 0 0
16 0 0 0 0 0
17 0 0 0 0 0
18 0 0 0 0 0
19 0 0 0 0 0
20 0 0 0 0 0
21 0 0 0 0 0
22 0 0 0 0 0
23 0 0 0 0 0
24 0 0 0 0 0
25 0 0 0 0 0
26 0 0 0 0 0
27 0 0 0 0 0
28 0 0 0 0 0
29 0 0 0 0 0
30 0 0 0 0 0
31 0 0 0 0 0
32 0 0 0 0 0
33 0 0 0 0 0
34 0 0 0 0 0
35 0 0 0 0 0
36 0 0 0 0 0
37 0 0 0 0 0
38 0 0 0 0 0
39 0 0 0 0 0
40 0 0 0 0 0
41 0 0 0 0 0
42 0 0 0 0 0
43 0 0 0 0 0
44 0 0 0 0 0
45 0 0 0 0 0
46 0 0 0 0 0
47 0 0 0 0 0
48 0 0 0 0 0
49 0 0 0 0 0
50 0 0 0 0 0
51 0 0 0 0 0
52 0 0 0 0 0
53 0 0 0 0 0
54 0 0 0 0 0
55 0 0 0 0 0
56 0 0 0 0 0
57 0 0 0 0 0
58 0 0 0 0 0
59 0 0 0 0 0
60 0 0 0 0 0
61 0 0 0 0 0
62 0 0 0 0 0
63 0 0 0 0 0
64 0 0 0 0 0
65 0 0 0 0 0
66 0 0 0 0 0
67 0 0 0 0 0
68 0 0 0 0 0
69 0 0 0 0 0
70 0 0 0 0 0
71 0 0 0 0 0
72 0 0 0 0 0
73 0 0 0 0 0
74 0 0 0 0 0
75 0 0 0 0 0
76 0 0 0 0 0
77 0 0 0 0 0
78 0 0 0 0 0
79 0 0 0 0 0
80 0 0 0 2 0
81 0 0 0 2 0
82 0 0 0 2 0
83 0 0 0 2 0
84 0 0 0 2 0
85 0 0 0 2 0
86 0 0 0 2 0
87 0 0 0 2 0
88 0 0 0 2 0
89 0 0 0 2 0
90 0 0 2 0 0
91 0 0 2 0 0
92 0 0 2 0 0
93 0 0 2 0 0
94 0 0 2 0 0
95 0 0 2 0 0
96 0 0 2 0 0
97 0 0 2 0 0
98 0 0 2 0 0
99 0 0 2 0 0
100 0 0 2 0 0
101 0 0 2 0 0
102 0 0 2 0 0
103 0 0 2 0 0
104 0 0 2 0 0
105 0 0 2 0 0
106 0 0 2 0 0
107 0 0 2 0 0
108 0 0 2 0 0
109 0 0 2 0 0
110 0 0 2 0 0
111 0 0 2 0 0
112 0 0 2 0 0
113 0 0 2 0 0
114 0 0 2 0 0
115 0 0 2 0 0
116 0 0 2 0 0
117 0 0 2 0 0
118 0 0 2 0 0
119 0 0 2 0 0
120 0 0 2 0 0
121 0 0 2 0 0
122 0 0 2 0 0
123 0 0 2 0 0
124 0 0 2 0 0
125 0 0 2 0 0
126 0 0 2 0 0
127 0 0 2 0 0
128 0 0 2 0 0
129 0 0 2 0 0
130 0 0 2 0 0
131 0 0 2 0 0
132 0 0 2 0 0
133 0 0 2 0 0
134 0 0 2 0 0
135 0 0 2 0 0
136 0 0 2 0 0
137 0 0 2 0 0
138 0 0 2 0 0
139 0 0 2 0 0
140 0 0 2 0 0
141 0 0 2 0 0
142 0 0 2 0 0
143 0 0 2 0 0
144 0 0 2 0 0
145 0 0 2 0 0
146 0 0 2 0 0
147 0 0 2 0 0
148 0 0 2 0 0
149 0 0 2 0 0
150 0 0 2 0 0
151 0 0 2 0 0
152 0 0 2 0 0
153 0 0 2 0 0
154 0 0 2 0 0
155 0 0 2 0 0
156 0 0 2 0 0
157 0 0 2 0 0
158 0 0 2 0 0
159 0 0 2 0 0
160 0 0 2 0 0
161 0 0 2 0 0
162 0 0 2 0 0
163 0 0 2 0 0
164 0 0 2 0 0
165 0 0 2 0 0
166 0 0 2 0 0
167 0 0 2 0 0
168 0 0 2 0 0
169 0 0 2 0 0
170 0 0 2 0 0
171 0 0 2 0 0
172 0 0 2 0 0
173 0 0 2 0 0
174 0 0 2 0 0
175 0 0 2 0 0
176 0 0 2 0 0
177 0 0 2 0 0
178 0 0 2 0 0
179 0 0 2 0 0
180 2 0 2 0 0
181 2 0 2 0 0
182 2 0 2 0 0
183 2 0 2 0 0
184 2 0 2 0 0
185 2 0 2 0 0
186 2 0 2 0 0
187 2 0 2 0 0
188 2 0 2 0 0
189 2 0 2 0 0
190 2 0 0 0 0
191 2 0 0 0 0
192 2 0 0 0 0
193 2 0 0 0 0
194 2 0 0 0 0
195 2 0 0 0 0
196 2 0 0 0 0
197 2 0 0 0 0
198 2 0 0 0 0
199 2 0 0 0 0
200 2 0 0 0 0
201 2 0 0 0 0
202 2 0 0 0 0
203 2 0 0 0 0
204 2 0 0 0 0
205 2 0 0 0 0
206 2 0 0 0 0
207 2 0 0 0 0
208 2 0 0 0 0
209 2 0 0 0 0
210 2 0 0 0 0
211 2 0 0 0 0
212 2 0 0 0 0
213 2 0 0 0 0
214 2 0 0 0 0
215 2 0 0 0 0
216 2 0 0 0 0
217 2 0 0 0 0
218 2 0 0 0 0
219 2 0 0 0 0
220 2 0 0 0 0
221 2 0 0 0 0
222 2 0 0 0 0
223 2 0 0 0 0
224 2 0 0 0 0
225 2 0 0 0 0
226 2 0 0 0 0
227 2 0 0 0 0
228 2 0 0 0 0
229 2 0 0 0 0
230 2 0 0 0 0
231 2 0 0 0 0
232 2 0 0 0 0
233 2 0 0 0 0
234 2 0 0 0 0
235 2 0 0 0 0
236 2 0 0 0 0
237 2 0 0 0 0
238 2 0 0 0 0
239 2 0 0 0 0
240 2 0 0 0 0
241 2 0 0 0 0
242 2 0 0 0 0
243 2 0 0 0 0
244 2 0 0 0 0
245 2 0 0 0 0
246 2 0 0 0 0
247 2 0 0 0 0
248 2 0 0 0 0
249 2 0 0 0 0
250 2 0 0 0 0
251 2 0 0 0 0
252 2 0 0 0 0
253 2 0 0 0 0
254 2 0 0 0 0
255 2 0 0 0 0
256 2 0 0 0 0
257 2 0 0 0 0
258 2 0 0 0 0
259 2 0 0 0 0
260 2 0 0 0 0
261 2 0 0 0 0
262 2 0 0 0 0
263 2 0 0 0 0
264 2 0 0 0 0
265 2 0 0 0 0
266 2 0 0 0 0
267 2 0 0 0 0
268 2 0 0 0 0
269 2 0 0 0 0
270 2 0 0 0 0
271 2 0 0 0 0
272 2 0 0 0 0
273 2 0 0 0 0
274 2 0 0 0 0
275 2 0 0 0 0
276 2 0 0 0 0
277 2 0 0 0 0
278 2 0 0 0 0
279 2 0 0 0 0
280 2 0 0 0 0
281 2 0 0 0 0
282 2 0 0 0 0
283 2 0 0 0 0
284 2 0 0 0 0
285 2 0 0 0 0
286 2 0 0 0 0
287 2 0 0 0 0
288 2 0 0 0 0
289 2 0 0 0 0
290 2 0 0 2 0
291 2 0 0 2 0
292 2 0 0 2 0
293 2 0 0 2 0
294 2 0 0 2 0
295 2 0 0 2 0
296 2 0 0 2 0
297 2 0 0 0 0
298 2 0 0 0 0
299 2 0 0 0 0
300 2 0 2 0 0
301 2 0 2 0 0
302 2 0 2 0 0
303 2 0 2 0 0
304 2 0 2 0 0
305 2 0 2 0 0
306 2 0 2 0 0
307 2 0 2 0 0
308 2 0 2 0 0
309 2 0 2 0 0
310 0 0 2 0 0
311 0 0 2 0 0
312 0 0 2 0 0
313 0 0 2 0 0
314 0 0 2 0 0
315 0 0 2 0 0
316 0 0 2 0 0
317 0 0 2 0 0
318 0 0 2 0 0
319 0 0 2 0 0
320 0 0 2 0 0
321 0 0 2 0 0
322 0 0 2 0 0
323 0 0 2 0 0
324 0 0 2 0 0
325 0 0 2 0 0
326 0 0 2 0 0
327 0 0 2 0 0
328 0 0 2 0 0
329 0 0 2 0 0
330 0 0 2 0 0
331 0 0 2 0 0
332 0 0 2 0 0
333 0 0 2 0 0
334 0 0 2 0 0
335 0 0 2 0 0
336 0 0 2 0 0
337 0 0 2 0 0
338 0 0 2 0 0
339 0 0 2 0 0
340 0 0 2 0 0
341 0 0 2 0 0
342 0 0 2 0 0
343 0 0 2 0 0
344 0 0 2 0 0
345 0 0 2 0 0
346 0 0 2 0 0
347 0 0 2 0 0
348 0 0 2 0 0
349 0 0 2 0 0
350 0 0 2 0 0
351 0 0 2 0 0
352 0 0 2 0 0
353 0 0 2 0 0
354 0 0 2 0 0
355 0 0 2 0 0
356 0 0 2 0 0
357 0 0 2 0 0
358 0 0 2 0 0
359 0 0 2 0 0
360 0 0 2 0 0
361 0 0 2 0 0
362 0 0 2 0 0
363 0 0 2 0 0
364 0 0 2 0 0
365 0 0 2 0 0
366 0 0 2 0 0
367 0 0 2 0 0
368 0 0 2 0 0
369 0 0 2 0 0
370 0 0 2 0 0
371 0 0 2 0 0
372 0 0 2 0 0
373 0 0 2 0 0
374 0 0 2 0 0
375 0 0 2 0 2
376 0 0 2 0 2
377 0 0 2 0 2
378 0 0 2 0 2
379 0 0 2 0 2
380 0 0 2 0 1
381 0 0 2 0 1
382 0 0 2 0 1
383 0 0 2 0 1
384 0 0 2 0 1
385 0 0 2 0 1
386 0 0 2 0 1
387 0 0 2 0 1
388 0 0 2 0 1
389 0 0 2 0 1
390 0 0 2 0 2
391 0 0 2 0 2
392 0 0 2 0 2
393 0 0 2 0 2
394 0 0 2 0 2
395 0 0 2 0 2
396 0 0 2 0 2
397 0 0 2 0 2
398 0 0 2 0 2
399 0 0 2 0 2
400 0 0 2 0 2
401 0 0 2 0 2
402 0 0 2 0 2
403 0 0 2 0 2
404 0 0 2 0 2
405 0 0 2 0 2
406 0 0 2 0 2
407 0 0 2 0 2
408 0 0 2 0 2
409 0 0 2 0 2
410 0 0 2 0 1
411 0 0 2 0 1
412 0 0 2 0 1
413 0 0 2 0 1
414 0 0 2 0 1
415 0 0 2 0 1
416 0 0 2 0 1
417 0 0 2 0 1
418 0 0 2 0 1
419 0 0 2 0 1
420 0 0 2 0 2
421 0 0 2 0 2
422 0 0 2 0 2
423 0 0 2 0 2
424 0 0 2 0 2
425 0 0 2 0 2
426 0 0 2 0 2
427 0 0 2 0 2
428 0 0 2 0 2
429 0 0 2 0 2
430 0 0 2 0 2
431 0 0 2 0 2
432 0 0 2 0 2
433 0 0 2 0 2
434 0 0 2 0 2
435 0 0 2 0 2
436 0 0 2 0 2
437 0 0 2 0 2
438 0 0 2 0 2
439 0 0 2 0 2
440 0 0 2 0 2
441 0 0 2 0 2
442 0 0 2 0 2
443 0 0 2 0 2
444 0 0 2 0 2
445 0 0 2 0 2
446 0 0 2 0 2
447 0 0 2 0 2
448 0 0 2 0 2
449 0 0 2 0 2
450 0 0 2 0 2
451 0 0 2 0 2
452 0 0 2 0 2
453 0 0 2 0 2
454 0 0 2 0 2
455 0 0 2 0 2
456 0 0 2 0 2
457 0 0 2 0 2
458 0 0 2 0 2
459 0 0 2 0 2
460 0 0 2 0 2
461 0 0 2 0 2
462 0 0 2 0 2
463 0 0 2 0 2
464 0 0 2 0 2
465 0 0 2 0 2
466 0 0 2 0 2
467 0 0 2 0 2
468 0 0 2 0 2
469 0 0 2 0 2
470 0 0 2 0 2
471 0 0 2 0 2
472 0 0 2 0 2
473 0 0 2 0 2
474 0 0 2 0 2
475 0 0 2 0 2
476 0 0 2 0 2
477 0 0 2 0 2
478 0 0 2 0 2
479 0 0 2 0 2
480 0 0 2 0 2
481 0 0 2 0 2
482 0 0 2 0 2
483 0 0 2 0 2
484 0 0 2 0 2
485 0 0 2 0 2
486 0 0 2 0 2
487 0 0 2 0 2
488 0 0 2 0 2
489 0 0 2 0 2
490 0 0 2 0 2
491 0 0 2 0 2
492 0 0 2 0 2
493 0 0 2 0 2
494 0 0 2 0 2
495 0 0 2 0 2
496 0 0 2 0 2
497 0 0 2 0 2
498 0 0 2 0 2
499 0 0 2 0 2
500 0 0 2 0 2
501 0 0 2 0 2
502 0 0 2 0 2
503 0 0 2 0 2
504 0 0 2 0 2
505 0 0 2 0 2
506 0 0 2 0 2
507 0 0 2 0 2
508 0 0 2 0 2
509 0 0 2 0 2
510 2 0 2 0 2
511 2 0 2 0 2
512 2 0 2 0 2
513 2 0 2 0 2
514 2 0 2 0 2
515 2 0 2 0 2
516 2 0 2 0 2
517 2 0 2 0 2
518 2 0 2 0 2
519 2 0 2 0 2
520 2 0 2 0 2
521 2 0 2 0 2
522 2 0 2 0 2
523 2 0 2 0 2
524 2 0 2 0 2
525 2 0 2 0 2
526 2 0 2 0 2
527 2 0 2 0 2
528 2 0 2 0 2
529 2 0 2 0 2
530 2 0 0 2 2
531 2 0 0 2 2
532 2 0 0 2 2
533 2 0 0 2 2
534 2 0 0 2 2
535 2 0 0 2 2
536 2 0 0 2 2
537 2 0 0 2 2
538 2 0 0 2 2
539 2 0 0 2 2
540 2 0 0 0 2
541 2 0 0 0 2
542 2 0 0 0 2
543 2 0 0 0 2
544 2 0 0 0 2
545 2 0 0 0 2
546 2 0 0 0 2
547 2 0 0 0 2
548 2 0 0 0 2
549 2 0 0 0 2
550 2 0 0 0 0
551 2 0 0 0 0
552 2 0 0 0 0
553 2 0 0 0 0
554 2 0 0 0 0
555 2 0 0 0 0
556 2 0 0 0 0
557 2 0 0 0 0
558 2 0 0 0 0
559 2 0 0 0 0
560 2 0 0 0 0
561 2 0 0 0 0
562 2 0 0 0 0
563 2 0 0 0 0
564 2 0 0 0 0
565 2 0 0 0 0
566 2 0 0 0 0
567 2 0 0 0 0
568 2 0 0 0 0
569 2 0 0 0 0
570 2 0 0 0 0
571 2 0 0 0 0
572 2 0 0 0 0
573 2 0 0 0 0
574 2 0 0 0 0
575 2 0 0 0 0
576 2 0 0 0 0
577 2 0 0 0 0
578 2 0 0 0 0
579 2 0 0 0 0
580 2 0 0 0 0
581 2 0 0 0 0
582 2 0 0 0 0
583 2 0 0 0 0
584 2 0 0 0 0
585 2 0 0 0 0
586 2 0 0 0 0
587 2 0 0 0 0
588 2 0 0 0 0
589 2 0 0 0 0
590 2 0 0 0 0
591 2 0 0 0 0
592 2 0 0 0 0
593 2 0 0 0 0
594 2 0 0 0 0
595 2 0 0 0 0
596 2 0 0 0 0
597 2 0 0 0 0
598 2 0 0 0 0
599 2 0 0 0 0
600 2 0 0 0 0
601 2 0 0 0 0
602 2 0 0 0 0
603 2 0 0 0 0
604 2 0 0 0 0
605 2 0 0 0 0
606 2 0 0 0 0
607 2 0 0 0 0
608 2 0 0 0 0
609 2 0 0 0 0
610 2 0 0 0 0
611 2 0 0 0 0
612 2 0 0 0 0
613 2 0 0 0 0
614 2 0 0 0 0
615 2 0 0 0 0
616 2 0 0 0 0
617 2 0 0 0 0
618 2 0 0 0 0
619 2 0 0 0 0
620 2 0 0 0 0
621 2 0 0 0 0
622 2 0 0 0 0
623 2 0 0 0 0
624 2 0 0 0 0
625 2 0 0 0 0
626 2 0 0 0 0
627 2 0 0 0 0
628 2 0 0 0 0
629 2 0 0 0 0
630 2 0 0 2 0
631 2 0 0 2 0
632 2 0 0 2 0
633 2 0 0 2 0
634 2 0 0 2 0
635 2 0 0 2 0
636 2 0 0 2 0
637 2 0 0 2 0
638 2 0 0 2 0
639 2 0 0 2 0
640 2 0 0 2 0
641 2 0 0 2 0
642 2 0 0 2 0
643 2 0 0 2 0
644 2 0 0 2 0
645 2 0 0 2 0
646 2 0 0 2 0
647 2 0 0 2 0
648 2 0 0 2 0
649 2 0 0 2 0
650 2 0 0 2 0
651 2 0 0 2 0
652 2 0 0 2 0
653 2 0 0 2 0
654 2 0 0 2 0
655 2 0 0 2 0
656 2 0 0 2 0
657 2 0 0 2 0
658 2 0 0 2 0
659 2 0 0 2 0
660 2 0 2 0 0
661 2 0 2 0 0
662 2 0 2 0 0
663 2 0 2 0 0
664 2 0 2 0 0
665 2 0 2 0 0
666 2 0 2 0 0
667 2 0 2 0 0
668 2 0 2 0 0
669 2 0 2 0 0
670 0 0 2 0 0
671 0 0 2 0 0
672 0 0 2 0 0
673 0 0 2 0 0
674 0 0 2 0 0
675 0 0 2 0 0
676 0 0 2 0 0
677 0 0 2 0 0
678 0 0 2 0 0
679 0 0 2 0 0
680 0 0 2 0 0
681 0 0 2 0 0
682 0 0 2 0 0
683 0 0 2 0 0
684 0 0 2 0 0
685 0 0 2 0 0
686 0 0 2 0 0
687 0 0 2 0 0
688 0 0 2 0 0
689 0 0 2 0 0
690 0 0 2 0 0
691 0 0 2 0 0
692 0 0 2 0 0
693 0 0 2 0 0
694 0 0 2 0 0
695 0 0 2 0 0
696 0 0 2 0 0
697 0 0 2 0 0
698 0 0 2 0 0
699 0 0 2 0 0
700 0 0 2 0 0
701 0 0 2 0 0
702 0 0 2 0 0
703 0 0 2 0 0
704 0 0 2 0 0
705 0 0 2 0 0
706 0 0 2 0 0
707 0 0 2 0 0
708 0 0 2 0 0
709 0 0 2 0 0
710 0 0 2 0 0
711 0 0 2 0 0
712 0 0 2 0 0
713 0 0 2 0 0
714 0 0 2 0 0
715 0 0 2 0 0
716 0 0 2 0 0
717 0 0 2 0 0
718 0 0 2 0 0
719 0 0 2 0 0
720 0 0 2 0 0
721 0 0 2 0 0
722 0 0 2 0 0
723 0 0 2 0 0
724 0 0 2 0 0
725 0 0 2 0 0
726 0 0 2 0 0
727 0 0 2 0 0
728 0 0 2 0 0
729 0 0 2 0 0
730 2 0 2 0 0
731 2 0 2 0 0
732 2 0 2 0 0
733 2 0 2 0 0
734 2 0 2 0 0
735 2 0 2 0 0
736 2 0 2 0 0
737 2 0 2 0 0
738 2 0 2 0 0
739 2 0 2 0 0
740 2 0 0 0 0
741 2 0 0 0 0
742 2 0 0 0 0
743 2 0 0 0 0
744 2 0 0 0 0
745 2 0 0 0 0
746 2 0 0 0 0
747 2 0 0 0 0
748 2 0 0 0 0
749 2 0 0 0 0
750 2 0 0 0 0
751 2 0 0 0 0
752 2 0 0 0 0
753 2 0 0 0 0
754 2 0 0 0 0
755 2 0 0 0 0
756 2 0 0 0 0
757 2 0 0 0 0
758 2 0 0 0 0
759 2 0 0 0 0
760 2 0 0 0 0
761 2 0 0 0 0
762 2 0 0 0 0
763 2 0 0 0 0
764 2 0 0 0 0
765 2 0 0 0 0
766 2 0 0 0 0
767 2 0 0 0 0
768 2 0 0 0 0
769 2 0 0 0 0
770 2 0 0 0 0
771 2 0 0 0 0
772 2 0 0 0 0
773 2 0 0 0 0
774 2 0 0 0 0
775 2 0 0 0 0
776 2 0 0 0 0
777 2 0 0 0 0
778 2 0 0 0 0
779 2 0 0 0 0
780 2 0 2 0 0
781 2 0 2 0 0
782 2 0 2 0 0
783 2 0 2 0 0
784 2 0 2 0 0
785 2 0 2 0 0
786 2 0 2 0 0
787 2 0 2 0 0
788 2 0 2 0 0
789 2 0 2 0 0
790 0 0 2 0 0
791 0 0 2 0 0
792 0 0 2 0 0
793 0 0 2 0 0
794 0 0 2 0 0
795 0 0 2 0 0
796 0 0 2 0 0
797 0 0 2 0 0
798 0 0 2 0 0
799 0 0 2 0 0
800 0 0 2 0 0
801 0 0 2 0 0
802 0 0 2 0 0
803 0 0 2 0 0
804 0 0 2 0 0
805 0 0 2 0 0
806 0 0 2 0 0
807 0 0 2 0 0
808 0 0 2 0 0
809 0 0 2 0 0
810 0 0 2 0 0
811 0 0 2 0 0
812 0 0 2 0 0
813 0 0 2 0 0
814 0 0 2 0 0
815 0 0 2 0 0
816 0 0 2 0 0
817 0 0 2 0 0
818 0 0 2 0 0
819 0 0 2 0 0
820 0 0 2 0 0
821 0 0 2 0 0
822 0 0 2 0 0
823 0 0 2 0 0
824 0 0 2 0 0
825 0 0 2 0 0
826 0 0 2 0 0
827 0 0 2 0 0
828 0 0 2 0 0
829 0 0 2 0 0
830 0 0 2 0 0
831 0 0 2 0 0
832 0 0 2 0 0
833 0 0 2 0 0
834 0 0 2 0 0
835 0 0 2 0 0
836 0 0 2 0 0
837 0 0 2 0 0
838 0 0 2 0 0
839 0 0 2 0 0
840 0 0 2 0 0
841 0 0 2 0 0
842 0 0 2 0 0
843 0 0 2 0 0
844 0 0 2 0 0
845 0 0 2 0 0
846 0 0 2 0 0
847 0 0 2 0 0
848 0 0 2 0 0
849 0 0 2 0 0
850 0 5 2 0 0
851 0 5 2 0 0
852 0 5 2 0 0
853 0 5 2 0 0
854 0 5 2 0 0
855 0 5 2 0 0
856 0 5 2 0 0
857 0 5 2 0 0
858 0 5 2 0 0
859 0 5 2 0 0
860 0 0 2 0 0
861 0 0 2 0 0
862 0 0 2 0 0
863 0 0 2 0 0
864 0 0 2 0 0
865 0 0 2 0 0
866 0 0 2 0 0
867 0 0 2 0 0
868 0 0 2 0 0
869 0 0 2 0 0
870 0 0 2 0 0
871 0 0 2 0 0
872 0 0 2 0 0
873 0 0 2 0 0
874 0 0 2 0 0
875 0 0 2 0 0
876 0 0 2 0 0
877 0 0 2 0 0
878 0 0 2 0 0
879 0 0 2 0 0
880 0 0 2 0 1
881 0 0 2 0 1
882 0 0 2 0 1
883 0 0 2 0 1
884 0 0 2 0 1
885 0 0 2 0 1
886 0 0 2 0 1
887 0 0 2 0 1
888 0 0 2 0 1
889 0 0 2 0 1
890 0 0 2 0 1
891 0 0 2 0 1
892 0 0 2 0 1
893 0 0 2 0 1
894 0 0 2 0 1
895 0 0 2 0 1
896 0 0 2 0 1
897 0 0 2 0 1
898 0 0 2 0 1
899 0 0 2 0 1
900 0 0 2 0 0
901 0 0 2 0 0
902 0 0 2 0 0
903 0 0 2 0 0
904 0 0 2 0 0
905 0 0 2 0 0
906 0 0 2 0 0
907 0 0 2 0 0
908 0 0 2 0 0
909 0 0 2 0 0
910 0 0 2 0 0
911 0 0 2 0 0
912 0 0 2 0 0
913 0 0 2 0 0
914 0 0 2 0 0
915 0 0 2 0 0
916 0 0 2 0 0
917 0 0 2 0 0
918 0 0 2 0 0
919 0 0 2 0 0
920 0 0 2 0 0
921 0 0 2 0 0
922 0 0 2 0 0
923 0 0 2 0 0
924 0 0 2 0 0
925 0 0 2 0 0
926 0 0 2 0 0
927 0 0 2 0 0
928 0 0 2 0 0
929 0 0 2 0 0
930 0 0 2 0 0
931 0 0 2 0 0
932 0 0 2 0 0
933 0 0 2 0 0
934 0 0 2 0 0
935 0 0 2 0 0
936 0 0 2 0 0
937 0 0 2 0 0
938 0 0 2 0 0
939 0 0 2 0 0
940 0 0 2 0 2
941 0 0 2 0 2
942 0 0 2 0 2
943 0 0 2 0 2
944 0 0 2 0 2
945 0 0 2 0 2
946 0 0 2 0 2
947 0 0 2 0 2
948 0 0 2 0 2
949 0 2 2 0 2
950 0 2 2 0 2
951 0 2 2 0 2
952 0 2 2 0 2
953 0 2 2 0 2
954 0 2 2 0 2
955 0 2 2 0 2
956 0 2 2 0 2
957 0 2 2 0 2
958 0 2 2 0 2
959 0 2 2 0 2
960 0 0 2 0 2
961 0 0 2 0 2
962 0 0 2 0 2
963 0 0 2 0 2
964 0 0 2 0 2
965 0 0 2 0 2
966 0 0 2 0 2
967 0 0 2 0 2
968 0 0 2 0 2
969 0 0 2 0 2
970 0 0 2 0 2
971 0 0 2 0 2
972 0 0 2 0 2
973 0 0 2 0 2
974 0 0 2 0 2
975 0 0 2 0 2
976 0 0 2 0 2
977 0 0 2 0 2
978 0 0 2 0 2
979 0 0 2 0 2
980 0 0 2 0 2
981 0 0 2 0 2
982 0 0 2 0 2
983 0 0 2 0 2
984 0 0 2 0 2
985 0 0 2 0 2
986 0 0 2 0 2
987 0 0 2 0 2
988 0 0 2 0 2
989 0 0 2 0 2
990 0 0 2 0 2
991 0 0 2 0 2
992 0 0 2 0 2
993 0 0 2 0 2
994 0 0 2 0 2
995 0 0 2 0 2
996 0 0 2 0 2
997 0 0 2 0 2
998 0 0 2 0 2
999 0 0 2 0 2
1000 0 0 2 0 2
1001 0 0 2 0 2
1002 0 0 2 0 2
1003 0 0 2 0 2
1004 0 0 2 0 2
1005 0 0 2 0 2
1006 0 0 2 0 2
1007 0 0 2 0 2
1008 0 0 2 0 2
1009 0 0 2 0 2
1010 0 0 2 0 2
1011 0 0 2 0 2
1012 0 0 2 0 2
1013 0 0 2 0 2
1014 0 0 2 0 2
1015 0 0 2 0 2
1016 0 0 2 0 2
1017 0 0 2 0 2
1018 0 0 2 0 2
1019 0 0 2 0 2
1020 0 0 2 0 2
1021 0 0 2 0 2
1022 0 0 2 0 2
1023 0 0 2 0 2
1024 0 0 2 0 2
1025 0 0 2 0 2
1026 0 0 2 0 2
1027 0 0 2 0 2
1028 0 0 2 0 2
1029 0 0 2 0 2
1030 0 0 2 0 2
1031 0 0 2 0 2
1032 0 0 2 0 2
1033 0 0 2 0 2
1034 0 0 2 0 2
1035 0 0 2 0 2
1036 0 0 2 0 2
1037 0 2 2 0 2
1038 0 2 2 0 2
1039 0 2 2 0 2
1040 2 0 2 0 2
1041 2 0 2 0 2
1042 2 0 2 0 2
1043 2 0 2 0 2
1044 2 0 2 0 2
1045 2 0 2 0 2
1046 2 0 2 0 2
1047 2 0 2 0 2
1048 2 0 2 0 2
1049 2 0 2 0 2
1050 2 0 0 0 2
1051 2 0 0 0 2
1052 2 0 0 0 2
1053 2 0 0 0 2
1054 2 0 0 0 2
1055 2 0 0 0 2
1056 2 0 0 0 2
1057 2 0 0 0 2
1058 2 0 0 0 2
1059 2 0 0 0 2
1060 2 0 0 0 2
1061 2 0 0 0 2
1062 2 0 0 0 2
1063 2 0 0 0 2
1064 2 0 0 0 2
1065 2 0 0 0 2
1066 2 0 0 0 2
1067 2 0 0 0 2
1068 2 0 0 0 2
1069 2 0 0 0 2
1070 2 0 0 0 2
1071 2 0 0 0 2
1072 2 0 0 0 2
1073 2 0 0 0 2
1074 2 0 0 0 2
1075 2 0 0 0 2
1076 2 0 0 0 2
1077 2 0 0 0 2
1078 2 0 0 0 2
1079 2 0 0 0 2
1080 2 0 0 0 2
1081 2 0 0 0 2
1082 2 0 0 0 2
1083 2 0 0 0 2
1084 2 0 0 0 2
1085 2 0 0 0 2
1086 2 0 0 0 2
1087 2 0 0 0 2
1088 2 0 0 0 2
1089 2 0 0 0 2
1090 2 0 0 0 2
1091 2 0 0 0 2
1092 2 0 0 0 2
1093 2 0 0 0 2
1094 2 0 0 0 2
1095 2 0 0 0 2
1096 2 0 0 0 2
1097 2 0 0 0 2
1098 2 0 0 0 2
1099 2 0 0 0 2
1100 2 0 0 0 2
1101 2 0 0 0 2
1102 2 0 0 0 2
1103 2 0 0 0 2
1104 2 0 0 0 2
1105 2 0 0 0 2
1106 2 0 0 0 2
1107 2 0 0 0 2
1108 2 0 0 0 2
1109 2 0 0 0 2
1110 2 0 0 5 2
1111 2 0 0 5 2
1112 2 0 0 5 2
1113 2 0 0 5 2
1114 2 0 0 5 2
1115 2 0 0 5 2
1116 2 0 0 5 2
1117 2 0 0 5 2
1118 2 0 0 5 2
1119 2 0 0 5 2
1120 2 0 0 5 0
1121 2 0 0 5 0
1122 2 0 0 5 0
1123 2 0 0 5 0
1124 2 0 0 5 0
1125 2 0 0 5 0
1126 2 0 0 5 0
1127 2 0 0 5 0
1128 2 0 0 5 0
1129 2 0 0 5 0
1130 2 0 0 0 0
1131 2 0 0 0 0
1132 2 0 0 0 0
1133 2 0 0 0 0
1134 2 0 0 0 0
1135 2 0 0 0 0
1136 2 0 0 0 0
1137 2 0 0 0 0
1138 2 0 0 0 0
1139 2 0 0 0 0
1140 2 0 0 0 0
1141 2 0 0 0 0
1142 2 0 0 0 0
1143 2 0 0 0 0
1144 2 0 0 0 0
1145 2 0 0 0 0
1146 2 0 0 0 0
1147 2 0 0 0 0
1148 2 0 0 0 0
1149 2 0 0 0 0
1150 2 0 0 0 0
1151 2 0 0 0 0
1152 2 0 0 0 0
1153 2 0 0 0 0
1154 2 0 0 0 0
1155 2 0 0 0 0
1156 2 0 0 0 0
1157 2 0 0 0 0
1158 2 0 0 0 0
1159 2 0 0 0 0
1160 2 0 0 0 0
1161 2 0 0 0 0
1162 2 0 0 0 0
1163 2 0 0 0 0
1164 2 0 0 0 0
1165 2 0 0 0 0
1166 2 0 0 0 0
1167 2 0 0 0 0
1168 2 0 0 0 0
1169 2 0 0 0 0
1170 2 0 0 0 0
1171 2 0 0 0 0
1172 2 0 0 0 0
1173 2 0 0 0 0
1174 2 0 0 0 0
1175 2 0 0 0 0
1176 2 0 0 0 0
1177 2 0 0 0 0
1178 2 0 0 0 0
1179 2 0 0 0 0
1180 2 0 0 0 0
1181 2 0 0 0 0
1182 2 0 0 0 0
1183 2 0 0 0 0
1184 2 0 0 0 0
1185 2 0 0 0 0
1186 2 0 0 0 0
1187 2 0 0 0 0
1188 2 0 0 0 0
1189 2 0 0 0 0
1190 2 0 2 0 0
1191 2 0 2 0 0
1192 2 0 2 0 0
1193 2 0 2 0 0
1194 2 0 2 0 0
1195 2 0 2 0 0
1196 2 0 2 0 0
1197 2 0 2 0 0
1198 2 0 2 0 0
1199 2 0 2 0 0
1200 0 0 2 0 0
1201 0 0 2 0 0
1202 0 0 2 0 0
1203 0 0 2 0 0
1204 0 0 2 0 0
1205 0 0 2 0 0
1206 0 0 2 0 0
1207 0 0 2 0 0
1208 0 0 2 0 0
1209 0 0 2 0 0
1210 0 0 2 0 0
1211 0 0 2 0 0
1212 0 0 2 0 0
1213 0 0 2 0 0
1214 0 0 2 0 0
1215 0 0 2 0 0
1216 0 0 2 0 0
1217 0 0 2 0 0
1218 0 0 2 0 0
1219 0 0 2 0 0
1220 0 0 2 0 0
1221 0 0 2 0 0
1222 0 0 2 0 0
1223 0 0 2 0 0
1224 0 0 2 0 0
1225 0 0 2 0 0
1226 0 0 2 0 0
1227 0 0 2 0 0
1228 0 0 2 0 0
1229 0 0 2 0 0
1230 0 5 2 0 0
1231 0 5 2 0 0
1232 0 5 2 0 0
1233 0 5 2 0 0
1234 0 5 2 0 0
1235 0 5 2 0 0
1236 0 5 2 0 0
1237 0 5 2 0 0
1238 0 5 2 0 0
1239 0 5 2 0 0
1240 0 5 2 0 0
1241 0 5 2 0 0
1242 0 5 2 0 0
1243 0 5 2 0 0
1244 0 5 2 0 0
1245 0 5 2 0 0
1246 0 5 2 0 0
1247 0 5 2 0 0
1248 0 5 2 0 0
1249 0 5 2 0 0
1250 0 5 2 0 0
1251 0 5 2 0 0
1252 0 5 2 0 0
1253 0 5 2 0 0
1254 0 5 2 0 0
1255 0 5 2 0 0
1256 0 5 2 0 0
1257 0 5 2 0 0
1258 0 5 2 0 0
1259 0 5 2 0 0
1260 0 5 2 0 0
1261 0 5 2 0 0
1262 0 5 2 0 0
1263 0 5 2 0 0
1264 0 5 2 0 0
1265 0 5 2 0 0
1266 0 5 2 0 0
1267 0 5 2 0 0
1268 0 5 2 0 0
1269 0 5 2 0 0
1270 0 5 2 0 0
1271 0 5 2 0 0
1272 0 5 2 0 0
1273 0 5 2 0 0
1274 0 5 2 0 0
1275 0 5 2 0 0
1276 0 5 2 0 0
1277 0 5 2 0 0
1278 0 5 2 0 0
1279 0 5 2 0 0
1280 0 5 2 0 0
1281 0 5 2 0 0
1282 0 5 2 0 0
1283 0 5 2 0 0
1284 0 5 2 0 0
1285 0 5 2 0 0
1286 0 5 2 0 0
1287 0 5 2 0 0
1288 0 5 2 0 0
1289 0 5 2 0 0
1290 0 5 2 0 1
1291 0 5 2 0 1
1292 0 5 2 0 1
1293 0 5 2 0 1
1294 0 5 2 0 1
1295 0 5 2 0 1
1296 0 5 2 0 1
1297 0 5 2 0 1
1298 0 5 2 0 1
1299 0 5 2 0 1
1300 0 5 2 0 2
1301 0 5 2 0 2
1302 0 5 2 0 2
1303 0 5 2 0 2
1304 0 5 2 0 2
1305 0 5 2 0 2
1306 0 5 2 0 2
1307 0 5 2 0 2
1308 0 5 2 0 2
1309 0 5 2 0 2
1310 0 5 2 0 2
1311 0 5 2 0 2
1312 0 5 2 0 2
1313 0 5 2 0 2
1314 0 5 2 0 2
1315 0 5 2 0 2
1316 0 5 2 0 2
1317 0 5 2 0 2
1318 0 5 2 0 2
1319 0 5 2 0 2
1320 0 0 2 0 2
1321 0 0 2 0 2
1322 0 0 2 0 2
1323 0 0 2 0 2
1324 0 0 2 0 2
1325 0 0 2 0 2
1326 0 0 2 0 2
1327 0 0 2 0 2
1328 0 0 2 0 2
1329 0 0 2 0 2
1330 0 0 2 0 2
1331 0 0 2 0 2
1332 0 0 2 0 2
1333 0 0 2 0 2
1334 0 0 2 0 2
1335 0 0 2 0 2
1336 0 0 2 0 2
1337 0 0 2 0 2
1338 0 0 2 0 2
1339 0 0 2 0 2
1340 0 0 2 0 2
1341 0 0 2 0 2
1342 0 0 2 0 2
1343 0 0 2 0 2
1344 0 0 2 0 2
1345 0 0 2 0 2
1346 0 0 2 0 2
1347 0 0 2 0 2
1348 0 0 2 0 2
1349 0 0 2 0 2
1350 0 0 2 0 2
1351 0 0 2 0 2
1352 0 0 2 0 2
1353 0 0 2 0 2
1354 0 0 2 0 2
1355 0 0 2 0 2
1356 0 0 2 0 2
1357 0 0 2 0 2
1358 0 0 2 0 2
1359 0 0 2 0 2
1360 0 2 2 0 2
1361 0 2 2 0 2
1362 0 2 2 0 2
1363 0 2 2 0 2
1364 0 2 2 0 2
1365 0 2 2 0 2
1366 0 2 2 0 2
1367 0 2 2 0 2
1368 0 2 2 0 2
1369 0 2 2 0 2
1370 0 2 2 0 2
1371 0 2 2 0 2
1372 0 2 2 0 2
1373 0 2 2 0 2
1374 0 2 2 0 2
1375 0 2 2 0 2
1376 0 2 2 0 2
1377 0 2 2 0 2
1378 0 2 2 0 2
1379 0 2 2 0 2
1380 2 0 2 0 2
1381 2 0 2 0 2
1382 2 0 2 0 2
1383 2 0 2 0 2
1384 2 0 2 0 2
1385 2 0 2 0 2
1386 2 0 2 0 2
1387 2 0 2 0 2
1388 2 0 2 0 2
1389 2 0 2 0 2
1390 2 0 2 0 2
1391 2 0 2 0 2
1392 2 0 2 0 2
1393 2 0 2 0 2
1394 2 0 2 0 2
1395 2 0 2 0 2
1396 2 0 2 0 2
1397 2 0 2 0 2
1398 2 0 2 0 2
1399 2 0 2 0 2
1400 2 0 0 0 2
1401 2 0 0 0 2
1402 2 0 0 0 2
1403 2 0 0 0 2
1404 2 0 0 0 2
1405 2 0 0 0 2
1406 2 0 0 0 2
1407 2 0 0 0 2
1408 2 0 0 0 2
1409 2 0 0 0 2
1410 2 0 0 0 2
1411 2 0 0 0 2
1412 2 0 0 0 2
1413 2 0 0 0 2
1414 2 0 0 0 2
1415 2 0 0 0 2
1416 2 0 0 0 2
1417 2 0 0 0 2
1418 2 0 0 0 2
1419 2 0 0 0 2
1420 2 0 0 0 2
1421 2 0 0 0 2
1422 2 0 0 0 2
1423 2 0 0 0 2
1424 2 0 0 0 2
1425 2 0 0 0 2
1426 2 0 0 0 2
1427 2 0 0 0 2
1428 2 0 0 0 2
1429 2 0 0 0 2
1430 2 0 0 0 0
1431 2 0 0 0 0
1432 2 0 0 0 0
1433 2 0 0 0 0
1434 2 0 0 0 0
1435 2 0 0 0 0
1436 2 0 0 0 0
1437 2 0 0 0 0
1438 2 0 0 0 0
1439 2 0 0 0 0
1440 2 0 0 0 0
1441 2 0 0 0 0
1442 2 0 0 0 0
1443 2 0 0 0 0
1444 2 0 0 0 0
1445 2 0 0 0 0
1446 2 0 0 0 0
1447 2 0 0 0 0
1448 2 0 0 0 0
1449 2 0 0 0 0
1450 2 0 0 0 0
1451 2 0 0 0 0
1452 2 0 0 0 0
1453 2 0 0 0 0
1454 2 0 0 0 0
1455 2 0 0 0 0
1456 2 0 0 0 0
1457 2 0 0 0 0
1458 2 0 0 0 0
1459 2 0 0 0 0
1460 2 0 0 0 0
1461 2 0 0 0 0
1462 2 0 0 0 0
1463 2 0 0 0 0
1464 2 0 0 0 0
1465 2 0 0 0 0
1466 2 0 0 0 0
1467 2 0 0 0 0
1468 2 0 0 0 0
1469 2 0 0 0 0
1470 2 0 0 0 0
1471 2 0 0 0 0
1472 2 0 0 0 0
1473 2 0 0 0 0
1474 2 0 0 0 0
1475 2 0 0 0 0
1476 2 0 0 0 0
1477 2 0 0 0 0
1478 2 0 0 0 0
1479 2 0 0 0 0
1480 2 0 0 0 0
1481 2 0 0 0 0
1482 2 0 0 0 0
1483 2 0 0 0 0
1484 2 0 0 0 0
1485 2 0 0 0 0
1486 2 0 0 0 0
1487 2 0 0 0 0
1488 2 0 0 0 0
1489 2 0 0 0 0
1490 2 0 0 0 0
1491 2 0 0 0 0
1492 2 0 0 0 0
1493 2 0 0 0 0
1494 2 0 0 0 0
1495 2 0 0 0 0
1496 2 0 0 0 0
1497 2 0 0 0 0
1498 2 0 0 0 0
1499 2 0 0 0 0
1500 2 0 2 0 0
1501 2 0 2 0 0
1502 2 0 2 0 0
1503 2 0 2 0 0
1504 2 0 2 0 0
1505 2 0 2 0 0
1506 2 0 2 0 0
1507 2 0 2 0 0
1508 2 0 2 0 0
1509 2 0 2 0 0
1510 0 0 2 0 0
1511 0 0 2 0 0
1512 0 0 2 0 0
1513 0 0 2 0 0
1514 0 0 2 0 0
1515 0 0 2 0 0
1516 0 0 2 0 0
1517 0 0 2 0 0
1518 0 0 2 0 0
1519 0 0 2 0 0
1520 0 0 2 0 0
1521 0 0 2 0 0
1522 0 0 2 0 0
1523 0 0 2 0 0
1524 0 0 2 0 0
1525 0 0 2 0 0
1526 0 0 2 0 0
1527 0 0 2 0 0
1528 0 0 2 0 0
1529 0 0 2 0 0
1530 0 0 2 0 0
1531 0 0 2 0 0
1532 0 0 2 0 0
1533 0 0 2 0 0
1534 0 0 2 0 0
1535 0 0 2 0 0
1536 0 0 2 0 0
1537 0 0 2 0 0
1538 0 0 2 0 0
1539 0 0 2 0 0
1540 0 0 2 0 0
1541 0 0 2 0 0
1542 0 0 2 0 0
1543 0 0 2 0 0
1544 0 0 2 0 0
1545 0 0 2 0 0
1546 0 0 2 0 0
1547 0 0 2 0 0
1548 0 0 2 0 0
1549 0 0 2 0 0
1550 0 5 2 0 0
1551 0 5 2 0 0
1552 0 5 2 0 0
1553 0 5 2 0 0
1554 0 5 2 0 0
1555 0 5 2 0 0
1556 0 5 2 0 0
1557 0 5 2 0 0
1558 0 5 2 0 0
1559 0 5 2 0 0
1560 0 5 2 0 0
1561 0 5 2 0 0
1562 0 5 2 0 0
1563 0 5 2 0 0
1564 0 5 2 0 0
1565 0 5 2 0 0
1566 0 5 2 0 0
1567 0 5 2 0 0
1568 0 5 2 0 0
1569 0 5 2 0 0
1570 0 5 2 0 1
1571 0 5 2 0 1
1572 0 5 2 0 1
1573 0 5 2 0 1
1574 0 5 2 0 1
1575 0 5 2 0 1
1576 0 5 2 0 1
1577 0 5 2 0 1
1578 0 5 2 0 1
1579 0 5 2 0 1
1580 0 5 2 0 1
1581 0 5 2 0 1
1582 0 5 2 0 1
1583 0 5 2 0 1
1584 0 5 2 0 1
1585 0 5 2 0 1
1586 0 5 2 0 1
1587 0 5 2 0 1
1588 0 5 2 0 1
1589 0 5 2 0 1
1590 0 5 2 0 2
1591 0 5 2 0 2
1592 0 5 2 0 2
1593 0 5 2 0 2
1594 0 5 2 0 2
1595 0 5 2 0 2
1596 0 5 2 0 2
1597 0 5 2 0 2
1598 0 5 2 0 2
1599 0 5 2 0 2
1600 0 0 2 0 2
1601 0 0 2 0 2
1602 0 0 2 0 2
1603 0 0 2 0 2
1604 0 0 2 0 2
1605 0 0 2 0 2
1606 0 0 2 0 2
1607 0 0 2 0 2
1608 0 0 2 0 2
1609 0 0 2 0 2
1610 0 0 2 0 2
1611 0 0 2 0 2
1612 0 0 2 0 2
1613 0 0 2 0 2
1614 0 0 2 0 2
1615 0 0 2 0 2
1616 0 0 2 0 2
1617 0 0 2 0 2
1618 0 0 2 0 2
1619 0 0 2 0 2
1620 0 0 2 0 2
1621 0 0 2 0 2
1622 0 0 2 0 2
1623 0 0 2 0 2
1624 0 0 2 0 2
1625 0 0 2 0 2
1626 0 0 2 0 2
1627 0 0 2 0 2
1628 0 0 2 0 2
1629 0 0 2 0 2
1630 0 0 2 0 2
1631 0 0 2 0 2
1632 0 0 2 0 2
1633 0 0 2 0 2
1634 0 0 2 0 2
1635 0 0 2 0 2
1636 0 0 2 0 2
1637 0 0 2 0 2
1638 0 0 2 0 2
1639 0 0 2 0 2
1640 0 0 2 0 2
1641 0 0 2 0 2
1642 0 0 2 0 2
1643 0 0 2 0 2
1644 0 0 2 0 2
1645 0 0 2 0 2
1646 0 0 2 0 2
1647 0 0 2 0 2
1648 0 0 2 0 2
1649 0 0 2 0 2
1650 2 0 2 0 2
1651 2 0 2 0 2
1652 2 0 2 0 2
1653 2 0 2 0 2
1654 2 0 2 0 2
1655 2 0 2 0 2
1656 2 0 2 0 2
1657 2 0 2 0 2
1658 2 0 2 0 2
1659 2 0 2 0 2
1660 2 0 2 0 2
1661 2 0 2 0 2
1662 2 0 2 0 2
1663 2 0 2 0 2
1664 2 0 2 0 2
1665 2 0 2 0 2
1666 2 0 2 0 2
1667 2 0 2 0 2
1668 2 0 2 0 2
1669 2 0 2 0 2
1670 2 0 0 0 2
1671 2 0 0 0 2
1672 2 0 0 0 2
1673 2 0 0 0 2
1674 2 0 0 0 2
1675 2 0 0 0 2
1676 2 0 0 0 2
1677 2 0 0 0 2
1678 2 0 0 0 2
1679 2 0 0 0 2
1680 2 0 0 0 0
1681 2 0 0 0 0
1682 2 0 0 0 0
1683 2 0 0 0 0
1684 2 0 0 0 0
1685 2 0 0 0 0
1686 2 0 0 0 0
1687 2 0 0 0 0
1688 2 0 0 0 0
1689 2 0 0 0 0
1690 2 0 0 0 0
1691 2 0 0 0 0
