0 0 0 0 0 0
1 0 0 0 0 0
2 0 0 0 0 0
3 0 0 0 0 0
4 0 0 0 0 0
5 0 0 0 0 0
6 0 0 0 0 0
7 0 0 0 0 0
8 0 0 0 0 0
9 0 0 0 0 0
10 0 0 0 0 0
11 0 0 0 0 0
12 0 0 0 0 0
13 0 0 0 0 0
14 0 0 0 0 0
15 0 0 0 0 0
16 0 0 0 0 0
17 0 0 0 0 0
18 0 0 0 0 0
19 0 0 0 0 0
20 0 0 0 0 0
21 0 0 0 0 0
22 0 0 0 0 0
23 0 0 0 0 0
24 0 0 0 0 0
25 0 0 0 0 0
26 0 0 0 0 0
27 0 0 0 0 0
28 0 0 0 0 0
29 0 0 0 0 0
30 0 0 0 0 0
31 0 0 0 0 0
32 0 0 0 0 0
33 0 0 0 0 0
34 0 0 0 0 0
35 0 0 0 0 0
36 0 0 0 0 0
37 0 0 0 0 0
38 0 0 0 0 0
39 0 0 0 0 0
40 0 0 0 0 0
41 0 0 0 0 0
42 0 0 0 0 0
43 0 0 0 0 0
44 0 0 0 0 0
45 0 0 0 0 0
46 0 0 0 0 0
47 0 0 0 0 0
48 0 0 0 0 0
49 0 0 0 0 0
50 0 0 0 0 0
51 0 0 0 0 0
52 0 0 0 0 0
53 0 0 0 0 0
54 0 0 0 0 0
55 0 0 0 0 0
56 0 0 0 0 0
57 0 0 0 0 0
58 0 0 0 0 0
59 0 0 0 0 0
60 0 0 0 0 0
61 0 0 0 0 0
62 0 0 0 0 0
63 0 0 0 0 0
64 0 0 0 0 0
65 0 0 0 0 0
66 0 0 0 0 0
67 0 0 0 0 0
68 0 0 0 0 0
69 0 0 0 0 0
70 0 0 0 0 0
71 0 0 0 0 0
72 0 0 0 0 0
73 0 0 0 0 0
74 0 0 0 0 0
75 0 0 0 0 0
76 0 0 0 0 0
77 0 0 0 0 0
78 0 0 0 0 0
79 0 0 0 0 0
80 0 0 0 0 0
81 0 0 0 0 0
82 0 0 0 0 0
83 0 0 0 0 0
84 0 0 0 0 0
85 0 0 0 0 0
86 0 0 0 0 0
87 0 0 0 0 0
88 0 0 0 0 0
89 0 0 0 0 0
90 0 0 0 0 0
91 0 0 0 0 0
92 0 0 0 0 0
93 0 0 0 0 0
94 0 0 0 0 0
95 0 0 0 0 0
96 0 0 0 0 0
97 0 0 0 0 0
98 0 0 0 0 0
99 0 0 0 0 0
100 0 0 0 0 0
101 0 0 0 0 0
102 0 0 0 0 0
103 0 0 0 0 0
104 0 0 0 0 0
105 0 0 0 0 0
106 0 0 0 0 0
107 0 0 0 0 0
108 0 0 0 0 0
109 0 0 0 0 0
110 0 0 0 0 0
111 0 0 0 0 0
112 0 0 0 0 0
113 0 0 0 0 0
114 0 0 0 0 0
115 0 0 0 0 0
116 0 0 0 0 0
117 0 0 0 0 0
118 0 0 0 0 0
119 0 0 0 0 0
120 0 0 0 0 0
121 0 0 0 0 0
122 0 0 0 0 0
123 0 0 0 0 0
124 0 0 0 0 0
125 0 0 0 0 0
126 0 0 0 0 0
127 0 0 0 0 0
128 0 0 0 0 0
129 0 0 0 0 0
130 0 0 0 0 0
131 0 0 0 0 0
132 0 0 0 0 0
133 0 0 0 0 0
134 0 0 0 0 0
135 0 0 0 0 0
136 0 0 0 0 0
137 0 0 0 0 0
138 0 0 0 0 0
139 0 0 0 0 0
140 0 0 0 0 0
141 0 0 0 0 0
142 0 0 0 0 0
143 0 0 0 0 0
144 0 0 0 0 0
145 0 0 0 0 0
146 0 0 0 0 0
147 0 0 0 0 0
148 0 0 0 0 0
149 0 0 0 0 0
150 0 0 0 0 0
151 0 0 0 0 0
152 0 0 0 0 0
153 0 0 0 0 0
154 0 0 0 0 0
155 0 0 0 0 0
156 0 0 0 0 0
157 0 0 0 0 0
158 0 0 0 0 0
159 0 0 0 0 0
160 0 0 0 0 0
161 0 0 0 0 0
162 0 0 0 0 0
163 0 0 0 0 0
164 0 0 0 0 0
165 0 0 0 0 0
166 0 0 0 0 0
167 0 0 0 0 0
168 0 0 0 0 0
169 0 0 0 0 0
170 0 0 0 0 0
171 0 0 0 0 0
172 0 0 0 0 0
173 0 0 0 0 0
174 0 0 0 0 0
175 0 0 0 0 0
176 0 0 0 0 0
177 0 0 0 0 0
178 0 0 0 0 0
179 0 0 0 0 0
180 0 0 0 0 0
181 0 0 0 0 0
182 0 0 0 0 0
183 0 0 0 0 0
184 0 0 0 0 0
185 0 0 0 0 0
186 0 0 0 0 0
187 0 0 0 0 0
188 0 0 0 0 0
189 0 0 0 0 0
190 0 0 0 0 0
191 0 0 0 0 0
192 0 0 0 0 0
193 0 0 0 0 0
194 0 0 0 0 0
195 0 0 0 0 0
196 0 0 0 0 0
197 0 0 0 0 0
198 0 0 0 0 0
199 0 0 0 0 0
200 0 0 0 0 0
201 0 0 0 0 0
202 0 0 0 0 0
203 0 0 2 0 0
204 0 0 2 0 0
205 0 0 2 0 0
206 0 0 2 0 0
207 0 0 2 0 0
208 0 0 2 0 0
209 0 0 2 0 0
210 0 0 2 0 0
211 0 0 2 0 0
212 0 0 2 0 0
213 0 0 2 0 0
214 0 0 2 0 0
215 0 0 2 0 0
216 0 0 2 0 0
217 0 0 2 0 0
218 0 0 2 0 0
219 0 0 2 0 0
220 0 0 2 0 0
221 0 0 2 0 0
222 0 0 2 0 0
223 0 0 2 0 0
224 0 0 2 0 0
225 0 0 2 0 0
226 0 0 2 0 0
227 0 0 2 0 0
228 0 0 2 0 0
229 0 0 2 0 0
230 0 0 2 0 0
231 0 0 2 0 0
232 0 0 2 0 0
233 0 0 2 0 0
234 0 0 2 0 0
235 0 0 2 0 0
236 0 0 2 0 0
237 0 0 2 0 0
238 0 0 2 0 0
239 0 0 2 0 0
240 0 0 2 0 0
241 0 0 2 0 0
242 0 0 2 0 0
243 0 0 2 0 0
244 0 0 2 0 0
245 0 0 2 0 0
246 0 0 2 0 0
247 0 0 2 0 0
248 0 0 2 0 0
249 0 0 2 0 0
250 0 0 2 0 0
251 0 0 2 0 0
252 0 0 2 0 0
253 0 0 2 0 0
254 0 0 2 0 0
255 0 0 2 0 0
256 0 0 2 0 0
257 0 0 2 0 0
258 0 0 2 0 0
259 0 0 2 0 0
260 0 0 2 0 0
261 0 0 2 0 0
262 0 0 2 0 0
263 0 0 2 0 0
264 0 0 2 0 0
265 0 0 2 0 0
266 0 0 2 0 0
267 0 0 2 0 0
268 0 0 2 0 0
269 0 0 2 0 0
270 0 0 2 0 0
271 0 0 2 0 0
272 0 0 2 0 0
273 0 0 2 0 0
274 0 0 2 0 0
275 0 0 2 0 0
276 0 0 2 0 0
277 0 0 2 0 0
278 0 0 2 0 0
279 0 0 2 0 0
280 0 0 2 0 0
281 0 0 2 0 0
282 0 0 2 0 0
283 0 0 2 0 0
284 0 0 2 0 0
285 0 0 2 0 0
286 0 0 2 0 0
287 0 0 2 0 0
288 0 0 2 0 0
289 0 0 2 0 0
290 0 0 2 0 0
291 0 0 2 0 0
292 0 0 2 0 0
293 0 0 2 0 0
294 0 0 2 0 0
295 0 0 2 0 0
296 0 0 2 0 0
297 0 0 2 0 0
298 0 0 2 0 0
299 0 0 2 0 0
300 0 0 2 0 0
301 0 0 2 0 0
302 0 0 2 0 0
303 0 0 2 0 0
304 0 0 2 0 0
305 0 0 2 0 0
306 0 0 2 0 0
307 0 0 2 0 0
308 0 0 2 0 0
309 0 0 2 0 0
310 0 0 2 0 0
311 0 0 2 0 0
312 0 0 2 0 0
313 0 0 2 0 0
314 0 0 2 0 0
315 0 0 2 0 0
316 0 0 2 0 0
317 0 0 2 0 0
318 0 0 2 0 0
319 0 0 2 0 0
320 0 0 2 0 0
321 0 0 2 0 0
322 0 0 2 0 0
323 0 0 2 0 0
324 0 0 2 0 0
325 0 0 2 0 0
326 0 0 2 0 0
327 0 0 2 0 0
328 0 0 2 0 0
329 0 0 2 0 0
330 0 0 2 0 0
331 0 0 2 0 0
332 0 0 2 0 0
333 0 0 2 0 0
334 0 0 2 0 0
335 0 0 2 0 0
336 0 0 2 0 0
337 0 0 2 0 0
338 0 0 2 0 0
339 0 0 2 0 0
340 0 0 2 0 0
341 0 0 2 0 0
342 0 0 2 0 0
343 0 0 2 0 0
344 0 0 2 0 0
345 0 0 2 0 0
346 0 0 2 0 0
347 0 0 2 0 0
348 0 0 2 0 0
349 0 0 2 0 0
350 0 0 2 0 0
351 0 0 2 0 0
352 0 0 2 0 0
353 0 0 2 0 0
354 0 0 2 0 0
355 0 0 2 0 0
356 0 0 2 0 0
357 0 0 2 0 0
358 0 0 2 0 0
359 0 0 2 0 0
360 0 0 2 0 2
361 0 0 2 0 2
362 0 0 2 0 2
363 0 0 2 0 2
364 0 0 2 0 2
365 0 0 2 0 2
366 0 0 2 0 2
367 0 0 2 0 2
368 0 0 2 0 2
369 0 0 2 0 2
370 0 0 2 0 1
371 0 0 2 0 1
372 0 0 2 0 1
373 0 0 2 0 1
374 0 0 2 0 1
375 0 0 2 0 1
376 0 0 2 0 1
377 0 0 2 0 1
378 0 0 2 0 1
379 0 0 2 0 1
380 0 0 2 0 1
381 0 0 2 0 1
382 0 0 2 0 1
383 0 0 2 0 1
384 0 0 2 0 1
385 0 0 2 0 1
386 0 0 2 0 1
387 0 0 2 0 1
388 0 0 2 0 1
389 0 0 2 0 1
390 0 0 2 0 1
391 0 0 2 0 1
392 0 0 2 0 1
393 0 0 2 0 1
394 0 0 2 0 1
395 0 0 2 0 1
396 0 0 2 0 1
397 0 0 2 0 1
398 0 0 2 0 1
399 0 0 2 0 1
400 0 0 2 0 1
401 0 0 2 0 1
402 0 0 2 0 1
403 0 0 2 0 1
404 0 0 2 0 1
405 0 0 2 0 1
406 0 0 2 0 1
407 0 0 2 0 1
408 0 0 2 0 1
409 0 0 2 0 1
410 0 0 2 0 1
411 0 0 2 0 1
412 0 0 2 0 1
413 0 0 2 0 1
414 0 0 2 0 1
415 0 0 2 0 1
416 0 0 2 0 1
417 0 0 2 0 1
418 0 0 2 0 1
419 0 0 2 0 1
420 0 0 2 0 1
421 0 0 2 0 1
422 0 0 2 0 1
423 0 0 2 0 1
424 0 0 2 0 1
425 0 0 2 0 1
426 0 0 2 0 1
427 0 0 2 0 1
428 0 0 2 0 1
429 0 0 2 0 1
430 0 0 2 0 2
431 0 0 2 0 2
432 0 0 2 0 2
433 0 0 2 0 2
434 0 0 2 0 2
435 0 0 2 0 2
436 0 0 2 0 2
437 0 0 2 0 2
438 0 0 2 0 2
439 0 0 2 0 2
440 0 0 2 0 0
441 0 0 2 0 0
442 0 0 2 0 0
443 0 0 2 0 0
444 0 0 2 0 0
445 0 0 2 0 0
446 0 0 2 0 0
447 0 0 2 0 0
448 0 0 2 0 0
449 0 0 2 0 0
450 0 0 2 0 0
451 0 0 2 0 0
452 0 0 2 0 0
453 0 0 2 0 0
454 0 0 2 0 0
455 0 0 2 0 0
456 0 0 2 0 0
457 0 0 2 0 0
458 0 0 2 0 0
459 0 0 2 0 0
460 0 0 2 0 0
461 0 0 2 0 0
462 0 0 2 0 0
463 0 0 2 0 0
464 0 0 2 0 0
465 0 0 2 0 0
466 0 0 2 0 0
467 0 0 2 0 0
468 0 0 2 0 0
469 0 0 2 0 0
470 0 0 2 0 0
471 0 0 2 0 0
472 0 0 2 0 0
473 0 0 2 0 0
474 0 0 2 0 0
475 0 0 2 0 0
476 0 0 2 0 0
477 0 0 2 0 0
478 0 0 2 0 0
479 0 0 2 0 0
480 0 0 2 0 0
481 0 0 2 0 0
482 0 0 2 0 0
483 0 0 2 0 0
484 0 0 2 0 0
485 0 0 2 0 0
486 0 0 2 0 0
487 0 0 2 0 0
488 0 0 2 0 0
489 0 0 2 0 0
490 0 0 2 0 0
491 0 0 2 0 0
492 0 0 2 0 0
493 0 0 2 0 0
494 0 0 2 0 0
495 0 0 2 0 0
496 0 0 2 0 0
497 0 0 2 0 0
498 0 0 2 0 0
499 0 0 2 0 0
500 0 0 2 0 0
501 0 0 2 0 0
502 0 0 2 0 0
503 0 0 2 0 0
504 0 0 2 0 0
505 0 0 2 0 0
506 0 0 2 0 0
507 0 0 2 0 0
508 0 0 2 0 0
509 0 0 2 0 0
510 0 0 2 0 0
511 0 0 2 0 0
512 0 0 2 0 0
513 0 0 2 0 0
514 0 0 2 0 0
515 0 0 2 0 0
516 0 0 2 0 0
517 0 0 2 0 0
518 0 0 2 0 0
519 0 0 2 0 0
520 0 0 2 0 0
521 0 0 2 0 0
522 0 0 2 0 0
523 0 0 2 0 0
524 0 0 2 0 0
525 0 0 2 0 0
526 0 0 2 0 0
527 0 0 2 0 0
528 0 0 2 0 0
529 0 0 2 0 0
530 2 0 2 0 0
531 2 0 2 0 0
532 2 0 2 0 0
533 2 0 2 0 0
534 2 0 2 0 0
535 2 0 2 0 0
536 2 0 2 0 0
537 2 0 2 0 0
538 2 0 2 0 0
539 2 0 2 0 0
540 2 0 0 2 0
541 2 0 0 2 0
542 2 0 0 2 0
543 2 0 0 2 0
544 2 0 0 2 0
545 2 0 0 2 0
546 2 0 0 2 0
547 2 0 0 2 0
548 2 0 0 2 0
549 2 0 0 2 0
550 2 0 0 0 0
551 2 0 0 0 0
552 2 0 0 0 0
553 2 0 0 0 0
554 2 0 0 0 0
555 2 0 0 0 0
556 2 0 0 0 0
557 2 0 0 0 0
558 2 0 0 0 0
559 2 0 0 0 0
560 2 0 0 0 0
561 2 0 0 0 0
562 2 0 0 0 0
563 2 0 0 0 0
564 2 0 0 0 0
565 2 0 0 0 0
566 2 0 0 0 0
567 2 0 0 0 0
568 2 0 0 0 0
569 2 0 0 0 0
570 2 0 0 0 0
571 2 0 0 0 0
572 2 0 0 0 0
573 2 0 0 0 0
574 2 0 0 0 0
575 2 0 0 0 0
576 2 0 0 0 0
577 2 0 0 0 0
578 2 0 0 0 0
579 2 0 0 0 0
580 2 0 0 0 0
581 2 0 0 0 0
582 2 0 0 0 0
583 2 0 0 0 0
584 2 0 0 0 0
585 2 0 0 0 0
586 2 0 0 0 0
587 2 0 0 0 0
588 2 0 0 0 0
589 2 0 0 0 0
590 2 0 0 0 0
591 2 0 0 0 0
592 2 0 0 0 0
593 2 0 0 0 0
594 2 0 0 0 0
595 2 0 0 0 0
596 2 0 0 0 0
597 2 0 0 0 0
598 2 0 0 0 0
599 2 0 0 0 0
600 2 0 0 0 0
601 2 0 0 0 0
602 2 0 0 0 0
603 2 0 0 0 0
604 2 0 0 0 0
605 2 0 0 0 0
606 2 0 0 0 0
607 2 0 0 0 0
608 2 0 0 0 0
609 2 0 0 0 0
610 2 0 0 0 0
611 2 0 0 0 0
612 2 0 0 0 0
613 2 0 0 0 0
614 2 0 0 0 0
615 2 0 0 0 0
616 2 0 0 0 0
617 2 0 0 0 0
618 2 0 0 0 0
619 2 0 0 0 0
620 2 0 0 0 0
621 2 0 0 0 0
622 2 0 0 0 0
623 2 0 0 0 0
624 2 0 0 0 0
625 2 0 0 0 0
626 2 0 0 0 0
627 2 0 0 0 0
628 2 0 0 0 0
629 2 0 0 0 0
630 2 0 2 0 0
631 2 0 2 0 0
632 2 0 2 0 0
633 2 0 2 0 0
634 2 0 2 0 0
635 2 0 2 0 0
636 2 0 2 0 0
637 2 0 2 0 0
638 2 0 2 0 0
639 2 0 2 0 0
640 0 2 2 0 0
641 0 2 2 0 0
642 0 2 2 0 0
643 0 2 2 0 0
644 0 2 2 0 0
645 0 2 2 0 0
646 0 2 2 0 0
647 0 2 2 0 0
648 0 2 2 0 0
649 0 2 2 0 0
650 0 0 2 0 0
651 0 0 2 0 0
652 0 0 2 0 0
653 0 0 2 0 0
654 0 0 2 0 0
655 0 0 2 0 0
656 0 0 2 0 0
657 0 0 2 0 0
658 0 0 2 0 0
659 0 0 2 0 0
660 0 0 2 0 0
661 0 0 2 0 0
662 0 0 2 0 0
663 0 0 2 0 0
664 0 0 2 0 0
665 0 0 2 0 0
666 0 0 2 0 0
667 0 0 2 0 0
668 0 0 2 0 0
669 0 0 2 0 0
670 0 0 2 0 0
671 0 0 2 0 0
672 0 0 2 0 0
673 0 0 2 0 0
674 0 0 2 0 0
675 0 0 2 0 0
676 0 0 2 0 0
677 0 0 2 0 0
678 0 0 2 0 0
679 0 0 2 0 0
680 0 0 2 0 0
681 0 0 2 0 0
682 0 0 2 0 0
683 0 0 2 0 0
684 0 0 2 0 0
685 0 0 2 0 0
686 0 0 2 0 0
687 0 0 2 0 0
688 0 0 2 0 0
689 0 0 2 0 0
690 0 0 2 0 0
691 0 0 2 0 0
692 0 0 2 0 0
693 0 0 2 0 0
694 0 0 2 0 0
695 0 0 2 0 0
696 0 0 2 0 0
697 0 0 2 0 0
698 0 0 2 0 0
699 0 0 2 0 0
700 0 0 2 0 0
701 0 0 2 0 0
702 0 0 2 0 0
703 0 0 2 0 0
704 0 0 2 0 0
705 0 0 2 0 0
706 0 0 2 0 0
707 0 0 2 0 0
708 0 0 2 0 0
709 0 0 2 0 0
710 0 0 2 0 0
711 0 0 2 0 0
712 0 0 2 0 0
713 0 0 2 0 0
714 0 0 2 0 0
715 0 0 2 0 0
716 0 0 2 0 0
717 0 0 2 0 0
718 0 0 2 0 0
719 0 0 2 0 0
720 0 0 2 0 0
721 0 0 2 0 0
722 0 0 2 0 0
723 0 0 2 0 0
724 0 0 2 0 0
725 0 0 2 0 0
726 0 0 2 0 0
727 0 0 2 0 0
728 0 0 2 0 0
729 0 0 2 0 0
730 0 0 2 0 1
731 0 0 2 0 1
732 0 0 2 0 1
733 0 0 2 0 1
734 0 0 2 0 1
735 0 0 2 0 1
736 0 0 2 0 1
737 0 0 2 0 1
738 0 0 2 0 1
739 0 0 2 0 1
740 0 0 2 0 1
741 0 0 2 0 1
742 0 0 2 0 1
743 0 0 2 0 1
744 0 0 2 0 1
745 0 0 2 0 1
746 0 0 2 0 1
747 0 0 2 0 1
748 0 0 2 0 1
749 0 0 2 0 1
750 0 0 2 0 0
751 0 0 2 0 0
752 0 0 2 0 0
753 0 0 2 0 0
754 0 0 2 0 0
755 0 0 2 0 0
756 0 0 2 0 0
757 0 0 2 0 0
758 0 0 2 0 0
759 0 0 2 0 0
760 0 0 2 0 0
761 0 0 2 0 0
762 0 0 2 0 0
763 0 0 2 0 0
764 0 0 2 0 0
765 0 0 2 0 0
766 0 0 2 0 0
767 0 0 2 0 0
768 0 0 2 0 0
769 0 0 2 0 0
770 0 0 2 0 0
771 0 0 2 0 0
772 0 0 2 0 0
773 0 0 2 0 0
774 0 0 2 0 0
775 0 0 2 0 0
776 0 0 2 0 0
777 0 0 2 0 0
778 0 0 2 0 0
779 0 0 2 0 0
780 0 0 2 0 1
781 0 0 2 0 1
782 0 0 2 0 1
783 0 0 2 0 1
784 0 0 2 0 1
785 0 0 2 0 1
786 0 0 2 0 1
787 0 0 2 0 1
788 0 0 2 0 1
789 0 0 2 0 1
790 0 0 2 0 0
791 0 0 2 0 0
792 0 0 2 0 0
793 0 0 2 0 0
794 0 0 2 0 0
795 0 0 2 0 0
796 0 0 2 0 0
797 0 0 2 0 0
798 0 0 2 0 0
799 0 0 2 0 0
800 0 0 2 0 0
801 0 0 2 0 0
802 0 0 2 0 0
803 0 0 2 0 0
804 0 0 2 0 0
805 0 0 2 0 0
806 0 0 2 0 0
807 0 0 2 0 0
808 0 0 2 0 0
809 0 0 2 0 0
810 0 0 2 0 0
811 0 0 2 0 0
812 0 0 2 0 0
813 0 0 2 0 0
814 0 0 2 0 0
815 0 0 2 0 0
816 0 0 2 0 0
817 0 0 2 0 0
818 0 0 2 0 0
819 0 0 2 0 0
820 0 0 2 0 1
821 0 0 2 0 1
822 0 0 2 0 1
823 0 0 2 0 1
824 0 0 2 0 1
825 0 0 2 0 1
826 0 0 2 0 1
827 0 0 2 0 1
828 0 0 2 0 1
829 0 0 2 0 1
830 0 0 2 0 1
831 0 0 2 0 1
832 0 0 2 0 1
833 0 0 2 0 1
834 0 0 2 0 1
835 0 0 2 0 1
836 0 0 2 0 1
837 0 0 2 0 1
838 0 0 2 0 1
839 0 0 2 0 1
840 0 0 2 0 2
841 0 0 2 0 2
842 0 0 2 0 2
843 0 0 2 0 2
844 0 0 2 0 2
845 0 0 2 0 2
846 0 0 2 0 2
847 0 0 2 0 2
848 0 0 2 0 2
849 0 0 2 0 2
850 0 0 2 0 2
851 0 0 2 0 2
852 0 0 2 0 2
853 0 0 2 0 2
854 0 0 2 0 2
855 0 0 2 0 2
856 0 0 2 0 2
857 0 0 2 0 2
858 0 0 2 0 2
859 0 0 2 0 2
860 0 0 2 0 2
861 0 0 2 0 2
862 0 0 2 0 2
863 0 0 2 0 2
864 0 0 2 0 2
865 0 0 2 0 2
866 0 0 2 0 2
867 0 0 2 0 2
868 0 0 2 0 2
869 0 0 2 0 2
870 0 0 2 0 2
871 0 0 2 0 2
872 0 0 2 0 2
873 0 0 2 0 2
874 0 0 2 0 2
875 0 0 2 0 2
876 0 0 2 0 2
877 0 0 2 0 2
878 0 0 2 0 2
879 0 0 2 0 2
880 0 0 2 0 2
881 0 0 2 0 2
882 0 0 2 0 2
883 0 0 2 0 2
884 0 0 2 0 2
885 0 0 2 0 2
886 0 0 2 0 2
887 0 0 2 0 2
888 0 0 2 0 2
889 0 0 2 0 2
890 0 0 2 0 2
891 0 0 2 0 2
892 0 0 2 0 2
893 0 0 2 0 2
894 0 0 2 0 2
895 0 0 2 0 2
896 0 0 2 0 2
897 0 0 2 0 2
898 0 0 2 0 2
899 0 0 2 0 2
900 0 0 2 0 2
901 0 0 2 0 2
902 0 0 2 0 2
903 0 0 2 0 2
904 0 0 2 0 2
905 0 0 2 0 2
906 0 0 2 0 2
907 0 0 2 0 2
908 0 0 2 0 2
909 0 0 2 0 2
910 0 0 2 0 2
911 0 0 2 0 2
912 0 0 2 0 2
913 0 0 2 0 2
914 0 0 2 0 2
915 0 0 2 0 2
916 0 0 2 0 2
917 0 0 2 0 2
918 0 0 2 0 2
919 0 0 2 0 2
920 0 0 2 0 2
921 0 0 2 0 2
922 0 0 2 0 2
923 0 0 2 0 2
924 0 0 2 0 2
925 0 2 2 0 2
926 0 2 2 0 2
927 0 2 2 0 2
928 0 2 2 0 2
929 0 2 2 0 2
930 0 2 2 0 2
931 0 2 2 0 2
932 0 2 2 0 2
933 0 2 2 0 2
934 0 2 2 0 2
935 0 2 2 0 2
936 0 2 2 0 2
937 0 2 2 0 2
938 0 2 2 0 2
939 0 2 2 0 2
940 0 0 2 0 2
941 0 0 2 0 2
942 0 0 2 0 2
943 0 0 2 0 2
944 0 0 2 0 2
945 0 0 2 0 2
946 0 0 2 0 2
947 0 0 2 0 2
948 0 0 2 0 2
949 0 0 2 0 2
950 0 0 2 0 2
951 0 0 2 0 2
952 0 0 2 0 2
953 0 0 2 0 2
954 0 0 2 0 2
955 0 0 2 0 2
956 0 0 2 0 2
957 0 0 2 0 2
958 0 0 2 0 2
959 0 0 2 0 2
960 2 0 2 0 2
961 2 0 2 0 2
962 2 0 2 0 2
963 2 0 2 0 2
964 2 0 2 0 2
965 2 0 2 0 2
966 2 0 2 0 2
967 2 0 2 0 2
968 2 0 2 0 2
969 2 0 2 0 2
970 2 0 2 0 2
971 2 0 2 0 2
972 2 0 2 0 2
973 2 0 2 0 2
974 2 0 2 0 2
975 2 0 2 0 2
976 2 0 2 0 2
977 2 0 2 0 2
978 2 0 2 0 2
979 2 0 2 0 2
980 2 0 0 0 2
981 2 0 0 0 2
982 2 0 0 0 2
983 2 0 0 0 2
984 2 0 0 0 2
985 2 0 0 0 2
986 2 0 0 0 2
987 2 0 0 0 2
988 2 0 0 0 2
989 2 0 0 0 2
990 2 0 0 0 2
991 2 0 0 0 2
992 2 0 0 0 2
993 2 0 0 0 2
994 2 0 0 0 2
995 2 0 0 0 2
996 2 0 0 0 2
997 2 0 0 0 2
998 2 0 0 0 2
999 2 0 0 0 2
1000 2 0 0 0 2
1001 2 0 0 0 2
1002 2 0 0 0 2
1003 2 0 0 0 2
1004 2 0 0 0 2
1005 2 0 0 0 2
1006 2 0 0 0 2
1007 2 0 0 0 2
1008 2 0 0 0 2
1009 2 0 0 0 2
1010 2 0 0 0 2
1011 2 0 0 0 2
1012 2 0 0 0 2
1013 2 0 0 0 2
1014 2 0 0 0 2
1015 2 0 0 0 2
1016 2 0 0 0 2
1017 2 0 0 0 2
1018 2 0 0 0 2
1019 2 0 0 0 2
1020 2 0 0 0 2
1021 2 0 0 0 2
1022 2 0 0 0 2
1023 2 0 0 0 2
1024 2 0 0 0 2
1025 2 0 0 0 2
1026 2 0 0 0 2
1027 2 0 0 0 2
1028 2 0 0 0 2
1029 2 0 0 0 2
1030 2 0 0 0 2
1031 2 0 0 0 2
1032 2 0 0 0 2
1033 2 0 0 0 2
1034 2 0 0 0 2
1035 2 0 0 0 2
1036 2 0 0 0 2
1037 2 0 0 0 2
1038 2 0 0 0 2
1039 2 0 0 0 2
1040 2 0 0 0 2
1041 2 0 0 0 2
1042 2 0 0 0 2
1043 2 0 0 0 2
1044 2 0 0 0 2
1045 2 0 0 0 2
1046 2 0 0 0 2
1047 2 0 0 0 2
1048 2 0 0 0 2
1049 2 0 0 0 2
1050 2 0 0 0 2
1051 2 0 0 0 2
1052 2 0 0 0 2
1053 2 0 0 0 2
1054 2 0 0 0 2
1055 2 0 0 0 2
1056 2 0 0 0 2
1057 2 0 0 0 2
1058 2 0 0 0 2
1059 2 0 0 0 2
1060 2 0 0 0 2
1061 2 0 0 0 2
1062 2 0 0 0 2
1063 2 0 0 0 2
1064 2 0 0 0 2
1065 2 0 0 0 2
1066 2 0 0 0 2
1067 2 0 0 0 2
1068 2 0 0 0 2
1069 2 0 0 0 2
1070 2 0 0 0 2
1071 2 0 0 0 2
1072 2 0 0 0 2
1073 2 0 0 0 2
1074 2 0 0 0 2
1075 2 0 0 0 2
1076 2 0 0 0 2
1077 2 0 0 0 2
1078 2 0 0 0 2
1079 2 0 0 0 2
1080 2 0 0 0 2
1081 2 0 0 0 2
1082 2 0 0 0 2
1083 2 0 0 0 2
1084 2 0 0 0 2
1085 2 0 0 0 2
1086 2 0 0 0 2
1087 2 0 0 0 2
1088 2 0 0 0 2
1089 2 0 0 0 2
1090 2 0 0 0 2
1091 2 0 0 0 2
1092 2 0 0 0 2
1093 2 0 0 0 2
1094 2 0 0 0 2
1095 2 0 0 0 2
1096 2 0 0 0 2
1097 2 0 0 0 2
1098 2 0 0 0 2
1099 2 0 0 0 2
1100 2 0 0 0 2
1101 2 0 0 0 2
1102 2 0 0 0 2
1103 2 0 0 0 2
1104 2 0 0 0 2
1105 2 0 0 0 2
1106 2 0 0 0 2
1107 2 0 0 0 2
1108 2 0 0 0 2
1109 2 0 0 0 2
1110 2 0 0 0 2
1111 2 0 0 0 2
1112 2 0 0 0 2
1113 2 0 0 0 2
1114 2 0 0 0 2
1115 2 0 0 0 2
1116 2 0 0 0 2
1117 2 0 0 0 2
1118 2 0 0 0 2
1119 2 0 0 0 2
1120 2 0 0 0 2
1121 2 0 0 0 2
1122 2 0 0 0 2
1123 2 0 0 0 2
1124 2 0 0 0 2
1125 2 0 0 0 2
1126 2 0 0 0 2
1127 2 0 0 0 2
1128 2 0 0 0 2
1129 2 0 0 0 2
1130 2 0 0 0 2
1131 2 0 0 0 2
1132 2 0 0 0 2
1133 2 0 0 0 2
1134 2 0 0 0 2
1135 2 0 0 0 2
1136 2 0 0 0 2
1137 2 0 0 0 2
1138 2 0 0 0 2
1139 2 0 0 0 2
1140 2 0 0 0 2
1141 2 0 0 0 2
1142 2 0 0 0 2
1143 2 0 0 0 2
1144 2 0 0 0 2
1145 2 0 0 0 2
1146 2 0 0 0 2
1147 2 0 0 0 2
1148 2 0 0 0 2
1149 2 0 0 0 2
1150 2 0 0 0 2
1151 2 0 0 0 2
1152 2 0 0 0 2
1153 2 0 0 0 2
1154 2 0 0 0 2
1155 2 0 0 0 2
1156 2 0 0 0 2
1157 2 0 0 0 2
1158 2 0 0 0 2
1159 2 0 0 0 2
1160 2 0 0 0 2
1161 2 0 0 0 2
1162 2 0 0 0 2
1163 2 0 0 0 2
1164 2 0 0 0 2
1165 2 0 0 0 2
1166 2 0 0 0 2
1167 2 0 0 0 2
1168 2 0 0 0 2
1169 2 0 0 0 2
1170 2 0 0 0 2
1171 2 0 0 0 2
1172 2 0 0 0 2
1173 2 0 0 0 2
1174 2 0 0 0 2
1175 2 0 0 0 2
1176 2 0 0 0 2
1177 2 0 0 0 2
1178 2 0 0 0 2
1179 2 0 0 0 2
1180 2 0 0 0 2
1181 2 0 0 0 2
1182 2 0 0 0 2
1183 2 0 0 0 2
1184 2 0 0 0 2
1185 2 0 0 0 2
1186 2 0 0 0 2
1187 2 0 0 0 2
1188 2 0 0 0 2
1189 2 0 0 0 2
1190 2 0 0 0 2
1191 2 0 0 0 2
1192 2 0 0 0 2
1193 2 0 0 0 2
1194 2 0 0 0 2
1195 2 0 0 0 2
1196 2 0 0 0 2
1197 2 0 0 0 2
1198 2 0 0 0 2
1199 2 0 0 0 2
1200 2 0 0 0 2
1201 2 0 0 0 2
1202 2 0 0 0 2
1203 2 0 0 0 2
1204 2 0 0 0 2
1205 2 0 0 0 2
1206 2 0 0 0 2
1207 2 0 0 0 2
1208 2 0 0 0 2
1209 2 0 0 0 2
1210 2 0 0 0 2
1211 2 0 0 0 2
1212 2 0 0 0 2
1213 2 0 0 0 2
1214 2 0 0 0 2
1215 2 0 0 0 2
1216 2 0 0 0 2
1217 2 0 0 0 2
1218 2 0 0 0 2
1219 2 0 0 0 2
1220 2 0 2 0 2
1221 2 0 2 0 2
1222 2 0 2 0 2
1223 2 0 2 0 2
1224 2 0 2 0 2
1225 2 0 2 0 2
1226 2 0 2 0 2
1227 2 0 2 0 2
1228 2 0 2 0 2
1229 2 0 2 0 2
1230 0 0 2 0 2
1231 0 0 2 0 2
1232 0 0 2 0 2
1233 0 0 2 0 2
1234 0 0 2 0 2
1235 0 0 2 0 2
1236 0 0 2 0 2
1237 0 0 2 0 2
1238 0 0 2 0 2
1239 0 0 2 0 2
1240 0 0 2 0 2
1241 0 0 2 0 2
1242 0 0 2 0 2
1243 0 0 2 0 2
1244 0 0 2 0 2
1245 0 0 2 0 2
1246 0 0 2 0 2
1247 0 0 2 0 2
1248 0 0 2 0 2
1249 0 0 2 0 2
1250 0 0 2 0 2
1251 0 0 2 0 2
1252 0 0 2 0 2
1253 0 0 2 0 2
1254 0 0 2 0 2
1255 0 0 2 0 2
1256 0 0 2 0 2
1257 0 0 2 0 2
1258 0 0 2 0 2
1259 0 0 2 0 2
1260 0 0 2 0 2
1261 0 0 2 0 2
1262 0 0 2 0 2
1263 0 0 2 0 2
1264 0 0 2 0 2
1265 0 0 2 0 2
1266 0 0 2 0 2
1267 0 0 2 0 2
1268 0 0 2 0 2
1269 0 0 2 0 2
1270 0 0 2 0 2
1271 0 0 2 0 2
1272 0 0 2 0 2
1273 0 0 2 0 2
1274 0 0 2 0 2
1275 0 0 2 0 2
1276 0 0 2 0 2
1277 0 0 2 0 2
1278 0 0 2 0 2
1279 0 0 2 0 2
1280 0 0 2 0 2
1281 0 0 2 0 2
1282 0 0 2 0 2
1283 0 0 2 0 2
1284 0 0 2 0 2
1285 0 0 2 0 2
1286 0 0 2 0 2
1287 0 0 2 0 2
1288 0 0 2 0 2
1289 0 0 2 0 2
1290 0 0 2 0 2
1291 0 0 2 0 2
1292 0 0 2 0 2
1293 0 0 2 0 2
1294 0 0 2 0 2
1295 0 0 2 0 2
1296 0 0 2 0 2
1297 0 0 2 0 2
1298 0 0 2 0 2
1299 0 0 2 0 2
1300 0 0 2 0 2
1301 0 0 2 0 2
1302 0 0 2 0 2
1303 0 0 2 0 2
1304 0 0 2 0 2
1305 0 0 2 0 2
1306 0 0 2 0 2
1307 0 0 2 0 2
1308 0 0 2 0 2
1309 0 0 2 0 2
1310 2 0 2 0 2
1311 2 0 2 0 2
1312 2 0 2 0 2
1313 2 0 2 0 2
1314 2 0 2 0 2
1315 2 0 2 0 2
1316 2 0 2 0 2
1317 2 0 2 0 2
1318 2 0 2 0 2
1319 2 0 2 0 2
1320 2 0 0 0 2
1321 2 0 0 0 2
1322 2 0 0 0 2
1323 2 0 0 0 2
1324 2 0 0 0 2
1325 2 0 0 0 2
1326 2 0 0 0 2
1327 2 0 0 0 2
1328 2 0 0 0 2
1329 2 0 0 0 2
1330 2 0 0 0 2
1331 2 0 0 0 2
1332 2 0 0 0 2
1333 2 0 0 0 2
1334 2 0 0 0 2
1335 2 0 0 0 2
1336 2 0 0 0 2
1337 2 0 0 0 2
1338 2 0 0 0 2
1339 2 0 0 0 2
1340 2 0 0 0 2
1341 2 0 0 0 2
1342 2 0 0 0 2
1343 2 0 0 0 2
1344 2 0 0 0 2
1345 2 0 0 0 2
1346 2 0 0 0 2
1347 2 0 0 0 2
1348 2 0 0 0 2
1349 2 0 0 0 2
1350 2 0 0 0 2
1351 2 0 0 0 2
1352 2 0 0 0 2
1353 2 0 0 0 2
1354 2 0 0 0 2
1355 2 0 0 0 2
1356 2 0 0 0 2
1357 2 0 0 0 2
1358 2 0 0 0 2
1359 2 0 0 0 2
1360 2 0 0 0 2
1361 2 0 0 0 2
1362 2 0 0 0 2
1363 2 0 0 0 2
1364 2 0 0 0 2
1365 2 0 0 0 2
1366 2 0 0 0 2
1367 2 0 0 0 2
1368 2 0 0 0 2
1369 2 0 0 0 2
1370 2 0 0 0 2
1371 2 0 0 0 2
1372 2 0 0 0 2
1373 2 0 0 0 2
1374 2 0 0 0 2
1375 2 0 0 0 2
1376 2 0 0 0 2
1377 2 0 0 0 2
1378 2 0 0 0 2
1379 2 0 0 0 2
1380 2 0 0 0 2
1381 2 0 0 0 2
1382 2 0 0 0 2
1383 2 0 0 0 2
1384 2 0 0 0 2
1385 2 0 0 0 2
1386 2 0 0 0 2
1387 2 0 0 0 2
1388 2 0 0 0 2
1389 2 0 0 0 2
1390 2 0 0 0 2
1391 2 0 0 0 2
1392 2 0 0 0 2
1393 2 0 0 0 2
1394 2 0 0 0 2
1395 2 0 0 0 2
1396 2 0 0 0 2
1397 2 0 0 0 2
1398 2 0 0 0 2
1399 2 0 0 0 2
1400 2 0 0 0 2
1401 2 0 0 0 2
1402 2 0 0 0 2
1403 2 0 0 0 2
1404 2 0 0 0 2
1405 2 0 0 0 2
1406 2 0 0 0 2
1407 2 0 0 0 2
1408 2 0 0 0 2
1409 2 0 0 0 2
1410 2 0 0 0 2
1411 2 0 0 0 2
1412 2 0 0 0 2
1413 2 0 0 0 2
1414 2 0 0 0 2
1415 2 0 0 0 2
1416 2 0 0 0 2
1417 2 0 0 0 2
1418 2 0 0 0 2
1419 2 0 0 0 2
1420 2 0 0 0 2
1421 2 0 0 0 2
1422 2 0 0 0 2
1423 2 0 0 0 2
1424 2 0 0 0 2
1425 2 0 0 0 2
1426 2 0 0 0 2
1427 2 0 0 0 2
1428 2 0 0 0 0
1429 2 0 0 0 0
1430 2 0 0 0 0
1431 2 0 0 0 0
1432 2 0 0 0 0
1433 2 0 0 0 0
1434 2 0 0 0 0
1435 2 0 0 0 0
1436 2 0 0 0 0
1437 2 0 0 0 0
1438 2 0 0 0 0
1439 2 0 0 0 0
1440 2 0 0 0 0
1441 2 0 0 0 0
1442 2 0 0 0 0
1443 2 0 0 0 0
1444 2 0 0 0 0
1445 2 0 0 0 0
1446 2 0 0 0 0
1447 2 0 0 0 0
1448 2 0 0 0 0
1449 2 0 0 0 0
1450 2 0 0 0 0
1451 2 0 0 0 0
1452 2 0 0 0 0
1453 2 0 0 0 0
1454 2 0 0 0 0
1455 2 0 0 0 0
1456 2 0 0 0 0
1457 2 0 0 0 0
1458 2 0 0 0 0
1459 2 0 0 0 0
1460 2 0 0 0 0
1461 2 0 0 0 0
1462 2 0 0 0 0
1463 2 0 0 0 0
1464 2 0 0 0 0
1465 2 0 0 0 0
1466 2 0 0 0 0
1467 2 0 0 0 0
1468 2 0 0 0 0
1469 2 0 0 0 0
1470 2 0 0 0 0
1471 2 0 0 0 0
1472 2 0 0 0 0
1473 2 0 0 0 0
1474 2 0 0 0 0
1475 2 0 0 0 0
1476 2 0 0 0 0
1477 2 0 0 0 0
1478 2 0 0 0 0
1479 2 0 0 0 0
1480 2 0 0 0 0
1481 2 0 0 0 0
1482 2 0 0 0 0
1483 2 0 0 0 0
1484 2 0 0 0 0
1485 2 0 0 0 0
1486 2 0 0 0 0
1487 2 0 0 0 0
1488 2 0 0 0 0
1489 2 0 0 0 0
1490 2 0 0 0 0
1491 2 0 0 0 0
1492 2 0 0 0 0
1493 2 0 0 0 0
1494 2 0 0 0 0
1495 2 0 0 0 0
1496 2 0 0 0 0
1497 2 0 0 0 0
1498 2 0 0 0 0
1499 2 0 0 0 0
1500 2 0 0 0 0
1501 2 0 0 0 0
1502 2 0 0 0 0
1503 2 0 0 0 0
1504 2 0 0 0 0
1505 2 0 0 0 0
1506 2 0 0 0 0
1507 2 0 0 0 0
1508 2 0 0 0 0
1509 2 0 0 0 0
1510 2 0 0 0 0
1511 2 0 0 0 0
1512 2 0 0 0 0
1513 2 0 0 0 0
1514 2 0 0 0 0
1515 2 0 0 0 0
1516 2 0 0 0 0
1517 2 0 0 0 0
1518 2 0 0 0 0
1519 2 0 0 0 0
1520 2 0 0 0 0
1521 2 0 0 0 0
1522 2 0 0 0 0
1523 2 0 0 0 0
1524 2 0 0 0 0
1525 2 0 0 0 0
1526 2 0 0 0 0
1527 2 0 0 0 0
1528 2 0 0 0 0
1529 2 0 0 0 0
1530 2 0 0 0 0
1531 2 0 0 0 0
1532 2 0 0 0 0
1533 2 0 0 0 0
1534 2 0 0 0 0
1535 2 0 0 0 0
1536 2 0 0 0 0
1537 2 0 0 0 0
1538 2 0 0 0 0
1539 2 0 0 0 0
1540 2 0 0 0 0
1541 2 0 0 0 0
1542 2 0 0 0 0
1543 2 0 0 0 0
1544 2 0 0 0 0
1545 2 0 0 0 0
1546 2 0 0 0 0
1547 2 0 0 0 0
1548 2 0 0 0 0
1549 2 0 0 0 0
1550 2 0 2 0 0
1551 2 0 2 0 0
1552 2 0 2 0 0
1553 2 0 2 0 0
1554 2 0 2 0 0
1555 2 0 2 0 0
1556 2 0 2 0 0
1557 2 0 2 0 0
1558 2 0 2 0 0
1559 2 0 2 0 0
1560 0 2 2 0 0
1561 0 2 2 0 0
1562 0 2 2 0 0
1563 0 2 2 0 0
1564 0 2 2 0 0
1565 0 2 2 0 0
1566 0 2 2 0 0
1567 0 2 2 0 0
1568 0 2 2 0 0
1569 0 2 2 0 0
1570 0 0 2 0 0
1571 0 0 2 0 0
1572 0 0 2 0 0
1573 0 0 2 0 0
1574 0 0 2 0 0
1575 0 0 2 0 0
1576 0 0 2 0 0
1577 0 0 2 0 0
1578 0 0 2 0 0
1579 0 0 2 0 0
1580 0 0 2 0 0
1581 0 0 2 0 0
1582 0 0 2 0 0
1583 0 0 2 0 0
1584 0 0 2 0 0
1585 0 0 2 0 0
1586 0 0 2 0 0
1587 0 0 2 0 0
1588 0 0 2 0 0
1589 0 0 2 0 0
1590 0 0 2 0 0
1591 0 0 2 0 0
1592 0 0 2 0 0
1593 0 0 2 0 0
1594 0 0 2 0 0
1595 0 0 2 0 0
1596 0 0 2 0 0
1597 0 0 2 0 0
1598 0 0 2 0 0
1599 0 0 2 0 0
1600 0 0 2 0 0
1601 0 0 2 0 0
1602 0 0 2 0 0
1603 0 0 2 0 0
1604 0 0 2 0 0
1605 0 0 2 0 0
1606 0 0 2 0 0
1607 0 0 2 0 0
1608 0 0 2 0 0
1609 0 0 2 0 0
1610 0 0 2 0 0
1611 0 0 2 0 0
1612 0 0 2 0 0
1613 0 0 2 0 0
1614 0 0 2 0 0
1615 0 0 2 0 0
1616 0 0 2 0 0
1617 0 0 2 0 0
1618 0 0 2 0 0
1619 0 0 2 0 0
1620 0 0 2 0 0
1621 0 0 2 0 0
1622 0 0 2 0 0
1623 0 0 2 0 0
1624 0 0 2 0 0
1625 0 0 2 0 0
1626 0 0 2 0 0
1627 0 0 2 0 0
1628 0 0 2 0 0
1629 0 0 2 0 0
1630 0 0 2 0 0
1631 0 0 2 0 0
1632 0 0 2 0 0
1633 0 0 2 0 0
1634 0 0 2 0 0
1635 0 0 2 0 0
1636 0 0 2 0 0
1637 0 0 2 0 0
1638 0 0 2 0 0
1639 0 0 2 0 0
1640 0 0 2 0 0
1641 0 0 2 0 0
1642 0 0 2 0 0
1643 0 0 2 0 0
1644 0 0 2 0 0
1645 0 0 2 0 0
1646 0 0 2 0 0
1647 0 0 2 0 0
1648 0 0 2 0 0
1649 0 0 2 0 0
1650 0 0 2 0 0
1651 0 0 2 0 0
1652 0 0 2 0 0
1653 0 0 2 0 0
1654 0 0 2 0 0
1655 0 0 2 0 0
1656 0 0 2 0 0
1657 0 0 2 0 0
1658 0 0 2 0 0
1659 0 0 2 0 0
1660 0 0 2 0 0
1661 0 0 2 0 0
1662 0 0 2 0 0
1663 0 0 2 0 0
1664 0 0 2 0 0
1665 0 0 2 0 0
1666 0 0 2 0 0
1667 0 0 2 0 0
1668 0 0 2 0 0
1669 0 0 2 0 0
1670 0 5 2 0 0
1671 0 5 2 0 0
1672 0 5 2 0 0
1673 0 5 2 0 0
1674 0 5 2 0 0
1675 0 5 2 0 0
1676 0 5 2 0 0
1677 0 5 2 0 0
1678 0 5 2 0 0
1679 0 5 2 0 0
1680 5 0 2 0 0
1681 5 0 2 0 0
1682 5 0 2 0 0
1683 5 0 2 0 0
1684 5 0 2 0 0
1685 5 0 2 0 0
1686 5 0 2 0 0
1687 5 0 2 0 0
1688 5 0 2 0 0
1689 5 0 2 0 0
1690 5 0 2 0 0
1691 5 0 2 0 0
1692 5 0 2 0 0
1693 5 0 2 0 0
1694 5 0 2 0 0
1695 5 0 2 0 0
1696 5 0 2 0 0
1697 5 0 2 0 0
1698 5 0 2 0 0
1699 5 0 2 0 0
1700 5 0 2 0 0
1701 5 0 2 0 0
1702 5 0 2 0 0
1703 5 0 2 0 0
1704 5 0 2 0 0
1705 5 0 2 0 0
1706 5 0 2 0 0
1707 5 0 2 0 0
1708 5 0 2 0 0
1709 5 0 2 0 0
1710 5 0 2 0 0
1711 5 0 2 0 0
1712 5 0 2 0 0
1713 5 0 2 0 0
1714 5 0 2 0 0
1715 5 0 2 0 0
1716 5 0 2 0 0
1717 5 0 2 0 0
1718 5 0 2 0 0
1719 5 0 2 0 0
1720 5 0 2 0 0
1721 5 0 2 0 0
1722 5 0 2 0 0
1723 5 0 2 0 0
1724 5 0 2 0 0
1725 5 0 2 0 0
1726 5 0 2 0 0
1727 5 0 2 0 0
1728 5 0 2 0 0
1729 5 0 2 0 0
1730 5 0 2 0 0
1731 5 0 2 0 0
1732 5 0 2 0 0
1733 5 0 2 0 0
1734 5 0 2 0 0
1735 5 0 2 0 0
1736 5 0 2 0 0
1737 5 0 2 0 0
1738 5 0 2 0 0
1739 5 0 2 0 0
1740 5 0 2 0 0
1741 5 0 2 0 0
1742 5 0 2 0 0
1743 5 0 2 0 0
1744 5 0 2 0 0
1745 5 0 2 0 0
1746 5 0 2 0 0
1747 5 0 2 0 0
1748 5 0 2 0 0
1749 5 0 2 0 0
1750 5 0 2 0 0
1751 5 0 2 0 0
1752 5 0 2 0 0
1753 5 0 2 0 0
1754 5 0 2 0 0
1755 5 0 2 0 0
1756 5 0 2 0 0
1757 5 0 2 0 0
1758 5 0 2 0 0
1759 5 0 2 0 0
1760 5 0 2 0 0
1761 5 0 2 0 0
1762 5 0 2 0 0
1763 5 0 2 0 0
1764 5 0 2 0 0
1765 5 0 2 0 0
1766 5 0 2 0 0
1767 5 0 2 0 0
1768 5 0 2 0 0
1769 5 0 2 0 0
1770 5 0 2 0 0
1771 5 0 2 0 0
1772 5 0 2 0 0
1773 5 0 2 0 0
1774 5 0 2 0 0
1775 5 0 2 0 0
1776 5 0 2 0 0
1777 5 0 2 0 0
1778 5 0 2 0 0
1779 5 0 2 0 0
1780 5 0 2 0 0
1781 5 0 2 0 0
1782 5 0 2 0 0
1783 5 0 2 0 0
1784 5 0 2 0 0
1785 5 0 2 0 0
1786 5 0 2 0 0
1787 5 0 2 0 0
1788 5 0 2 0 0
1789 5 0 2 0 0
1790 5 0 2 0 0
1791 5 0 2 0 0
1792 5 0 2 0 0
1793 5 0 2 0 0
1794 5 0 2 0 0
1795 5 0 2 0 0
1796 5 0 2 0 0
1797 5 0 2 0 0
1798 5 0 2 0 0
1799 5 0 2 0 0
1800 5 0 2 0 0
1801 5 0 2 0 0
1802 5 0 2 0 0
1803 5 0 2 0 0
1804 5 0 2 0 0
1805 5 0 2 0 0
1806 5 0 2 0 0
1807 5 0 2 0 0
1808 5 0 2 0 0
1809 5 0 2 0 0
1810 5 0 2 0 0
1811 5 0 2 0 0
1812 5 0 2 0 0
1813 5 0 2 0 0
1814 5 0 2 0 0
1815 5 0 2 0 0
1816 5 0 2 0 0
1817 5 0 2 0 0
1818 5 0 2 0 0
1819 5 0 2 0 0
1820 5 0 2 0 0
1821 5 0 2 0 0
1822 5 0 2 0 0
1823 5 0 2 0 0
1824 5 0 2 0 0
1825 5 0 2 0 0
1826 5 0 2 0 0
1827 5 0 2 0 0
1828 5 0 2 0 0
1829 5 0 2 0 0
1830 5 0 2 0 0
1831 5 0 2 0 0
1832 5 0 2 0 0
1833 5 0 2 0 0
1834 5 0 2 0 0
1835 5 0 2 0 0
1836 5 0 2 0 0
1837 5 0 2 0 0
1838 5 0 2 0 0
1839 5 0 2 0 0
1840 5 0 2 0 0
1841 5 0 2 0 0
1842 5 0 2 0 0
1843 5 0 2 0 0
1844 5 0 2 0 0
1845 5 0 2 0 0
1846 5 0 2 0 0
1847 5 0 2 0 0
1848 5 0 2 0 0
1849 5 0 2 0 2
1850 5 0 2 0 2
1851 5 0 2 0 2
1852 5 0 2 0 2
1853 5 0 2 0 2
1854 5 0 2 0 2
1855 5 0 2 0 2
1856 5 0 2 0 2
1857 5 0 2 0 2
1858 5 0 2 0 2
1859 5 0 2 0 2
1860 5 0 2 0 2
1861 5 0 2 0 2
1862 5 0 2 0 2
1863 5 0 2 0 2
1864 5 0 2 0 0
1865 5 0 2 0 0
1866 5 0 2 0 0
1867 5 0 2 0 0
1868 5 0 2 0 0
1869 5 0 2 0 0
1870 5 0 2 0 0
1871 5 0 2 0 0
1872 5 0 2 0 0
1873 5 0 2 0 0
1874 5 0 2 0 0
1875 5 0 2 0 0
1876 5 0 2 0 0
1877 5 0 2 0 0
1878 5 0 2 0 0
1879 5 0 2 0 0
1880 5 0 2 0 0
1881 5 0 2 0 0
1882 5 0 2 0 0
1883 5 0 2 0 0
1884 5 0 2 0 0
1885 5 0 2 0 0
1886 5 0 2 0 0
1887 5 0 2 0 0
1888 5 0 2 0 0
1889 5 0 2 0 0
1890 5 0 2 0 0
1891 5 0 2 0 0
1892 5 0 2 0 0
1893 5 0 2 0 0
1894 5 0 2 0 0
1895 5 0 2 0 0
1896 5 0 2 0 0
1897 5 0 2 0 0
1898 5 0 2 0 0
1899 5 0 2 0 0
1900 5 0 2 0 0
1901 5 0 2 0 0
1902 5 0 2 0 0
1903 5 0 2 0 0
1904 5 0 2 0 0
1905 5 0 2 0 0
1906 5 0 2 0 0
1907 5 0 2 0 0
1908 5 0 2 0 0
1909 5 0 2 0 0
1910 5 0 2 0 1
1911 5 0 2 0 1
1912 5 0 2 0 1
1913 5 0 2 0 1
1914 5 0 2 0 1
1915 5 0 2 0 1
1916 5 0 2 0 1
1917 5 0 2 0 1
1918 5 0 2 0 1
1919 5 0 2 0 1
1920 5 0 2 0 1
1921 5 0 2 0 1
1922 5 0 2 0 1
1923 5 0 2 0 1
1924 5 0 2 0 1
1925 5 0 2 0 1
1926 5 0 2 0 1
1927 5 0 2 0 1
1928 5 0 2 0 1
1929 5 0 2 0 1
1930 5 0 2 0 1
1931 5 0 2 0 1
1932 5 0 2 0 1
1933 5 0 2 0 1
1934 5 0 2 0 1
1935 5 0 2 0 1
1936 5 0 2 0 1
1937 5 0 2 0 1
1938 5 0 2 0 1
1939 5 0 2 0 1
1940 5 0 2 0 2
1941 5 0 2 0 2
1942 5 0 2 0 2
1943 5 0 2 0 2
1944 5 0 2 0 2
1945 5 0 2 0 2
1946 5 0 2 0 2
1947 5 0 2 0 2
1948 5 0 2 0 2
1949 5 0 2 0 2
1950 5 0 2 0 2
1951 5 0 2 0 2
1952 5 0 2 0 2
1953 5 0 2 0 2
1954 5 0 2 0 2
1955 5 0 2 0 2
1956 5 0 2 0 2
1957 5 0 2 0 2
1958 5 0 2 0 2
1959 5 0 2 0 2
1960 0 0 2 0 2
1961 0 0 2 0 2
1962 0 0 2 0 2
1963 0 0 2 0 2
1964 0 0 2 0 2
1965 0 0 2 0 2
1966 0 0 2 0 2
1967 0 0 2 0 2
1968 0 0 2 0 2
1969 0 0 2 0 2
1970 0 0 2 0 2
1971 0 0 2 0 2
1972 0 0 2 0 2
1973 0 0 2 0 2
1974 0 0 2 0 2
1975 0 0 2 0 2
1976 0 0 2 0 2
1977 0 0 2 0 2
1978 0 0 2 0 2
1979 0 0 2 0 2
1980 0 0 2 0 2
1981 0 0 2 0 2
1982 0 0 2 0 2
1983 0 0 2 0 2
1984 0 0 2 0 2
1985 0 0 2 0 2
1986 0 0 2 0 2
1987 0 0 2 0 2
1988 0 0 2 0 2
1989 0 0 2 0 2
1990 0 0 2 0 2
1991 0 0 2 0 2
1992 0 0 2 0 2
1993 0 0 2 0 2
1994 0 0 2 0 2
1995 0 0 2 0 2
1996 0 0 2 0 2
1997 0 0 2 0 2
1998 0 0 2 0 2
1999 0 0 2 0 2
2000 0 0 2 0 2
2001 0 0 2 0 2
2002 0 0 2 0 2
2003 0 0 2 0 2
2004 0 0 2 0 2
2005 0 0 2 0 2
2006 0 0 2 0 2
2007 0 0 2 0 2
2008 0 0 2 0 2
2009 0 0 2 0 2
2010 0 0 2 0 2
2011 0 0 2 0 2
2012 0 0 2 0 2
2013 0 0 2 0 2
2014 0 0 2 0 2
2015 0 0 2 0 2
2016 0 0 2 0 2
2017 0 0 2 0 2
2018 0 0 2 0 2
2019 0 0 2 0 2
2020 0 0 2 0 2
2021 0 0 2 0 2
2022 0 0 2 0 2
2023 0 0 2 0 2
2024 0 0 2 0 2
2025 0 0 2 0 2
2026 0 0 2 0 2
2027 0 0 2 0 2
2028 0 0 2 0 2
2029 0 0 2 0 2
2030 0 0 2 0 2
2031 0 0 2 0 2
2032 0 0 2 0 2
2033 0 0 2 0 2
2034 0 0 2 0 2
2035 0 0 2 0 2
2036 0 0 2 0 2
2037 0 0 2 0 2
2038 0 0 2 0 2
2039 0 0 2 0 2
2040 0 0 2 0 2
2041 0 0 2 0 2
2042 0 0 2 0 2
2043 0 0 2 0 2
2044 0 0 2 0 2
2045 0 0 2 0 2
2046 0 0 2 0 2
2047 0 0 2 0 2
2048 0 0 2 0 2
2049 0 0 2 0 2
2050 2 0 2 0 2
2051 2 0 2 0 2
2052 2 0 2 0 2
2053 2 0 2 0 2
2054 2 0 2 0 2
2055 2 0 2 0 2
2056 2 0 2 0 2
2057 2 0 2 0 2
2058 2 0 2 0 2
2059 2 0 2 0 2
2060 2 0 2 0 2
2061 2 0 2 0 2
2062 2 0 2 0 2
2063 2 0 2 0 2
2064 2 0 2 0 2
2065 2 0 2 0 2
2066 2 0 2 0 2
2067 2 0 2 0 2
2068 2 0 2 0 2
2069 2 0 2 0 2
2070 2 0 0 0 2
2071 2 0 0 0 2
2072 2 0 0 0 2
2073 2 0 0 0 2
2074 2 0 0 0 2
2075 2 0 0 0 2
2076 2 0 0 0 2
2077 2 0 0 0 2
2078 2 0 0 0 2
2079 2 0 0 0 2
2080 2 0 0 0 2
2081 2 0 0 0 2
2082 2 0 0 0 2
2083 2 0 0 0 2
2084 2 0 0 0 2
2085 2 0 0 0 2
2086 2 0 0 0 2
2087 2 0 0 0 2
2088 2 0 0 0 2
2089 2 0 0 0 2
2090 2 0 0 0 2
2091 2 0 0 0 2
2092 2 0 0 0 2
2093 2 0 0 0 2
2094 2 0 0 0 2
2095 2 0 0 0 2
2096 2 0 0 0 2
2097 2 0 0 0 2
2098 2 0 0 0 2
2099 2 0 0 0 2
2100 2 0 0 0 2
2101 2 0 0 0 2
2102 2 0 0 0 2
2103 2 0 0 0 2
2104 2 0 0 0 2
2105 2 0 0 0 2
2106 2 0 0 0 2
2107 2 0 0 0 2
2108 2 0 0 0 2
2109 2 0 0 0 2
2110 2 0 0 0 2
2111 2 0 0 0 2
2112 2 0 0 0 2
2113 2 0 0 0 2
2114 2 0 0 0 2
2115 2 0 0 0 2
2116 2 0 0 0 2
2117 2 0 0 0 2
2118 2 0 0 0 2
2119 2 0 0 0 2
2120 2 0 0 0 2
2121 2 0 0 0 2
2122 2 0 0 0 2
2123 2 0 0 0 2
2124 2 0 0 0 2
2125 2 0 0 0 2
2126 2 0 0 0 2
2127 2 0 0 0 2
2128 2 0 0 0 2
2129 2 0 0 0 2
2130 2 0 0 0 2
2131 2 0 0 0 2
2132 2 0 0 0 2
2133 2 0 0 0 2
2134 2 0 0 0 2
2135 2 0 0 0 2
2136 2 0 0 0 2
2137 2 0 0 0 2
2138 2 0 0 0 2
2139 2 0 0 0 2
2140 2 0 0 0 2
2141 2 0 0 0 2
2142 2 0 0 0 2
2143 2 0 0 0 2
2144 2 0 0 0 2
2145 2 0 0 0 2
2146 2 0 0 0 2
2147 2 0 0 0 2
2148 2 0 0 0 2
2149 2 0 0 0 2
2150 2 0 0 0 2
2151 2 0 0 0 2
2152 2 0 0 0 2
2153 2 0 0 0 2
2154 2 0 0 0 2
2155 2 0 0 0 2
2156 2 0 0 0 2
2157 2 0 0 0 2
2158 2 0 0 0 2
2159 2 0 0 0 2
2160 2 0 0 0 2
2161 2 0 0 0 2
2162 2 0 0 0 2
2163 2 0 0 0 2
2164 2 0 0 0 2
2165 2 0 0 0 2
2166 2 0 0 0 2
2167 2 0 0 0 2
2168 2 0 0 0 2
2169 2 0 0 0 2
2170 2 0 0 0 2
2171 2 0 0 0 2
2172 2 0 0 0 2
2173 2 0 0 0 2
2174 2 0 0 0 2
2175 2 0 0 0 2
2176 2 0 0 0 2
2177 2 0 0 0 2
2178 2 0 0 0 2
2179 2 0 0 0 2
2180 2 0 0 0 2
2181 2 0 0 0 2
2182 2 0 0 0 2
2183 2 0 0 0 2
2184 2 0 0 0 2
2185 2 0 0 0 2
2186 2 0 0 0 2
2187 2 0 0 0 2
2188 2 0 0 0 2
2189 2 0 0 0 2
2190 2 0 0 0 2
2191 2 0 0 0 2
2192 2 0 0 0 2
2193 2 0 0 0 2
2194 2 0 0 0 2
2195 2 0 0 0 2
2196 2 0 0 0 2
2197 2 0 0 0 2
2198 2 0 0 0 2
2199 2 0 0 0 2
2200 2 0 0 0 2
2201 2 0 0 0 2
2202 2 0 0 0 2
2203 2 0 0 0 2
2204 2 0 0 0 2
2205 2 0 0 0 2
2206 2 0 0 0 2
2207 2 0 0 0 2
2208 2 0 0 0 2
2209 2 0 0 0 2
2210 2 0 0 0 0
2211 2 0 0 0 0
2212 2 0 0 0 0
2213 2 0 0 0 0
2214 2 0 0 0 0
2215 2 0 0 0 0
2216 2 0 0 0 0
2217 2 0 0 0 0
2218 2 0 0 0 0
2219 2 0 0 0 0
2220 2 0 0 0 0
2221 2 0 0 0 0
2222 2 0 0 0 0
2223 2 0 0 0 0
2224 2 0 0 0 0
2225 2 0 0 0 0
2226 2 0 0 0 0
2227 2 0 0 0 0
2228 2 0 0 0 0
2229 2 0 0 0 0
2230 2 0 0 0 0
2231 2 0 0 0 0
2232 2 0 0 0 0
2233 2 0 0 0 0
2234 2 0 0 0 0
2235 2 0 0 0 0
2236 2 0 0 0 0
2237 2 0 0 0 0
2238 2 0 0 0 0
2239 2 0 0 0 0
2240 2 0 0 0 0
2241 2 0 0 0 0
2242 2 0 0 0 0
2243 2 0 0 0 0
2244 2 0 0 0 0
2245 2 0 0 0 0
2246 2 0 0 0 0
2247 2 0 0 0 0
2248 2 0 0 0 0
2249 2 0 0 0 0
2250 2 0 0 0 0
2251 2 0 0 0 0
2252 2 0 0 0 0
2253 2 0 0 0 0
2254 2 0 0 0 0
2255 2 0 0 0 0
2256 2 0 0 0 0
2257 2 0 0 0 0
2258 2 0 0 0 0
2259 2 0 0 0 0
2260 2 0 0 0 0
2261 2 0 0 0 0
2262 2 0 0 0 0
2263 2 0 0 0 0
2264 2 0 0 0 0
2265 2 0 0 0 0
2266 2 0 0 0 0
2267 2 0 0 0 0
2268 2 0 0 0 0
2269 2 0 0 0 0
2270 2 0 0 0 0
2271 2 0 0 0 0
2272 2 0 0 0 0
2273 2 0 0 0 0
2274 2 0 0 0 0
2275 2 0 0 0 0
2276 2 0 0 0 0
2277 2 0 0 0 0
2278 2 0 0 0 0
2279 2 0 0 0 0
2280 2 0 0 0 0
2281 2 0 0 0 0
2282 2 0 0 0 0
2283 2 0 0 0 0
2284 2 0 0 0 0
2285 2 0 0 0 0
2286 2 0 0 0 0
2287 2 0 0 0 0
2288 2 0 0 0 0
2289 2 0 0 0 0
2290 2 0 0 0 0
2291 2 0 0 0 0
2292 2 0 0 0 0
2293 2 0 0 0 0
2294 2 0 0 0 0
2295 2 0 0 0 0
2296 2 0 0 0 0
2297 2 0 0 0 0
2298 2 0 0 0 0
2299 2 0 0 0 0
2300 2 0 0 2 0
2301 2 0 0 2 0
2302 2 0 0 2 0
2303 2 0 0 2 0
2304 2 0 0 2 0
2305 2 0 0 2 0
2306 2 0 0 2 0
2307 2 0 0 2 0
2308 2 0 0 2 0
2309 2 0 0 2 0
2310 2 0 0 2 0
2311 2 0 0 2 0
2312 2 0 0 2 0
2313 2 0 0 2 0
2314 2 0 0 2 0
2315 2 0 0 2 0
2316 2 0 0 2 0
2317 2 0 0 2 0
2318 2 0 0 2 0
2319 2 0 0 2 0
2320 2 0 0 2 0
2321 2 0 0 2 0
2322 2 0 0 2 0
2323 2 0 0 2 0
2324 2 0 0 2 0
2325 2 0 0 2 0
2326 2 0 0 2 0
2327 2 0 0 2 0
2328 2 0 0 2 0
2329 2 0 0 2 0
2330 2 0 0 2 0
2331 2 0 0 2 0
2332 2 0 0 2 0
2333 2 0 0 2 0
2334 2 0 0 2 0
2335 2 0 0 2 0
2336 2 0 0 2 0
2337 2 0 0 2 0
2338 2 0 0 2 0
2339 2 0 0 2 0
2340 2 0 0 2 0
2341 2 0 0 2 0
2342 2 0 0 2 0
2343 2 0 0 2 0
2344 2 0 0 2 0
2345 2 0 0 2 0
2346 2 0 0 2 0
2347 2 0 0 2 0
2348 2 0 0 2 0
2349 2 0 0 2 0
2350 2 0 0 2 0
2351 2 0 0 2 0
2352 2 0 0 2 0
2353 2 0 0 2 0
2354 2 0 0 2 0
2355 2 0 0 2 0
2356 2 0 0 2 0
2357 2 0 0 2 0
2358 2 0 0 2 0
2359 2 0 0 0 0
2360 2 0 0 0 0
2361 2 0 0 0 0
2362 2 0 0 0 0
2363 2 0 0 0 0
2364 2 0 0 0 0
2365 2 0 0 0 0
2366 2 0 0 0 0
2367 2 0 0 0 0
2368 2 0 0 0 0
2369 2 0 0 0 0
2370 2 0 0 0 0
2371 2 0 0 0 0
2372 2 0 0 0 0
2373 2 0 0 0 0
2374 2 0 0 0 0
2375 2 0 0 0 0
2376 2 0 0 0 0
2377 2 0 0 0 0
2378 2 0 0 0 0
2379 2 0 0 0 0
2380 2 0 0 0 0
2381 2 0 0 0 0
2382 2 0 0 0 0
2383 2 0 0 0 0
2384 2 0 0 0 0
2385 2 0 0 0 0
2386 2 0 0 0 0
2387 2 0 0 0 0
2388 2 0 0 0 0
2389 2 0 0 0 0
2390 2 0 0 2 0
2391 2 0 0 2 0
2392 2 0 0 2 0
2393 2 0 0 2 0
2394 2 0 0 2 0
2395 2 0 0 2 0
2396 2 0 0 2 0
2397 2 0 0 2 0
2398 2 0 0 2 0
2399 2 0 0 2 0
2400 2 0 0 2 0
2401 2 0 0 2 0
2402 2 0 0 2 0
2403 2 0 0 2 0
2404 2 0 0 2 0
2405 2 0 0 2 0
2406 2 0 0 2 0
2407 2 0 0 2 0
2408 2 0 0 2 0
2409 2 0 0 2 0
2410 2 0 2 0 0
2411 2 0 2 0 0
2412 2 0 2 0 0
2413 2 0 2 0 0
2414 2 0 2 0 0
2415 2 0 2 0 0
2416 2 0 2 0 0
2417 2 0 2 0 0
2418 2 0 2 0 0
2419 2 0 2 0 0
2420 0 0 2 0 0
2421 0 0 2 0 0
2422 0 0 2 0 0
2423 0 0 2 0 0
2424 0 0 2 0 0
2425 0 0 2 0 0
2426 0 0 2 0 0
2427 0 0 2 0 0
2428 0 0 2 0 0
2429 0 0 2 0 0
2430 0 0 2 0 0
2431 0 0 2 0 0
2432 0 0 2 0 0
2433 0 0 2 0 0
2434 0 0 2 0 0
2435 0 0 2 0 0
2436 0 0 2 0 0
2437 0 0 2 0 0
2438 0 0 2 0 0
2439 0 0 2 0 0
2440 0 0 2 0 0
2441 0 0 2 0 0
2442 0 0 2 0 0
2443 0 0 2 0 0
2444 0 0 2 0 0
2445 0 0 2 0 0
2446 0 0 2 0 0
2447 0 0 2 0 0
2448 0 0 2 0 0
2449 0 0 2 0 0
2450 0 0 2 0 0
2451 0 0 2 0 0
2452 0 0 2 0 0
2453 0 0 2 0 0
2454 0 0 2 0 0
2455 0 0 2 0 0
2456 0 0 2 0 0
2457 0 0 2 0 0
2458 0 0 2 0 0
2459 0 0 2 0 0
2460 0 0 2 0 0
2461 0 0 2 0 0
2462 0 0 2 0 0
2463 0 0 2 0 0
2464 0 0 2 0 0
2465 0 0 2 0 0
2466 0 0 2 0 0
2467 0 0 2 0 0
2468 0 0 2 0 0
2469 0 0 2 0 0
2470 0 0 2 0 0
2471 0 0 2 0 0
2472 0 0 2 0 0
2473 0 0 2 0 0
2474 0 0 2 0 0
2475 0 0 2 0 0
2476 0 0 2 0 0
2477 0 0 2 0 0
2478 0 0 2 0 0
2479 0 0 2 0 0
2480 0 0 2 0 0
2481 0 0 2 0 0
2482 0 0 2 0 0
2483 0 0 2 0 0
2484 0 0 2 0 0
2485 0 0 2 0 0
2486 0 0 2 0 0
2487 0 0 2 0 0
2488 0 0 2 0 0
2489 0 0 2 0 0
2490 0 0 2 0 0
2491 0 0 2 0 0
2492 0 0 2 0 0
2493 0 0 2 0 0
2494 0 0 2 0 0
2495 0 0 2 0 0
2496 0 0 2 0 0
2497 0 0 2 0 0
2498 0 0 2 0 0
2499 0 0 2 0 0
2500 0 0 2 0 0
2501 0 0 2 0 0
2502 0 0 2 0 0
2503 0 0 2 0 0
2504 0 0 2 0 0
2505 0 0 2 0 0
2506 0 0 2 0 0
2507 0 0 2 0 0
2508 0 0 2 0 0
2509 0 0 2 0 0
2510 0 0 2 0 0
2511 0 0 2 0 0
2512 0 0 2 0 0
2513 0 0 2 0 0
2514 0 0 2 0 0
2515 0 0 2 0 0
2516 0 0 2 0 0
2517 0 0 2 0 0
2518 0 0 2 0 0
2519 0 0 2 0 0
2520 0 0 2 0 0
2521 0 0 2 0 0
2522 0 0 2 0 0
2523 0 0 2 0 0
2524 0 0 2 0 0
2525 0 0 2 0 0
2526 0 0 2 0 0
2527 0 0 2 0 0
2528 0 0 2 0 0
2529 0 0 2 0 0
2530 0 0 2 0 0
2531 0 0 2 0 0
2532 0 0 2 0 0
2533 0 0 2 0 0
2534 0 0 2 0 0
2535 0 0 2 0 0
2536 0 0 2 0 0
2537 0 0 2 0 0
2538 0 0 2 0 0
2539 0 0 2 0 0
2540 5 0 2 0 0
2541 5 0 2 0 0
2542 5 0 2 0 0
2543 5 0 2 0 0
2544 5 0 2 0 0
2545 5 0 2 0 0
2546 5 0 2 0 0
2547 5 0 2 0 0
2548 5 0 2 0 0
2549 5 0 2 0 0
2550 0 0 2 0 0
2551 0 0 2 0 0
2552 0 0 2 0 0
2553 0 0 2 0 0
2554 0 0 2 0 0
2555 0 0 2 0 0
2556 0 0 2 0 0
2557 0 0 2 0 0
2558 0 0 2 0 0
2559 0 0 2 0 0
2560 0 0 2 0 0
2561 0 0 2 0 0
2562 0 0 2 0 0
2563 0 0 2 0 0
2564 0 0 2 0 0
2565 0 0 2 0 0
2566 0 0 2 0 0
2567 0 0 2 0 0
2568 0 0 2 0 0
2569 0 0 2 0 0
2570 5 0 2 0 0
2571 5 0 2 0 0
2572 5 0 2 0 0
2573 5 0 2 0 0
2574 5 0 2 0 0
2575 5 0 2 0 0
2576 5 0 2 0 0
2577 5 0 2 0 0
2578 5 0 2 0 0
2579 5 0 2 0 0
2580 5 0 2 0 0
2581 5 0 2 0 0
2582 5 0 2 0 0
2583 5 0 2 0 0
2584 5 0 2 0 0
2585 5 0 2 0 0
2586 5 0 2 0 0
2587 5 0 2 0 0
2588 5 0 2 0 0
2589 5 0 2 0 0
2590 5 0 2 0 0
2591 5 0 2 0 0
2592 5 0 2 0 0
2593 5 0 2 0 0
2594 5 0 2 0 0
2595 5 0 2 0 0
2596 5 0 2 0 0
2597 5 0 2 0 0
2598 5 0 2 0 0
2599 5 0 2 0 0
2600 5 0 2 0 0
2601 5 0 2 0 0
2602 5 0 2 0 0
2603 5 0 2 0 0
2604 5 0 2 0 0
2605 5 0 2 0 0
2606 5 0 2 0 0
2607 5 0 2 0 0
2608 5 0 2 0 0
2609 5 0 2 0 0
2610 5 0 2 0 0
2611 5 0 2 0 0
2612 5 0 2 0 0
2613 5 0 2 0 0
2614 5 0 2 0 0
2615 5 0 2 0 0
2616 5 0 2 0 0
2617 5 0 2 0 0
2618 5 0 2 0 0
2619 5 0 2 0 0
2620 5 0 2 0 0
2621 5 0 2 0 0
2622 5 0 2 0 0
2623 5 0 2 0 0
2624 5 0 2 0 0
2625 5 0 2 0 0
2626 5 0 2 0 0
2627 5 0 2 0 0
2628 5 0 2 0 0
2629 5 0 2 0 0
2630 5 0 2 0 1
2631 5 0 2 0 1
2632 5 0 2 0 1
2633 5 0 2 0 1
2634 5 0 2 0 1
2635 5 0 2 0 1
2636 5 0 2 0 1
2637 5 0 2 0 1
2638 5 0 2 0 1
2639 5 0 2 0 1
2640 5 0 2 0 1
2641 5 0 2 0 1
2642 5 0 2 0 1
2643 5 0 2 0 1
2644 5 0 2 0 1
2645 5 0 2 0 1
2646 5 0 2 0 1
2647 5 0 2 0 1
2648 5 0 2 0 1
2649 5 0 2 0 1
2650 5 0 2 0 1
2651 5 0 2 0 1
2652 5 0 2 0 1
2653 5 0 2 0 1
2654 5 0 2 0 1
2655 5 0 2 0 1
2656 5 0 2 0 1
2657 5 0 2 0 1
2658 5 0 2 0 1
2659 5 0 2 0 1
2660 5 0 2 0 1
2661 5 0 2 0 1
2662 5 0 2 0 1
2663 5 0 2 0 1
2664 5 0 2 0 1
2665 5 0 2 0 1
2666 5 0 2 0 1
2667 5 0 2 0 1
2668 5 0 2 0 1
2669 5 0 2 0 1
2670 5 0 2 0 2
2671 5 0 2 0 2
2672 5 0 2 0 2
2673 5 0 2 0 2
2674 5 0 2 0 2
2675 5 0 2 0 2
2676 5 0 2 0 2
2677 5 0 2 0 2
2678 5 0 2 0 2
2679 5 0 2 0 2
2680 5 0 2 0 2
2681 5 0 2 0 2
2682 5 0 2 0 2
2683 5 0 2 0 2
2684 5 0 2 0 2
2685 5 0 2 0 2
2686 5 0 2 0 2
2687 5 0 2 0 2
2688 5 0 2 0 2
2689 5 0 2 0 2
2690 5 0 2 0 2
2691 5 0 2 0 2
2692 5 0 2 0 2
2693 5 0 2 0 2
2694 5 0 2 0 2
2695 5 0 2 0 2
2696 5 0 2 0 2
2697 5 0 2 0 2
2698 5 0 2 0 2
2699 5 0 2 0 2
2700 0 0 2 0 2
2701 0 0 2 0 2
2702 0 0 2 0 2
2703 0 0 2 0 2
2704 0 0 2 0 2
2705 0 0 2 0 2
2706 0 0 2 0 2
2707 0 0 2 0 2
2708 0 0 2 0 2
2709 0 0 2 0 2
2710 0 0 2 0 2
2711 0 0 2 0 2
2712 0 0 2 0 2
2713 0 0 2 0 2
2714 0 0 2 0 2
2715 0 0 2 0 2
2716 0 0 2 0 2
2717 0 0 2 0 2
2718 0 0 2 0 2
2719 0 0 2 0 2
2720 0 0 2 0 2
2721 0 0 2 0 2
2722 0 0 2 0 2
2723 0 0 2 0 2
2724 0 0 2 0 2
2725 0 0 2 0 2
2726 0 0 2 0 2
2727 0 0 2 0 2
2728 0 0 2 0 2
2729 0 0 2 0 2
2730 0 0 2 0 2
2731 0 0 2 0 2
2732 0 0 2 0 2
2733 0 0 2 0 2
2734 0 0 2 0 2
2735 0 0 2 0 2
2736 0 0 2 0 2
2737 0 0 2 0 2
2738 0 0 2 0 2
2739 0 0 2 0 2
2740 0 0 2 0 2
2741 0 0 2 0 2
2742 0 0 2 0 2
2743 0 0 2 0 2
2744 0 0 2 0 2
2745 0 0 2 0 2
2746 0 0 2 0 2
2747 0 0 2 0 2
2748 0 0 2 0 2
2749 0 0 2 0 2
2750 0 0 2 0 2
2751 0 0 2 0 2
2752 0 0 2 0 2
2753 0 0 2 0 2
2754 0 0 2 0 2
2755 0 0 2 0 2
2756 0 0 2 0 2
2757 0 0 2 0 2
2758 0 0 2 0 2
2759 0 0 2 0 2
2760 0 0 2 0 2
2761 0 0 2 0 2
2762 0 0 2 0 2
2763 0 0 2 0 2
2764 0 0 2 0 2
2765 0 0 2 0 2
2766 0 0 2 0 2
2767 0 0 2 0 2
2768 0 0 2 0 2
2769 0 0 2 0 2
2770 2 0 2 0 2
2771 2 0 2 0 2
2772 2 0 2 0 2
2773 2 0 2 0 2
2774 2 0 2 0 2
2775 2 0 2 0 2
2776 2 0 2 0 2
2777 2 0 2 0 2
2778 2 0 2 0 2
2779 2 0 2 0 2
2780 2 0 0 2 2
2781 2 0 0 2 2
2782 2 0 0 2 2
2783 2 0 0 2 2
2784 2 0 0 2 2
2785 2 0 0 2 2
2786 2 0 0 2 2
2787 2 0 0 0 2
2788 2 0 0 0 2
2789 2 0 0 0 2
2790 2 0 0 0 2
2791 2 0 0 0 2
2792 2 0 0 0 2
2793 2 0 0 0 2
2794 2 0 0 0 2
2795 2 0 0 0 2
2796 2 0 0 0 2
2797 2 0 0 0 2
2798 2 0 0 0 2
2799 2 0 0 0 2
2800 2 0 0 0 2
2801 2 0 0 0 2
2802 2 0 0 0 2
2803 2 0 0 0 2
2804 2 0 0 0 2
2805 2 0 0 0 2
2806 2 0 0 0 2
2807 2 0 0 0 2
2808 2 0 0 0 2
2809 2 0 0 0 2
2810 2 0 0 0 2
2811 2 0 0 0 2
2812 2 0 0 0 2
2813 2 0 0 0 2
2814 2 0 0 0 2
2815 2 0 0 0 2
2816 2 0 0 0 2
2817 2 0 0 0 2
2818 2 0 0 0 2
2819 2 0 0 0 2
2820 2 0 0 0 2
2821 2 0 0 0 2
2822 2 0 0 0 2
2823 2 0 0 0 2
2824 2 0 0 0 2
2825 2 0 0 0 2
2826 2 0 0 0 2
2827 2 0 0 0 2
2828 2 0 0 0 2
2829 2 0 0 0 2
2830 2 0 0 0 2
2831 2 0 0 0 2
2832 2 0 0 0 2
2833 2 0 0 0 2
2834 2 0 0 0 2
2835 2 0 0 0 2
2836 2 0 0 0 2
2837 2 0 0 0 2
2838 2 0 0 0 2
2839 2 0 0 0 2
2840 2 0 0 0 2
2841 2 0 0 0 2
2842 2 0 0 0 2
2843 2 0 0 0 2
2844 2 0 0 0 2
2845 2 0 0 0 2
2846 2 0 0 0 2
2847 2 0 0 0 2
2848 2 0 0 0 2
2849 2 0 0 0 2
2850 2 0 0 0 2
2851 2 0 0 0 2
2852 2 0 0 0 2
2853 2 0 0 0 2
2854 2 0 0 0 2
2855 2 0 0 0 2
2856 2 0 0 0 2
2857 2 0 0 0 2
2858 2 0 0 0 2
2859 2 0 0 0 2
2860 2 0 0 0 0
2861 2 0 0 0 0
2862 2 0 0 0 0
2863 2 0 0 0 0
2864 2 0 0 0 0
2865 2 0 0 0 0
2866 2 0 0 0 0
2867 2 0 0 0 0
2868 2 0 0 0 0
2869 2 0 0 0 0
2870 2 0 0 0 0
2871 2 0 0 0 0
2872 2 0 0 0 0
2873 2 0 0 0 0
2874 2 0 0 0 0
2875 2 0 0 0 0
2876 2 0 0 0 0
2877 2 0 0 0 0
2878 2 0 0 0 0
2879 2 0 0 0 0
2880 2 0 0 0 0
2881 2 0 0 0 0
2882 2 0 0 0 0
2883 2 0 0 0 0
2884 2 0 0 0 0
2885 2 0 0 0 0
2886 2 0 0 0 0
2887 2 0 0 0 0
2888 2 0 0 0 0
2889 2 0 0 0 0
2890 2 0 0 0 0
2891 2 0 0 0 0
2892 2 0 0 0 0
2893 2 0 0 0 0
2894 2 0 0 0 0
2895 2 0 0 0 0
2896 2 0 0 0 0
2897 2 0 0 0 0
2898 2 0 0 0 0
2899 2 0 0 0 0
2900 2 0 0 0 0
2901 2 0 0 0 0
2902 2 0 0 0 0
2903 2 0 0 0 0
2904 2 0 0 0 0
2905 2 0 0 0 0
2906 2 0 0 0 0
2907 2 0 0 0 0
2908 2 0 0 0 0
2909 2 0 0 0 0
2910 2 0 0 0 0
2911 2 0 0 0 0
2912 2 0 0 0 0
2913 2 0 0 0 0
2914 2 0 0 0 0
2915 2 0 0 0 0
2916 2 0 0 0 0
2917 2 0 0 0 0
2918 2 0 0 0 0
2919 2 0 0 0 0
2920 2 0 0 2 0
2921 2 0 0 2 0
2922 2 0 0 2 0
2923 2 0 0 2 0
2924 2 0 0 2 0
2925 2 0 0 2 0
2926 2 0 0 2 0
2927 2 0 0 0 0
2928 2 0 0 0 0
2929 2 0 0 0 0
2930 2 0 2 0 0
2931 2 0 2 0 0
2932 2 0 2 0 0
2933 2 0 2 0 0
2934 2 0 2 0 0
2935 2 0 2 0 0
2936 2 0 2 0 0
2937 2 0 2 0 0
2938 2 0 2 0 0
2939 2 0 2 0 0
2940 2 0 2 0 0
2941 2 0 2 0 0
2942 2 0 2 0 0
2943 2 0 2 0 0
2944 2 0 2 0 0
2945 2 0 2 0 0
2946 2 0 2 0 0
2947 2 0 2 0 0
2948 2 0 2 0 0
2949 2 0 2 0 0
2950 0 0 2 0 0
2951 0 0 2 0 0
2952 0 0 2 0 0
2953 0 0 2 0 0
2954 0 0 2 0 0
2955 0 0 2 0 0
2956 0 0 2 0 0
2957 0 0 2 0 0
2958 0 0 2 0 0
2959 0 0 2 0 0
2960 0 0 2 0 0
2961 0 0 2 0 0
2962 0 0 2 0 0
2963 0 0 2 0 0
2964 0 0 2 0 0
2965 0 0 2 0 0
2966 0 0 2 0 0
2967 0 0 2 0 0
2968 0 0 2 0 0
2969 0 0 2 0 0
2970 0 0 2 0 0
2971 0 0 2 0 0
2972 0 0 2 0 0
2973 0 0 2 0 0
2974 0 0 2 0 0
2975 0 0 2 0 0
2976 0 0 2 0 0
2977 0 0 2 0 0
2978 0 0 2 0 0
2979 0 0 2 0 0
2980 0 0 2 0 0
2981 0 0 2 0 0
2982 0 0 2 0 0
2983 0 0 2 0 0
2984 0 0 2 0 0
2985 0 0 2 0 0
2986 0 0 2 0 0
2987 0 0 2 0 0
2988 0 0 2 0 0
2989 0 0 2 0 0
2990 0 0 2 0 0
2991 0 0 2 0 0
2992 0 0 2 0 0
2993 0 0 2 0 0
2994 0 0 2 0 0
2995 0 0 2 0 0
2996 0 0 2 0 0
2997 0 0 2 0 0
2998 0 0 2 0 0
2999 0 0 2 0 0
3000 0 0 2 0 0
3001 0 0 2 0 0
3002 0 0 2 0 0
3003 0 0 2 0 0
3004 0 0 2 0 0
3005 0 0 2 0 0
3006 0 0 2 0 0
3007 0 0 2 0 0
3008 0 0 2 0 0
3009 0 0 2 0 0
3010 0 0 2 0 0
3011 0 0 2 0 0
3012 0 0 2 0 0
3013 0 0 2 0 0
3014 0 0 2 0 0
3015 0 0 2 0 0
3016 0 0 2 0 0
3017 0 0 2 0 0
3018 0 0 2 0 0
3019 0 0 2 0 0
3020 0 0 2 0 0
3021 0 0 2 0 0
3022 0 0 2 0 0
3023 0 0 2 0 0
3024 0 0 2 0 0
3025 0 0 2 0 0
3026 0 0 2 0 0
3027 0 0 2 0 0
3028 0 0 2 0 0
3029 0 0 2 0 0
3030 0 5 2 0 0
3031 0 5 2 0 0
3032 0 5 2 0 0
3033 0 5 2 0 0
3034 0 5 2 0 0
3035 0 5 2 0 0
3036 0 5 2 0 0
3037 0 5 2 0 0
3038 0 5 2 0 0
3039 0 5 2 0 0
3040 0 5 2 0 0
3041 0 5 2 0 0
3042 0 5 2 0 0
3043 0 5 2 0 0
3044 0 5 2 0 0
3045 0 5 2 0 0
3046 0 5 2 0 0
3047 0 5 2 0 0
3048 0 5 2 0 0
3049 0 5 2 0 0
3050 0 0 2 0 0
3051 0 0 2 0 0
3052 0 0 2 0 0
3053 0 0 2 0 0
3054 0 0 2 0 0
3055 0 0 2 0 0
3056 0 0 2 0 0
3057 0 0 2 0 0
3058 0 0 2 0 0
3059 0 0 2 0 0
3060 5 0 2 0 0
3061 5 0 2 0 0
3062 5 0 2 0 0
3063 5 0 2 0 0
3064 5 0 2 0 0
3065 5 0 2 0 0
3066 5 0 2 0 0
3067 5 0 2 0 0
3068 5 0 2 0 0
3069 5 0 2 0 0
3070 5 0 2 0 0
3071 5 0 2 0 0
3072 5 0 2 0 0
3073 5 0 2 0 0
3074 5 0 2 0 0
3075 5 0 2 0 0
3076 5 0 2 0 0
3077 5 0 2 0 0
3078 5 0 2 0 0
3079 5 0 2 0 0
3080 5 0 2 0 0
3081 5 0 2 0 0
3082 5 0 2 0 0
3083 5 0 2 0 0
3084 5 0 2 0 0
3085 5 0 2 0 0
3086 5 0 2 0 0
3087 5 0 2 0 0
3088 5 0 2 0 0
3089 5 0 2 0 0
3090 5 0 2 0 0
3091 5 0 2 0 0
3092 5 0 2 0 0
3093 5 0 2 0 0
3094 5 0 2 0 0
3095 5 0 2 0 0
3096 5 0 2 0 0
3097 5 0 2 0 0
3098 5 0 2 0 0
3099 5 0 2 0 0
3100 5 0 2 0 0
3101 5 0 2 0 0
3102 5 0 2 0 0
3103 5 0 2 0 0
3104 5 0 2 0 0
3105 5 0 2 0 0
3106 5 0 2 0 0
3107 5 0 2 0 0
3108 5 0 2 0 0
3109 5 0 2 0 0
3110 5 0 2 0 0
3111 5 0 2 0 0
3112 5 0 2 0 0
3113 5 0 2 0 0
3114 5 0 2 0 0
3115 5 0 2 0 0
3116 5 0 2 0 0
3117 5 0 2 0 0
3118 5 0 2 0 0
3119 5 0 2 0 0
3120 5 0 2 0 1
3121 5 0 2 0 1
3122 5 0 2 0 1
3123 5 0 2 0 1
3124 5 0 2 0 1
3125 5 0 2 0 1
3126 5 0 2 0 1
3127 5 0 2 0 1
3128 5 0 2 0 1
3129 5 0 2 0 1
3130 5 0 2 0 1
3131 5 0 2 0 1
3132 5 0 2 0 1
3133 5 0 2 0 1
3134 5 0 2 0 1
3135 5 0 2 0 1
3136 5 0 2 0 1
3137 5 0 2 0 1
3138 5 0 2 0 1
3139 5 0 2 0 1
3140 5 0 2 0 1
3141 5 0 2 0 1
3142 5 0 2 0 1
3143 5 0 2 0 1
3144 5 0 2 0 1
3145 5 0 2 0 1
3146 5 0 2 0 1
3147 5 0 2 0 1
3148 5 0 2 0 1
3149 5 0 2 0 1
3150 5 0 2 0 1
3151 5 0 2 0 1
3152 5 0 2 0 1
3153 5 0 2 0 1
3154 5 0 2 0 1
3155 5 0 2 0 1
3156 5 0 2 0 1
3157 5 0 2 0 1
3158 5 0 2 0 1
3159 5 0 2 0 1
3160 5 0 2 0 1
3161 5 0 2 0 1
3162 5 0 2 0 1
3163 5 0 2 0 1
3164 5 0 2 0 1
3165 5 0 2 0 1
3166 5 0 2 0 1
3167 5 0 2 0 1
3168 5 0 2 0 1
3169 5 0 2 0 1
3170 5 0 2 0 1
3171 5 0 2 0 1
3172 5 0 2 0 1
3173 5 0 2 0 1
3174 5 0 2 0 1
3175 5 0 2 0 1
3176 5 0 2 0 1
3177 5 0 2 0 1
3178 5 0 2 0 1
3179 5 0 2 0 1
3180 5 0 2 0 0
3181 5 0 2 0 0
3182 5 0 2 0 0
3183 5 0 2 0 0
3184 5 0 2 0 0
3185 5 0 2 0 0
3186 5 0 2 0 0
3187 5 0 2 0 0
3188 5 0 2 0 0
3189 5 0 2 0 0
3190 5 0 2 0 0
3191 5 0 2 0 0
3192 5 0 2 0 0
3193 5 0 2 0 0
3194 5 0 2 0 0
3195 5 0 2 0 0
3196 5 0 2 0 0
3197 5 0 2 0 0
3198 5 0 2 0 0
3199 5 0 2 0 0
3200 5 0 2 0 0
3201 5 0 2 0 0
3202 5 0 2 0 0
3203 5 0 2 0 0
3204 5 0 2 0 0
3205 5 0 2 0 0
3206 5 0 2 0 0
3207 5 0 2 0 0
3208 5 0 2 0 0
3209 5 0 2 0 0
3210 5 0 2 0 1
3211 5 0 2 0 1
3212 5 0 2 0 1
3213 5 0 2 0 1
3214 5 0 2 0 1
3215 5 0 2 0 1
3216 5 0 2 0 1
3217 5 0 2 0 1
3218 5 0 2 0 1
3219 5 0 2 0 1
3220 5 0 2 0 1
3221 5 0 2 0 1
3222 5 0 2 0 1
3223 5 0 2 0 1
3224 5 0 2 0 1
3225 5 0 2 0 1
3226 5 0 2 0 1
3227 5 0 2 0 1
3228 5 0 2 0 1
3229 5 0 2 0 1
3230 5 0 2 0 1
3231 5 0 2 0 1
3232 5 0 2 0 1
3233 5 0 2 0 1
3234 5 0 2 0 1
3235 5 0 2 0 1
3236 5 0 2 0 1
3237 5 0 2 0 1
3238 5 0 2 0 1
3239 5 0 2 0 1
3240 5 0 2 0 2
3241 5 0 2 0 2
3242 5 0 2 0 2
3243 5 0 2 0 2
3244 5 0 2 0 2
3245 5 0 2 0 2
3246 5 0 2 0 2
3247 5 0 2 0 2
3248 5 0 2 0 2
3249 5 0 2 0 2
3250 5 0 2 0 2
3251 5 0 2 0 2
3252 5 0 2 0 2
3253 5 0 2 0 2
3254 5 0 2 0 2
3255 5 0 2 0 2
3256 5 0 2 0 2
3257 5 0 2 0 2
3258 5 0 2 0 2
3259 5 0 2 0 2
3260 0 0 2 0 2
3261 0 0 2 0 2
3262 0 0 2 0 2
3263 0 0 2 0 2
3264 0 0 2 0 2
3265 0 0 2 0 2
3266 0 0 2 0 2
3267 0 0 2 0 2
3268 0 0 2 0 2
3269 0 0 2 0 2
3270 0 0 2 0 2
3271 0 0 2 0 2
3272 0 0 2 0 2
3273 0 0 2 0 2
3274 0 0 2 0 2
3275 0 0 2 0 2
3276 0 0 2 0 2
3277 0 0 2 0 2
3278 0 0 2 0 2
3279 0 0 2 0 2
3280 0 0 2 0 2
3281 0 0 2 0 2
3282 0 0 2 0 2
3283 0 0 2 0 2
3284 0 0 2 0 2
3285 0 0 2 0 2
3286 0 0 2 0 2
3287 0 0 2 0 2
3288 0 0 2 0 2
3289 0 0 2 0 2
3290 0 0 2 0 2
3291 0 0 2 0 2
3292 0 0 2 0 2
3293 0 0 2 0 2
3294 0 0 2 0 2
3295 0 0 2 0 2
3296 0 0 2 0 2
3297 0 0 2 0 2
3298 0 0 2 0 2
3299 0 0 2 0 2
3300 0 0 2 0 2
3301 0 0 2 0 2
3302 0 0 2 0 2
3303 0 0 2 0 2
3304 0 0 2 0 2
3305 0 0 2 0 2
3306 0 0 2 0 2
3307 0 0 2 0 2
3308 0 0 2 0 2
3309 0 0 2 0 2
3310 0 0 2 0 2
3311 0 0 2 0 2
3312 0 0 2 0 2
3313 0 0 2 0 2
3314 0 0 2 0 2
3315 0 0 2 0 2
3316 0 0 2 0 2
3317 0 0 2 0 2
3318 0 0 2 0 2
3319 0 0 2 0 2
3320 0 0 2 0 2
3321 0 0 2 0 2
3322 0 0 2 0 2
3323 0 0 2 0 2
3324 0 0 2 0 2
3325 0 0 2 0 2
3326 0 0 2 0 2
3327 0 0 2 0 2
3328 0 0 2 0 2
3329 0 0 2 0 2
3330 2 0 2 0 2
3331 2 0 2 0 2
3332 2 0 2 0 2
3333 2 0 2 0 2
3334 2 0 2 0 2
3335 2 0 2 0 2
3336 2 0 2 0 2
3337 2 0 2 0 2
3338 2 0 2 0 2
3339 2 0 2 0 2
3340 2 0 2 0 2
3341 2 0 2 0 2
3342 2 0 2 0 2
3343 2 0 2 0 2
3344 2 0 2 0 2
3345 2 0 2 0 2
3346 2 0 2 0 2
3347 2 0 2 0 2
3348 2 0 2 0 2
3349 2 0 2 0 2
3350 2 0 2 0 2
3351 2 0 2 0 2
3352 2 0 2 0 2
3353 2 0 2 0 2
3354 2 0 2 0 2
3355 2 0 2 0 2
3356 2 0 2 0 2
3357 2 0 2 0 2
3358 2 0 2 0 2
3359 2 0 2 0 2
3360 2 0 2 0 2
3361 2 0 2 0 2
3362 2 0 2 0 2
3363 2 0 2 0 2
3364 2 0 2 0 2
3365 2 0 2 0 2
3366 2 0 2 0 2
3367 2 0 2 0 2
3368 2 0 2 0 2
3369 2 0 2 0 2
3370 2 0 2 0 2
3371 2 0 2 0 2
3372 2 0 2 0 2
3373 2 0 2 0 2
3374 2 0 2 0 2
3375 2 0 2 0 2
3376 2 0 2 0 2
3377 2 0 2 0 2
3378 2 0 2 0 2
3379 2 0 2 0 2
3380 2 0 0 0 2
3381 2 0 0 0 2
3382 2 0 0 0 2
3383 2 0 0 0 2
3384 2 0 0 0 2
3385 2 0 0 0 2
3386 2 0 0 0 2
3387 2 0 0 0 2
3388 2 0 0 0 2
3389 2 0 0 0 2
3390 2 0 0 0 2
3391 2 0 0 0 2
3392 2 0 0 0 2
3393 2 0 0 0 2
3394 2 0 0 0 2
3395 2 0 0 0 2
3396 2 0 0 0 2
3397 2 0 0 0 2
3398 2 0 0 0 2
3399 2 0 0 0 2
3400 2 0 0 0 2
3401 2 0 0 0 2
3402 2 0 0 0 2
3403 2 0 0 0 2
3404 2 0 0 0 2
3405 2 0 0 0 2
3406 2 0 0 0 2
3407 2 0 0 0 2
3408 2 0 0 0 2
3409 2 0 0 0 2
3410 2 0 0 0 2
3411 2 0 0 0 2
3412 2 0 0 0 2
3413 2 0 0 0 2
3414 2 0 0 0 2
3415 2 0 0 0 2
3416 2 0 0 0 2
3417 2 0 0 0 2
3418 2 0 0 0 2
3419 2 0 0 0 2
3420 2 0 0 0 2
3421 2 0 0 0 2
3422 2 0 0 0 2
3423 2 0 0 0 2
3424 2 0 0 0 2
3425 2 0 0 0 2
3426 2 0 0 0 2
3427 2 0 0 0 2
3428 2 0 0 0 2
3429 2 0 0 0 2
3430 2 0 0 0 2
3431 2 0 0 0 2
3432 2 0 0 0 2
3433 2 0 0 0 2
3434 2 0 0 0 2
3435 2 0 0 0 2
3436 2 0 0 0 2
3437 2 0 0 0 2
3438 2 0 0 0 2
3439 2 0 0 0 2
3440 2 0 0 0 2
3441 2 0 0 0 2
3442 2 0 0 0 2
3443 2 0 0 0 2
3444 2 0 0 0 2
3445 2 0 0 0 2
3446 2 0 0 0 2
3447 2 0 0 0 2
3448 2 0 0 0 2
3449 2 0 0 0 2
3450 2 0 0 0 2
3451 2 0 0 0 2
3452 2 0 0 0 2
3453 2 0 0 0 2
3454 2 0 0 0 2
3455 2 0 0 0 2
3456 2 0 0 0 2
3457 2 0 0 0 2
3458 2 0 0 0 2
3459 2 0 0 0 2
3460 2 0 0 0 2
3461 2 0 0 0 2
3462 2 0 0 0 2
3463 2 0 0 0 2
3464 2 0 0 0 2
3465 2 0 0 0 2
3466 2 0 0 0 2
3467 2 0 0 0 2
3468 2 0 0 0 2
3469 2 0 0 0 2
3470 2 0 0 0 2
3471 2 0 0 0 2
3472 2 0 0 0 2
3473 2 0 0 0 2
3474 2 0 0 0 2
3475 2 0 0 0 2
3476 2 0 0 0 2
3477 2 0 0 0 2
3478 2 0 0 0 2
3479 2 0 0 0 2
3480 2 0 0 0 0
3481 2 0 0 0 0
3482 2 0 0 0 0
3483 2 0 0 0 0
3484 2 0 0 0 0
3485 2 0 0 0 0
3486 2 0 0 0 0
3487 2 0 0 0 0
3488 2 0 0 0 0
3489 2 0 0 0 0
3490 2 0 0 0 0
3491 2 0 0 0 0
3492 2 0 0 0 0
3493 2 0 0 0 0
3494 2 0 0 0 0
3495 2 0 0 0 0
3496 2 0 0 0 0
3497 2 0 0 0 0
3498 2 0 0 0 0
3499 2 0 0 0 0
3500 2 0 0 0 0
3501 2 0 0 0 0
3502 2 0 0 0 0
3503 2 0 0 0 0
3504 2 0 0 0 0
3505 2 0 0 0 0
3506 2 0 0 0 0
3507 2 0 0 0 0
3508 2 0 0 0 0
3509 2 0 0 0 0
3510 2 0 0 0 0
3511 2 0 0 0 0
3512 2 0 0 0 0
3513 2 0 0 0 0
3514 2 0 0 0 0
3515 2 0 0 0 0
3516 2 0 0 0 0
3517 2 0 0 0 0
3518 2 0 0 0 0
3519 2 0 0 0 0
3520 2 0 0 0 0
3521 2 0 0 0 0
3522 2 0 0 0 0
3523 2 0 0 0 0
3524 2 0 0 0 0
3525 2 0 0 0 0
3526 2 0 0 0 0
3527 2 0 0 0 0
3528 2 0 0 0 0
3529 2 0 0 0 0
3530 2 0 0 0 0
3531 2 0 0 0 0
3532 2 0 0 0 0
3533 2 0 0 0 0
3534 2 0 0 0 0
3535 2 0 0 0 0
3536 2 0 0 0 0
3537 2 0 0 0 0
3538 2 0 0 0 0
3539 2 0 0 0 0
3540 2 0 0 0 0
3541 2 0 0 0 0
3542 2 0 0 0 0
3543 2 0 0 0 0
3544 2 0 0 0 0
