0 0 0 0 0 0
1 0 0 0 0 0
2 0 0 0 0 0
3 0 0 0 0 0
4 0 0 0 0 0
5 0 0 0 0 0
6 0 0 0 0 0
7 0 0 0 0 0
8 0 0 0 0 0
9 0 0 0 0 0
10 0 0 0 0 0
11 0 0 0 0 0
12 0 0 0 0 0
13 0 0 0 0 0
14 0 0 0 0 0
15 0 0 0 0 0
16 0 0 0 0 0
17 0 0 0 0 0
18 0 0 0 0 0
19 0 0 0 0 0
20 0 0 0 0 0
21 0 0 0 0 0
22 0 0 0 0 0
23 0 0 0 0 0
24 0 0 0 0 0
25 0 0 0 0 0
26 0 0 0 0 0
27 0 0 0 0 0
28 0 0 0 0 0
29 0 0 0 0 0
30 0 0 0 0 0
31 0 0 0 0 0
32 0 0 0 0 0
33 0 0 0 0 0
34 0 0 0 0 0
35 0 0 0 0 0
36 0 0 0 0 0
37 0 0 0 0 0
38 0 0 0 0 0
39 0 0 0 0 0
40 0 0 0 0 0
41 0 0 0 0 0
42 0 0 0 0 0
43 0 0 0 0 0
44 0 0 0 0 0
45 0 0 0 0 0
46 0 0 0 0 0
47 0 0 0 0 0
48 0 0 0 0 0
49 0 0 0 0 0
50 0 0 0 0 0
51 0 0 0 0 0
52 0 0 0 0 0
53 0 0 0 0 0
54 0 0 0 0 0
55 0 0 0 0 0
56 0 0 0 0 0
57 0 0 0 0 0
58 0 0 0 0 0
59 0 0 0 0 0
60 0 0 0 0 0
61 0 0 0 0 0
62 0 0 0 0 0
63 0 0 0 0 0
64 0 0 0 0 0
65 0 0 0 0 0
66 0 0 0 0 0
67 0 0 0 0 0
68 0 0 0 0 0
69 0 0 0 0 0
70 0 0 0 0 0
71 0 0 0 0 0
72 0 0 0 0 0
73 0 0 0 0 0
74 0 0 0 0 0
75 0 0 0 0 0
76 0 0 0 0 0
77 0 0 0 0 0
78 0 0 0 0 0
79 0 0 0 0 0
80 0 0 0 0 0
81 0 0 0 0 0
82 0 0 0 0 0
83 0 0 0 0 0
84 0 0 0 0 0
85 0 0 0 0 0
86 0 0 0 0 0
87 0 0 0 0 0
88 0 0 0 0 0
89 0 0 0 0 0
90 0 0 0 0 0
91 0 0 0 0 0
92 0 0 0 0 0
93 0 0 0 0 0
94 0 0 0 0 0
95 0 0 0 0 0
96 0 0 0 0 0
97 0 0 0 0 0
98 0 0 0 0 0
99 0 0 0 0 0
100 0 0 0 0 0
101 0 0 0 0 0
102 0 0 0 0 0
103 0 0 0 0 0
104 0 0 0 0 0
105 0 0 0 0 0
106 0 0 0 0 0
107 0 0 0 0 0
108 0 0 0 0 0
109 0 0 0 0 0
110 0 0 0 0 0
111 0 0 0 0 0
112 0 0 0 0 0
113 0 0 0 0 0
114 0 0 0 0 0
115 0 0 0 0 0
116 0 0 0 0 0
117 0 0 0 0 0
118 0 0 0 0 0
119 0 0 0 0 0
120 0 0 0 0 0
121 0 0 0 0 0
122 0 0 0 0 0
123 0 0 0 0 0
124 0 0 0 0 0
125 0 0 0 0 0
126 0 0 0 0 0
127 0 0 0 0 0
128 0 0 0 0 0
129 0 0 0 0 0
130 0 0 0 0 0
131 0 0 0 0 0
132 0 0 0 0 0
133 0 0 0 0 0
134 0 0 0 0 0
135 0 0 0 0 0
136 0 0 0 0 0
137 0 0 0 0 0
138 0 0 0 0 0
139 0 0 0 0 0
140 0 0 0 0 0
141 0 0 0 0 0
142 0 0 0 0 0
143 0 0 0 0 0
144 0 0 0 0 0
145 0 0 0 0 0
146 0 0 0 0 0
147 0 0 0 0 0
148 0 0 0 0 0
149 0 0 0 0 0
150 0 0 0 0 0
151 0 0 0 0 0
152 0 0 0 0 0
153 0 0 0 0 0
154 0 0 0 0 0
155 0 0 0 0 0
156 0 0 0 0 0
157 0 0 0 0 0
158 0 0 0 0 0
159 0 0 0 0 0
160 0 0 0 0 0
161 0 0 0 0 0
162 0 0 0 0 0
163 0 0 0 0 0
164 0 0 0 0 0
165 0 0 0 0 0
166 0 0 0 0 0
167 0 0 0 0 0
168 0 0 0 0 0
169 0 0 0 0 0
170 0 0 0 0 0
171 0 0 0 0 0
172 0 0 0 0 0
173 0 0 0 0 0
174 0 0 0 0 0
175 0 0 0 0 0
176 0 0 0 0 0
177 0 0 0 0 0
178 0 0 0 0 0
179 0 0 0 0 0
180 0 0 0 0 0
181 0 0 0 0 0
182 0 0 0 0 0
183 0 0 0 0 0
184 0 0 0 0 0
185 0 0 0 0 0
186 0 0 0 0 0
187 0 0 0 0 0
188 0 0 0 0 0
189 0 0 0 0 0
190 0 0 0 0 0
191 0 0 0 0 0
192 0 0 0 0 0
193 0 0 0 0 0
194 0 0 0 0 0
195 0 0 0 0 0
196 0 0 0 0 0
197 0 0 0 0 0
198 0 0 0 0 0
199 0 0 0 0 0
200 0 0 0 0 0
201 0 0 0 0 0
202 0 0 0 0 0
203 0 0 0 0 0
204 0 0 0 0 0
205 0 0 0 0 0
206 0 0 0 0 0
207 0 0 0 0 0
208 0 0 0 0 0
209 0 0 0 0 0
210 0 0 0 0 0
211 0 0 0 0 0
212 0 0 0 0 0
213 0 0 0 0 0
214 0 0 0 0 0
215 0 0 0 0 0
216 0 0 0 0 0
217 0 0 0 0 0
218 0 0 0 0 0
219 0 0 0 0 0
220 0 0 0 0 0
221 0 0 0 0 0
222 0 0 0 0 0
223 0 0 0 0 0
224 0 0 0 0 0
225 0 0 0 0 0
226 0 0 0 0 0
227 0 0 0 0 0
228 0 0 0 0 0
229 0 0 0 0 0
230 0 0 0 0 0
231 0 0 0 0 0
232 0 0 0 0 0
233 0 0 0 0 0
234 0 0 0 0 0
235 0 0 0 0 0
236 0 0 0 0 0
237 0 0 0 0 0
238 0 0 0 0 0
239 0 0 0 0 0
240 0 0 0 0 0
241 0 0 0 0 0
242 0 0 0 0 0
243 0 0 0 0 0
244 0 0 0 0 0
245 0 0 0 0 0
246 0 0 0 0 0
247 0 0 0 0 0
248 0 0 0 0 0
249 0 0 0 0 0
250 0 0 0 0 0
251 0 0 0 0 0
252 0 0 0 0 0
253 0 0 0 0 0
254 0 0 0 0 0
255 0 0 0 0 0
256 0 0 0 0 0
257 0 0 0 0 0
258 0 0 0 0 0
259 0 0 0 0 0
260 0 0 0 0 0
261 0 0 0 0 0
262 0 0 0 0 0
263 0 0 0 0 0
264 0 0 0 0 0
265 0 0 0 0 0
266 0 0 0 0 0
267 0 0 0 0 0
268 0 0 0 0 0
269 0 0 0 0 0
270 0 0 0 0 0
271 0 0 0 0 0
272 0 0 0 0 0
273 0 0 0 0 0
274 0 0 0 0 0
275 0 0 0 0 0
276 0 0 0 0 0
277 0 0 0 0 0
278 0 0 0 0 0
279 0 0 0 0 0
280 0 0 0 0 0
281 0 0 0 0 0
282 0 0 0 0 0
283 0 0 0 0 0
284 0 0 0 0 0
285 0 0 0 0 0
286 0 0 0 0 0
287 0 0 0 0 0
288 0 0 0 0 0
289 0 0 0 0 0
290 0 0 0 0 0
291 0 0 0 0 0
292 0 0 0 0 0
293 0 0 0 0 0
294 0 0 0 0 0
295 0 0 0 0 0
296 0 0 0 0 0
297 0 0 0 0 0
298 0 0 0 0 0
299 0 0 0 0 0
300 0 0 0 0 0
301 0 0 0 0 0
302 0 0 0 0 0
303 0 0 0 0 0
304 0 0 0 0 0
305 0 0 0 0 0
306 0 0 0 0 0
307 0 0 0 0 0
308 0 0 0 0 0
309 0 0 0 0 0
310 0 0 0 0 0
311 0 0 0 0 0
312 0 0 0 0 0
313 0 0 0 0 0
314 0 0 0 0 0
315 0 0 0 0 0
316 0 0 0 0 0
317 0 0 0 0 0
318 0 0 0 0 0
319 0 0 0 0 0
320 0 0 0 0 0
321 0 0 2 0 0
322 0 0 2 0 0
323 0 0 2 0 0
324 0 0 2 0 0
325 0 0 2 0 0
326 0 0 2 0 0
327 0 0 2 0 0
328 0 0 2 0 0
329 0 0 2 0 0
330 0 0 2 0 0
331 0 0 2 0 0
332 0 0 2 0 0
333 0 0 2 0 0
334 0 0 2 0 0
335 0 0 2 0 0
336 0 0 2 0 0
337 0 0 2 0 0
338 0 0 2 0 0
339 0 0 2 0 0
340 0 0 2 0 0
341 0 0 2 0 0
342 0 0 2 0 0
343 0 0 2 0 0
344 0 0 2 0 0
345 0 0 2 0 0
346 0 0 2 0 0
347 0 0 2 0 0
348 0 0 2 0 0
349 0 0 2 0 0
350 0 0 2 0 0
351 0 0 2 0 0
352 0 0 2 0 0
353 0 0 2 0 0
354 0 0 2 0 0
355 0 0 2 0 0
356 0 0 2 0 0
357 0 0 2 0 0
358 0 0 2 0 0
359 0 0 2 0 0
360 0 0 2 0 0
361 0 0 2 0 0
362 0 0 2 0 0
363 0 0 2 0 0
364 0 0 2 0 0
365 0 0 2 0 0
366 0 0 2 0 0
367 0 0 2 0 0
368 0 0 2 0 0
369 0 0 2 0 0
370 0 0 2 0 0
371 0 0 2 0 0
372 0 0 2 0 0
373 0 0 2 0 0
374 0 0 2 0 0
375 0 0 2 0 0
376 0 0 2 0 0
377 0 0 2 0 0
378 0 0 2 0 0
379 0 0 2 0 0
380 0 0 2 0 0
381 0 0 2 0 0
382 0 0 2 0 0
383 0 0 2 0 0
384 0 0 2 0 0
385 0 0 2 0 0
386 0 0 2 0 0
387 0 0 2 0 0
388 0 0 2 0 0
389 0 0 2 0 0
390 0 0 2 0 0
391 0 0 2 0 0
392 0 0 2 0 0
393 0 0 2 0 0
394 0 0 2 0 0
395 0 0 2 0 0
396 0 0 2 0 0
397 0 0 2 0 0
398 0 0 2 0 0
399 0 0 2 0 0
400 0 0 2 0 0
401 0 0 2 0 0
402 0 0 2 0 0
403 0 0 2 0 0
404 0 0 2 0 0
405 0 0 2 0 0
406 0 0 2 0 0
407 0 0 2 0 0
408 0 0 2 0 0
409 0 0 2 0 0
410 0 0 2 0 0
411 0 0 2 0 2
412 0 0 2 0 2
413 0 0 2 0 2
414 0 0 2 0 2
415 0 0 2 0 2
416 0 0 2 0 2
417 0 0 2 0 2
418 0 0 2 0 2
419 0 0 2 0 2
420 0 0 2 0 2
421 0 0 2 0 2
422 0 0 2 0 2
423 0 0 2 0 2
424 0 0 2 0 2
425 0 0 2 0 2
426 0 0 2 0 0
427 0 0 2 0 0
428 0 0 2 0 0
429 0 0 2 0 0
430 0 0 2 0 0
431 0 0 2 0 0
432 0 0 2 0 0
433 0 0 2 0 0
434 0 0 2 0 0
435 0 0 2 0 0
436 0 0 2 0 0
437 0 0 2 0 0
438 0 0 2 0 0
439 0 0 2 0 0
440 0 0 2 0 0
441 0 0 2 0 0
442 0 0 2 0 0
443 0 0 2 0 0
444 0 0 2 0 0
445 0 0 2 0 0
446 0 0 2 0 0
447 0 0 2 0 0
448 0 0 2 0 0
449 0 0 2 0 0
450 0 0 2 0 1
451 0 0 2 0 1
452 0 0 2 0 1
453 0 0 2 0 1
454 0 0 2 0 1
455 0 0 2 0 1
456 0 0 2 0 1
457 0 0 2 0 1
458 0 0 2 0 1
459 0 0 2 0 1
460 0 0 2 0 1
461 0 0 2 0 1
462 0 0 2 0 1
463 0 0 2 0 1
464 0 0 2 0 1
465 0 0 2 0 1
466 0 0 2 0 1
467 0 0 2 0 1
468 0 0 2 0 1
469 0 0 2 0 1
470 0 0 2 0 1
471 0 0 2 0 1
472 0 0 2 0 1
473 0 0 2 0 1
474 0 0 2 0 1
475 0 0 2 0 1
476 0 0 2 0 1
477 0 0 2 0 1
478 0 0 2 0 1
479 0 0 2 0 1
480 0 0 2 0 1
481 0 0 2 0 1
482 0 0 2 0 1
483 0 0 2 0 1
484 0 0 2 0 1
485 0 0 2 0 1
486 0 0 2 0 1
487 0 0 2 0 1
488 0 0 2 0 1
489 0 0 2 0 1
490 0 0 2 0 2
491 0 0 2 0 2
492 0 0 2 0 2
493 0 0 2 0 2
494 0 0 2 0 2
495 0 0 2 0 2
496 0 0 2 0 2
497 0 0 2 0 2
498 0 0 2 0 2
499 0 0 2 0 2
500 0 0 2 0 2
501 0 0 2 0 2
502 0 0 2 0 2
503 0 0 2 0 2
504 0 0 2 0 2
505 0 0 2 0 2
506 0 0 2 0 2
507 0 0 2 0 2
508 0 0 2 0 2
509 0 0 2 0 2
510 0 0 2 0 2
511 0 0 2 0 2
512 0 0 2 0 2
513 0 0 2 0 2
514 0 0 2 0 2
515 0 0 2 0 2
516 0 0 2 0 2
517 0 0 2 0 2
518 0 0 2 0 2
519 0 0 2 0 2
520 0 0 2 0 2
521 0 0 2 0 2
522 0 0 2 0 2
523 0 0 2 0 2
524 0 0 2 0 2
525 0 0 2 0 2
526 0 0 2 0 2
527 0 0 2 0 2
528 0 0 2 0 2
529 0 0 2 0 2
530 0 0 2 0 2
531 0 0 2 0 2
532 0 0 2 0 2
533 0 0 2 0 2
534 0 0 2 0 2
535 0 0 2 0 2
536 0 0 2 0 2
537 0 0 2 0 2
538 0 0 2 0 2
539 0 0 2 0 2
540 0 0 2 0 2
541 0 0 2 0 2
542 0 0 2 0 2
543 0 0 2 0 2
544 0 0 2 0 2
545 0 0 2 0 2
546 0 0 2 0 2
547 0 0 2 0 2
548 0 0 2 0 2
549 0 0 2 0 2
550 0 0 2 0 2
551 0 0 2 0 2
552 0 0 2 0 2
553 0 0 2 0 2
554 0 0 2 0 2
555 0 0 2 0 2
556 0 0 2 0 2
557 0 0 2 0 2
558 0 0 2 0 2
559 0 0 2 0 2
560 0 0 2 0 2
561 0 0 2 0 2
562 0 0 2 0 2
563 0 0 2 0 2
564 0 0 2 0 2
565 0 0 2 0 2
566 0 0 2 0 2
567 0 0 2 0 2
568 0 0 2 0 2
569 0 0 2 0 2
570 0 0 2 0 2
571 0 0 2 0 2
572 0 0 2 0 2
573 0 0 2 0 2
574 0 0 2 0 2
575 0 0 2 0 2
576 0 0 2 0 2
577 0 0 2 0 2
578 0 0 2 0 2
579 0 0 2 0 2
580 0 0 2 0 2
581 0 0 2 0 2
582 0 0 2 0 2
583 0 0 2 0 2
584 0 0 2 0 2
585 0 0 2 0 2
586 0 0 2 0 2
587 0 0 2 0 2
588 0 0 2 0 2
589 0 0 2 0 2
590 0 0 2 0 2
591 0 0 2 0 2
592 0 0 2 0 2
593 0 0 2 0 2
594 0 0 2 0 2
595 0 0 2 0 2
596 0 0 2 0 2
597 0 0 2 0 2
598 0 0 2 0 2
599 0 0 2 0 2
600 0 0 2 0 2
601 0 0 2 0 2
602 0 0 2 0 2
603 0 0 2 0 2
604 0 0 2 0 2
605 0 0 2 0 2
606 0 0 2 0 2
607 0 0 2 0 2
608 0 0 2 0 2
609 0 0 2 0 2
610 0 0 2 0 2
611 0 0 2 0 2
612 0 0 2 0 2
613 0 0 2 0 2
614 0 0 2 0 2
615 0 0 2 0 2
616 0 0 2 0 2
617 0 0 2 0 2
618 0 0 2 0 2
619 0 0 2 0 2
620 0 0 2 0 2
621 0 0 2 0 2
622 0 0 2 0 2
623 0 0 2 0 2
624 0 0 2 0 2
625 0 0 2 0 2
626 0 0 2 0 2
627 0 0 2 0 2
628 0 0 2 0 2
629 0 0 2 0 2
630 0 0 2 0 2
631 0 0 2 0 2
632 0 0 2 0 2
633 0 0 2 0 2
634 0 0 2 0 2
635 0 0 2 0 2
636 0 2 2 0 2
637 0 2 2 0 2
638 0 2 2 0 2
639 0 2 2 0 2
640 0 0 2 0 2
641 0 0 2 0 2
642 0 0 2 0 2
643 0 0 2 0 2
644 0 0 2 0 2
645 0 0 2 0 2
646 0 0 2 0 2
647 0 0 2 0 2
648 0 0 2 0 2
649 0 0 2 0 2
650 2 0 2 0 2
651 2 0 2 0 2
652 2 0 2 0 2
653 2 0 2 0 2
654 2 0 2 0 2
655 2 0 2 0 2
656 2 0 2 0 2
657 2 0 2 0 2
658 2 0 2 0 2
659 2 0 2 0 2
660 2 0 2 0 2
661 2 0 2 0 2
662 2 0 2 0 2
663 2 0 2 0 2
664 2 0 2 0 2
665 2 0 2 0 2
666 2 0 2 0 2
667 2 0 2 0 2
668 2 0 2 0 2
669 2 0 2 0 2
670 2 0 2 0 2
671 2 0 2 0 2
672 2 0 2 0 2
673 2 0 2 0 2
674 2 0 2 0 2
675 2 0 2 0 2
676 2 0 2 0 2
677 2 0 2 0 2
678 2 0 2 0 2
679 2 0 2 0 2
680 2 0 2 0 2
681 2 0 2 0 2
682 2 0 2 0 2
683 2 0 2 0 2
684 2 0 2 0 2
685 2 0 2 0 2
686 2 0 2 0 2
687 2 0 2 0 2
688 2 0 2 0 2
689 2 0 2 0 2
690 2 0 0 2 2
691 2 0 0 2 2
692 2 0 0 2 2
693 2 0 0 2 2
694 2 0 0 2 2
695 2 0 0 2 2
696 2 0 0 2 2
697 2 0 0 2 2
698 2 0 0 2 2
699 2 0 0 2 2
700 2 0 0 2 2
701 2 0 0 2 2
702 2 0 0 0 2
703 2 0 0 0 2
704 2 0 0 0 2
705 2 0 0 0 2
706 2 0 0 0 2
707 2 0 0 0 2
708 2 0 0 0 2
709 2 0 0 0 2
710 2 0 0 0 2
711 2 0 0 0 2
712 2 0 0 0 2
713 2 0 0 0 2
714 2 0 0 0 2
715 2 0 0 0 2
716 2 0 0 0 2
717 2 0 0 0 2
718 2 0 0 0 2
719 2 0 0 0 2
720 2 0 0 0 2
721 2 0 0 0 2
722 2 0 0 0 2
723 2 0 0 0 2
724 2 0 0 0 2
725 2 0 0 0 2
726 2 0 0 0 2
727 2 0 0 0 2
728 2 0 0 0 2
729 2 0 0 0 2
730 2 0 0 0 2
731 2 0 0 0 2
732 2 0 0 0 2
733 2 0 0 0 2
734 2 0 0 0 2
735 2 0 0 0 2
736 2 0 0 0 2
737 2 0 0 0 2
738 2 0 0 0 2
739 2 0 0 0 2
740 2 0 0 0 2
741 2 0 0 0 2
742 2 0 0 0 2
743 2 0 0 0 2
744 2 0 0 0 2
745 2 0 0 0 2
746 2 0 0 0 2
747 2 0 0 0 2
748 2 0 0 0 2
749 2 0 0 0 2
750 2 0 0 0 2
751 2 0 0 0 2
752 2 0 0 0 2
753 2 0 0 0 2
754 2 0 0 0 2
755 2 0 0 0 2
756 2 0 0 0 2
757 2 0 0 0 2
758 2 0 0 0 2
759 2 0 0 0 2
760 2 0 0 0 2
761 2 0 0 0 2
762 2 0 0 0 2
763 2 0 0 0 2
764 2 0 0 0 2
765 2 0 0 0 2
766 2 0 0 0 2
767 2 0 0 0 2
768 2 0 0 0 2
769 2 0 0 0 2
770 2 0 0 0 2
771 2 0 0 0 2
772 2 0 0 0 2
773 2 0 0 0 2
774 2 0 0 0 2
775 2 0 0 0 2
776 2 0 0 0 2
777 2 0 0 0 2
778 2 0 0 0 2
779 2 0 0 0 2
780 2 0 0 0 2
781 2 0 0 0 2
782 2 0 0 0 2
783 2 0 0 0 2
784 2 0 0 0 2
785 2 0 0 0 2
786 2 0 0 0 2
787 2 0 0 0 2
788 2 0 0 0 2
789 2 0 0 0 2
790 2 0 0 0 0
791 2 0 0 0 0
792 2 0 0 0 0
793 2 0 0 0 0
794 2 0 0 0 0
795 2 0 0 0 0
796 2 0 0 0 0
797 2 0 0 0 0
798 2 0 0 0 0
799 2 0 0 0 0
800 2 0 0 0 0
801 2 0 0 0 0
802 2 0 0 0 0
803 2 0 0 0 0
804 2 0 0 0 0
805 2 0 0 0 0
806 2 0 0 0 0
807 2 0 0 0 0
808 2 0 0 0 0
809 2 0 0 0 0
810 2 0 0 0 0
811 2 0 0 0 0
812 2 0 0 0 0
813 2 0 0 0 0
814 2 0 0 0 0
815 2 0 0 0 0
816 2 0 0 0 0
817 2 0 0 0 0
818 2 0 0 0 0
819 2 0 0 0 0
820 2 0 0 0 0
821 2 0 0 0 0
822 2 0 0 0 0
823 2 0 0 0 0
824 2 0 0 0 0
825 2 0 0 0 0
826 2 0 0 0 0
827 2 0 0 0 0
828 2 0 0 0 0
829 2 0 0 0 0
830 2 0 0 0 0
831 2 0 0 0 0
832 2 0 0 0 0
833 2 0 0 0 0
834 2 0 0 0 0
835 2 0 0 0 0
836 2 0 0 0 0
837 2 0 0 0 0
838 2 0 0 0 0
839 2 0 0 0 0
840 2 0 0 0 0
841 2 0 0 0 0
842 2 0 0 0 0
843 2 0 0 0 0
844 2 0 0 0 0
845 2 0 0 0 0
846 2 0 0 0 0
847 2 0 0 0 0
848 2 0 0 0 0
849 2 0 0 0 0
850 2 0 0 0 0
851 2 0 0 0 0
852 2 0 0 0 0
853 2 0 0 0 0
854 2 0 0 0 0
855 2 0 0 0 0
856 2 0 0 0 0
857 2 0 0 0 0
858 2 0 0 0 0
859 2 0 0 0 0
860 2 0 0 0 0
861 2 0 0 0 0
862 2 0 0 0 0
863 2 0 0 0 0
864 2 0 0 0 0
865 2 0 0 0 0
866 2 0 0 0 0
867 2 0 0 0 0
868 2 0 0 0 0
869 2 0 0 0 0
870 2 0 0 0 0
871 2 0 0 0 0
872 2 0 0 0 0
873 2 0 0 0 0
874 2 0 0 0 0
875 2 0 0 0 0
876 2 0 0 0 0
877 2 0 0 0 0
878 2 0 0 0 0
879 2 0 0 0 0
880 2 0 0 0 0
881 2 0 0 0 0
882 2 0 0 0 0
883 2 0 0 0 0
884 2 0 0 0 0
885 2 0 0 0 0
886 2 0 0 0 0
887 2 0 0 0 0
888 2 0 0 0 0
889 2 0 0 0 0
890 2 0 0 0 0
891 2 0 0 0 0
892 2 0 0 0 0
893 2 0 0 0 0
894 2 0 0 0 0
895 2 0 0 0 0
896 2 0 0 0 0
897 2 0 0 0 0
898 2 0 0 0 0
899 2 0 0 0 0
900 2 0 0 0 0
901 2 0 0 0 0
902 2 0 0 0 0
903 2 0 0 0 0
904 2 0 0 0 0
905 2 0 0 0 0
906 2 0 0 0 0
907 2 0 0 0 0
908 2 0 0 0 0
909 2 0 0 0 0
910 2 0 0 0 0
911 2 0 0 0 0
912 2 0 0 0 0
913 2 0 0 0 0
914 2 0 0 0 0
915 2 0 0 0 0
916 2 0 0 0 0
917 2 0 0 0 0
918 2 0 0 0 0
919 2 0 0 0 0
920 2 0 0 0 0
921 2 0 0 0 0
922 2 0 0 0 0
923 2 0 0 0 0
924 2 0 0 0 0
925 2 0 0 0 0
926 2 0 0 0 0
927 2 0 0 0 0
928 2 0 0 0 0
929 2 0 0 0 0
930 2 0 0 0 0
931 2 0 0 0 0
932 2 0 0 0 0
933 2 0 0 0 0
934 2 0 0 0 0
935 2 0 0 0 0
936 2 0 0 0 0
937 2 0 0 0 0
938 2 0 0 0 0
939 2 0 0 0 0
940 2 0 0 0 0
941 2 0 0 0 0
942 2 0 0 0 0
943 2 0 0 0 0
944 2 0 0 0 0
945 2 0 0 0 0
946 2 0 0 0 0
947 2 0 0 0 0
948 2 0 0 0 0
949 2 0 0 0 0
950 2 0 0 0 0
951 2 0 0 0 0
952 2 0 0 0 0
953 2 0 0 0 0
954 2 0 0 0 0
955 2 0 0 0 0
956 2 0 0 0 0
957 2 0 0 0 0
958 2 0 0 0 0
959 2 0 0 0 0
960 2 0 0 2 0
961 2 0 0 2 0
962 2 0 0 2 0
963 2 0 0 2 0
964 2 0 0 2 0
965 2 0 0 2 0
966 2 0 0 2 0
967 2 0 0 2 0
968 2 0 0 2 0
969 2 0 0 2 0
970 2 0 2 0 0
971 2 0 2 0 0
972 2 0 2 0 0
973 2 0 2 0 0
974 2 0 2 0 0
975 2 0 2 0 0
976 2 0 2 0 0
977 2 0 2 0 0
978 2 0 2 0 0
979 2 0 2 0 0
980 2 0 2 0 0
981 2 0 2 0 0
982 2 0 2 0 0
983 2 0 2 0 0
984 2 0 2 0 0
985 2 0 2 0 0
986 2 0 2 0 0
987 2 0 2 0 0
988 2 0 2 0 0
989 2 0 2 0 0
990 0 0 2 0 0
991 0 0 2 0 0
992 0 0 2 0 0
993 0 0 2 0 0
994 0 0 2 0 0
995 0 0 2 0 0
996 0 0 2 0 0
997 0 0 2 0 0
998 0 0 2 0 0
999 0 0 2 0 0
1000 0 0 2 0 0
1001 0 0 2 0 0
1002 0 0 2 0 0
1003 0 0 2 0 0
1004 0 0 2 0 0
1005 0 0 2 0 0
1006 0 0 2 0 0
1007 0 0 2 0 0
1008 0 0 2 0 0
1009 0 0 2 0 0
1010 0 0 2 0 0
1011 0 0 2 0 0
1012 0 0 2 0 0
1013 0 0 2 0 0
1014 0 0 2 0 0
1015 0 0 2 0 0
1016 0 0 2 0 0
1017 0 0 2 0 0
1018 0 0 2 0 0
1019 0 0 2 0 0
1020 0 0 2 0 0
1021 0 0 2 0 0
1022 0 0 2 0 0
1023 0 0 2 0 0
1024 0 0 2 0 0
1025 0 0 2 0 0
1026 0 0 2 0 0
1027 0 0 2 0 0
1028 0 0 2 0 0
1029 0 0 2 0 0
1030 0 0 2 0 0
1031 0 0 2 0 0
1032 0 0 2 0 0
1033 0 0 2 0 0
1034 0 0 2 0 0
1035 0 0 2 0 0
1036 0 0 2 0 0
1037 0 0 2 0 0
1038 0 0 2 0 0
1039 0 0 2 0 0
1040 0 0 2 0 0
1041 0 0 2 0 0
1042 0 0 2 0 0
1043 0 0 2 0 0
1044 0 0 2 0 0
1045 0 0 2 0 0
1046 0 0 2 0 0
1047 0 0 2 0 0
1048 0 0 2 0 0
1049 0 0 2 0 0
1050 0 0 2 0 0
1051 0 0 2 0 0
1052 0 0 2 0 0
1053 0 0 2 0 0
1054 0 0 2 0 0
1055 0 0 2 0 0
1056 0 0 2 0 0
1057 0 0 2 0 0
1058 0 0 2 0 0
1059 0 0 2 0 0
1060 0 0 2 0 0
1061 0 0 2 0 0
1062 0 0 2 0 0
1063 0 0 2 0 0
1064 0 0 2 0 0
1065 0 0 2 0 0
1066 0 0 2 0 0
1067 0 0 2 0 0
1068 0 0 2 0 0
1069 0 0 2 0 0
1070 0 0 2 0 0
1071 0 0 2 0 0
1072 0 0 2 0 0
1073 0 0 2 0 0
1074 0 0 2 0 0
1075 0 0 2 0 0
1076 0 0 2 0 0
1077 0 0 2 0 0
1078 0 0 2 0 0
1079 0 0 2 0 0
1080 0 0 2 0 0
1081 0 0 2 0 0
1082 0 0 2 0 0
1083 0 0 2 0 0
1084 0 0 2 0 0
1085 0 0 2 0 0
1086 0 0 2 0 0
1087 0 0 2 0 0
1088 0 0 2 0 0
1089 0 0 2 0 0
1090 0 0 2 0 0
1091 0 0 2 0 0
1092 0 0 2 0 0
1093 0 0 2 0 0
1094 0 0 2 0 0
1095 0 0 2 0 0
1096 0 0 2 0 0
1097 0 0 2 0 0
1098 0 0 2 0 0
1099 0 0 2 0 0
1100 0 0 2 0 0
1101 0 0 2 0 0
1102 0 0 2 0 0
1103 0 0 2 0 0
1104 0 0 2 0 0
1105 0 0 2 0 0
1106 0 0 2 0 0
1107 0 0 2 0 0
1108 0 0 2 0 0
1109 0 0 2 0 0
1110 0 0 2 0 0
1111 0 0 2 0 0
1112 0 0 2 0 0
1113 0 0 2 0 0
1114 0 0 2 0 0
1115 0 0 2 0 0
1116 0 0 2 0 0
1117 0 0 2 0 0
1118 0 0 2 0 0
1119 0 0 2 0 0
1120 0 0 2 0 2
1121 0 0 2 0 2
1122 0 0 2 0 2
1123 0 0 2 0 2
1124 0 0 2 0 2
1125 0 0 2 0 2
1126 0 0 2 0 2
1127 0 0 2 0 2
1128 0 0 2 0 2
1129 0 0 2 0 2
1130 0 0 2 0 1
1131 0 0 2 0 1
1132 0 0 2 0 1
1133 0 0 2 0 1
1134 0 0 2 0 1
1135 0 0 2 0 1
1136 0 0 2 0 1
1137 0 0 2 0 1
1138 0 0 2 0 1
1139 0 0 2 0 1
1140 0 0 2 0 2
1141 0 0 2 0 2
1142 0 0 2 0 2
1143 0 0 2 0 2
1144 0 0 2 0 2
1145 0 0 2 0 2
1146 0 0 2 0 0
1147 0 0 2 0 0
1148 0 0 2 0 0
1149 0 0 2 0 0
1150 0 0 2 0 2
1151 0 0 2 0 2
1152 0 0 2 0 2
1153 0 0 2 0 2
1154 0 0 2 0 2
1155 0 0 2 0 2
1156 0 0 2 0 2
1157 0 0 2 0 2
1158 0 0 2 0 2
1159 0 0 2 0 2
1160 0 0 2 0 2
1161 0 0 2 0 2
1162 0 0 2 0 2
1163 0 0 2 0 2
1164 0 0 2 0 2
1165 0 0 2 0 2
1166 0 0 2 0 2
1167 0 0 2 0 2
1168 0 0 2 0 2
1169 0 0 2 0 2
1170 0 0 2 0 2
1171 0 0 2 0 2
1172 0 0 2 0 2
1173 0 0 2 0 2
1174 0 0 2 0 2
1175 0 0 2 0 2
1176 0 0 2 0 2
1177 0 0 2 0 2
1178 0 0 2 0 2
1179 0 0 2 0 2
1180 0 0 2 0 2
1181 0 0 2 0 2
1182 0 0 2 0 2
1183 0 0 2 0 2
1184 0 0 2 0 2
1185 0 0 2 0 2
1186 0 0 2 0 2
1187 0 0 2 0 2
1188 0 0 2 0 2
1189 0 0 2 0 2
1190 0 0 2 0 2
1191 0 0 2 0 2
1192 0 0 2 0 2
1193 0 0 2 0 2
1194 0 0 2 0 2
1195 0 0 2 0 2
1196 0 0 2 0 2
1197 0 0 2 0 2
1198 0 0 2 0 2
1199 0 0 2 0 2
1200 0 0 2 0 2
1201 0 0 2 0 2
1202 0 0 2 0 2
1203 0 0 2 0 2
1204 0 0 2 0 2
1205 0 0 2 0 2
1206 0 0 2 0 2
1207 0 0 2 0 2
1208 0 0 2 0 2
1209 0 0 2 0 2
1210 0 0 2 0 2
1211 0 0 2 0 2
1212 0 0 2 0 2
1213 0 0 2 0 2
1214 0 0 2 0 2
1215 0 0 2 0 2
1216 0 0 2 0 2
1217 0 0 2 0 2
1218 0 0 2 0 2
1219 0 0 2 0 2
1220 0 0 2 0 2
1221 0 0 2 0 2
1222 0 0 2 0 2
1223 0 0 2 0 2
1224 0 0 2 0 2
1225 0 0 2 0 2
1226 0 0 2 0 2
1227 0 0 2 0 2
1228 0 0 2 0 2
1229 0 0 2 0 2
1230 0 0 2 0 2
1231 0 0 2 0 2
1232 0 0 2 0 2
1233 0 0 2 0 2
1234 0 0 2 0 2
1235 0 0 2 0 2
1236 0 0 2 0 2
1237 0 0 2 0 2
1238 0 0 2 0 2
1239 0 0 2 0 2
1240 0 0 2 0 2
1241 0 0 2 0 2
1242 0 0 2 0 2
1243 0 0 2 0 2
1244 0 0 2 0 2
1245 0 0 2 0 2
1246 0 0 2 0 2
1247 0 0 2 0 2
1248 0 0 2 0 2
1249 0 0 2 0 2
1250 0 0 2 0 2
1251 0 0 2 0 2
1252 0 0 2 0 2
1253 0 0 2 0 2
1254 0 0 2 0 2
1255 0 0 2 0 2
1256 0 0 2 0 2
1257 0 0 2 0 2
1258 0 0 2 0 2
1259 0 0 2 0 2
1260 0 0 2 0 2
1261 0 0 2 0 2
1262 0 0 2 0 2
1263 0 0 2 0 2
1264 0 0 2 0 2
1265 0 0 2 0 2
1266 0 0 2 0 2
1267 0 0 2 0 2
1268 0 0 2 0 2
1269 0 0 2 0 2
1270 0 0 2 0 2
1271 0 0 2 0 2
1272 0 0 2 0 2
1273 0 0 2 0 2
1274 0 0 2 0 2
1275 0 0 2 0 2
1276 0 0 2 0 2
1277 0 0 2 0 2
1278 0 0 2 0 2
1279 0 0 2 0 2
1280 0 2 2 0 2
1281 0 2 2 0 2
1282 0 2 2 0 2
1283 2 0 2 0 2
1284 2 0 2 0 2
1285 2 0 2 0 2
1286 2 0 2 0 2
1287 2 0 2 0 2
1288 2 0 2 0 2
1289 2 0 2 0 2
1290 2 0 2 0 2
1291 2 0 2 0 2
1292 2 0 2 0 2
1293 2 0 2 0 2
1294 2 0 2 0 2
1295 2 0 2 0 2
1296 2 0 2 0 2
1297 2 0 2 0 2
1298 2 0 2 0 2
1299 2 0 2 0 2
1300 2 0 0 0 2
1301 2 0 0 0 2
1302 2 0 0 0 2
1303 2 0 0 0 2
1304 2 0 0 0 2
1305 2 0 0 0 2
1306 2 0 0 0 2
1307 2 0 0 0 2
1308 2 0 0 0 2
1309 2 0 0 0 2
1310 2 0 0 0 2
1311 2 0 0 0 2
1312 2 0 0 0 2
1313 2 0 0 0 2
1314 2 0 0 0 2
1315 2 0 0 0 2
1316 2 0 0 0 2
1317 2 0 0 0 2
1318 2 0 0 0 2
1319 2 0 0 0 2
1320 2 0 0 0 2
1321 2 0 0 0 2
1322 2 0 0 0 2
1323 2 0 0 0 2
1324 2 0 0 0 2
1325 2 0 0 0 2
1326 2 0 0 0 2
1327 2 0 0 0 2
1328 2 0 0 0 2
1329 2 0 0 0 2
1330 2 0 0 0 2
1331 2 0 0 0 2
1332 2 0 0 0 2
1333 2 0 0 0 2
1334 2 0 0 0 2
1335 2 0 0 0 2
1336 2 0 0 0 2
1337 2 0 0 0 2
1338 2 0 0 0 2
1339 2 0 0 0 2
1340 2 0 0 0 2
1341 2 0 0 0 2
1342 2 0 0 0 2
1343 2 0 0 0 2
1344 2 0 0 0 2
1345 2 0 0 0 2
1346 2 0 0 0 2
1347 2 0 0 0 2
1348 2 0 0 0 2
1349 2 0 0 0 2
1350 2 0 0 0 2
1351 2 0 0 0 2
1352 2 0 0 0 2
1353 2 0 0 0 2
1354 2 0 0 0 2
1355 2 0 0 0 2
1356 2 0 0 0 2
1357 2 0 0 0 2
1358 2 0 0 0 2
1359 2 0 0 0 2
1360 2 0 0 0 2
1361 2 0 0 0 2
1362 2 0 0 0 2
1363 2 0 0 0 2
1364 2 0 0 0 2
1365 2 0 0 0 2
1366 2 0 0 0 2
1367 2 0 0 0 2
1368 2 0 0 0 2
1369 2 0 0 0 2
1370 2 0 0 0 2
1371 2 0 0 0 2
1372 2 0 0 0 2
1373 2 0 0 0 2
1374 2 0 0 0 2
1375 2 0 0 0 2
1376 2 0 0 0 2
1377 2 0 0 0 2
1378 2 0 0 0 2
1379 2 0 0 0 2
1380 2 0 0 0 0
1381 2 0 0 0 0
1382 2 0 0 0 0
1383 2 0 0 0 0
1384 2 0 0 0 0
1385 2 0 0 0 0
1386 2 0 0 0 0
1387 2 0 0 0 0
1388 2 0 0 0 0
1389 2 0 0 0 0
1390 2 0 0 0 0
1391 2 0 0 0 0
1392 2 0 0 0 0
1393 2 0 0 0 0
1394 2 0 0 0 0
1395 2 0 0 0 0
1396 2 0 0 0 0
1397 2 0 0 0 0
1398 2 0 0 0 0
1399 2 0 0 0 0
1400 2 0 0 0 0
1401 2 0 0 0 0
1402 2 0 0 0 0
1403 2 0 0 0 0
1404 2 0 0 0 0
1405 2 0 0 0 0
1406 2 0 0 0 0
1407 2 0 0 0 0
1408 2 0 0 0 0
1409 2 0 0 0 0
1410 2 0 0 0 0
1411 2 0 0 0 0
1412 2 0 0 0 0
1413 2 0 0 0 0
1414 2 0 0 0 0
1415 2 0 0 0 0
1416 2 0 0 0 0
1417 2 0 0 0 0
1418 2 0 0 0 0
1419 2 0 0 0 0
1420 2 0 0 0 0
1421 2 0 0 0 0
1422 2 0 0 0 0
1423 2 0 0 0 0
1424 2 0 0 0 0
1425 2 0 0 0 0
1426 2 0 0 0 0
1427 2 0 0 0 0
1428 2 0 0 0 0
1429 2 0 0 0 0
1430 2 0 0 0 0
1431 2 0 0 0 0
1432 2 0 0 0 0
1433 2 0 0 0 0
1434 2 0 0 0 0
1435 2 0 0 0 0
1436 2 0 0 0 0
1437 2 0 0 0 0
1438 2 0 0 0 0
1439 2 0 0 0 0
1440 2 0 0 0 0
1441 2 0 0 0 0
1442 2 0 0 0 0
1443 2 0 0 0 0
1444 2 0 0 0 0
1445 2 0 0 0 0
1446 2 0 0 0 0
1447 2 0 0 0 0
1448 2 0 0 0 0
1449 2 0 0 0 0
1450 2 0 0 0 0
1451 2 0 0 0 0
1452 2 0 0 0 0
1453 2 0 0 0 0
1454 2 0 0 0 0
1455 2 0 0 0 0
1456 2 0 0 0 0
1457 2 0 0 0 0
1458 2 0 0 0 0
1459 2 0 0 0 0
1460 2 0 0 0 0
1461 2 0 0 0 0
1462 2 0 0 0 0
1463 2 0 0 0 0
1464 2 0 0 0 0
1465 2 0 0 0 0
1466 2 0 0 0 0
1467 2 0 0 0 0
1468 2 0 0 0 0
1469 2 0 0 0 0
1470 2 0 0 2 0
1471 2 0 0 2 0
1472 2 0 0 2 0
1473 2 0 0 2 0
1474 2 0 0 2 0
1475 2 0 0 2 0
1476 2 0 0 2 0
1477 2 0 0 2 0
1478 2 0 0 2 0
1479 2 0 0 2 0
1480 2 0 2 0 0
1481 2 0 2 0 0
1482 2 0 2 0 0
1483 2 0 2 0 0
1484 2 0 2 0 0
1485 2 0 2 0 0
1486 2 0 2 0 0
1487 2 0 2 0 0
1488 2 0 2 0 0
1489 2 0 2 0 0
1490 0 2 2 0 0
1491 0 2 2 0 0
1492 0 2 2 0 0
1493 0 2 2 0 0
1494 0 2 2 0 0
1495 0 2 2 0 0
1496 0 2 2 0 0
1497 0 2 2 0 0
1498 0 2 2 0 0
1499 0 2 2 0 0
1500 0 2 2 0 0
1501 0 2 2 0 0
1502 0 2 2 0 0
1503 0 2 2 0 0
1504 0 2 2 0 0
1505 0 2 2 0 0
1506 0 2 2 0 0
1507 0 2 2 0 0
1508 0 2 2 0 0
1509 0 2 2 0 0
1510 0 0 2 0 0
1511 0 0 2 0 0
1512 0 0 2 0 0
1513 0 0 2 0 0
1514 0 0 2 0 0
1515 0 0 2 0 0
1516 0 0 2 0 0
1517 0 0 2 0 0
1518 0 0 2 0 0
1519 0 0 2 0 0
1520 0 0 2 0 0
1521 0 0 2 0 0
1522 0 0 2 0 0
1523 0 0 2 0 0
1524 0 0 2 0 0
1525 0 0 2 0 0
1526 0 0 2 0 0
1527 0 0 2 0 0
1528 0 0 2 0 0
1529 0 0 2 0 0
1530 0 0 2 0 0
1531 0 0 2 0 0
1532 0 0 2 0 2
1533 0 0 2 0 2
1534 0 0 2 0 2
1535 0 0 2 0 2
1536 0 0 2 0 2
1537 0 0 2 0 2
1538 0 0 2 0 2
1539 0 0 2 0 2
1540 0 0 2 0 2
1541 0 0 2 0 2
1542 0 0 2 0 2
1543 0 0 2 0 2
1544 0 0 2 0 2
1545 0 0 2 0 2
1546 0 0 2 0 2
1547 0 0 2 0 2
1548 0 0 2 0 2
1549 0 0 2 0 2
1550 0 0 2 0 0
1551 0 0 2 0 0
1552 0 0 2 0 0
1553 0 0 2 0 0
1554 0 0 2 0 0
1555 0 0 2 0 0
1556 0 0 2 0 0
1557 0 0 2 0 0
1558 0 0 2 0 0
1559 0 0 2 0 0
1560 0 0 2 0 0
1561 0 0 2 0 0
1562 0 0 2 0 0
1563 0 0 2 0 0
1564 0 0 2 0 0
1565 0 0 2 0 0
1566 0 0 2 0 0
1567 0 0 2 0 0
1568 0 0 2 0 0
1569 0 0 2 0 0
1570 0 0 2 0 0
1571 0 0 2 0 0
1572 0 0 2 0 0
1573 0 0 2 0 0
1574 0 0 2 0 0
1575 0 0 2 0 0
1576 0 0 2 0 0
1577 0 0 2 0 0
1578 0 0 2 0 0
1579 0 0 2 0 0
1580 0 0 2 0 0
1581 0 0 2 0 0
1582 0 0 2 0 0
1583 0 0 2 0 0
1584 0 0 2 0 0
1585 0 0 2 0 0
1586 0 0 2 0 0
1587 0 0 2 0 0
1588 0 0 2 0 0
1589 0 0 2 0 0
1590 0 0 2 0 0
1591 0 0 2 0 0
1592 0 0 2 0 0
1593 0 0 2 0 0
1594 0 0 2 0 0
1595 0 0 2 0 0
1596 0 0 2 0 0
1597 0 0 2 0 0
1598 0 0 2 0 0
1599 0 0 2 0 0
1600 0 0 2 0 1
1601 0 0 2 0 1
1602 0 0 2 0 1
1603 0 0 2 0 1
1604 0 0 2 0 1
1605 0 0 2 0 1
1606 0 0 2 0 1
1607 0 0 2 0 1
1608 0 0 2 0 1
1609 0 0 2 0 1
1610 0 0 2 0 2
1611 0 0 2 0 2
1612 0 0 2 0 2
1613 0 0 2 0 2
1614 0 0 2 0 2
1615 0 0 2 0 2
1616 0 0 2 0 2
1617 0 0 2 0 2
1618 0 0 2 0 2
1619 0 0 2 0 2
1620 0 0 2 0 2
1621 0 0 2 0 2
1622 0 0 2 0 2
1623 0 0 2 0 2
1624 0 0 2 0 2
1625 0 0 2 0 2
1626 0 0 2 0 2
1627 0 0 2 0 2
1628 0 0 2 0 2
1629 0 0 2 0 2
1630 0 0 2 0 2
1631 0 0 2 0 2
1632 0 0 2 0 2
1633 0 0 2 0 2
1634 0 0 2 0 2
1635 0 0 2 0 2
1636 0 0 2 0 2
1637 0 0 2 0 2
1638 0 0 2 0 2
1639 0 0 2 0 2
1640 0 0 2 0 2
1641 0 0 2 0 2
1642 0 0 2 0 2
1643 0 0 2 0 2
1644 0 0 2 0 2
1645 0 0 2 0 2
1646 0 0 2 0 2
1647 0 0 2 0 2
1648 0 0 2 0 2
1649 0 0 2 0 2
1650 0 0 2 0 2
1651 0 0 2 0 2
1652 0 0 2 0 2
1653 0 0 2 0 2
1654 0 0 2 0 2
1655 0 0 2 0 2
1656 0 0 2 0 2
1657 0 0 2 0 2
1658 0 0 2 0 2
1659 0 0 2 0 2
1660 0 0 2 0 2
1661 0 0 2 0 2
1662 0 0 2 0 2
1663 0 0 2 0 2
1664 0 0 2 0 2
1665 0 0 2 0 2
1666 0 0 2 0 2
1667 0 0 2 0 2
1668 0 0 2 0 2
1669 0 0 2 0 2
1670 0 0 2 0 2
1671 0 0 2 0 2
1672 0 0 2 0 2
1673 0 0 2 0 2
1674 0 0 2 0 2
1675 0 0 2 0 2
1676 0 0 2 0 2
1677 0 0 2 0 2
1678 0 0 2 0 2
1679 0 0 2 0 2
1680 0 0 2 0 2
1681 0 0 2 0 2
1682 0 0 2 0 2
1683 0 0 2 0 2
1684 0 0 2 0 2
1685 0 0 2 0 2
1686 0 0 2 0 2
1687 0 0 2 0 2
1688 0 0 2 0 2
1689 0 0 2 0 2
1690 0 0 2 0 2
1691 0 0 2 0 2
1692 0 0 2 0 2
1693 0 0 2 0 2
1694 0 0 2 0 2
1695 0 0 2 0 2
1696 0 0 2 0 2
1697 0 0 2 0 2
1698 0 0 2 0 2
1699 0 0 2 0 2
1700 0 0 2 0 2
1701 0 0 2 0 2
1702 0 0 2 0 2
1703 0 0 2 0 2
1704 0 0 2 0 2
1705 0 0 2 0 2
1706 0 0 2 0 2
1707 0 0 2 0 2
1708 0 0 2 0 2
1709 0 0 2 0 2
1710 0 0 2 0 2
1711 0 0 2 0 2
1712 0 0 2 0 2
1713 0 0 2 0 2
1714 0 0 2 0 2
1715 0 0 2 0 2
1716 0 0 2 0 2
1717 0 0 2 0 2
1718 0 0 2 0 2
1719 0 0 2 0 2
1720 0 0 2 0 2
1721 0 0 2 0 2
1722 0 0 2 0 2
1723 0 0 2 0 2
1724 0 0 2 0 2
1725 0 0 2 0 2
1726 0 0 2 0 2
1727 0 0 2 0 2
1728 0 0 2 0 2
1729 0 0 2 0 2
1730 0 2 2 0 2
1731 0 2 2 0 2
1732 0 2 2 0 2
1733 0 2 2 0 2
1734 0 2 2 0 2
1735 0 2 2 0 2
1736 0 2 2 0 2
1737 0 2 2 0 2
1738 0 2 2 0 2
1739 0 2 2 0 2
1740 2 0 2 0 2
1741 2 0 2 0 2
1742 2 0 2 0 2
1743 2 0 2 0 2
1744 2 0 2 0 2
1745 2 0 2 0 2
1746 2 0 2 0 2
1747 2 0 2 0 2
1748 2 0 2 0 2
1749 2 0 2 0 2
1750 2 0 2 0 2
1751 2 0 2 0 2
1752 2 0 2 0 2
1753 2 0 2 0 2
1754 2 0 2 0 2
1755 2 0 2 0 2
1756 2 0 2 0 2
1757 2 0 2 0 2
1758 2 0 2 0 2
1759 2 0 2 0 2
1760 2 0 0 0 2
1761 2 0 0 0 2
1762 2 0 0 0 2
1763 2 0 0 0 2
1764 2 0 0 0 2
1765 2 0 0 0 2
1766 2 0 0 0 2
1767 2 0 0 0 2
1768 2 0 0 0 2
1769 2 0 0 0 2
1770 2 0 0 0 2
1771 2 0 0 0 2
1772 2 0 0 0 2
1773 2 0 0 0 2
1774 2 0 0 0 2
1775 2 0 0 0 2
1776 2 0 0 0 2
1777 2 0 0 0 2
1778 2 0 0 0 2
1779 2 0 0 0 2
1780 2 0 0 0 2
1781 2 0 0 0 2
1782 2 0 0 0 2
1783 2 0 0 0 2
1784 2 0 0 0 2
1785 2 0 0 0 2
1786 2 0 0 0 2
1787 2 0 0 0 2
1788 2 0 0 0 2
1789 2 0 0 0 2
1790 2 0 0 0 2
1791 2 0 0 0 2
1792 2 0 0 0 2
1793 2 0 0 0 2
1794 2 0 0 0 2
1795 2 0 0 0 2
1796 2 0 0 0 2
1797 2 0 0 0 2
1798 2 0 0 0 2
1799 2 0 0 0 2
1800 2 0 0 0 2
1801 2 0 0 0 2
1802 2 0 0 0 2
1803 2 0 0 0 2
1804 2 0 0 0 2
1805 2 0 0 0 2
1806 2 0 0 0 2
1807 2 0 0 0 2
1808 2 0 0 0 2
1809 2 0 0 0 2
1810 2 0 0 0 2
1811 2 0 0 0 2
1812 2 0 0 0 2
1813 2 0 0 0 2
1814 2 0 0 0 2
1815 2 0 0 0 2
1816 2 0 0 0 2
1817 2 0 0 0 2
1818 2 0 0 0 2
1819 2 0 0 0 2
1820 2 0 0 0 2
1821 2 0 0 0 2
1822 2 0 0 0 2
1823 2 0 0 0 2
1824 2 0 0 0 2
1825 2 0 0 0 2
1826 2 0 0 0 2
1827 2 0 0 0 2
1828 2 0 0 0 2
1829 2 0 0 0 2
1830 2 0 0 0 2
1831 2 0 0 0 2
1832 2 0 0 0 2
1833 2 0 0 0 2
1834 2 0 0 0 2
1835 2 0 0 0 2
1836 2 0 0 0 2
1837 2 0 0 0 2
1838 2 0 0 0 2
1839 2 0 0 0 2
1840 2 0 0 0 2
1841 2 0 0 0 2
1842 2 0 0 0 2
1843 2 0 0 0 2
1844 2 0 0 0 2
1845 2 0 0 0 2
1846 2 0 0 0 2
1847 2 0 0 0 2
1848 2 0 0 0 2
1849 2 0 0 0 2
1850 2 0 0 0 2
1851 2 0 0 0 2
1852 2 0 0 0 2
1853 2 0 0 0 2
1854 2 0 0 0 2
1855 2 0 0 0 2
1856 2 0 0 0 2
1857 2 0 0 0 2
1858 2 0 0 0 2
1859 2 0 0 0 2
1860 2 0 0 0 0
1861 2 0 0 0 0
1862 2 0 0 0 0
1863 2 0 0 0 0
1864 2 0 0 0 0
1865 2 0 0 0 0
1866 2 0 0 0 0
1867 2 0 0 0 0
1868 2 0 0 0 0
1869 2 0 0 0 0
1870 2 0 0 0 0
1871 2 0 0 0 0
1872 2 0 0 0 0
1873 2 0 0 0 0
1874 2 0 0 0 0
1875 2 0 0 0 0
1876 2 0 0 0 0
1877 2 0 0 0 0
1878 2 0 0 0 0
1879 2 0 0 0 0
1880 2 0 0 0 0
1881 2 0 0 0 0
1882 2 0 0 0 0
1883 2 0 0 0 0
1884 2 0 0 0 0
1885 2 0 0 0 0
1886 2 0 0 0 0
1887 2 0 0 0 0
1888 2 0 0 0 0
1889 2 0 0 0 0
1890 2 0 0 0 0
1891 2 0 0 0 0
1892 2 0 0 0 0
1893 2 0 0 0 0
1894 2 0 0 0 0
1895 2 0 0 0 0
1896 2 0 0 0 0
1897 2 0 0 0 0
1898 2 0 0 0 0
1899 2 0 0 0 0
1900 2 0 0 0 0
1901 2 0 0 0 0
1902 2 0 0 0 0
1903 2 0 0 0 0
1904 2 0 0 0 0
1905 2 0 0 0 0
1906 2 0 0 0 0
1907 2 0 0 0 0
1908 2 0 0 0 0
1909 2 0 0 0 0
1910 2 0 0 0 0
1911 2 0 0 0 0
1912 2 0 0 0 0
1913 2 0 0 0 0
1914 2 0 0 0 0
1915 2 0 0 0 0
1916 2 0 0 0 0
1917 2 0 0 0 0
1918 2 0 0 0 0
1919 2 0 0 0 0
1920 2 0 0 0 0
1921 2 0 0 0 0
1922 2 0 0 0 0
1923 2 0 0 0 0
1924 2 0 0 0 0
1925 2 0 0 0 0
1926 2 0 0 0 0
1927 2 0 0 0 0
1928 2 0 0 0 0
1929 2 0 0 0 0
1930 2 0 0 0 0
1931 2 0 0 0 0
1932 2 0 0 0 0
1933 2 0 0 0 0
1934 2 0 0 0 0
1935 2 0 0 0 0
1936 2 0 0 0 0
1937 2 0 0 0 0
1938 2 0 0 0 0
1939 2 0 0 0 0
1940 2 0 0 0 0
1941 2 0 0 0 0
1942 2 0 0 0 0
1943 2 0 0 0 0
1944 2 0 0 0 0
1945 2 0 0 0 0
1946 2 0 0 0 0
1947 2 0 0 0 0
1948 2 0 0 0 0
1949 2 0 0 0 0
1950 2 0 2 0 0
1951 2 0 2 0 0
1952 2 0 2 0 0
1953 2 0 2 0 0
1954 2 0 2 0 0
1955 2 0 2 0 0
1956 2 0 2 0 0
1957 2 0 2 0 0
1958 2 0 2 0 0
1959 2 0 2 0 0
1960 2 0 2 0 0
1961 2 0 2 0 0
1962 2 0 2 0 0
1963 2 0 2 0 0
1964 2 0 2 0 0
1965 2 0 2 0 0
1966 2 0 2 0 0
1967 2 0 2 0 0
1968 2 0 2 0 0
1969 2 0 2 0 0
1970 2 0 2 0 0
1971 2 0 2 0 0
1972 2 0 2 0 0
1973 2 0 2 0 0
1974 2 0 2 0 0
1975 2 0 2 0 0
1976 2 0 2 0 0
1977 2 0 2 0 0
1978 2 0 2 0 0
1979 2 0 2 0 0
1980 2 0 2 0 0
1981 2 0 2 0 0
1982 2 0 2 0 0
1983 2 0 2 0 0
1984 2 0 2 0 0
1985 2 0 2 0 0
1986 2 0 2 0 0
1987 2 0 2 0 0
1988 2 0 2 0 0
1989 2 0 2 0 0
1990 2 0 2 0 0
1991 2 0 2 0 0
1992 2 0 2 0 0
1993 2 0 2 0 0
1994 2 0 2 0 0
1995 2 0 2 0 0
1996 2 0 2 0 0
1997 2 0 2 0 0
1998 2 0 2 0 0
1999 2 0 2 0 0
2000 2 0 2 0 0
2001 2 0 2 0 0
2002 2 0 2 0 0
2003 2 0 2 0 0
2004 2 0 2 0 0
2005 2 0 2 0 0
2006 2 0 2 0 0
2007 2 0 2 0 0
2008 2 0 2 0 0
2009 2 0 2 0 0
2010 2 0 2 0 0
2011 2 0 2 0 0
2012 2 0 2 0 0
2013 2 0 2 0 0
2014 2 0 2 0 0
2015 2 0 2 0 0
2016 2 0 2 0 0
2017 2 0 2 0 0
2018 2 0 2 0 0
2019 2 0 2 0 0
2020 0 0 2 0 0
2021 0 0 2 0 0
2022 0 0 2 0 0
2023 0 0 2 0 0
2024 0 0 2 0 0
2025 0 0 2 0 0
2026 0 0 2 0 0
2027 0 0 2 0 0
2028 0 0 2 0 0
2029 0 0 2 0 0
2030 0 0 2 0 0
2031 0 0 2 0 0
2032 0 0 2 0 0
2033 0 0 2 0 0
2034 0 0 2 0 0
2035 0 0 2 0 0
2036 0 0 2 0 0
2037 0 0 2 0 0
2038 0 0 2 0 0
2039 0 0 2 0 0
2040 0 0 2 0 0
2041 0 0 2 0 0
2042 0 0 2 0 0
2043 0 0 2 0 0
2044 0 0 2 0 0
2045 0 0 2 0 0
2046 0 0 2 0 0
2047 0 0 2 0 0
2048 0 0 2 0 0
2049 0 0 2 0 0
2050 0 0 2 0 0
2051 0 0 2 0 0
2052 0 0 2 0 0
2053 0 0 2 0 0
2054 0 0 2 0 0
2055 0 0 2 0 0
2056 0 0 2 0 0
2057 0 0 2 0 0
2058 0 0 2 0 0
2059 0 0 2 0 0
2060 0 0 2 0 0
2061 0 0 2 0 0
2062 0 0 2 0 0
2063 0 0 2 0 0
2064 0 0 2 0 0
2065 0 0 2 0 0
2066 0 0 2 0 0
2067 0 0 2 0 0
2068 0 0 2 0 0
2069 0 0 2 0 0
2070 0 0 2 0 1
2071 0 0 2 0 1
2072 0 0 2 0 1
2073 0 0 2 0 1
2074 0 0 2 0 1
2075 0 0 2 0 1
2076 0 0 2 0 1
2077 0 0 2 0 1
2078 0 0 2 0 1
2079 0 0 2 0 1
2080 0 0 2 0 1
2081 0 0 2 0 1
2082 0 0 2 0 1
2083 0 0 2 0 1
2084 0 0 2 0 1
2085 0 0 2 0 1
2086 0 0 2 0 1
2087 0 0 2 0 1
2088 0 0 2 0 1
2089 0 0 2 0 1
2090 0 0 2 0 1
2091 0 0 2 0 1
2092 0 0 2 0 1
2093 0 0 2 0 1
2094 0 0 2 0 1
2095 0 0 2 0 1
2096 0 0 2 0 1
2097 0 0 2 0 1
2098 0 0 2 0 1
2099 0 0 2 0 1
2100 0 0 2 0 0
2101 0 0 2 0 0
2102 0 0 2 0 0
2103 0 0 2 0 0
2104 0 0 2 0 0
2105 0 0 2 0 0
2106 0 0 2 0 0
2107 0 0 2 0 0
2108 0 0 2 0 0
2109 0 0 2 0 0
2110 0 0 2 0 0
2111 0 0 2 0 0
2112 0 0 2 0 0
2113 0 0 2 0 0
2114 0 0 2 0 2
2115 0 0 2 0 2
2116 0 0 2 0 2
2117 0 0 2 0 2
2118 0 0 2 0 2
2119 0 0 2 0 2
2120 0 0 2 0 2
2121 0 0 2 0 2
2122 0 0 2 0 2
2123 0 0 2 0 2
2124 0 0 2 0 2
2125 0 0 2 0 2
2126 0 0 2 0 2
2127 0 0 2 0 2
2128 0 0 2 0 2
2129 0 0 2 0 2
2130 0 0 2 0 2
2131 0 0 2 0 2
2132 0 0 2 0 2
2133 0 0 2 0 2
2134 0 0 2 0 2
2135 0 0 2 0 2
2136 0 0 2 0 2
2137 0 0 2 0 2
2138 0 0 2 0 2
2139 0 0 2 0 2
2140 0 0 2 0 1
2141 0 0 2 0 1
2142 0 0 2 0 1
2143 0 0 2 0 1
2144 0 0 2 0 1
2145 0 0 2 0 1
2146 0 0 2 0 1
2147 0 0 2 0 1
2148 0 0 2 0 1
2149 0 0 2 0 1
2150 0 0 2 0 1
2151 0 0 2 0 1
2152 0 0 2 0 1
2153 0 0 2 0 1
2154 0 0 2 0 1
2155 0 0 2 0 1
2156 0 0 2 0 1
2157 0 0 2 0 1
2158 0 0 2 0 1
2159 0 0 2 0 1
2160 0 0 2 0 1
2161 0 0 2 0 1
2162 0 0 2 0 1
2163 0 0 2 0 1
2164 0 0 2 0 1
2165 0 0 2 0 1
2166 0 0 2 0 1
2167 0 0 2 0 1
2168 0 0 2 0 1
2169 0 0 2 0 1
2170 0 0 2 0 1
2171 0 0 2 0 1
2172 0 0 2 0 1
2173 0 0 2 0 1
2174 0 0 2 0 1
2175 0 0 2 0 1
2176 0 0 2 0 1
2177 0 0 2 0 1
2178 0 0 2 0 1
2179 0 0 2 0 1
2180 0 0 2 0 1
2181 0 0 2 0 1
2182 0 0 2 0 1
2183 0 0 2 0 1
2184 0 0 2 0 1
2185 0 0 2 0 1
2186 0 0 2 0 1
2187 0 0 2 0 1
2188 0 0 2 0 1
2189 0 0 2 0 1
2190 0 0 2 0 1
2191 0 0 2 0 1
2192 0 0 2 0 1
2193 0 0 2 0 1
2194 0 0 2 0 1
2195 0 0 2 0 1
2196 0 0 2 0 1
2197 0 0 2 0 1
2198 0 0 2 0 1
2199 0 0 2 0 1
2200 0 0 2 0 1
2201 0 0 2 0 1
2202 0 0 2 0 1
2203 0 0 2 0 1
2204 0 0 2 0 1
2205 0 0 2 0 1
2206 0 0 2 0 1
2207 0 0 2 0 1
2208 0 0 2 0 1
2209 0 0 2 0 1
2210 0 0 2 0 1
2211 0 0 2 0 1
2212 0 0 2 0 1
2213 0 0 2 0 1
2214 0 0 2 0 1
2215 0 0 2 0 1
2216 0 0 2 0 1
2217 0 0 2 0 1
2218 0 0 2 0 1
2219 0 0 2 0 1
2220 0 0 2 0 1
2221 0 0 2 0 1
2222 0 0 2 0 1
2223 0 0 2 0 1
2224 0 0 2 0 1
2225 0 0 2 0 1
2226 0 0 2 0 1
2227 0 0 2 0 1
2228 0 0 2 0 1
2229 0 0 2 0 1
2230 0 0 2 0 1
2231 0 0 2 0 1
2232 0 0 2 0 1
2233 0 0 2 0 1
2234 0 0 2 0 1
2235 0 0 2 0 1
2236 0 0 2 0 1
2237 0 0 2 0 1
2238 0 0 2 0 1
2239 0 0 2 0 1
2240 0 0 2 0 1
2241 0 0 2 0 1
2242 0 0 2 0 1
2243 0 0 2 0 1
2244 0 0 2 0 1
2245 0 0 2 0 1
2246 0 0 2 0 1
2247 0 0 2 0 1
2248 0 0 2 0 1
2249 0 0 2 0 1
2250 0 0 2 0 1
2251 0 0 2 0 1
2252 0 0 2 0 1
2253 0 0 2 0 1
2254 0 0 2 0 1
2255 0 0 2 0 1
2256 0 0 2 0 1
2257 0 0 2 0 1
2258 0 0 2 0 1
2259 0 0 2 0 1
2260 0 0 2 0 1
2261 0 0 2 0 1
2262 0 0 2 0 1
2263 0 0 2 0 1
2264 0 0 2 0 1
2265 0 0 2 0 1
2266 0 0 2 0 1
2267 0 0 2 0 1
2268 0 0 2 0 1
2269 0 0 2 0 1
2270 0 0 2 0 1
2271 0 0 2 0 1
2272 0 0 2 0 1
2273 0 0 2 0 1
2274 0 0 2 0 1
2275 0 0 2 0 1
2276 0 0 2 0 1
2277 0 0 2 0 1
2278 0 0 2 0 1
2279 0 0 2 0 1
2280 0 0 2 0 1
2281 0 0 2 0 1
2282 0 0 2 0 1
2283 0 0 2 0 1
2284 0 0 2 0 1
2285 0 0 2 0 1
2286 0 0 2 0 1
2287 0 0 2 0 1
2288 0 0 2 0 1
2289 0 0 2 0 1
2290 0 0 2 0 0
2291 0 0 2 0 0
2292 0 0 2 0 0
2293 0 0 2 0 0
2294 0 0 2 0 2
2295 0 0 2 0 2
2296 0 0 2 0 2
2297 0 0 2 0 2
2298 0 0 2 0 2
2299 0 0 2 0 2
2300 0 0 2 0 2
2301 0 0 2 0 2
2302 0 0 2 0 2
2303 0 0 2 0 2
2304 0 0 2 0 2
2305 0 0 2 0 2
2306 0 0 2 0 2
2307 0 0 2 0 2
2308 0 0 2 0 2
2309 0 0 2 0 2
2310 0 0 2 0 2
2311 0 0 2 0 2
2312 0 0 2 0 2
2313 0 0 2 0 2
2314 0 0 2 0 2
2315 0 0 2 0 2
2316 0 0 2 0 2
2317 0 0 2 0 2
2318 0 0 2 0 2
2319 0 0 2 0 2
2320 0 0 2 0 2
2321 0 0 2 0 2
2322 0 0 2 0 2
2323 0 0 2 0 2
2324 0 0 2 0 2
2325 0 0 2 0 2
2326 0 0 2 0 2
2327 0 0 2 0 2
2328 0 0 2 0 2
2329 0 0 2 0 2
2330 0 0 2 0 2
2331 0 0 2 0 2
2332 0 0 2 0 2
2333 0 0 2 0 2
2334 0 0 2 0 2
2335 0 0 2 0 2
2336 0 0 2 0 2
2337 0 0 2 0 2
2338 0 0 2 0 2
2339 0 0 2 0 2
2340 0 0 2 0 2
2341 0 0 2 0 2
2342 0 0 2 0 2
2343 0 0 2 0 2
2344 0 0 2 0 2
2345 0 0 2 0 2
2346 0 0 2 0 2
2347 0 0 2 0 2
2348 0 0 2 0 2
2349 0 0 2 0 2
2350 0 0 2 0 2
2351 0 0 2 0 2
2352 0 0 2 0 2
2353 0 0 2 0 2
2354 0 0 2 0 2
2355 0 0 2 0 2
2356 0 0 2 0 2
2357 0 0 2 0 2
2358 0 0 2 0 2
2359 0 0 2 0 2
2360 0 0 2 0 2
2361 0 0 2 0 2
2362 0 2 2 0 2
2363 0 2 2 0 2
2364 0 2 2 0 2
2365 0 2 2 0 2
2366 0 2 2 0 2
2367 0 2 2 0 2
2368 0 2 2 0 2
2369 0 2 2 0 2
2370 0 0 2 0 2
2371 0 0 2 0 2
2372 0 0 2 0 2
2373 0 0 2 0 2
2374 0 0 2 0 2
2375 0 0 2 0 2
2376 0 0 2 0 2
2377 0 0 2 0 2
2378 0 0 2 0 2
2379 0 0 2 0 2
2380 0 0 2 0 2
2381 0 0 2 0 2
2382 0 0 2 0 2
2383 0 0 2 0 2
2384 0 0 2 0 2
2385 0 0 2 0 2
2386 0 0 2 0 2
2387 0 0 2 0 2
2388 0 0 2 0 2
2389 0 0 2 0 2
2390 2 0 2 0 2
2391 2 0 2 0 2
2392 2 0 2 0 2
2393 2 0 2 0 2
2394 2 0 2 0 2
2395 2 0 2 0 2
2396 2 0 2 0 2
2397 2 0 2 0 2
2398 2 0 2 0 2
2399 2 0 2 0 2
2400 2 0 2 0 2
2401 2 0 2 0 2
2402 2 0 2 0 2
2403 2 0 2 0 2
2404 2 0 2 0 2
2405 2 0 2 0 2
2406 2 0 2 0 2
2407 2 0 2 0 2
2408 2 0 2 0 2
2409 2 0 2 0 2
2410 2 0 2 0 2
2411 2 0 2 0 2
2412 2 0 2 0 2
2413 2 0 2 0 2
2414 2 0 2 0 2
2415 2 0 2 0 2
2416 2 0 2 0 2
2417 2 0 2 0 2
2418 2 0 2 0 2
2419 2 0 2 0 2
2420 2 0 2 0 2
2421 2 0 2 0 2
2422 2 0 2 0 2
2423 2 0 2 0 2
2424 2 0 2 0 2
2425 2 0 2 0 2
2426 2 0 2 0 2
2427 2 0 2 0 2
2428 2 0 2 0 2
2429 2 0 2 0 2
2430 2 0 0 0 2
2431 2 0 0 0 2
2432 2 0 0 0 2
2433 2 0 0 0 2
2434 2 0 0 0 2
2435 2 0 0 0 2
2436 2 0 0 0 2
2437 2 0 0 0 2
2438 2 0 0 0 2
2439 2 0 0 0 2
2440 2 0 0 0 2
2441 2 0 0 0 2
2442 2 0 0 0 2
2443 2 0 0 0 2
2444 2 0 0 0 2
2445 2 0 0 0 2
2446 2 0 0 0 2
2447 2 0 0 0 2
2448 2 0 0 0 2
2449 2 0 0 0 2
2450 2 0 0 0 2
2451 2 0 0 0 2
2452 2 0 0 0 2
2453 2 0 0 0 2
2454 2 0 0 0 2
2455 2 0 0 0 2
2456 2 0 0 0 2
2457 2 0 0 0 2
2458 2 0 0 0 2
2459 2 0 0 0 2
2460 2 0 0 0 2
2461 2 0 0 0 2
2462 2 0 0 0 2
2463 2 0 0 0 2
2464 2 0 0 0 2
2465 2 0 0 0 2
2466 2 0 0 0 2
2467 2 0 0 0 2
2468 2 0 0 0 2
2469 2 0 0 0 2
2470 2 0 0 0 2
2471 2 0 0 0 2
2472 2 0 0 0 2
2473 2 0 0 0 2
2474 2 0 0 0 2
2475 2 0 0 0 2
2476 2 0 0 0 2
2477 2 0 0 0 2
2478 2 0 0 0 2
2479 2 0 0 0 2
2480 2 0 0 0 2
2481 2 0 0 0 2
2482 2 0 0 0 2
2483 2 0 0 0 2
2484 2 0 0 0 2
2485 2 0 0 0 2
2486 2 0 0 0 2
2487 2 0 0 0 2
2488 2 0 0 0 2
2489 2 0 0 0 2
2490 2 0 0 0 2
2491 2 0 0 0 2
2492 2 0 0 0 2
2493 2 0 0 0 2
2494 2 0 0 0 2
2495 2 0 0 0 2
2496 2 0 0 0 2
2497 2 0 0 0 2
2498 2 0 0 0 2
2499 2 0 0 0 2
2500 2 0 0 0 2
2501 2 0 0 0 2
2502 2 0 0 0 2
2503 2 0 0 0 2
2504 2 0 0 0 2
2505 2 0 0 0 2
2506 2 0 0 0 2
2507 2 0 0 0 2
2508 2 0 0 0 2
2509 2 0 0 0 2
2510 2 0 0 0 2
2511 2 0 0 0 2
2512 2 0 0 0 2
2513 2 0 0 0 2
2514 2 0 0 0 2
2515 2 0 0 0 2
2516 2 0 0 0 2
2517 2 0 0 0 2
2518 2 0 0 0 2
2519 2 0 0 0 2
2520 2 0 0 0 2
2521 2 0 0 0 2
2522 2 0 0 0 2
2523 2 0 0 0 2
2524 2 0 0 0 2
2525 2 0 0 0 2
2526 2 0 0 0 2
2527 2 0 0 0 2
2528 2 0 0 0 2
2529 2 0 0 0 2
2530 2 0 0 0 2
2531 2 0 0 0 2
2532 2 0 0 0 2
2533 2 0 0 0 2
2534 2 0 0 0 2
2535 2 0 0 0 2
2536 2 0 0 0 2
2537 2 0 0 0 2
2538 2 0 0 0 2
2539 2 0 0 0 2
2540 2 0 0 0 0
2541 2 0 0 0 0
2542 2 0 0 0 0
2543 2 0 0 0 0
2544 2 0 0 0 0
2545 2 0 0 0 0
2546 2 0 0 0 0
2547 2 0 0 0 0
2548 2 0 0 0 0
2549 2 0 0 0 0
2550 2 0 0 0 0
2551 2 0 0 0 0
2552 2 0 0 0 0
2553 2 0 0 0 0
2554 2 0 0 0 0
2555 2 0 0 0 0
2556 2 0 0 0 0
2557 2 0 0 0 0
2558 2 0 0 0 0
2559 2 0 0 0 0
2560 2 0 0 0 0
2561 2 0 0 0 0
2562 2 0 0 0 0
2563 2 0 0 0 0
2564 2 0 0 0 0
2565 2 0 0 0 0
2566 2 0 0 0 0
2567 2 0 0 0 0
2568 2 0 0 0 0
2569 2 0 0 0 0
2570 2 0 0 0 0
2571 2 0 0 0 0
2572 2 0 0 0 0
2573 2 0 0 0 0
2574 2 0 0 0 0
2575 2 0 0 0 0
2576 2 0 0 0 0
2577 2 0 0 0 0
2578 2 0 0 0 0
2579 2 0 0 0 0
2580 2 0 0 0 0
2581 2 0 0 0 0
2582 2 0 0 0 0
2583 2 0 0 0 0
2584 2 0 0 0 0
2585 2 0 0 0 0
2586 2 0 0 0 0
2587 2 0 0 0 0
2588 2 0 0 0 0
2589 2 0 0 0 0
2590 2 0 0 0 0
2591 2 0 0 0 0
2592 2 0 0 0 0
2593 2 0 0 0 0
2594 2 0 0 0 0
2595 2 0 0 0 0
2596 2 0 0 0 0
2597 2 0 0 0 0
2598 2 0 0 0 0
2599 2 0 0 0 0
2600 2 0 0 0 0
2601 2 0 0 0 0
2602 2 0 0 0 0
2603 2 0 0 0 0
2604 2 0 0 0 0
2605 2 0 0 0 0
2606 2 0 0 0 0
2607 2 0 0 0 0
2608 2 0 0 0 0
2609 2 0 0 0 0
2610 2 0 0 0 0
2611 2 0 0 0 0
2612 2 0 0 0 0
2613 2 0 0 0 0
2614 2 0 0 0 0
2615 2 0 0 0 0
2616 2 0 0 0 0
2617 2 0 0 0 0
2618 2 0 0 0 0
2619 2 0 0 0 0
2620 2 0 0 0 0
2621 2 0 0 0 0
2622 2 0 0 0 0
2623 2 0 0 0 0
