0 0 0 0 0 0
1 0 0 0 0 0
2 0 0 0 0 0
3 0 0 0 0 0
4 0 0 0 0 0
5 0 0 0 0 0
6 0 0 0 0 0
7 0 0 0 0 0
8 0 0 0 0 0
9 0 0 0 0 0
10 0 0 0 0 0
11 0 0 0 0 0
12 0 0 0 0 0
13 0 0 0 0 0
14 0 0 0 0 0
15 0 0 0 0 0
16 0 0 0 0 0
17 0 0 0 0 0
18 0 0 0 0 0
19 0 0 0 0 0
20 0 0 0 0 0
21 0 0 0 0 0
22 0 0 0 0 0
23 0 0 0 0 0
24 0 0 0 0 0
25 0 0 0 0 0
26 0 0 0 0 0
27 0 0 0 0 0
28 0 0 0 0 0
29 0 0 0 0 0
30 0 0 0 0 0
31 0 0 0 0 0
32 0 0 0 0 0
33 0 0 0 0 0
34 0 0 0 0 0
35 0 0 0 0 0
36 0 0 0 0 0
37 0 0 0 0 0
38 0 0 0 0 0
39 0 0 0 0 0
40 0 0 0 0 0
41 0 0 0 0 0
42 0 0 0 0 0
43 0 0 0 0 0
44 0 0 0 0 0
45 0 0 0 0 0
46 0 0 0 0 0
47 0 0 0 0 0
48 0 0 0 0 0
49 0 0 0 0 0
50 0 0 0 0 0
51 0 0 0 0 0
52 0 0 0 0 0
53 0 0 0 0 0
54 0 0 0 0 0
55 0 0 0 0 0
56 0 0 0 0 0
57 0 0 0 0 0
58 0 0 0 0 0
59 0 0 0 0 0
60 0 0 0 0 0
61 0 0 0 0 0
62 0 0 0 0 0
63 0 0 0 0 0
64 0 0 0 0 0
65 0 0 0 0 0
66 0 0 0 0 0
67 0 0 0 0 0
68 0 0 0 0 0
69 0 0 0 0 0
70 0 0 0 0 0
71 0 0 0 0 0
72 0 0 0 0 0
73 0 0 0 0 0
74 0 0 0 0 0
75 0 0 0 0 0
76 0 0 0 0 0
77 0 0 0 0 0
78 0 0 0 0 0
79 0 0 0 0 0
80 0 0 0 0 0
81 0 0 0 0 0
82 0 0 0 0 0
83 0 0 0 0 0
84 0 0 0 0 0
85 0 0 0 0 0
86 0 0 0 0 0
87 0 0 0 0 0
88 0 0 0 0 0
89 0 0 0 0 0
90 0 0 0 0 0
91 0 0 0 0 0
92 0 0 0 0 0
93 0 0 0 0 0
94 0 0 0 0 0
95 0 0 0 0 0
96 0 0 0 0 0
97 0 0 0 0 0
98 0 0 0 0 0
99 0 0 0 0 0
100 0 0 0 0 0
101 0 0 0 0 0
102 0 0 0 0 0
103 0 0 0 0 0
104 0 0 0 0 0
105 0 0 0 0 0
106 0 0 0 0 0
107 0 0 0 0 0
108 0 0 0 0 0
109 0 0 0 0 0
110 0 0 0 0 0
111 0 0 0 0 0
112 0 0 0 0 0
113 0 0 0 0 0
114 0 0 0 0 0
115 0 0 0 0 0
116 0 0 0 0 0
117 0 0 0 0 0
118 0 0 0 0 0
119 0 0 0 0 0
120 0 0 2 0 0
121 0 0 2 0 0
122 0 0 2 0 0
123 0 0 2 0 0
124 0 0 2 0 0
125 0 0 2 0 0
126 0 0 2 0 0
127 0 0 2 0 0
128 0 0 2 0 0
129 0 0 2 0 0
130 0 0 2 0 0
131 0 0 2 0 0
132 0 0 2 0 0
133 0 0 2 0 0
134 0 0 2 0 0
135 0 0 2 0 0
136 0 0 2 0 0
137 0 0 2 0 0
138 0 0 2 0 0
139 0 0 2 0 0
140 0 0 2 0 0
141 0 0 2 0 0
142 0 0 2 0 0
143 0 0 2 0 0
144 0 0 2 0 0
145 0 0 2 0 0
146 0 0 2 0 0
147 0 0 2 0 0
148 0 0 2 0 0
149 0 0 2 0 0
150 0 0 2 0 0
151 0 0 2 0 0
152 0 0 2 0 0
153 0 0 2 0 0
154 0 0 2 0 0
155 0 0 2 0 0
156 0 0 2 0 0
157 0 0 2 0 0
158 0 0 2 0 0
159 0 0 2 0 0
160 0 0 2 0 0
161 0 0 2 0 0
162 0 0 2 0 0
163 0 0 2 0 0
164 0 0 2 0 0
165 0 0 2 0 0
166 0 0 2 0 0
167 0 0 2 0 0
168 0 0 2 0 0
169 0 0 2 0 0
170 0 0 2 0 0
171 0 0 2 0 0
172 0 0 2 0 0
173 0 0 2 0 0
174 0 0 2 0 0
175 0 0 2 0 0
176 0 0 2 0 0
177 0 0 2 0 0
178 0 0 2 0 0
179 0 0 2 0 0
180 0 0 2 0 0
181 0 0 2 0 0
182 0 0 2 0 0
183 0 0 2 0 0
184 0 0 2 0 0
185 0 0 2 0 0
186 0 0 2 0 0
187 0 0 2 0 0
188 0 0 2 0 0
189 0 0 2 0 0
190 0 0 2 0 0
191 0 0 2 0 0
192 0 0 2 0 0
193 0 0 2 0 0
194 0 0 2 0 0
195 0 0 2 0 0
196 0 0 2 0 0
197 0 0 2 0 0
198 0 0 2 0 0
199 0 0 2 0 0
200 0 0 2 0 0
201 0 0 2 0 0
202 0 0 2 0 0
203 0 0 2 0 0
204 0 0 2 0 0
205 0 0 2 0 0
206 0 0 2 0 0
207 0 0 2 0 0
208 0 0 2 0 0
209 0 0 2 0 0
210 0 0 2 0 0
211 0 0 2 0 0
212 0 0 2 0 0
213 0 0 2 0 0
214 0 0 2 0 0
215 0 0 2 0 0
216 0 0 2 0 0
217 0 0 2 0 0
218 0 0 2 0 0
219 0 0 2 0 0
220 0 0 2 0 0
221 0 0 2 0 0
222 0 0 2 0 0
223 0 0 2 0 0
224 0 0 2 0 0
225 0 0 2 0 0
226 0 0 2 0 0
227 0 0 2 0 0
228 0 0 2 0 0
229 0 0 2 0 0
230 0 0 2 0 0
231 0 0 2 0 0
232 0 0 2 0 0
233 0 0 2 0 0
234 0 0 2 0 0
235 0 0 2 0 0
236 0 0 2 0 0
237 0 0 2 0 0
238 0 0 2 0 0
239 0 0 2 0 0
240 0 0 2 0 0
241 0 0 2 0 0
242 0 0 2 0 0
243 0 0 2 0 0
244 0 0 2 0 0
245 0 0 2 0 0
246 0 0 2 0 0
247 0 0 2 0 0
248 0 0 2 0 0
249 0 0 2 0 0
250 0 0 2 0 0
251 0 0 2 0 0
252 0 0 2 0 0
253 0 0 2 0 0
254 0 0 2 0 0
255 0 0 2 0 0
256 0 0 2 0 0
257 0 0 2 0 0
258 0 0 2 0 0
259 0 0 2 0 0
260 0 0 2 0 0
261 0 0 2 0 0
262 0 0 2 0 0
263 0 0 2 0 0
264 0 0 2 0 0
265 0 0 2 0 0
266 0 0 2 0 0
267 0 0 2 0 0
268 0 0 2 0 0
269 0 0 2 0 0
270 0 0 2 0 0
271 0 0 2 0 0
272 0 0 2 0 0
273 0 0 2 0 0
274 0 0 2 0 0
275 0 0 2 0 0
276 0 0 2 0 0
277 0 0 2 0 0
278 0 0 2 0 0
279 0 0 2 0 0
280 0 0 2 0 0
281 0 0 2 0 0
282 0 0 2 0 0
283 0 0 2 0 0
284 0 0 2 0 0
285 0 0 2 0 0
286 0 0 2 0 0
287 0 0 2 0 0
288 0 0 2 0 0
289 0 0 2 0 0
290 0 0 2 0 0
291 0 0 2 0 0
292 0 0 2 0 0
293 0 0 2 0 0
294 0 0 2 0 0
295 0 0 2 0 0
296 0 0 2 0 0
297 0 0 2 0 0
298 0 0 2 0 0
299 0 0 2 0 0
300 0 0 2 0 0
301 0 0 2 0 0
302 0 0 2 0 0
303 0 0 2 0 0
304 0 0 2 0 0
305 0 0 2 0 0
306 0 0 2 0 0
307 0 0 2 0 0
308 0 0 2 0 0
309 0 0 2 0 0
310 0 0 2 0 0
311 0 0 2 0 0
312 0 0 2 0 0
313 0 0 2 0 0
314 0 0 2 0 0
315 0 0 2 0 0
316 0 0 2 0 0
317 0 0 2 0 0
318 0 0 2 0 0
319 0 0 2 0 0
320 0 0 2 0 0
321 0 0 2 0 0
322 0 0 2 0 0
323 0 0 2 0 0
324 0 0 2 0 0
325 0 0 2 0 0
326 0 0 2 0 0
327 0 0 2 0 0
328 0 0 2 0 0
329 0 0 2 0 0
330 0 0 2 0 0
331 0 0 2 0 0
332 0 0 2 0 0
333 0 0 2 0 0
334 0 0 2 0 0
335 0 0 2 0 0
336 0 0 2 0 0
337 0 0 2 0 0
338 0 0 2 0 0
339 0 0 2 0 0
340 0 0 2 0 0
341 0 0 2 0 0
342 0 0 2 0 0
343 0 0 2 0 0
344 0 0 2 0 0
345 0 0 2 0 0
346 0 0 2 0 0
347 0 0 2 0 0
348 0 0 2 0 0
349 0 0 2 0 0
350 0 0 2 0 0
351 0 0 2 0 0
352 0 0 2 0 0
353 0 0 2 0 0
354 0 0 2 0 0
355 0 0 2 0 0
356 0 0 2 0 0
357 0 0 2 0 0
358 0 0 2 0 0
359 0 0 2 0 0
360 0 0 2 0 0
361 0 0 2 0 0
362 0 0 2 0 0
363 0 0 2 0 0
364 0 0 2 0 0
365 0 0 2 0 0
366 0 0 2 0 0
367 0 0 2 0 0
368 0 0 2 0 0
369 0 0 2 0 0
370 0 0 2 0 0
371 0 0 2 0 0
372 0 0 2 0 0
373 0 0 2 0 0
374 0 0 2 0 0
375 0 0 2 0 0
376 0 0 2 0 0
377 0 0 2 0 0
378 0 0 2 0 0
379 0 0 2 0 0
380 0 0 2 0 0
381 0 0 2 0 0
382 0 0 2 0 0
383 0 0 2 0 0
384 0 0 2 0 0
385 0 0 2 0 0
386 0 0 2 0 0
387 0 0 2 0 0
388 0 0 2 0 0
389 0 0 2 0 0
390 0 0 2 0 0
391 0 0 2 0 0
392 0 0 2 0 0
393 0 0 2 0 0
394 0 0 2 0 0
395 0 0 2 0 0
396 0 0 2 0 0
397 0 0 2 0 0
398 0 0 2 0 0
399 0 0 2 0 0
400 0 0 2 0 0
401 0 0 2 0 0
402 0 0 2 0 0
403 0 0 2 0 0
404 0 0 2 0 0
405 0 0 2 0 0
406 0 0 2 0 0
407 0 0 2 0 0
408 0 0 2 0 0
409 0 0 2 0 0
410 0 0 2 0 0
411 0 0 2 0 0
412 0 0 2 0 0
413 0 0 2 0 0
414 0 0 2 0 0
415 0 0 2 0 0
416 0 0 2 0 0
417 0 0 2 0 0
418 0 0 2 0 0
419 0 0 2 0 0
420 0 0 2 0 0
421 0 0 2 0 0
422 0 0 2 0 0
423 0 0 2 0 0
424 0 0 2 0 0
425 0 0 2 0 0
426 0 0 2 0 0
427 0 0 2 0 0
428 0 0 2 0 0
429 0 0 2 0 0
430 0 0 2 0 0
431 0 0 2 0 0
432 0 0 2 0 0
433 0 0 2 0 0
434 0 0 2 0 0
435 0 0 2 0 0
436 0 0 2 0 0
437 0 0 2 0 0
438 0 0 2 0 0
439 0 0 2 0 0
440 0 0 2 0 0
441 0 0 2 0 0
442 0 0 2 0 0
443 0 0 2 0 0
444 0 0 2 0 0
445 0 0 2 0 0
446 0 0 2 0 0
447 0 0 2 0 0
448 0 0 2 0 0
449 0 0 2 0 0
450 0 0 2 0 0
451 0 0 2 0 0
452 0 0 2 0 0
453 0 0 2 0 0
454 0 0 2 0 0
455 0 0 2 0 0
456 0 0 2 0 0
457 0 0 2 0 0
458 0 0 2 0 0
459 0 0 2 0 0
460 0 0 2 0 0
461 0 0 2 0 0
462 0 0 2 0 0
463 0 0 2 0 0
464 0 0 2 0 0
465 0 0 2 0 0
466 0 0 2 0 0
467 0 0 2 0 0
468 0 0 2 0 0
469 0 0 2 0 0
470 0 0 2 0 0
471 0 0 2 0 0
472 0 0 2 0 0
473 0 0 2 0 0
474 0 0 2 0 0
475 0 0 2 0 0
476 0 0 2 0 0
477 0 0 2 0 0
478 0 0 2 0 0
479 0 0 2 0 0
480 0 2 2 0 0
481 0 2 2 0 0
482 0 2 2 0 0
483 0 2 2 0 0
484 0 2 2 0 0
485 0 2 2 0 0
486 0 2 2 0 0
487 0 2 2 0 0
488 0 2 2 0 0
489 0 2 2 0 0
490 0 0 0 0 0
491 0 0 0 0 0
492 0 0 0 0 0
493 0 0 0 0 0
494 0 0 0 0 0
495 0 0 0 0 0
496 0 0 0 0 0
497 0 0 0 0 0
498 0 0 0 0 0
499 0 0 0 0 0
500 0 0 0 0 0
501 0 0 0 0 0
502 0 0 0 0 0
503 0 0 0 0 0
504 0 0 0 0 0
505 0 0 0 0 0
506 0 0 0 0 0
507 0 0 0 0 0
508 0 0 0 0 0
509 0 0 0 0 0
510 0 0 0 0 0
511 0 0 0 0 0
512 0 0 0 0 0
513 0 0 0 0 0
514 0 0 0 0 0
515 0 0 0 0 0
516 0 0 0 0 0
517 0 0 0 0 0
518 0 0 0 0 0
519 0 0 0 0 0
520 0 0 0 0 0
521 0 0 0 0 0
522 0 0 0 0 0
523 0 0 0 0 0
524 0 0 0 0 0
525 0 0 0 0 0
526 0 0 0 0 0
527 0 0 0 0 0
528 0 0 0 0 0
529 0 0 0 0 0
530 0 2 0 0 0
531 0 2 0 0 0
532 0 2 0 0 0
533 0 0 0 0 0
534 0 0 0 0 0
535 0 0 0 0 0
536 0 0 0 0 0
537 0 0 0 0 0
538 0 0 0 0 0
539 0 0 0 0 0
540 0 0 0 0 0
541 0 0 0 0 0
542 0 0 0 0 0
543 0 0 0 0 0
544 0 0 0 0 0
545 0 0 0 0 0
546 0 0 0 0 0
547 0 0 0 0 0
548 0 0 0 0 0
549 0 0 0 0 0
550 0 0 0 0 0
551 0 0 0 0 0
552 0 0 0 0 0
553 0 0 0 0 0
554 0 0 0 0 0
555 0 0 0 0 0
556 0 0 0 0 0
557 0 0 0 0 0
558 0 0 0 0 0
559 0 0 0 0 0
560 0 0 0 0 0
561 0 0 0 0 0
562 0 0 0 0 0
563 0 0 0 0 0
564 0 0 0 0 0
565 0 0 0 0 0
566 0 0 0 0 0
567 0 0 0 0 0
568 0 0 0 0 0
569 0 0 0 0 0
570 0 0 0 0 0
571 0 0 0 0 0
572 0 0 0 0 0
573 0 0 0 0 0
574 0 0 0 0 0
575 0 0 0 0 0
576 0 0 0 0 0
577 0 0 0 0 0
578 0 0 0 0 0
579 0 0 0 0 0
580 0 0 0 0 0
581 0 0 0 0 0
582 0 0 0 0 0
583 0 0 0 0 0
584 0 0 0 0 0
585 0 0 0 0 0
586 0 0 0 0 0
587 0 0 0 0 0
588 0 0 0 0 0
589 0 0 0 0 0
590 0 0 0 0 0
591 0 0 0 0 0
592 0 0 0 0 0
593 0 0 0 0 0
594 0 0 0 0 0
595 0 0 0 0 0
596 0 0 0 0 0
597 0 0 0 0 0
598 0 0 0 0 0
599 0 0 0 0 0
600 0 0 0 0 0
601 0 0 0 0 0
602 0 0 0 0 0
603 0 0 0 0 0
604 0 2 0 0 0
605 0 2 0 0 0
606 0 2 0 0 0
607 0 2 0 0 0
608 0 2 0 0 0
609 0 2 0 0 0
610 0 2 0 0 0
611 0 2 0 0 0
612 0 2 0 0 0
613 0 2 0 0 0
614 0 2 0 0 0
615 0 2 0 0 0
616 0 2 0 0 0
617 0 2 0 0 0
618 0 2 0 0 0
619 0 2 0 0 0
620 0 2 0 0 0
621 0 2 0 0 0
622 0 0 0 0 0
623 0 0 0 0 0
624 0 0 0 0 0
625 0 0 0 0 0
626 0 0 0 0 0
627 0 0 0 0 0
628 0 0 0 0 0
629 0 0 0 0 0
630 0 0 0 2 0
631 0 0 0 2 0
632 0 0 0 2 0
633 0 0 0 2 0
634 0 0 0 2 0
635 0 0 0 2 0
636 0 0 0 2 0
637 0 0 0 0 0
638 0 0 0 0 0
639 0 0 0 0 0
640 0 0 0 0 0
641 0 0 0 0 0
642 0 0 0 0 0
643 0 0 0 0 0
644 0 0 0 0 0
645 0 0 0 0 0
646 0 0 0 0 0
647 0 0 0 0 0
648 0 0 0 0 0
649 0 0 0 0 0
650 0 0 0 0 0
651 0 0 0 0 0
652 0 2 2 0 0
653 0 2 2 0 0
654 0 2 2 0 0
655 0 2 2 0 0
656 0 2 2 0 0
657 0 2 2 0 0
658 0 2 2 0 0
659 0 2 2 0 0
660 0 2 2 0 0
661 0 2 2 0 0
662 0 2 2 0 0
663 0 2 2 0 0
664 0 2 2 0 0
665 0 2 2 0 0
666 0 2 2 0 0
667 0 0 2 0 0
668 0 0 2 0 0
669 0 0 2 0 0
670 0 0 2 0 0
671 0 0 2 0 0
672 0 0 2 0 0
673 0 0 2 0 0
674 0 0 2 0 0
675 0 0 2 0 0
676 0 0 2 0 0
677 0 0 2 0 0
678 0 0 2 0 0
679 0 0 2 0 0
680 0 0 2 0 0
681 0 0 2 0 0
682 0 0 2 0 0
683 0 0 2 0 0
684 0 0 2 0 0
685 0 0 2 0 0
686 0 0 2 0 0
687 0 0 2 0 0
688 0 0 2 0 0
689 0 0 2 0 0
690 0 0 2 0 0
691 0 0 2 0 0
692 0 0 2 0 0
693 0 0 2 0 0
694 0 0 2 0 0
695 0 0 2 0 0
696 0 0 2 0 0
697 0 0 2 0 0
698 0 0 2 0 0
699 0 0 2 0 0
700 0 0 2 0 0
701 0 0 2 0 0
702 0 0 2 0 0
703 0 0 2 0 0
704 0 0 2 0 0
705 0 0 2 0 0
706 0 0 2 0 0
707 0 0 2 0 0
708 0 0 2 0 0
709 0 0 2 0 0
710 0 0 2 0 0
711 0 0 2 0 0
712 0 0 2 0 0
713 0 0 2 0 0
714 0 0 2 0 0
715 0 0 2 0 0
716 0 0 2 0 0
717 0 0 2 0 0
718 0 0 2 0 0
719 0 0 2 0 0
720 0 0 2 0 0
721 0 0 2 0 0
722 0 0 2 0 0
723 0 0 2 0 0
724 0 0 2 0 0
725 0 0 2 0 0
726 0 0 2 0 0
727 0 0 2 0 0
728 0 0 2 0 0
729 0 0 2 0 0
730 0 0 2 0 0
731 0 0 2 0 0
732 0 0 2 0 0
733 0 0 2 0 0
734 0 0 2 0 0
735 0 0 2 0 0
736 0 0 2 0 0
737 0 0 2 0 0
738 0 0 2 0 0
739 0 0 2 0 0
740 0 0 2 0 1
741 0 0 2 0 1
742 0 0 2 0 1
743 0 0 2 0 1
744 0 0 2 0 1
745 0 0 2 0 1
746 0 0 2 0 1
747 0 0 2 0 1
748 0 0 2 0 1
749 0 0 2 0 1
750 0 0 2 0 1
751 0 0 2 0 1
752 0 0 2 0 1
753 0 0 2 0 1
754 0 0 2 0 1
755 0 0 2 0 1
756 0 0 2 0 1
757 0 0 2 0 1
758 0 0 2 0 1
759 0 0 2 0 1
760 0 0 2 0 2
761 0 0 2 0 2
762 0 0 2 0 2
763 0 0 2 0 2
764 0 0 2 0 2
765 0 0 2 0 2
766 0 0 2 0 2
767 0 0 2 0 2
768 0 0 2 0 2
769 0 0 2 0 2
770 0 0 2 0 2
771 0 0 2 0 2
772 0 0 2 0 0
773 0 0 2 0 0
774 0 0 2 0 0
775 0 0 2 0 0
776 0 0 2 0 0
777 0 0 2 0 0
778 0 0 2 0 0
779 0 0 2 0 0
780 0 0 2 0 0
781 0 0 2 0 0
782 0 0 2 0 0
783 0 0 2 0 0
784 0 0 2 0 0
785 0 0 2 0 0
786 0 0 2 0 0
787 0 0 2 0 0
788 0 0 2 0 0
789 0 0 2 0 0
790 0 0 2 0 0
791 0 0 2 0 0
792 0 0 2 0 0
793 0 0 2 0 0
794 0 0 2 0 0
795 0 0 2 0 0
796 0 0 2 0 0
797 0 0 2 0 0
798 0 0 2 0 0
799 0 0 2 0 0
800 5 0 2 0 0
801 5 0 2 0 0
802 5 0 2 0 0
803 5 0 2 0 0
804 5 0 2 0 0
805 5 0 2 0 0
806 5 0 2 0 0
807 5 0 2 0 0
808 5 0 2 0 0
809 5 0 2 0 0
810 5 0 2 0 0
811 5 0 2 0 0
812 5 0 2 0 0
813 5 0 2 0 0
814 5 0 2 0 0
815 5 0 2 0 0
816 5 0 2 0 0
817 5 0 2 0 0
818 5 0 2 0 0
819 5 0 2 0 0
820 5 0 2 0 0
821 5 0 2 0 0
822 5 0 2 0 0
823 5 0 2 0 0
824 5 0 2 0 0
825 5 0 2 0 0
826 5 0 2 0 0
827 5 0 2 0 0
828 5 0 2 0 0
829 5 0 2 0 0
830 5 0 2 0 0
831 5 0 2 0 0
832 5 0 2 0 0
833 5 0 2 0 0
834 5 0 2 0 0
835 5 0 2 0 0
836 5 0 2 0 0
837 5 0 2 0 0
838 5 0 2 0 0
839 5 0 2 0 0
840 5 0 2 0 0
841 5 0 2 0 0
842 5 0 2 0 0
843 5 0 2 0 0
844 5 0 2 0 0
845 5 0 2 0 0
846 5 0 2 0 0
847 5 0 2 0 0
848 5 0 2 0 0
849 5 0 2 0 0
850 5 0 2 0 0
851 5 0 2 0 0
852 5 0 2 0 0
853 5 0 2 0 0
854 5 0 2 0 0
855 5 0 2 0 0
856 5 0 2 0 0
857 5 0 2 0 0
858 5 0 2 0 0
859 5 0 2 0 0
860 5 0 2 0 0
861 5 0 2 0 0
862 5 0 2 0 0
863 5 0 2 0 0
864 5 0 2 0 0
865 5 0 2 0 0
866 5 0 2 0 0
867 5 0 2 0 0
868 5 0 2 0 0
869 5 0 2 0 0
870 5 0 2 0 0
871 5 0 2 0 0
872 5 0 2 0 0
873 5 0 2 0 0
874 5 0 2 0 0
875 5 0 2 0 0
876 5 0 2 0 0
877 5 0 2 0 0
878 5 0 2 0 0
879 5 0 2 0 0
880 5 0 2 0 0
881 5 0 2 0 0
882 5 0 2 0 0
883 5 0 2 0 0
884 5 0 2 0 0
885 5 0 2 0 0
886 5 0 2 0 0
887 5 0 2 0 0
888 5 0 2 0 0
889 5 0 2 0 0
890 5 0 2 0 0
891 5 0 2 0 0
892 5 0 2 0 0
893 5 0 2 0 0
894 5 0 2 0 0
895 5 0 2 0 0
896 5 0 2 0 0
897 5 0 2 0 0
898 5 0 2 0 0
899 5 0 2 0 0
900 5 0 2 0 2
901 5 0 2 0 2
902 5 0 2 0 2
903 5 0 2 0 2
904 5 0 2 0 2
905 5 0 2 0 2
906 5 0 2 0 2
907 5 0 2 0 2
908 5 0 2 0 2
909 5 0 2 0 2
910 5 0 2 0 2
911 5 0 2 0 2
912 5 0 2 0 2
913 5 0 2 0 2
914 5 0 2 0 2
915 5 0 2 0 2
916 5 0 2 0 2
917 5 0 2 0 2
918 5 0 2 0 2
919 5 0 2 0 2
920 5 0 2 0 2
921 5 0 2 0 2
922 5 0 2 0 2
923 5 0 2 0 2
924 5 0 2 0 2
925 5 0 2 0 2
926 5 0 2 0 2
927 5 0 2 0 2
928 5 0 2 0 2
929 5 0 2 0 2
930 0 0 2 0 2
931 0 0 2 0 2
932 0 0 2 0 2
933 0 0 2 0 2
934 0 0 2 0 2
935 0 0 2 0 2
936 0 0 2 0 2
937 0 0 2 0 2
938 0 0 2 0 2
939 0 0 2 0 2
940 0 0 2 0 2
941 0 0 2 0 2
942 0 0 2 0 2
943 0 0 2 0 2
944 0 0 2 0 2
945 0 0 2 0 2
946 0 0 2 0 2
947 0 0 2 0 2
948 0 0 2 0 2
949 0 0 2 0 2
950 0 0 2 0 2
951 0 0 2 0 2
952 0 0 2 0 2
953 0 0 2 0 2
954 0 0 2 0 2
955 0 0 2 0 2
956 0 0 2 0 2
957 0 0 2 0 2
958 0 0 2 0 2
959 0 0 2 0 2
960 0 0 2 0 2
961 0 0 2 0 2
962 0 0 2 0 2
963 0 0 2 0 2
964 0 0 2 0 2
965 0 0 2 0 2
966 0 0 2 0 2
967 0 0 2 0 2
968 0 0 2 0 2
969 0 0 2 0 2
970 0 0 2 0 2
971 0 0 2 0 2
972 0 0 2 0 2
973 0 0 2 0 2
974 0 0 2 0 2
975 0 0 2 0 2
976 0 0 2 0 2
977 0 0 2 0 2
978 0 0 2 0 2
979 0 0 2 0 2
980 0 2 2 0 2
981 0 2 2 0 2
982 0 2 2 0 2
983 0 2 2 0 2
984 0 2 2 0 2
985 0 2 2 0 2
986 0 2 2 0 2
987 0 2 2 0 2
988 0 2 2 0 2
989 0 2 2 0 2
990 2 0 2 0 2
991 2 0 2 0 2
992 2 0 2 0 2
993 2 0 2 0 2
994 2 0 2 0 2
995 2 0 2 0 2
996 2 0 2 0 2
997 2 0 2 0 2
998 2 0 2 0 2
999 2 0 2 0 2
1000 2 0 0 0 2
1001 2 0 0 0 2
1002 2 0 0 0 2
1003 2 0 0 0 2
1004 2 0 0 0 2
1005 2 0 0 0 2
1006 2 0 0 0 2
1007 2 0 0 0 2
1008 2 0 0 0 2
1009 2 0 0 0 2
1010 2 0 0 0 2
1011 2 0 0 0 2
1012 2 0 0 0 2
1013 2 0 0 0 2
1014 2 0 0 0 2
1015 2 0 0 0 2
1016 2 0 0 0 2
1017 2 0 0 0 2
1018 2 0 0 0 2
1019 2 0 0 0 2
1020 2 0 0 0 2
1021 2 0 0 0 2
1022 2 0 0 0 2
1023 2 0 0 0 2
1024 2 0 0 0 2
1025 2 0 0 0 2
1026 2 0 0 0 2
1027 2 0 0 0 2
1028 2 0 0 0 2
1029 2 0 0 0 2
1030 2 0 0 0 2
1031 2 0 0 0 2
1032 2 0 0 0 2
1033 2 0 0 0 2
1034 2 0 0 0 2
1035 2 0 0 0 2
1036 2 0 0 0 2
1037 2 0 0 0 2
1038 2 0 0 0 2
1039 2 0 0 0 2
1040 2 0 0 0 2
1041 2 0 0 0 2
1042 2 0 0 0 2
1043 2 0 0 0 2
1044 2 0 0 0 2
1045 2 0 0 0 2
1046 2 0 0 0 2
1047 2 0 0 0 2
1048 2 0 0 0 2
1049 2 0 0 0 2
1050 2 0 0 0 2
1051 2 0 0 0 2
1052 2 0 0 0 2
1053 2 0 0 0 2
1054 2 0 0 0 2
1055 2 0 0 0 2
1056 2 0 0 0 2
1057 2 0 0 0 2
1058 2 0 0 0 2
1059 2 0 0 0 2
1060 2 0 0 0 2
1061 2 0 0 0 2
1062 2 0 0 0 2
1063 2 0 0 0 2
1064 2 0 0 0 2
1065 2 0 0 0 2
1066 2 0 0 0 2
1067 2 0 0 0 2
1068 2 0 0 0 2
1069 2 0 0 0 2
1070 2 0 0 0 2
1071 2 0 0 0 2
1072 2 0 0 0 2
1073 2 0 0 0 2
1074 2 0 0 0 2
1075 2 0 0 0 2
1076 2 0 0 0 2
1077 2 0 0 0 2
1078 2 0 0 0 2
1079 2 0 0 0 2
1080 2 0 0 0 2
1081 2 0 0 0 2
1082 2 0 0 0 2
1083 2 0 0 0 2
1084 2 0 0 0 2
1085 2 0 0 0 2
1086 2 0 0 0 2
1087 2 0 0 0 2
1088 2 0 0 0 2
1089 2 0 0 0 2
1090 2 0 0 5 0
1091 2 0 0 5 0
1092 2 0 0 5 0
1093 2 0 0 5 0
1094 2 0 0 5 0
1095 2 0 0 5 0
1096 2 0 0 5 0
1097 2 0 0 5 0
1098 2 0 0 5 0
1099 2 0 0 5 0
1100 2 0 0 5 0
1101 2 0 0 5 0
1102 2 0 0 5 0
1103 2 0 0 5 0
1104 2 0 0 5 0
1105 2 0 0 5 0
1106 2 0 0 5 0
1107 2 0 0 5 0
1108 2 0 0 5 0
1109 2 0 0 5 0
1110 2 0 0 0 0
1111 2 0 0 0 0
1112 2 0 0 0 0
1113 2 0 0 0 0
1114 2 0 0 0 0
1115 2 0 0 0 0
1116 2 0 0 0 0
1117 2 0 0 0 0
1118 2 0 0 0 0
1119 2 0 0 0 0
1120 2 0 0 0 0
1121 2 0 0 0 0
1122 2 0 0 0 0
1123 2 0 0 0 0
1124 2 0 0 0 0
1125 2 0 0 0 0
1126 2 0 0 0 0
1127 2 0 0 0 0
1128 2 0 0 0 0
1129 2 0 0 0 0
1130 2 0 0 0 0
1131 2 0 0 0 0
1132 2 0 0 0 0
1133 2 0 0 0 0
1134 2 0 0 0 0
1135 2 0 0 0 0
1136 2 0 0 0 0
1137 2 0 0 0 0
1138 2 0 0 0 0
1139 2 0 0 0 0
1140 2 0 0 0 0
1141 2 0 0 0 0
1142 2 0 0 0 0
1143 2 0 0 0 0
1144 2 0 0 0 0
1145 2 0 0 0 0
1146 2 0 0 0 0
1147 2 0 0 0 0
1148 2 0 0 0 0
1149 2 0 0 0 0
1150 2 0 0 0 0
1151 2 0 0 0 0
1152 2 0 0 0 0
1153 2 0 0 0 0
1154 2 0 0 0 0
1155 2 0 0 0 0
1156 2 0 0 0 0
1157 2 0 0 0 0
1158 2 0 0 0 0
1159 2 0 0 0 0
1160 2 0 0 0 0
1161 2 0 0 0 0
1162 2 0 0 0 0
1163 2 0 0 0 0
1164 2 0 0 0 0
1165 2 0 0 0 0
1166 2 0 0 0 0
1167 2 0 0 0 0
1168 2 0 0 0 0
1169 2 0 0 0 0
1170 2 0 0 2 0
1171 2 0 0 2 0
1172 2 0 0 2 0
1173 2 0 0 2 0
1174 2 0 0 2 0
1175 2 0 0 2 0
1176 2 0 0 2 0
1177 2 0 0 2 0
1178 2 0 0 2 0
1179 2 0 0 2 0
1180 2 0 2 0 0
1181 2 0 2 0 0
1182 2 0 2 0 0
1183 2 0 2 0 0
1184 2 0 2 0 0
1185 2 0 2 0 0
1186 2 0 2 0 0
1187 2 0 2 0 0
1188 2 0 2 0 0
1189 2 0 2 0 0
1190 0 0 2 0 0
1191 0 0 2 0 0
1192 0 0 2 0 0
1193 0 0 2 0 0
1194 0 0 2 0 0
1195 0 0 2 0 0
1196 0 0 2 0 0
1197 0 0 2 0 0
1198 0 0 2 0 0
1199 0 0 2 0 0
1200 0 0 2 0 0
1201 0 0 2 0 0
1202 0 0 2 0 0
1203 0 0 2 0 0
1204 0 0 2 0 0
1205 0 0 2 0 0
1206 0 0 2 0 0
1207 0 0 2 0 0
1208 0 0 2 0 0
1209 0 0 2 0 0
1210 0 0 2 0 0
1211 0 0 2 0 0
1212 0 0 2 0 0
1213 0 0 2 0 0
1214 0 0 2 0 0
1215 0 0 2 0 0
1216 0 0 2 0 0
1217 0 0 2 0 0
1218 0 0 2 0 0
1219 0 0 2 0 0
1220 0 0 2 0 0
1221 0 0 2 0 0
1222 0 0 2 0 0
1223 0 0 2 0 0
1224 0 0 2 0 0
1225 0 0 2 0 0
1226 0 0 2 0 0
1227 0 0 2 0 0
1228 0 0 2 0 0
1229 0 0 2 0 0
1230 0 0 2 0 0
1231 0 0 2 0 0
1232 0 0 2 0 0
1233 0 0 2 0 0
1234 0 0 2 0 0
1235 0 0 2 0 0
1236 0 0 2 0 0
1237 0 0 2 0 0
1238 0 0 2 0 0
1239 0 0 2 0 0
1240 0 0 2 0 0
1241 0 0 2 0 0
1242 0 0 2 0 0
1243 0 0 2 0 0
1244 0 0 2 0 0
1245 0 0 2 0 0
1246 0 0 2 0 0
1247 0 0 2 0 0
1248 0 0 2 0 0
1249 0 0 2 0 0
1250 0 0 2 0 0
1251 0 0 2 0 0
1252 0 0 2 0 0
1253 0 0 2 0 0
1254 0 0 2 0 0
1255 0 0 2 0 0
1256 0 0 2 0 0
1257 0 0 2 0 0
1258 0 0 2 0 0
1259 0 0 2 0 0
1260 0 0 2 0 0
1261 0 0 2 0 0
1262 0 0 2 0 0
1263 0 0 2 0 0
1264 0 0 2 0 0
1265 0 0 2 0 0
1266 0 0 2 0 0
1267 0 0 2 0 0
1268 0 0 2 0 0
1269 0 0 2 0 0
1270 0 0 2 0 0
1271 0 0 2 0 0
1272 0 0 2 0 0
1273 0 0 2 0 0
1274 0 0 2 0 0
1275 0 0 2 0 0
1276 0 0 2 0 0
1277 0 0 2 0 0
1278 0 0 2 0 0
1279 0 0 2 0 0
1280 0 0 2 0 0
1281 0 0 2 0 0
1282 0 0 2 0 0
1283 0 0 2 0 0
1284 0 0 2 0 0
1285 0 0 2 0 0
1286 0 0 2 0 0
1287 0 0 2 0 0
1288 0 0 2 0 0
1289 0 0 2 0 0
1290 0 0 2 0 0
1291 0 0 2 0 0
1292 0 0 2 0 0
1293 0 0 2 0 0
1294 0 0 2 0 0
1295 0 0 2 0 0
1296 0 0 2 0 0
1297 0 0 2 0 0
1298 0 0 2 0 0
1299 0 0 2 0 0
1300 0 0 2 0 0
1301 0 0 2 0 0
1302 0 0 2 0 0
1303 0 0 2 0 0
1304 0 0 2 0 0
1305 0 0 2 0 0
1306 0 0 2 0 0
1307 0 0 2 0 0
1308 0 0 2 0 0
1309 0 0 2 0 0
1310 0 0 2 0 0
1311 0 0 2 0 0
1312 0 0 2 0 0
1313 0 0 2 0 0
1314 0 0 2 0 0
1315 0 0 2 0 0
1316 0 0 2 0 0
1317 0 0 2 0 0
1318 0 0 2 0 0
1319 0 0 2 0 0
1320 0 0 2 0 0
1321 0 0 2 0 0
1322 0 0 2 0 0
1323 0 0 2 0 0
1324 0 0 2 0 0
1325 0 0 2 0 0
1326 0 0 2 0 0
1327 0 0 2 0 0
1328 0 0 2 0 0
1329 0 0 2 0 0
1330 0 0 2 0 0
1331 0 0 2 0 0
1332 0 0 2 0 0
1333 0 0 2 0 0
1334 0 0 2 0 0
1335 0 0 2 0 0
1336 0 0 2 0 0
1337 0 0 2 0 0
1338 0 0 2 0 0
1339 0 0 2 0 0
1340 0 0 2 0 0
1341 0 0 2 0 0
1342 0 0 2 0 0
1343 0 0 2 0 0
1344 0 0 2 0 0
1345 0 0 2 0 0
1346 0 0 2 0 0
1347 0 0 2 0 0
1348 0 0 2 0 0
1349 0 0 2 0 0
1350 0 0 2 0 0
1351 0 0 2 0 0
1352 0 0 2 0 0
1353 0 0 2 0 0
1354 0 0 2 0 0
1355 0 0 2 0 0
1356 0 0 2 0 0
1357 0 0 2 0 0
1358 0 0 2 0 0
1359 0 0 2 0 0
1360 0 0 2 0 0
1361 0 0 2 0 0
1362 0 0 2 0 0
1363 0 0 2 0 0
1364 0 0 2 0 0
1365 0 0 2 0 0
1366 0 0 2 0 0
1367 0 0 2 0 0
1368 0 0 2 0 0
1369 0 2 2 0 0
1370 0 2 2 0 0
1371 0 2 2 0 0
1372 0 2 2 0 0
1373 0 2 2 0 0
1374 0 2 2 0 0
1375 0 2 2 0 0
1376 0 2 2 0 0
1377 0 2 2 0 0
1378 0 2 2 0 0
1379 0 2 2 0 0
1380 0 0 2 0 0
1381 0 0 2 0 0
1382 0 0 2 0 0
1383 0 0 2 0 0
1384 0 0 2 0 0
1385 0 0 2 0 0
1386 0 0 2 0 0
1387 0 0 2 0 0
1388 0 0 2 0 0
1389 0 0 2 0 0
1390 0 0 2 0 0
1391 0 0 2 0 0
1392 0 0 2 0 0
1393 0 0 2 0 0
1394 0 0 2 0 0
1395 0 0 2 0 0
1396 0 0 2 0 0
1397 0 0 2 0 0
1398 0 0 2 0 0
1399 0 0 2 0 0
1400 0 0 2 0 0
1401 0 0 2 0 0
1402 0 0 2 0 0
1403 0 0 2 0 0
1404 0 0 2 0 0
1405 0 0 2 0 0
1406 0 0 2 0 0
1407 0 0 2 0 0
1408 0 0 2 0 0
1409 0 0 2 0 0
1410 0 0 2 0 1
1411 0 0 2 0 1
1412 0 0 2 0 1
1413 0 0 2 0 1
1414 0 0 2 0 1
1415 0 0 2 0 1
1416 0 0 2 0 1
1417 0 0 2 0 1
1418 0 0 2 0 1
1419 0 0 2 0 1
1420 0 0 2 0 1
1421 0 0 2 0 1
1422 0 0 2 0 1
1423 0 0 2 0 1
1424 0 0 2 0 1
1425 0 0 2 0 1
1426 0 0 2 0 1
1427 0 0 2 0 1
1428 0 0 2 0 1
1429 0 0 2 0 1
1430 0 0 2 0 1
1431 0 0 2 0 1
1432 0 0 2 0 1
1433 0 0 2 0 1
1434 0 0 2 0 1
1435 0 0 2 0 1
1436 0 0 2 0 1
1437 0 0 2 0 1
1438 0 0 2 0 1
1439 0 0 2 0 1
1440 0 0 2 0 1
1441 0 0 2 0 1
1442 0 0 2 0 1
1443 0 0 2 0 1
1444 0 0 2 0 1
1445 0 0 2 0 1
1446 0 0 2 0 1
1447 0 0 2 0 1
1448 0 0 2 0 1
1449 0 0 2 0 1
1450 0 0 2 0 1
1451 0 0 2 0 1
1452 0 0 2 0 1
1453 0 0 2 0 1
1454 0 0 2 0 1
1455 0 0 2 0 1
1456 0 0 2 0 1
1457 0 0 2 0 1
1458 0 0 2 0 1
1459 0 0 2 0 1
1460 0 0 2 0 1
1461 0 0 2 0 1
1462 0 0 2 0 1
1463 0 0 2 0 1
1464 0 0 2 0 1
1465 0 0 2 0 1
1466 0 0 2 0 1
1467 0 0 2 0 1
1468 0 0 2 0 1
1469 0 0 2 0 1
1470 0 0 2 0 1
1471 0 0 2 0 1
1472 0 0 2 0 1
1473 0 0 2 0 1
1474 0 0 2 0 1
1475 0 0 2 0 1
1476 0 0 2 0 1
1477 0 0 2 0 1
1478 0 0 2 0 1
1479 0 0 2 0 1
1480 0 0 2 0 1
1481 0 0 2 0 1
1482 0 0 2 0 1
1483 0 0 2 0 1
1484 0 0 2 0 1
1485 0 0 2 0 1
1486 0 0 2 0 1
1487 0 0 2 0 1
1488 0 0 2 0 1
1489 0 0 2 0 1
1490 0 0 2 0 1
1491 0 0 2 0 1
1492 0 0 2 0 1
1493 0 0 2 0 1
1494 0 0 2 0 1
1495 0 0 2 0 1
1496 0 0 2 0 1
1497 0 0 2 0 1
1498 0 0 2 0 1
1499 0 0 2 0 1
1500 0 0 2 0 1
1501 0 0 2 0 1
1502 0 0 2 0 1
1503 0 0 2 0 1
1504 0 0 2 0 1
1505 0 0 2 0 1
1506 0 0 2 0 1
1507 0 0 2 0 1
1508 0 0 2 0 1
1509 0 0 2 0 1
1510 0 0 2 0 1
1511 0 0 2 0 1
1512 0 0 2 0 1
1513 0 0 2 0 1
1514 0 0 2 0 1
1515 0 0 2 0 1
1516 0 0 2 0 1
1517 0 0 2 0 1
1518 0 0 2 0 1
1519 0 0 2 0 1
1520 0 0 2 0 1
1521 0 0 2 0 1
1522 0 0 2 0 1
1523 0 0 2 0 1
1524 0 0 2 0 1
1525 0 0 2 0 1
1526 0 0 2 0 1
1527 0 0 2 0 1
1528 0 0 2 0 1
1529 0 0 2 0 1
1530 0 0 2 0 1
1531 0 0 2 0 1
1532 0 0 2 0 1
1533 0 0 2 0 1
1534 0 0 2 0 1
1535 0 0 2 0 1
1536 0 0 2 0 1
1537 0 0 2 0 1
1538 0 0 2 0 1
1539 0 0 2 0 1
1540 0 0 2 0 1
1541 0 0 2 0 1
1542 0 0 2 0 1
1543 0 0 2 0 1
1544 0 0 2 0 1
1545 0 0 2 0 1
1546 0 0 2 0 1
1547 0 0 2 0 1
1548 0 0 2 0 1
1549 0 0 2 0 1
1550 0 0 2 0 1
1551 0 0 2 0 1
1552 0 0 2 0 1
1553 0 0 2 0 1
1554 0 0 2 0 1
1555 0 0 2 0 1
1556 0 0 2 0 1
1557 0 0 2 0 1
1558 0 0 2 0 1
1559 0 0 2 0 1
1560 0 0 2 0 1
1561 0 0 2 0 1
1562 0 0 2 0 1
1563 0 0 2 0 1
1564 0 0 2 0 1
1565 0 0 2 0 1
1566 0 0 2 0 1
1567 0 0 2 0 1
1568 0 0 2 0 1
1569 0 0 2 0 1
1570 0 0 2 0 1
1571 0 0 2 0 1
1572 0 0 2 0 1
1573 0 0 2 0 1
1574 0 0 2 0 1
1575 0 0 2 0 1
1576 0 0 2 0 1
1577 0 0 2 0 1
1578 0 0 2 0 1
1579 0 0 2 0 1
1580 0 0 2 0 1
1581 0 0 2 0 1
1582 0 0 2 0 1
1583 0 0 2 0 1
1584 0 0 2 0 1
1585 0 0 2 0 1
1586 0 0 2 0 1
1587 0 0 2 0 1
1588 0 0 2 0 1
1589 0 0 2 0 1
1590 0 0 2 0 2
1591 0 0 2 0 2
1592 0 0 2 0 2
1593 0 0 2 0 2
1594 0 0 2 0 2
1595 0 0 2 0 2
1596 0 0 2 0 2
1597 0 0 2 0 2
1598 0 0 2 0 2
1599 0 0 2 0 2
1600 0 0 2 0 2
1601 0 0 2 0 2
1602 0 0 2 0 2
1603 0 0 2 0 2
1604 0 0 2 0 2
1605 0 0 2 0 2
1606 0 0 2 0 2
1607 0 0 2 0 2
1608 0 0 2 0 2
1609 0 0 2 0 2
1610 0 0 2 0 2
1611 0 0 2 0 2
1612 0 0 2 0 2
1613 0 0 2 0 2
1614 0 0 2 0 2
1615 0 0 2 0 2
1616 0 0 2 0 2
1617 0 0 2 0 2
1618 0 0 2 0 2
1619 0 0 2 0 2
1620 0 0 2 0 2
1621 0 0 2 0 2
1622 0 0 2 0 2
1623 0 0 2 0 2
1624 0 0 2 0 2
1625 0 0 2 0 2
1626 0 0 2 0 2
1627 0 0 2 0 2
1628 0 0 2 0 2
1629 0 0 2 0 2
1630 0 0 2 0 2
1631 0 0 2 0 2
1632 0 0 2 0 2
1633 0 0 2 0 2
1634 0 0 2 0 2
1635 0 0 2 0 2
1636 0 0 2 0 2
1637 0 0 2 0 2
1638 0 0 2 0 2
1639 0 0 2 0 2
1640 0 0 2 0 2
1641 0 0 2 0 2
1642 0 0 2 0 2
1643 0 0 2 0 2
1644 0 0 2 0 2
1645 0 0 2 0 2
1646 0 0 2 0 2
1647 0 0 2 0 2
1648 0 0 2 0 2
1649 0 0 2 0 2
1650 0 0 2 0 2
1651 0 0 2 0 2
1652 0 0 2 0 2
1653 0 0 2 0 2
1654 0 0 2 0 2
1655 0 0 2 0 2
1656 0 0 2 0 2
1657 0 0 2 0 2
1658 0 0 2 0 2
1659 0 0 2 0 2
1660 0 0 2 0 2
1661 0 0 2 0 2
1662 0 0 2 0 2
1663 0 0 2 0 2
1664 0 0 2 0 2
1665 0 0 2 0 2
1666 0 0 2 0 2
1667 0 0 2 0 2
1668 0 0 2 0 2
1669 0 0 2 0 2
1670 0 0 2 0 2
1671 0 0 2 0 2
1672 0 0 2 0 2
1673 0 0 2 0 2
1674 0 0 2 0 2
1675 0 0 2 0 2
1676 0 0 2 0 2
1677 0 0 2 0 2
1678 0 0 2 0 2
1679 0 0 2 0 2
1680 2 0 2 0 2
1681 2 0 2 0 2
1682 2 0 2 0 2
1683 2 0 2 0 2
1684 2 0 2 0 2
1685 2 0 2 0 2
1686 2 0 2 0 2
1687 2 0 2 0 2
1688 2 0 2 0 2
1689 2 0 2 0 2
1690 2 0 0 0 2
1691 2 0 0 0 2
1692 2 0 0 0 2
1693 2 0 0 0 2
1694 2 0 0 0 2
1695 2 0 0 0 2
1696 2 0 0 0 2
1697 2 0 0 0 2
1698 2 0 0 0 2
1699 2 0 0 0 2
1700 2 0 0 0 2
1701 2 0 0 0 2
1702 2 0 0 0 2
1703 2 0 0 0 2
1704 2 0 0 0 2
1705 2 0 0 0 2
1706 2 0 0 0 2
1707 2 0 0 0 2
1708 2 0 0 0 2
1709 2 0 0 0 2
1710 2 0 0 0 0
1711 2 0 0 0 0
1712 2 0 0 0 0
1713 2 0 0 0 0
1714 2 0 0 0 0
1715 2 0 0 0 0
1716 2 0 0 0 0
1717 2 0 0 0 0
1718 2 0 0 0 0
1719 2 0 0 0 0
1720 2 0 0 0 0
1721 2 0 0 0 0
1722 2 0 0 0 0
1723 2 0 0 0 0
1724 2 0 0 0 0
1725 2 0 0 0 0
1726 2 0 0 0 0
1727 2 0 0 0 0
1728 2 0 0 0 0
1729 2 0 0 0 0
1730 2 0 0 0 0
1731 2 0 0 0 0
1732 2 0 0 0 0
1733 2 0 0 0 0
1734 2 0 0 0 0
1735 2 0 0 0 0
1736 2 0 0 0 0
1737 2 0 0 0 0
1738 2 0 0 0 0
1739 2 0 0 0 0
1740 2 0 0 0 0
1741 2 0 0 0 0
1742 2 0 0 0 0
1743 2 0 0 0 0
1744 2 0 0 0 0
1745 2 0 0 0 0
1746 2 0 0 0 0
1747 2 0 0 0 0
1748 2 0 0 0 0
1749 2 0 0 0 0
1750 2 0 0 0 0
1751 2 0 0 0 0
1752 2 0 0 0 0
1753 2 0 0 0 0
1754 2 0 0 0 0
1755 2 0 0 0 0
1756 2 0 0 0 0
1757 2 0 0 0 0
1758 2 0 0 0 0
1759 2 0 0 0 0
1760 2 0 0 0 0
1761 2 0 0 0 0
1762 2 0 0 0 0
1763 2 0 0 0 0
1764 2 0 0 0 0
1765 2 0 0 0 0
1766 2 0 0 0 0
1767 2 0 0 0 0
1768 2 0 0 0 0
1769 2 0 0 0 0
1770 2 0 0 0 0
1771 2 0 0 0 0
1772 2 0 0 0 0
1773 2 0 0 0 0
1774 2 0 0 0 0
1775 2 0 0 0 0
1776 2 0 0 0 0
1777 2 0 0 0 0
1778 2 0 0 0 0
1779 2 0 2 0 0
1780 2 0 2 0 0
1781 2 0 2 0 0
1782 2 0 2 0 0
1783 2 0 2 0 0
1784 2 0 2 0 0
1785 2 0 2 0 0
1786 2 0 2 0 0
1787 2 0 2 0 0
1788 2 0 2 0 0
1789 2 0 2 0 0
1790 0 0 2 0 0
1791 0 0 2 0 0
1792 0 0 2 0 0
1793 0 0 2 0 0
1794 0 0 2 0 0
1795 0 0 2 0 0
1796 0 0 2 0 0
1797 0 0 2 0 0
1798 0 0 2 0 0
1799 0 0 2 0 0
1800 0 0 2 0 0
1801 0 0 2 0 0
1802 0 0 2 0 0
1803 0 0 2 0 0
1804 0 0 2 0 0
1805 0 0 2 0 0
1806 0 0 2 0 0
1807 0 0 2 0 0
1808 0 0 2 0 0
1809 0 0 2 0 0
1810 0 0 2 0 0
1811 0 0 2 0 0
1812 0 0 2 0 0
1813 0 0 2 0 0
1814 0 0 2 0 0
1815 0 0 2 0 0
1816 0 0 2 0 0
1817 0 0 2 0 0
1818 0 0 2 0 0
1819 0 0 2 0 0
1820 0 0 2 0 0
1821 0 0 2 0 0
1822 0 0 2 0 0
1823 0 0 2 0 0
1824 0 0 2 0 0
1825 0 0 2 0 0
1826 0 0 2 0 0
1827 0 0 2 0 0
1828 0 0 2 0 0
1829 0 0 2 0 0
1830 0 0 2 0 0
1831 0 0 2 0 0
1832 0 0 2 0 0
1833 0 0 2 0 0
1834 0 0 2 0 0
1835 0 0 2 0 0
1836 0 0 2 0 0
1837 0 0 2 0 0
1838 0 0 2 0 0
1839 0 0 2 0 0
1840 5 0 2 0 0
1841 5 0 2 0 0
1842 5 0 2 0 0
1843 5 0 2 0 0
1844 5 0 2 0 0
1845 5 0 2 0 0
1846 5 0 2 0 0
1847 5 0 2 0 0
1848 5 0 2 0 0
1849 5 0 2 0 0
1850 0 0 2 0 0
1851 0 0 2 0 0
1852 0 0 2 0 0
1853 0 0 2 0 0
1854 0 0 2 0 0
1855 0 0 2 0 0
1856 0 0 2 0 0
1857 0 0 2 0 0
1858 0 0 2 0 0
1859 0 0 2 0 0
1860 0 0 2 0 0
1861 0 0 2 0 0
1862 0 0 2 0 0
1863 0 0 2 0 0
1864 0 0 2 0 0
1865 0 0 2 0 0
1866 0 0 2 0 0
1867 0 0 2 0 0
1868 0 0 2 0 0
1869 0 0 2 0 0
1870 5 0 2 0 0
1871 5 0 2 0 0
1872 5 0 2 0 0
1873 5 0 2 0 0
1874 5 0 2 0 0
1875 5 0 2 0 0
1876 5 0 2 0 0
1877 5 0 2 0 0
1878 5 0 2 0 0
1879 5 0 2 0 0
1880 5 0 2 0 0
1881 5 0 2 0 0
1882 5 0 2 0 0
1883 5 0 2 0 0
1884 5 0 2 0 0
1885 5 0 2 0 0
1886 5 0 2 0 0
1887 5 0 2 0 0
1888 5 0 2 0 0
1889 5 0 2 0 0
1890 5 0 2 0 0
1891 5 0 2 0 0
1892 5 0 2 0 0
1893 5 0 2 0 0
1894 5 0 2 0 0
1895 5 0 2 0 0
1896 5 0 2 0 0
1897 5 0 2 0 0
1898 5 0 2 0 0
1899 5 0 2 0 0
1900 5 0 2 0 0
1901 5 0 2 0 0
1902 5 0 2 0 0
1903 5 0 2 0 0
1904 5 0 2 0 0
1905 5 0 2 0 0
1906 5 0 2 0 0
1907 5 0 2 0 0
1908 5 0 2 0 0
1909 5 0 2 0 0
1910 5 0 2 0 0
1911 5 0 2 0 0
1912 5 0 2 0 0
1913 5 0 2 0 0
1914 5 0 2 0 0
1915 5 0 2 0 0
1916 5 0 2 0 0
1917 5 0 2 0 0
1918 5 0 2 0 0
1919 5 0 2 0 0
1920 5 0 2 0 0
1921 5 0 2 0 0
1922 5 0 2 0 0
1923 5 0 2 0 0
1924 5 0 2 0 0
1925 5 0 2 0 0
1926 5 0 2 0 0
1927 5 0 2 0 0
1928 5 0 2 0 0
1929 5 0 2 0 0
1930 5 0 2 0 0
1931 5 0 2 0 0
1932 5 0 2 0 0
1933 5 0 2 0 0
1934 5 0 2 0 0
1935 5 0 2 0 0
1936 5 0 2 0 0
1937 5 0 2 0 0
1938 5 0 2 0 0
1939 5 0 2 0 0
1940 5 0 2 0 0
1941 5 0 2 0 0
1942 5 0 2 0 0
1943 5 0 2 0 0
1944 5 0 2 0 0
1945 5 0 2 0 0
1946 5 0 2 0 0
1947 5 0 2 0 0
1948 5 0 2 0 0
1949 5 0 2 0 0
1950 5 0 2 0 0
1951 5 0 2 0 0
1952 5 0 2 0 0
1953 5 0 2 0 0
1954 5 0 2 0 0
1955 5 0 2 0 0
1956 5 0 2 0 0
1957 5 0 2 0 0
1958 5 0 2 0 0
1959 5 0 2 0 0
1960 5 0 2 0 0
1961 5 0 2 0 0
1962 5 0 2 0 0
1963 5 0 2 0 0
1964 5 0 2 0 0
1965 5 0 2 0 0
1966 5 0 2 0 0
1967 5 0 2 0 0
1968 5 0 2 0 0
1969 5 0 2 0 0
1970 5 0 2 0 0
1971 5 0 2 0 0
1972 5 0 2 0 0
1973 5 0 2 0 0
1974 5 0 2 0 0
1975 5 0 2 0 0
1976 5 0 2 0 0
1977 5 0 2 0 0
1978 5 0 2 0 0
1979 5 0 2 0 0
1980 5 0 2 0 0
1981 5 0 2 0 0
1982 5 0 2 0 0
1983 5 0 2 0 0
1984 5 0 2 0 0
1985 5 0 2 0 0
1986 5 0 2 0 0
1987 5 0 2 0 0
1988 5 0 2 0 0
1989 5 0 2 0 0
1990 5 0 2 0 0
1991 5 0 2 0 0
1992 5 0 2 0 0
1993 5 0 2 0 0
1994 5 0 2 0 0
1995 5 0 2 0 0
1996 5 0 2 0 0
1997 5 0 2 0 0
1998 5 0 2 0 0
1999 5 0 2 0 0
2000 5 0 2 0 0
2001 5 0 2 0 0
2002 5 0 2 0 0
2003 5 0 2 0 0
2004 5 0 2 0 0
2005 5 0 2 0 0
2006 5 0 2 0 0
2007 5 0 2 0 0
2008 5 0 2 0 0
2009 5 0 2 0 0
2010 5 0 2 0 1
2011 5 0 2 0 1
2012 5 0 2 0 1
2013 5 0 2 0 1
2014 5 0 2 0 1
2015 5 0 2 0 1
2016 5 0 2 0 1
2017 5 0 2 0 1
2018 5 0 2 0 1
2019 5 0 2 0 1
2020 5 0 2 0 1
2021 5 0 2 0 1
2022 5 0 2 0 1
2023 5 0 2 0 1
2024 5 0 2 0 1
2025 5 0 2 0 1
2026 5 0 2 0 1
2027 5 0 2 0 1
2028 5 0 2 0 1
2029 5 0 2 0 1
2030 5 0 2 0 1
2031 5 0 2 0 1
2032 5 0 2 0 1
2033 5 0 2 0 1
2034 5 0 2 0 1
2035 5 0 2 0 1
2036 5 0 2 0 1
2037 5 0 2 0 1
2038 5 0 2 0 1
2039 5 0 2 0 1
2040 5 0 2 0 1
2041 5 0 2 0 1
2042 5 0 2 0 1
2043 5 0 2 0 1
2044 5 0 2 0 1
2045 5 0 2 0 1
2046 5 0 2 0 1
2047 5 0 2 0 1
2048 5 0 2 0 1
2049 5 0 2 0 1
2050 5 0 2 0 1
2051 5 0 2 0 1
2052 5 0 2 0 1
2053 5 0 2 0 1
2054 5 0 2 0 1
2055 5 0 2 0 1
2056 5 0 2 0 1
2057 5 0 2 0 1
2058 5 0 2 0 1
2059 5 0 2 0 1
2060 5 0 2 0 2
2061 5 0 2 0 2
2062 5 0 2 0 2
2063 5 0 2 0 2
2064 5 0 2 0 2
2065 5 0 2 0 2
2066 5 0 2 0 2
2067 5 0 2 0 2
2068 5 0 2 0 2
2069 5 0 2 0 2
2070 0 0 2 0 2
2071 0 0 2 0 2
2072 0 0 2 0 2
2073 0 0 2 0 2
2074 0 0 2 0 2
2075 0 0 2 0 2
2076 0 0 2 0 2
2077 0 0 2 0 2
2078 0 0 2 0 2
2079 0 0 2 0 2
2080 0 0 2 0 2
2081 0 0 2 0 2
2082 0 0 2 0 2
2083 0 0 2 0 2
2084 0 0 2 0 2
2085 0 0 2 0 2
2086 0 0 2 0 2
2087 0 0 2 0 2
2088 0 0 2 0 2
2089 0 0 2 0 2
2090 0 0 2 0 2
2091 0 0 2 0 2
2092 0 0 2 0 2
2093 0 0 2 0 2
2094 0 0 2 0 2
2095 0 0 2 0 2
2096 0 0 2 0 2
2097 0 0 2 0 2
2098 0 0 2 0 2
2099 0 0 2 0 2
2100 0 0 2 0 2
2101 0 0 2 0 2
2102 0 0 2 0 2
2103 0 0 2 0 2
2104 0 0 2 0 2
2105 0 0 2 0 2
2106 0 0 2 0 2
2107 0 0 2 0 2
2108 0 0 2 0 2
2109 0 0 2 0 2
2110 0 0 2 0 2
2111 0 0 2 0 2
2112 0 0 2 0 2
2113 0 0 2 0 2
2114 0 0 2 0 2
2115 0 0 2 0 2
2116 0 0 2 0 2
2117 0 0 2 0 2
2118 0 0 2 0 2
2119 0 0 2 0 2
2120 0 0 2 0 2
2121 0 0 2 0 2
2122 0 0 2 0 2
2123 0 0 2 0 2
2124 0 0 2 0 2
2125 0 0 2 0 2
2126 0 0 2 0 2
2127 0 0 2 0 2
2128 0 0 2 0 2
2129 0 0 2 0 2
2130 0 0 2 0 2
2131 0 0 2 0 2
2132 0 0 2 0 2
2133 0 0 2 0 2
2134 0 0 2 0 2
2135 0 0 2 0 2
2136 0 0 2 0 2
2137 0 0 2 0 2
2138 0 0 2 0 2
2139 0 0 2 0 2
2140 0 0 2 0 2
2141 0 0 2 0 2
2142 0 0 2 0 2
2143 0 0 2 0 2
2144 0 0 2 0 2
2145 0 0 2 0 2
2146 0 0 2 0 2
2147 0 0 2 0 2
2148 0 0 2 0 2
2149 0 0 2 0 2
2150 2 0 2 0 2
2151 2 0 2 0 2
2152 2 0 2 0 2
2153 2 0 2 0 2
2154 2 0 2 0 2
2155 2 0 2 0 2
2156 2 0 2 0 2
2157 2 0 2 0 2
2158 2 0 2 0 2
2159 2 0 2 0 2
2160 2 0 0 2 2
2161 2 0 0 2 2
2162 2 0 0 2 2
2163 2 0 0 2 2
2164 2 0 0 2 2
2165 2 0 0 2 2
2166 2 0 0 2 2
2167 2 0 0 2 2
2168 2 0 0 2 2
2169 2 0 2 0 2
2170 2 0 0 0 2
2171 2 0 0 0 2
2172 2 0 0 0 2
2173 2 0 0 0 2
2174 2 0 0 0 2
2175 2 0 0 0 2
2176 2 0 0 0 2
2177 2 0 0 0 2
2178 2 0 0 0 2
2179 2 0 0 0 2
2180 2 0 0 0 2
2181 2 0 0 0 2
2182 2 0 0 0 2
2183 2 0 0 0 2
2184 2 0 0 0 2
2185 2 0 0 0 2
2186 2 0 0 0 2
2187 2 0 0 0 2
2188 2 0 0 0 2
2189 2 0 0 0 2
2190 2 0 0 0 2
2191 2 0 0 0 2
2192 2 0 0 0 2
2193 2 0 0 0 2
2194 2 0 0 0 2
2195 2 0 0 0 2
2196 2 0 0 0 2
2197 2 0 0 0 2
2198 2 0 0 0 2
2199 2 0 0 0 2
2200 2 0 0 0 2
2201 2 0 0 0 2
2202 2 0 0 0 2
2203 2 0 0 0 2
2204 2 0 0 0 2
2205 2 0 0 0 2
2206 2 0 0 0 2
2207 2 0 0 0 2
2208 2 0 0 0 2
2209 2 0 0 0 2
2210 2 0 0 5 2
2211 2 0 0 5 2
2212 2 0 0 5 2
2213 2 0 0 5 2
2214 2 0 0 5 2
2215 2 0 0 5 2
2216 2 0 0 5 2
2217 2 0 0 5 2
2218 2 0 0 5 2
2219 2 0 0 5 2
2220 2 0 0 5 0
2221 2 0 0 5 0
2222 2 0 0 5 0
2223 2 0 0 5 0
2224 2 0 0 5 0
2225 2 0 0 5 0
2226 2 0 0 5 0
2227 2 0 0 5 0
2228 2 0 0 5 0
2229 2 0 0 5 0
2230 2 0 0 5 0
2231 2 0 0 5 0
2232 2 0 0 5 0
2233 2 0 0 5 0
2234 2 0 0 5 0
2235 2 0 0 5 0
2236 2 0 0 5 0
2237 2 0 0 5 0
2238 2 0 0 5 0
2239 2 0 0 5 0
2240 2 0 0 0 0
2241 2 0 0 0 0
2242 2 0 0 0 0
2243 2 0 0 0 0
2244 2 0 0 0 0
2245 2 0 0 0 0
2246 2 0 0 0 0
2247 2 0 0 0 0
2248 2 0 0 0 0
2249 2 0 0 0 0
2250 2 0 0 0 0
2251 2 0 0 0 0
2252 2 0 0 0 0
2253 2 0 0 0 0
2254 2 0 0 0 0
2255 2 0 0 0 0
2256 2 0 0 0 0
2257 2 0 0 0 0
2258 2 0 0 0 0
2259 2 0 0 0 0
2260 2 0 0 0 0
2261 2 0 0 0 0
2262 2 0 0 0 0
2263 2 0 0 0 0
2264 2 0 0 0 0
2265 2 0 0 0 0
2266 2 0 0 0 0
2267 2 0 0 0 0
2268 2 0 0 0 0
2269 2 0 0 0 0
2270 2 0 0 0 0
2271 2 0 0 0 0
2272 2 0 0 0 0
2273 2 0 0 0 0
2274 2 0 0 0 0
2275 2 0 0 0 0
2276 2 0 0 0 0
2277 2 0 0 0 0
2278 2 0 0 0 0
2279 2 0 0 0 0
2280 2 0 0 0 0
2281 2 0 0 0 0
2282 2 0 0 0 0
2283 2 0 0 0 0
2284 2 0 0 0 0
2285 2 0 0 0 0
2286 2 0 0 0 0
2287 2 0 0 0 0
2288 2 0 0 0 0
2289 2 0 0 0 0
2290 2 0 0 0 0
2291 2 0 0 0 0
2292 2 0 0 0 0
2293 2 0 0 0 0
2294 2 0 0 0 0
2295 2 0 0 0 0
2296 2 0 0 0 0
2297 2 0 0 0 0
2298 2 0 0 0 0
2299 2 0 0 0 0
2300 2 0 2 0 0
2301 2 0 2 0 0
2302 2 0 2 0 0
2303 2 0 2 0 0
2304 2 0 2 0 0
2305 2 0 2 0 0
2306 2 0 2 0 0
2307 2 0 2 0 0
2308 2 0 2 0 0
2309 2 0 2 0 0
2310 0 0 2 0 0
2311 0 0 2 0 0
2312 0 0 2 0 0
2313 0 0 2 0 0
2314 0 0 2 0 0
2315 0 0 2 0 0
2316 0 0 2 0 0
2317 0 0 2 0 0
2318 0 0 2 0 0
2319 0 0 2 0 0
2320 0 0 2 0 0
2321 0 0 2 0 0
2322 0 0 2 0 0
2323 0 0 2 0 0
2324 0 0 2 0 0
2325 0 0 2 0 0
2326 0 0 2 0 0
2327 0 0 2 0 0
2328 0 0 2 0 0
2329 0 0 2 0 0
2330 0 0 2 0 0
2331 0 0 2 0 0
2332 0 0 2 0 0
2333 0 0 2 0 0
2334 0 0 2 0 0
2335 0 0 2 0 0
2336 0 0 2 0 0
2337 0 0 2 0 0
2338 0 0 2 0 0
2339 0 0 2 0 0
2340 0 0 2 0 0
2341 0 0 2 0 0
2342 0 0 2 0 0
2343 0 0 2 0 0
2344 0 0 2 0 0
2345 0 0 2 0 0
2346 0 0 2 0 0
2347 0 0 2 0 0
2348 0 0 2 0 0
2349 0 0 2 0 0
2350 0 0 2 0 0
2351 0 0 2 0 0
2352 0 0 2 0 0
2353 0 0 2 0 0
2354 0 0 2 0 0
2355 0 0 2 0 0
2356 0 0 2 0 0
2357 0 0 2 0 0
2358 0 0 2 0 0
2359 0 0 2 0 0
2360 0 0 2 0 0
2361 0 0 2 0 0
2362 0 0 2 0 0
2363 0 0 2 0 0
2364 0 0 2 0 0
2365 0 0 2 0 0
2366 0 0 2 0 0
2367 0 0 2 0 0
2368 0 0 2 0 0
2369 0 0 2 0 0
2370 0 0 2 0 0
2371 0 0 2 0 0
2372 0 0 2 0 0
2373 0 0 2 0 0
2374 0 0 2 0 0
2375 0 0 2 0 0
2376 0 0 2 0 0
2377 0 0 2 0 0
2378 0 0 2 0 0
2379 0 0 2 0 0
2380 0 0 2 0 0
2381 0 0 2 0 0
2382 0 0 2 0 0
2383 0 0 2 0 0
2384 0 0 2 0 0
2385 0 0 2 0 0
2386 0 0 2 0 0
2387 0 0 2 0 0
2388 0 0 2 0 0
2389 0 0 2 0 0
2390 0 0 2 0 0
2391 0 0 2 0 0
2392 0 0 2 0 0
2393 0 0 2 0 0
2394 0 0 2 0 0
2395 0 0 2 0 0
2396 0 0 2 0 0
2397 0 0 2 0 0
2398 0 0 2 0 0
2399 0 0 2 0 0
2400 0 0 2 0 0
2401 0 0 2 0 0
2402 0 0 2 0 0
2403 0 0 2 0 0
2404 0 0 2 0 0
2405 0 0 2 0 0
2406 0 0 2 0 0
2407 0 0 2 0 0
2408 0 0 2 0 0
2409 0 0 2 0 0
2410 0 0 2 0 0
2411 0 0 2 0 0
2412 0 0 2 0 0
2413 0 0 2 0 0
2414 0 0 2 0 0
2415 0 0 2 0 0
2416 0 0 2 0 0
2417 0 0 2 0 0
2418 0 0 2 0 0
2419 0 0 2 0 0
2420 2 0 2 0 0
2421 2 0 2 0 0
2422 2 0 2 0 0
2423 2 0 2 0 0
2424 2 0 2 0 0
2425 2 0 2 0 0
2426 2 0 2 0 0
2427 2 0 2 0 0
2428 2 0 2 0 0
2429 2 0 2 0 0
2430 2 0 0 2 0
2431 2 0 0 2 0
2432 2 0 0 2 0
2433 2 0 0 2 0
2434 2 0 0 2 0
2435 2 0 0 2 0
2436 2 0 0 2 0
2437 2 0 0 2 0
2438 2 0 0 2 0
2439 2 0 0 2 0
2440 2 0 0 2 0
2441 2 0 0 2 0
2442 2 0 0 2 0
2443 2 0 0 2 0
2444 2 0 0 2 0
2445 2 0 0 2 0
2446 2 0 0 2 0
2447 2 0 0 2 0
2448 2 0 0 2 0
2449 2 0 0 2 0
2450 2 0 0 2 0
2451 2 0 0 2 0
2452 2 0 0 2 0
2453 2 0 0 2 0
2454 2 0 0 2 0
2455 2 0 0 2 0
2456 2 0 0 2 0
2457 2 0 0 2 0
2458 2 0 0 2 0
2459 2 0 0 2 0
2460 2 0 0 2 0
2461 2 0 0 2 0
2462 2 0 0 2 0
2463 2 0 0 2 0
2464 2 0 0 2 0
2465 2 0 0 2 0
2466 2 0 0 2 0
2467 2 0 0 2 0
2468 2 0 0 2 0
2469 2 0 0 2 0
2470 2 0 0 2 0
2471 2 0 0 2 0
2472 2 0 0 2 0
2473 2 0 0 2 0
2474 2 0 0 2 0
2475 2 0 0 2 0
2476 2 0 0 2 0
2477 2 0 0 2 0
2478 2 0 0 2 0
2479 2 0 0 2 0
2480 2 0 2 0 0
2481 2 0 2 0 0
2482 2 0 2 0 0
2483 2 0 2 0 0
2484 2 0 2 0 0
2485 2 0 2 0 0
2486 2 0 2 0 0
2487 2 0 2 0 0
2488 2 0 2 0 0
2489 2 0 2 0 0
2490 0 0 2 0 0
2491 0 0 2 0 0
2492 0 0 2 0 0
2493 0 0 2 0 0
2494 0 0 2 0 0
2495 0 0 2 0 0
2496 0 0 2 0 0
2497 0 0 2 0 0
2498 0 0 2 0 0
2499 0 0 2 0 0
2500 0 0 2 0 0
2501 0 0 2 0 0
2502 0 0 2 0 0
2503 0 0 2 0 0
2504 0 0 2 0 0
2505 0 0 2 0 0
2506 0 0 2 0 0
2507 0 0 2 0 0
2508 0 0 2 0 0
2509 0 0 2 0 0
2510 0 0 2 0 0
2511 0 0 2 0 0
2512 0 0 2 0 0
2513 0 0 2 0 0
2514 0 0 2 0 0
2515 0 0 2 0 0
2516 0 0 2 0 0
2517 0 0 2 0 0
2518 0 0 2 0 0
2519 0 0 2 0 0
2520 0 0 2 0 0
2521 0 0 2 0 0
2522 0 0 2 0 0
2523 0 0 2 0 0
2524 0 0 2 0 0
2525 0 0 2 0 0
2526 0 0 2 0 0
2527 0 0 2 0 0
2528 0 0 2 0 0
2529 0 0 2 0 0
2530 0 0 2 0 0
2531 0 0 2 0 0
2532 0 0 2 0 0
2533 0 0 2 0 0
2534 0 0 2 0 0
2535 0 0 2 0 0
2536 0 0 2 0 0
2537 0 0 2 0 0
2538 0 0 2 0 0
2539 0 0 2 0 0
2540 0 0 2 0 0
2541 0 0 2 0 0
2542 0 0 2 0 0
2543 0 0 2 0 0
2544 0 0 2 0 0
2545 0 0 2 0 0
2546 0 0 2 0 0
2547 0 0 2 0 0
2548 0 0 2 0 0
2549 0 0 2 0 0
2550 0 0 2 0 0
2551 0 0 2 0 0
2552 0 0 2 0 0
2553 0 0 2 0 0
2554 0 0 2 0 0
2555 0 0 2 0 0
2556 0 0 2 0 0
2557 0 0 2 0 0
2558 0 0 2 0 0
2559 0 0 2 0 0
2560 0 0 2 0 0
2561 0 0 2 0 0
2562 0 0 2 0 0
2563 0 0 2 0 0
2564 0 0 2 0 0
2565 0 0 2 0 0
2566 0 0 2 0 0
2567 0 0 2 0 0
2568 0 0 2 0 0
2569 0 0 2 0 0
2570 0 0 2 0 0
2571 0 0 2 0 0
2572 0 0 2 0 0
2573 0 0 2 0 0
2574 0 0 2 0 0
2575 0 0 2 0 0
2576 0 0 2 0 0
2577 0 0 2 0 0
2578 0 0 2 0 0
2579 0 0 2 0 0
2580 0 0 2 0 0
2581 0 0 2 0 0
2582 0 0 2 0 0
2583 0 0 2 0 0
2584 0 0 2 0 0
2585 0 0 2 0 0
2586 0 0 2 0 0
2587 0 0 2 0 0
2588 0 0 2 0 0
2589 0 0 2 0 0
2590 0 0 2 0 0
2591 0 0 2 0 0
2592 0 0 2 0 0
2593 0 0 2 0 0
2594 0 0 2 0 0
2595 0 0 2 0 0
2596 0 0 2 0 0
2597 0 0 2 0 0
2598 0 0 2 0 0
2599 0 0 2 0 0
2600 5 0 2 0 0
2601 5 0 2 0 0
2602 5 0 2 0 0
2603 5 0 2 0 0
2604 5 0 2 0 0
2605 5 0 2 0 0
2606 5 0 2 0 0
2607 5 0 2 0 0
2608 5 0 2 0 0
2609 5 0 2 0 0
2610 5 0 2 0 0
2611 5 0 2 0 0
2612 5 0 2 0 0
2613 5 0 2 0 0
2614 5 0 2 0 0
2615 5 0 2 0 0
2616 5 0 2 0 0
2617 5 0 2 0 0
2618 5 0 2 0 0
2619 5 0 2 0 0
2620 5 0 2 0 0
2621 5 0 2 0 0
2622 5 0 2 0 0
2623 5 0 2 0 0
2624 5 0 2 0 0
2625 5 0 2 0 0
2626 5 0 2 0 0
2627 5 0 2 0 0
2628 5 0 2 0 0
2629 5 0 2 0 0
2630 5 0 2 0 0
2631 5 0 2 0 0
2632 5 0 2 0 0
2633 5 0 2 0 0
2634 5 0 2 0 0
2635 5 0 2 0 0
2636 5 0 2 0 0
2637 5 0 2 0 0
2638 5 0 2 0 0
2639 5 0 2 0 0
2640 5 0 2 0 2
2641 5 0 2 0 2
2642 5 0 2 0 2
2643 5 0 2 0 2
2644 5 0 2 0 2
2645 5 0 2 0 2
2646 5 0 2 0 2
2647 5 0 2 0 2
2648 5 0 2 0 2
2649 5 0 2 0 2
2650 5 0 2 0 2
2651 5 0 2 0 2
2652 5 0 2 0 2
2653 5 0 2 0 2
2654 5 0 2 0 2
2655 5 0 2 0 2
2656 5 0 2 0 2
2657 5 0 2 0 2
2658 5 0 2 0 2
2659 5 0 2 0 2
2660 5 0 2 0 2
2661 5 0 2 0 2
2662 5 0 2 0 2
2663 5 0 2 0 2
2664 5 0 2 0 2
2665 5 0 2 0 2
2666 5 0 2 0 2
2667 5 0 2 0 2
2668 5 0 2 0 2
2669 5 0 2 0 2
2670 5 0 2 0 1
2671 5 0 2 0 1
2672 5 0 2 0 1
2673 5 0 2 0 1
2674 5 0 2 0 1
2675 5 0 2 0 1
2676 5 0 2 0 1
2677 5 0 2 0 1
2678 5 0 2 0 1
2679 5 0 2 0 1
2680 5 0 2 0 2
2681 5 0 2 0 2
2682 5 0 2 0 2
2683 5 0 2 0 0
2684 5 0 2 0 0
2685 5 0 2 0 0
2686 5 0 2 0 0
2687 5 0 2 0 0
2688 5 0 2 0 0
2689 5 0 2 0 0
2690 5 0 2 0 0
2691 5 0 2 0 0
2692 5 0 2 0 0
2693 5 0 2 0 0
2694 5 0 2 0 0
2695 5 0 2 0 0
2696 5 0 2 0 0
2697 5 0 2 0 0
2698 5 0 2 0 0
2699 5 0 2 0 0
2700 5 0 2 0 0
2701 5 0 2 0 0
2702 5 0 2 0 0
2703 5 0 2 0 0
2704 5 0 2 0 0
2705 5 0 2 0 0
2706 5 0 2 0 0
2707 5 0 2 0 0
2708 5 0 2 0 0
2709 5 0 2 0 0
2710 5 0 2 0 0
2711 5 0 2 0 0
2712 5 0 2 0 0
2713 5 0 2 0 0
2714 5 0 2 0 0
2715 5 0 2 0 0
2716 5 0 2 0 0
2717 5 0 2 0 0
2718 5 0 2 0 0
2719 5 0 2 0 0
2720 5 0 2 0 0
2721 5 0 2 0 0
2722 5 0 2 0 0
2723 5 0 2 0 0
2724 5 0 2 0 0
2725 5 0 2 0 0
2726 5 0 2 0 0
2727 5 0 2 0 0
2728 5 0 2 0 2
2729 5 0 2 0 2
2730 5 0 2 0 2
2731 5 0 2 0 2
2732 5 0 2 0 2
2733 5 0 2 0 2
2734 5 0 2 0 2
2735 5 0 2 0 2
2736 5 0 2 0 2
2737 5 0 2 0 2
2738 5 0 2 0 2
2739 5 0 2 0 2
2740 5 0 2 0 2
2741 5 0 2 0 2
2742 5 0 2 0 2
2743 5 0 2 0 2
2744 5 0 2 0 2
2745 5 0 2 0 2
2746 5 0 2 0 2
2747 5 0 2 0 2
2748 5 0 2 0 2
2749 5 0 2 0 2
2750 5 0 2 0 2
2751 5 0 2 0 2
2752 5 0 2 0 2
2753 5 0 2 0 2
2754 5 0 2 0 2
2755 5 0 2 0 2
2756 5 0 2 0 2
2757 5 0 2 0 2
2758 5 0 2 0 0
2759 5 0 2 0 0
2760 5 0 2 0 0
2761 5 0 2 0 0
2762 5 0 2 0 0
2763 5 0 2 0 0
2764 5 0 2 0 0
2765 5 0 2 0 0
2766 5 0 2 0 0
2767 5 0 2 0 0
2768 5 0 2 0 0
2769 5 0 2 0 0
2770 5 0 2 0 0
2771 5 0 2 0 0
2772 5 0 2 0 0
2773 5 0 2 0 0
2774 5 0 2 0 0
2775 5 0 2 0 0
2776 5 0 2 0 0
2777 5 0 2 0 0
2778 5 0 2 0 0
2779 5 0 2 0 0
2780 5 0 2 0 0
2781 5 0 2 0 0
2782 5 0 2 0 0
2783 5 0 2 0 0
2784 5 0 2 0 0
2785 5 0 2 0 0
2786 5 0 2 0 0
2787 5 0 2 0 0
2788 5 0 2 0 0
2789 5 0 2 0 0
2790 5 0 2 0 0
2791 5 0 2 0 0
2792 5 0 2 0 0
2793 5 0 2 0 0
2794 5 0 2 0 0
2795 5 0 2 0 0
2796 5 0 2 0 0
2797 5 0 2 0 0
2798 5 0 2 0 0
2799 5 0 2 0 0
2800 5 0 2 0 0
2801 5 0 2 0 0
2802 5 0 2 0 0
2803 5 0 2 0 0
2804 5 0 2 0 0
2805 5 0 2 0 0
2806 5 0 2 0 0
2807 5 0 2 0 0
2808 5 0 2 0 0
2809 5 0 2 0 0
2810 5 0 2 0 0
2811 5 0 2 0 0
2812 5 0 2 0 0
2813 5 0 2 0 0
2814 5 0 2 0 0
2815 5 0 2 0 0
2816 5 0 2 0 0
2817 5 0 2 0 0
2818 5 0 2 0 2
2819 5 0 2 0 2
2820 5 0 2 0 2
2821 5 0 2 0 2
2822 5 0 2 0 2
2823 5 0 2 0 2
2824 5 0 2 0 2
2825 5 0 2 0 2
2826 5 0 2 0 2
2827 5 0 2 0 2
2828 5 0 2 0 2
2829 5 0 2 0 2
2830 5 0 2 0 2
2831 5 0 2 0 2
2832 5 0 2 0 2
2833 5 0 2 0 2
2834 5 0 2 0 2
2835 5 0 2 0 2
2836 5 0 2 0 2
2837 5 0 2 0 2
2838 5 0 2 0 2
2839 5 0 2 0 2
2840 5 0 2 0 2
2841 5 0 2 0 2
2842 5 0 2 0 2
2843 5 0 2 0 2
2844 5 0 2 0 2
2845 5 0 2 0 2
2846 5 0 2 0 2
2847 5 0 2 0 2
2848 5 0 2 0 2
2849 5 0 2 0 2
2850 5 0 2 0 2
2851 5 0 2 0 2
2852 5 0 2 0 2
2853 5 0 2 0 2
2854 5 0 2 0 2
2855 5 0 2 0 2
2856 5 0 2 0 2
2857 5 0 2 0 2
2858 5 0 2 0 2
2859 5 0 2 0 2
2860 5 0 2 0 2
2861 5 0 2 0 2
2862 5 0 2 0 2
2863 5 0 2 0 0
2864 5 0 2 0 0
2865 5 0 2 0 0
2866 5 0 2 0 0
2867 5 0 2 0 0
2868 5 0 2 0 0
2869 5 0 2 0 0
2870 5 0 2 0 0
2871 5 0 2 0 0
2872 5 0 2 0 0
2873 5 0 2 0 0
2874 5 0 2 0 0
2875 5 0 2 0 0
2876 5 0 2 0 0
2877 5 0 2 0 0
2878 5 0 2 0 2
2879 5 0 2 0 2
2880 5 0 2 0 2
2881 5 0 2 0 2
2882 5 0 2 0 2
2883 5 0 2 0 2
2884 5 0 2 0 2
2885 5 0 2 0 2
2886 5 0 2 0 2
2887 5 0 2 0 2
2888 5 0 2 0 2
2889 5 0 2 0 2
2890 5 0 2 0 2
2891 5 0 2 0 2
2892 5 0 2 0 2
2893 5 0 2 0 2
2894 5 0 2 0 2
2895 5 0 2 0 2
2896 5 0 2 0 2
2897 5 0 2 0 2
2898 5 0 2 0 2
2899 5 0 2 0 2
2900 5 0 2 0 2
2901 5 0 2 0 2
2902 5 0 2 0 2
2903 5 0 2 0 2
2904 5 0 2 0 2
2905 5 0 2 0 2
2906 5 0 2 0 2
2907 5 0 2 0 2
2908 5 0 2 0 2
2909 5 0 2 0 2
2910 5 0 2 0 2
2911 5 0 2 0 2
2912 5 0 2 0 2
2913 5 0 2 0 2
2914 5 0 2 0 2
2915 5 0 2 0 2
2916 5 0 2 0 2
2917 5 0 2 0 2
2918 5 0 2 0 2
2919 5 0 2 0 2
2920 5 0 2 0 2
2921 5 0 2 0 2
2922 5 0 2 0 2
2923 5 0 2 0 2
2924 5 0 2 0 2
2925 5 0 2 0 2
2926 5 0 2 0 2
2927 5 0 2 0 2
2928 5 0 2 0 2
2929 5 0 2 0 2
2930 5 0 2 0 2
2931 5 0 2 0 2
2932 5 0 2 0 2
2933 5 0 2 0 2
2934 5 0 2 0 2
2935 5 0 2 0 2
2936 5 0 2 0 2
2937 5 0 2 0 2
2938 5 0 2 0 2
2939 5 0 2 0 2
2940 5 0 2 0 2
2941 5 0 2 0 2
2942 5 0 2 0 2
2943 5 0 2 0 2
2944 5 0 2 0 2
2945 5 0 2 0 2
2946 5 0 2 0 2
2947 5 0 2 0 2
2948 5 0 2 0 2
2949 5 0 2 0 2
2950 5 0 2 0 1
2951 5 0 2 0 1
2952 5 0 2 0 1
2953 5 0 2 0 1
2954 5 0 2 0 1
2955 5 0 2 0 1
2956 5 0 2 0 1
2957 5 0 2 0 1
2958 5 0 2 0 1
2959 5 0 2 0 1
2960 5 0 2 0 1
2961 5 0 2 0 1
2962 5 0 2 0 1
2963 5 0 2 0 1
2964 5 0 2 0 1
2965 5 0 2 0 1
2966 5 0 2 0 1
2967 5 0 2 0 1
2968 5 0 2 0 1
2969 5 0 2 0 1
2970 5 0 2 0 1
2971 5 0 2 0 1
2972 5 0 2 0 1
2973 5 0 2 0 1
2974 5 0 2 0 1
2975 5 0 2 0 1
2976 5 0 2 0 1
2977 5 0 2 0 1
2978 5 0 2 0 1
2979 5 0 2 0 1
2980 5 0 2 0 2
2981 5 0 2 0 2
2982 5 0 2 0 2
2983 5 0 2 0 0
2984 5 0 2 0 0
2985 5 0 2 0 0
2986 5 0 2 0 0
2987 5 0 2 0 0
2988 5 0 2 0 0
2989 5 0 2 0 0
2990 5 0 2 0 0
2991 5 0 2 0 0
2992 5 0 2 0 0
2993 5 0 2 0 0
2994 5 0 2 0 0
2995 5 0 2 0 0
2996 5 0 2 0 0
2997 5 0 2 0 0
2998 5 0 2 0 0
2999 5 0 2 0 0
3000 5 0 2 0 0
3001 5 0 2 0 0
3002 5 0 2 0 0
3003 5 0 2 0 0
3004 5 0 2 0 0
3005 5 0 2 0 0
3006 5 0 2 0 0
3007 5 0 2 0 0
3008 5 0 2 0 0
3009 5 0 2 0 0
3010 5 0 2 0 1
3011 5 0 2 0 1
3012 5 0 2 0 1
3013 5 0 2 0 1
3014 5 0 2 0 1
3015 5 0 2 0 1
3016 5 0 2 0 1
3017 5 0 2 0 1
3018 5 0 2 0 1
3019 5 0 2 0 1
3020 5 0 2 0 1
3021 5 0 2 0 1
3022 5 0 2 0 1
3023 5 0 2 0 1
3024 5 0 2 0 1
3025 5 0 2 0 1
3026 5 0 2 0 1
3027 5 0 2 0 1
3028 5 0 2 0 1
3029 5 0 2 0 1
3030 5 0 2 0 1
3031 5 0 2 0 1
3032 5 0 2 0 1
3033 5 0 2 0 1
3034 5 0 2 0 1
3035 5 0 2 0 1
3036 5 0 2 0 1
3037 5 0 2 0 1
3038 5 0 2 0 1
3039 5 0 2 0 1
3040 5 0 2 0 2
3041 5 0 2 0 2
3042 5 0 2 0 2
3043 5 0 2 0 2
3044 5 0 2 0 2
3045 5 0 2 0 2
3046 5 0 2 0 2
3047 5 0 2 0 0
3048 5 0 2 0 0
3049 5 0 2 0 0
3050 5 0 2 0 0
3051 5 0 2 0 0
3052 5 0 2 0 0
3053 5 0 2 0 0
3054 5 0 2 0 0
3055 5 0 2 0 0
3056 5 0 2 0 0
3057 5 0 2 0 0
3058 5 0 2 0 0
3059 5 0 2 0 0
3060 0 0 2 0 0
3061 0 0 2 0 0
3062 0 0 2 0 0
3063 0 0 2 0 0
3064 0 0 2 0 0
3065 0 0 2 0 0
3066 0 0 2 0 0
3067 0 0 2 0 0
3068 0 0 2 0 0
3069 0 0 2 0 0
3070 0 0 2 0 0
3071 0 0 2 0 0
3072 0 0 2 0 0
3073 0 0 2 0 0
3074 0 0 2 0 0
3075 0 0 2 0 0
3076 0 0 2 0 0
3077 0 0 2 0 0
3078 0 0 2 0 0
3079 0 0 2 0 0
3080 0 0 2 0 0
3081 0 0 2 0 0
3082 0 0 2 0 0
3083 0 0 2 0 0
3084 0 0 2 0 0
3085 0 0 2 0 0
3086 0 0 2 0 0
3087 0 0 2 0 0
3088 0 0 2 0 0
3089 0 0 2 0 0
3090 0 0 2 0 0
3091 0 0 2 0 0
3092 0 0 2 0 0
3093 0 0 2 0 0
3094 0 0 2 0 0
3095 0 0 2 0 0
3096 0 0 2 0 0
3097 0 0 2 0 0
3098 0 0 2 0 0
3099 0 0 2 0 0
3100 0 0 2 0 0
3101 0 0 2 0 0
3102 0 0 2 0 0
3103 0 0 2 0 0
3104 0 0 2 0 0
3105 0 0 2 0 0
3106 0 0 2 0 0
3107 0 0 2 0 0
3108 0 0 2 0 0
3109 0 0 2 0 0
3110 0 0 2 0 0
3111 0 0 2 0 0
3112 0 0 2 0 0
3113 0 0 2 0 0
3114 0 0 2 0 0
3115 0 0 2 0 0
3116 0 0 2 0 0
3117 0 0 2 0 0
3118 0 0 2 0 0
3119 0 0 2 0 0
3120 0 0 2 0 0
3121 0 0 2 0 0
3122 0 0 2 0 0
3123 0 0 2 0 0
3124 0 0 2 0 0
3125 0 0 2 0 0
3126 0 0 2 0 0
3127 0 0 2 0 0
3128 0 0 2 0 0
3129 0 0 2 0 0
3130 0 0 2 0 0
3131 0 0 2 0 0
3132 0 0 2 0 0
3133 0 0 2 0 0
3134 0 0 2 0 0
3135 0 0 2 0 0
3136 0 0 2 0 0
3137 0 0 2 0 0
3138 0 0 2 0 0
3139 0 0 2 0 0
3140 0 0 2 0 0
3141 0 0 2 0 0
3142 0 0 2 0 0
3143 0 0 2 0 0
3144 0 0 2 0 0
3145 0 0 2 0 0
3146 0 0 2 0 0
3147 0 0 2 0 0
3148 0 0 2 0 0
3149 0 0 2 0 0
3150 0 0 2 0 0
3151 0 0 2 0 0
3152 0 0 2 0 0
3153 0 0 2 0 0
3154 0 0 2 0 0
3155 0 0 2 0 0
3156 0 0 2 0 0
3157 0 0 2 0 0
3158 0 0 2 0 0
3159 0 0 2 0 0
3160 0 0 2 0 0
3161 0 0 2 0 0
3162 0 0 2 0 0
3163 0 0 2 0 0
3164 0 0 2 0 0
3165 0 0 2 0 0
3166 0 0 2 0 0
3167 0 0 2 0 0
3168 0 0 2 0 0
3169 0 0 2 0 0
3170 0 0 2 0 0
3171 0 0 2 0 0
3172 0 0 2 0 0
3173 0 0 2 0 0
3174 0 0 2 0 0
3175 0 0 2 0 0
3176 0 0 2 0 0
3177 0 0 2 0 0
3178 0 0 2 0 0
3179 0 0 2 0 0
3180 0 0 2 0 0
3181 0 0 2 0 0
3182 0 0 2 0 0
3183 0 0 2 0 0
3184 0 0 2 0 0
3185 0 0 2 0 0
3186 0 0 2 0 0
3187 0 0 2 0 0
3188 0 0 2 0 0
3189 0 0 2 0 0
3190 0 0 2 0 0
3191 0 0 2 0 0
3192 0 0 2 0 0
3193 0 0 2 0 0
3194 0 0 2 0 0
3195 0 0 2 0 0
3196 0 0 2 0 0
3197 0 0 2 0 0
3198 0 0 2 0 0
3199 0 0 2 0 0
3200 0 0 2 0 0
3201 0 0 2 0 0
3202 0 0 2 0 0
3203 0 0 2 0 0
3204 0 0 2 0 0
3205 0 0 2 0 0
3206 0 0 2 0 0
3207 0 0 2 0 0
3208 0 0 2 0 0
3209 0 0 2 0 0
3210 0 0 2 0 0
3211 0 0 2 0 0
3212 0 0 2 0 0
3213 0 0 2 0 0
3214 0 0 2 0 0
3215 0 0 2 0 0
3216 0 0 2 0 0
3217 0 0 2 0 0
3218 0 0 2 0 0
3219 0 0 2 0 0
3220 0 0 2 0 0
3221 0 0 2 0 0
3222 0 0 2 0 0
3223 0 0 2 0 0
3224 0 0 2 0 0
3225 0 0 2 0 0
3226 0 0 2 0 0
3227 0 0 2 0 0
3228 0 0 2 0 0
3229 0 0 2 0 0
3230 0 0 2 0 0
3231 0 0 2 0 0
3232 0 0 2 0 0
3233 0 0 2 0 0
3234 0 0 2 0 0
3235 0 0 2 0 0
3236 0 0 2 0 0
3237 0 0 2 0 0
3238 0 0 2 0 0
3239 0 0 2 0 0
3240 2 0 2 0 0
3241 2 0 2 0 0
3242 2 0 2 0 0
3243 2 0 2 0 0
3244 2 0 2 0 0
3245 2 0 2 0 0
3246 2 0 2 0 0
3247 2 0 2 0 0
3248 2 0 2 0 0
3249 2 0 2 0 0
3250 0 0 2 0 0
3251 0 0 2 0 0
3252 0 0 2 0 0
3253 0 0 2 0 0
3254 0 0 2 0 0
3255 0 0 2 0 0
3256 0 0 2 0 0
3257 0 0 2 0 0
3258 0 0 2 0 0
3259 0 0 2 0 0
3260 0 0 2 0 0
3261 0 0 2 0 0
3262 0 0 2 0 0
3263 0 0 2 0 0
3264 0 0 2 0 0
3265 0 0 2 0 0
3266 0 0 2 0 0
3267 0 0 2 0 0
3268 0 0 2 0 0
3269 0 0 2 0 0
3270 0 0 2 0 0
3271 0 0 2 0 0
3272 0 0 2 0 0
3273 0 0 2 0 0
3274 0 0 2 0 0
3275 0 0 2 0 0
3276 0 0 2 0 0
3277 0 0 2 0 0
3278 0 0 2 0 0
3279 0 0 2 0 0
3280 0 0 2 0 0
3281 0 0 2 0 0
3282 0 0 2 0 0
3283 0 0 2 0 0
3284 0 0 2 0 0
3285 0 0 2 0 0
3286 0 0 2 0 0
3287 0 0 2 0 0
3288 0 0 2 0 0
3289 0 0 2 0 0
3290 0 0 2 0 0
3291 0 0 2 0 0
3292 0 0 2 0 0
3293 0 0 2 0 0
3294 0 0 2 0 0
3295 0 0 2 0 0
3296 0 0 2 0 0
3297 0 0 2 0 0
3298 0 0 2 0 0
3299 0 0 2 0 0
3300 0 0 2 0 0
3301 0 0 2 0 0
3302 0 0 2 0 0
3303 0 0 2 0 0
3304 0 0 2 0 0
3305 0 0 2 0 0
3306 0 0 2 0 0
3307 0 0 2 0 0
3308 0 0 2 0 0
3309 0 0 2 0 0
3310 0 0 2 0 0
3311 0 0 2 0 0
3312 0 0 2 0 0
3313 0 0 2 0 0
3314 0 0 2 0 0
3315 0 0 2 0 0
3316 0 0 2 0 0
3317 0 0 2 0 0
3318 0 0 2 0 0
3319 0 0 2 0 0
3320 0 0 2 0 0
3321 0 0 2 0 0
3322 0 0 2 0 0
3323 0 0 2 0 0
3324 0 0 2 0 0
3325 0 0 2 0 0
3326 0 0 2 0 0
3327 0 0 2 0 0
3328 0 0 2 0 0
3329 0 0 2 0 0
3330 0 0 2 0 0
3331 0 0 2 0 0
3332 0 0 2 0 0
3333 0 0 2 0 0
3334 0 0 2 0 0
3335 0 0 2 0 0
3336 0 0 2 0 0
3337 0 0 2 0 0
3338 0 0 2 0 0
3339 0 0 2 0 0
3340 0 0 2 0 0
3341 0 0 2 0 0
3342 0 0 2 0 0
3343 0 0 2 0 0
3344 0 0 2 0 0
3345 0 0 2 0 0
3346 0 0 2 0 0
3347 0 0 2 0 0
3348 0 0 2 0 0
3349 0 0 2 0 0
3350 0 0 2 0 0
3351 0 0 2 0 0
3352 0 0 2 0 0
3353 0 0 2 0 0
3354 0 0 2 0 2
3355 0 0 2 0 2
3356 0 0 2 0 2
3357 0 0 2 0 2
3358 0 0 2 0 2
3359 0 0 2 0 2
3360 0 0 2 0 0
3361 0 0 2 0 0
3362 0 0 2 0 0
3363 0 0 2 0 0
3364 0 0 2 0 0
3365 0 0 2 0 0
3366 0 0 2 0 0
3367 0 0 2 0 0
3368 0 0 2 0 0
3369 0 0 2 0 0
3370 0 0 2 0 0
3371 0 0 2 0 0
3372 0 0 2 0 0
3373 0 0 2 0 0
3374 0 0 2 0 0
3375 0 0 2 0 0
3376 0 0 2 0 0
3377 0 0 2 0 0
3378 0 0 2 0 0
3379 0 0 2 0 0
3380 0 0 2 0 0
3381 0 0 2 0 0
3382 0 0 2 0 0
3383 0 0 2 0 0
3384 0 0 2 0 0
3385 0 0 2 0 0
3386 0 0 2 0 0
3387 0 0 2 0 0
3388 0 0 2 0 0
3389 0 0 2 0 0
3390 0 0 2 0 0
3391 0 0 2 0 0
3392 0 0 2 0 0
3393 0 0 2 0 0
3394 0 0 2 0 0
3395 0 0 2 0 0
3396 0 0 2 0 0
3397 0 0 2 0 0
3398 0 0 2 0 0
3399 0 0 2 0 0
3400 0 0 2 0 0
3401 0 0 2 0 0
3402 0 0 2 0 0
3403 0 0 2 0 0
3404 0 0 2 0 0
3405 0 0 2 0 0
3406 0 0 2 0 0
3407 0 0 2 0 0
3408 0 0 2 0 0
3409 0 0 2 0 0
3410 0 0 2 0 1
3411 0 0 2 0 1
3412 0 0 2 0 1
3413 0 0 2 0 1
3414 0 0 2 0 1
3415 0 0 2 0 1
3416 0 0 2 0 1
3417 0 0 2 0 1
3418 0 0 2 0 1
3419 0 0 2 0 1
3420 0 0 2 0 1
3421 0 0 2 0 1
3422 0 0 2 0 1
3423 0 0 2 0 1
3424 0 0 2 0 1
3425 0 0 2 0 1
3426 0 0 2 0 1
3427 0 0 2 0 1
3428 0 0 2 0 1
3429 0 0 2 0 1
3430 0 0 2 0 1
3431 0 0 2 0 1
3432 0 0 2 0 1
3433 0 0 2 0 1
3434 0 0 2 0 1
3435 0 0 2 0 1
3436 0 0 2 0 1
3437 0 0 2 0 1
3438 0 0 2 0 1
3439 0 0 2 0 1
3440 0 0 2 0 1
3441 0 0 2 0 1
3442 0 0 2 0 1
3443 0 0 2 0 1
3444 0 0 2 0 1
3445 0 0 2 0 1
3446 0 0 2 0 1
3447 0 0 2 0 1
3448 0 0 2 0 1
3449 0 0 2 0 1
3450 0 0 2 0 1
3451 0 0 2 0 1
3452 0 0 2 0 1
3453 0 0 2 0 1
3454 0 0 2 0 1
3455 0 0 2 0 1
3456 0 0 2 0 1
3457 0 0 2 0 1
3458 0 0 2 0 1
3459 0 0 2 0 1
3460 0 0 2 0 1
3461 0 0 2 0 1
3462 0 0 2 0 1
3463 0 0 2 0 1
3464 0 0 2 0 1
3465 0 0 2 0 1
3466 0 0 2 0 1
3467 0 0 2 0 1
3468 0 0 2 0 1
3469 0 0 2 0 1
3470 0 0 2 0 1
3471 0 0 2 0 1
3472 0 0 2 0 1
3473 0 0 2 0 1
3474 0 0 2 0 1
3475 0 0 2 0 1
3476 0 0 2 0 1
3477 0 0 2 0 1
3478 0 0 2 0 1
3479 0 0 2 0 1
3480 0 0 2 0 1
3481 0 0 2 0 1
3482 0 0 2 0 1
3483 0 0 2 0 1
3484 0 0 2 0 1
3485 0 0 2 0 1
3486 0 0 2 0 1
3487 0 0 2 0 1
3488 0 0 2 0 1
3489 0 0 2 0 1
3490 0 0 2 0 1
3491 0 0 2 0 1
3492 0 0 2 0 1
3493 0 0 2 0 1
3494 0 0 2 0 1
3495 0 0 2 0 1
3496 0 0 2 0 1
3497 0 0 2 0 1
3498 0 0 2 0 1
3499 0 0 2 0 1
3500 0 0 2 0 1
3501 0 0 2 0 1
3502 0 0 2 0 1
3503 0 0 2 0 1
3504 0 0 2 0 1
3505 0 0 2 0 1
3506 0 0 2 0 1
3507 0 0 2 0 1
3508 0 0 2 0 1
3509 0 0 2 0 1
3510 0 0 2 0 1
3511 0 0 2 0 1
3512 0 0 2 0 1
3513 0 0 2 0 1
3514 0 0 2 0 1
3515 0 0 2 0 1
3516 0 0 2 0 1
3517 0 0 2 0 1
3518 0 0 2 0 1
3519 0 0 2 0 1
3520 0 0 2 0 1
3521 0 0 2 0 1
3522 0 0 2 0 1
3523 0 0 2 0 1
3524 0 0 2 0 1
3525 0 0 2 0 1
3526 0 0 2 0 1
3527 0 0 2 0 1
3528 0 0 2 0 1
3529 0 0 2 0 1
3530 0 0 2 0 1
3531 0 0 2 0 1
3532 0 0 2 0 1
3533 0 0 2 0 1
3534 0 0 2 0 1
3535 0 0 2 0 1
3536 0 0 2 0 1
3537 0 0 2 0 1
3538 0 0 2 0 1
3539 0 0 2 0 1
3540 0 0 2 0 1
3541 0 0 2 0 1
3542 0 0 2 0 1
3543 0 0 2 0 1
3544 0 0 2 0 1
3545 0 0 2 0 1
3546 0 0 2 0 1
3547 0 0 2 0 1
3548 0 0 2 0 1
3549 0 0 2 0 1
3550 0 2 2 0 1
3551 0 2 2 0 1
3552 0 2 2 0 1
3553 0 2 2 0 1
3554 0 2 2 0 1
3555 0 2 2 0 1
3556 0 2 2 0 1
3557 0 2 2 0 1
3558 0 2 2 0 1
3559 0 2 2 0 1
3560 0 2 2 0 1
3561 0 2 2 0 1
3562 0 2 2 0 1
3563 0 2 2 0 1
3564 0 2 2 0 1
3565 0 2 2 0 1
3566 0 2 2 0 1
3567 0 2 2 0 1
3568 0 2 2 0 1
3569 0 2 2 0 1
3570 0 2 2 0 1
3571 0 2 2 0 1
3572 0 2 2 0 1
3573 0 2 2 0 1
3574 0 2 2 0 1
3575 0 2 2 0 1
3576 0 2 2 0 1
3577 0 2 2 0 1
3578 0 2 2 0 1
3579 0 2 2 0 1
3580 0 0 2 0 1
3581 0 0 2 0 1
3582 0 0 2 0 1
3583 0 0 2 0 1
3584 0 0 2 0 1
3585 0 0 2 0 1
3586 0 0 2 0 1
3587 0 0 2 0 1
3588 0 0 2 0 1
3589 0 0 2 0 1
3590 0 0 2 0 1
3591 0 0 2 0 1
3592 0 0 2 0 1
3593 0 0 2 0 1
3594 0 0 2 0 1
3595 0 2 2 0 1
3596 0 2 2 0 1
3597 0 2 2 0 1
3598 0 2 2 0 1
3599 0 2 2 0 1
3600 0 2 2 0 1
3601 0 2 2 0 1
3602 0 2 2 0 1
3603 0 2 2 0 1
3604 0 2 2 0 1
3605 0 2 2 0 1
3606 0 2 2 0 1
3607 0 2 2 0 1
3608 0 2 2 0 1
3609 0 2 2 0 1
3610 0 2 2 0 1
3611 0 2 2 0 1
3612 0 0 2 0 1
3613 0 0 2 0 1
3614 0 0 2 0 1
3615 0 0 2 0 1
3616 0 0 2 0 1
3617 0 0 2 0 1
3618 0 0 2 0 1
3619 0 0 2 0 1
3620 2 0 2 0 1
3621 2 0 2 0 1
3622 2 0 2 0 1
3623 2 0 2 0 1
3624 2 0 2 0 1
3625 2 0 2 0 1
3626 2 0 2 0 1
3627 2 0 2 0 1
3628 2 0 2 0 1
3629 2 0 2 0 1
3630 2 0 2 0 1
3631 2 0 2 0 1
3632 2 0 2 0 1
3633 2 0 2 0 1
3634 2 0 2 0 1
3635 2 0 2 0 1
3636 2 0 2 0 1
3637 2 0 2 0 1
3638 2 0 2 0 1
3639 2 0 2 0 1
3640 2 0 0 2 0
3641 2 0 0 2 0
3642 2 0 0 2 0
3643 2 0 0 2 0
3644 2 0 0 2 0
3645 2 0 0 2 0
3646 2 0 0 2 0
3647 2 0 0 2 0
3648 2 0 0 2 0
3649 2 0 0 2 0
3650 2 0 0 2 0
3651 2 0 0 2 0
3652 2 0 0 2 0
3653 2 0 0 2 0
3654 2 0 0 2 0
3655 2 0 0 2 0
3656 2 0 0 2 0
3657 2 0 0 2 0
3658 2 0 0 2 0
3659 2 0 0 2 0
3660 2 0 0 2 0
3661 2 0 0 2 0
3662 2 0 0 2 0
3663 2 0 0 2 0
3664 2 0 0 2 0
3665 2 0 0 2 0
3666 2 0 0 2 0
3667 2 0 0 2 0
3668 2 0 0 2 0
3669 2 0 0 2 0
3670 2 0 0 2 0
3671 2 0 0 2 0
3672 2 0 0 2 0
3673 2 0 0 2 0
3674 2 0 0 2 0
3675 2 0 0 2 0
3676 2 0 0 2 0
3677 2 0 0 2 0
3678 2 0 0 2 0
3679 2 0 0 2 0
3680 2 0 0 2 0
3681 2 0 0 2 0
3682 2 0 0 2 0
3683 2 0 0 2 0
3684 2 0 0 2 0
3685 2 0 0 2 0
3686 2 0 0 2 0
3687 2 0 0 2 0
3688 2 0 0 2 0
3689 2 0 0 2 0
3690 2 0 0 2 0
3691 2 0 0 2 0
3692 2 0 0 2 0
3693 2 0 0 2 0
3694 2 0 0 2 0
3695 2 0 0 2 0
3696 2 0 0 2 0
3697 2 0 0 2 0
3698 2 0 0 2 0
3699 2 0 0 2 0
3700 2 0 0 2 0
3701 2 0 0 2 0
3702 2 0 0 2 0
3703 2 0 0 2 0
3704 2 0 0 2 0
3705 2 0 0 2 0
3706 2 0 0 2 0
3707 2 0 0 2 0
3708 2 0 0 2 0
3709 2 0 0 2 0
3710 2 0 0 2 0
3711 2 0 0 2 0
3712 2 0 0 2 0
3713 2 0 0 2 0
3714 2 0 0 2 0
3715 2 0 0 2 0
3716 2 0 0 2 0
3717 2 0 0 2 0
3718 2 0 0 2 0
3719 2 0 0 2 0
3720 2 0 0 2 0
3721 2 0 0 2 0
3722 2 0 0 2 0
3723 2 0 0 2 0
3724 2 0 0 2 0
3725 2 0 0 2 0
3726 2 0 0 2 0
3727 2 0 0 2 0
3728 2 0 0 2 0
3729 2 0 0 2 0
3730 2 0 0 2 0
3731 2 0 0 2 0
3732 2 0 0 2 0
3733 2 0 0 2 0
3734 2 0 0 2 0
3735 2 0 0 0 0
3736 2 0 0 0 0
3737 2 0 0 0 0
3738 2 0 0 0 0
3739 2 0 0 0 0
3740 2 0 2 0 0
3741 2 0 2 0 0
3742 2 0 2 0 0
3743 2 0 2 0 0
3744 2 0 2 0 0
3745 2 0 2 0 0
3746 2 0 2 0 0
3747 2 0 2 0 0
3748 2 0 2 0 0
3749 2 0 2 0 0
3750 2 0 2 0 0
3751 2 0 2 0 0
3752 2 0 2 0 0
3753 2 0 2 0 0
3754 2 0 2 0 0
3755 2 0 2 0 0
3756 2 0 2 0 0
3757 2 0 2 0 0
3758 2 0 2 0 0
3759 2 0 2 0 0
3760 0 0 2 0 0
3761 0 0 2 0 0
3762 0 0 2 0 0
3763 0 0 2 0 0
3764 0 0 2 0 0
3765 0 0 2 0 0
3766 0 0 2 0 0
3767 0 0 2 0 0
3768 0 0 2 0 0
3769 0 0 2 0 0
3770 0 0 2 0 0
3771 0 0 2 0 0
3772 0 0 2 0 0
3773 0 0 2 0 0
3774 0 0 2 0 0
3775 0 0 2 0 0
3776 0 0 2 0 0
3777 0 0 2 0 0
3778 0 0 2 0 0
3779 0 0 2 0 0
3780 0 0 2 0 0
3781 0 0 2 0 0
3782 0 0 2 0 0
3783 0 0 2 0 0
3784 0 0 2 0 0
3785 0 0 2 0 0
3786 0 0 2 0 0
3787 0 0 2 0 0
3788 0 0 2 0 0
3789 0 0 2 0 0
3790 0 0 2 0 0
3791 0 0 2 0 0
3792 0 0 2 0 0
3793 0 0 2 0 0
3794 0 0 2 0 0
3795 0 0 2 0 0
3796 0 0 2 0 0
3797 0 0 2 0 0
3798 0 0 2 0 0
3799 0 0 2 0 0
3800 0 0 2 0 0
3801 0 0 2 0 0
3802 0 0 2 0 0
3803 0 0 2 0 0
3804 0 0 2 0 0
3805 0 0 2 0 0
3806 0 0 2 0 0
3807 0 0 2 0 0
3808 0 0 2 0 0
3809 0 0 2 0 0
3810 0 0 2 0 0
3811 0 0 2 0 0
3812 0 0 2 0 0
3813 0 0 2 0 0
3814 0 0 2 0 0
3815 0 0 2 0 0
3816 0 0 2 0 0
3817 0 0 2 0 0
3818 0 0 2 0 0
3819 0 0 2 0 0
3820 0 0 2 0 2
3821 0 0 2 0 2
3822 0 0 2 0 2
3823 0 0 2 0 2
3824 0 0 2 0 2
3825 0 0 2 0 2
3826 0 0 2 0 2
3827 0 0 2 0 2
3828 0 0 2 0 2
3829 0 0 2 0 2
3830 0 0 2 0 2
3831 0 0 2 0 2
3832 0 0 2 0 2
3833 0 0 2 0 2
3834 0 0 2 0 2
3835 0 0 2 0 2
3836 0 0 2 0 2
3837 0 0 2 0 2
3838 0 0 2 0 2
3839 0 0 2 0 2
3840 0 0 2 0 2
3841 0 0 2 0 2
3842 0 0 2 0 2
3843 0 0 2 0 2
3844 0 0 2 0 2
3845 0 0 2 0 2
3846 0 0 2 0 2
3847 0 0 2 0 2
3848 0 0 2 0 2
3849 0 0 2 0 2
3850 0 0 2 0 2
3851 0 0 2 0 2
3852 0 0 2 0 2
3853 0 0 2 0 2
3854 0 0 2 0 2
3855 0 0 2 0 2
3856 0 0 2 0 0
3857 0 0 2 0 0
3858 0 0 2 0 0
3859 0 0 2 0 0
3860 0 0 2 0 0
3861 0 0 2 0 0
3862 0 0 2 0 0
3863 0 0 2 0 0
3864 0 0 2 0 2
3865 0 0 2 0 2
3866 0 0 2 0 2
3867 0 0 2 0 2
3868 0 0 2 0 2
3869 0 0 2 0 2
3870 0 0 2 0 2
3871 0 0 2 0 2
3872 0 0 2 0 2
3873 0 0 2 0 2
3874 0 0 2 0 2
3875 0 0 2 0 2
3876 0 0 2 0 2
3877 0 0 2 0 2
3878 0 0 2 0 2
3879 0 0 2 0 0
3880 0 0 2 0 0
3881 0 0 2 0 0
3882 0 0 2 0 0
3883 0 0 2 0 0
3884 0 0 2 0 0
3885 0 0 2 0 0
3886 0 0 2 0 0
3887 0 0 2 0 0
3888 0 0 2 0 0
3889 0 0 2 0 0
3890 0 0 2 0 0
3891 0 0 2 0 0
3892 0 0 2 0 0
3893 0 0 2 0 0
3894 0 0 2 0 0
3895 0 0 2 0 0
3896 0 0 2 0 0
3897 0 0 2 0 0
3898 0 0 2 0 0
3899 0 0 2 0 0
3900 0 0 2 0 0
3901 0 0 2 0 0
3902 0 0 2 0 0
3903 0 0 2 0 0
3904 0 0 2 0 0
3905 0 0 2 0 0
3906 0 0 2 0 0
3907 0 0 2 0 0
3908 0 0 2 0 0
3909 0 0 2 0 0
3910 0 0 2 0 0
3911 0 0 2 0 0
3912 0 0 2 0 0
3913 0 0 2 0 0
3914 0 0 2 0 0
3915 0 0 2 0 0
3916 0 0 2 0 0
3917 0 0 2 0 0
3918 0 0 2 0 0
3919 0 0 2 0 0
3920 0 0 2 0 0
3921 0 0 2 0 0
3922 0 0 2 0 0
3923 0 0 2 0 0
3924 0 0 2 0 0
3925 0 0 2 0 0
3926 0 0 2 0 0
3927 0 0 2 0 0
3928 0 0 2 0 0
3929 0 0 2 0 0
3930 0 0 2 0 0
3931 0 0 2 0 0
3932 0 0 2 0 0
3933 0 0 2 0 0
3934 0 0 2 0 0
3935 0 0 2 0 0
3936 0 0 2 0 0
3937 0 0 2 0 0
3938 0 0 2 0 0
3939 0 0 2 0 0
3940 0 0 2 0 0
3941 0 0 2 0 0
3942 0 0 2 0 0
3943 0 0 2 0 0
3944 0 0 2 0 0
3945 0 0 2 0 0
3946 0 0 2 0 0
3947 0 0 2 0 0
3948 0 0 2 0 0
3949 0 0 2 0 0
3950 0 0 2 0 0
3951 0 0 2 0 0
3952 0 0 2 0 0
3953 0 0 2 0 0
3954 0 0 2 0 0
3955 0 0 2 0 0
3956 0 0 2 0 0
3957 0 0 2 0 0
3958 0 0 2 0 0
3959 0 0 2 0 0
3960 0 0 2 0 0
3961 0 0 2 0 0
3962 0 0 2 0 0
3963 0 0 2 0 0
3964 0 0 2 0 0
3965 0 0 2 0 0
3966 0 0 2 0 0
3967 0 0 2 0 0
3968 0 0 2 0 0
3969 0 0 2 0 0
3970 0 0 2 0 0
3971 0 0 2 0 0
3972 0 0 2 0 0
3973 0 0 2 0 0
3974 0 0 2 0 0
3975 0 0 2 0 0
3976 0 0 2 0 0
3977 0 0 2 0 0
3978 0 0 2 0 0
3979 0 0 2 0 0
3980 0 0 2 0 0
3981 0 0 2 0 0
3982 0 0 2 0 0
3983 0 0 2 0 0
3984 0 0 2 0 0
3985 0 0 2 0 0
3986 0 0 2 0 0
3987 0 0 2 0 0
3988 0 0 2 0 0
3989 0 0 2 0 0
3990 0 0 2 0 0
3991 0 0 2 0 0
3992 0 0 2 0 0
3993 0 0 2 0 0
3994 0 0 2 0 0
3995 0 0 2 0 0
3996 0 0 2 0 0
3997 0 0 2 0 0
3998 0 0 2 0 0
3999 0 0 2 0 0
4000 0 0 2 0 0
4001 0 0 2 0 0
4002 0 0 2 0 0
4003 0 0 2 0 0
4004 0 0 2 0 0
4005 0 0 2 0 0
4006 0 0 2 0 0
4007 0 0 2 0 0
4008 0 0 2 0 0
4009 0 0 2 0 0
4010 0 0 2 0 0
4011 0 0 2 0 0
4012 0 0 2 0 0
4013 0 0 2 0 0
4014 0 0 2 0 0
4015 0 0 2 0 0
4016 0 0 2 0 0
4017 0 0 2 0 0
4018 0 0 2 0 0
4019 0 0 2 0 0
4020 0 0 2 0 0
4021 0 0 2 0 0
4022 0 0 2 0 0
4023 0 0 2 0 0
4024 0 0 2 0 0
4025 0 0 2 0 0
4026 0 0 2 0 0
4027 0 0 2 0 0
4028 0 0 2 0 0
4029 0 0 2 0 0
4030 2 0 2 0 0
4031 2 0 2 0 0
4032 2 0 2 0 0
4033 2 0 2 0 0
4034 2 0 2 0 0
4035 2 0 2 0 0
4036 2 0 2 0 0
4037 2 0 2 0 0
4038 2 0 2 0 0
4039 2 0 2 0 0
4040 2 0 2 0 0
4041 2 0 2 0 0
4042 2 0 2 0 0
4043 2 0 2 0 0
4044 2 0 2 0 0
4045 2 0 2 0 0
4046 2 0 2 0 0
4047 2 0 2 0 0
4048 2 0 2 0 0
4049 2 0 2 0 0
4050 0 0 2 0 0
4051 0 0 2 0 0
4052 0 0 2 0 0
4053 0 0 2 0 0
4054 0 0 2 0 0
4055 0 0 2 0 0
4056 0 0 2 0 0
4057 0 0 2 0 0
4058 0 0 2 0 0
4059 0 0 2 0 0
4060 0 0 2 0 0
4061 0 0 2 0 0
4062 0 0 2 0 0
4063 0 0 2 0 0
4064 0 0 2 0 0
4065 0 0 2 0 0
4066 0 0 2 0 0
4067 0 0 2 0 0
4068 0 0 2 0 0
4069 0 0 2 0 0
4070 0 0 2 0 0
4071 0 0 2 0 0
4072 0 0 2 0 0
4073 0 0 2 0 0
4074 0 0 2 0 0
4075 0 0 2 0 0
4076 0 0 2 0 0
4077 0 0 2 0 0
4078 0 0 2 0 0
4079 0 0 2 0 0
4080 0 0 2 0 0
4081 0 0 2 0 0
4082 0 0 2 0 0
4083 0 0 2 0 0
4084 0 0 2 0 0
4085 0 0 2 0 0
4086 0 0 2 0 0
4087 0 0 2 0 0
4088 0 0 2 0 0
4089 0 0 2 0 0
4090 0 0 2 0 0
4091 0 0 2 0 0
4092 0 0 2 0 0
4093 0 0 2 0 0
4094 0 0 2 0 0
4095 0 0 2 0 0
4096 0 0 2 0 0
4097 0 0 2 0 0
4098 0 0 2 0 0
4099 0 0 2 0 0
4100 0 0 2 0 0
4101 0 0 2 0 0
4102 0 0 2 0 0
4103 0 0 2 0 0
4104 0 0 2 0 0
4105 0 0 2 0 0
4106 0 0 2 0 0
4107 0 0 2 0 0
4108 0 0 2 0 0
4109 0 0 2 0 0
4110 0 0 2 0 0
4111 0 0 2 0 0
4112 0 0 2 0 0
4113 0 0 2 0 0
4114 0 0 2 0 0
4115 0 0 2 0 0
4116 0 0 2 0 0
4117 0 0 2 0 0
4118 0 0 2 0 0
4119 0 0 2 0 0
4120 5 0 2 0 0
4121 5 0 2 0 0
4122 5 0 2 0 0
4123 5 0 2 0 0
4124 5 0 2 0 0
4125 5 0 2 0 0
4126 5 0 2 0 0
4127 5 0 2 0 0
4128 5 0 2 0 0
4129 5 0 2 0 0
4130 5 0 2 0 0
4131 5 0 2 0 0
4132 5 0 2 0 0
4133 5 0 2 0 0
4134 5 0 2 0 0
4135 5 0 2 0 0
4136 5 0 2 0 0
4137 5 0 2 0 0
4138 5 0 2 0 0
4139 5 0 2 0 0
4140 5 0 2 0 0
4141 5 0 2 0 0
4142 5 0 2 0 0
4143 5 0 2 0 0
4144 5 0 2 0 0
4145 5 0 2 0 0
4146 5 0 2 0 0
4147 5 0 2 0 0
4148 5 0 2 0 0
4149 5 0 2 0 0
4150 5 0 2 0 0
4151 5 0 2 0 0
4152 5 0 2 0 0
4153 5 0 2 0 0
4154 5 0 2 0 0
4155 5 0 2 0 0
4156 5 0 2 0 0
4157 5 0 2 0 0
4158 5 0 2 0 0
4159 5 0 2 0 0
4160 5 0 2 0 0
4161 5 0 2 0 0
4162 5 0 2 0 0
4163 5 0 2 0 0
4164 5 0 2 0 0
4165 5 0 2 0 0
4166 5 0 2 0 0
4167 5 0 2 0 0
4168 5 0 2 0 0
4169 5 0 2 0 0
4170 5 0 2 0 0
4171 5 0 2 0 0
4172 5 0 2 0 0
4173 5 0 2 0 0
4174 5 0 2 0 0
4175 5 0 2 0 0
4176 5 0 2 0 0
4177 5 0 2 0 0
4178 5 0 2 0 0
4179 5 0 2 0 0
4180 5 0 2 0 2
4181 5 0 2 0 2
4182 5 0 2 0 2
4183 5 0 2 0 2
4184 5 0 2 0 2
4185 5 0 2 0 2
4186 5 0 2 0 2
4187 5 0 2 0 2
4188 5 0 2 0 2
4189 5 0 2 0 2
4190 5 0 2 0 2
4191 5 0 2 0 2
4192 5 0 2 0 2
4193 5 0 2 0 2
4194 5 0 2 0 2
4195 5 0 2 0 2
4196 5 0 2 0 2
4197 5 0 2 0 2
4198 5 0 2 0 2
4199 5 0 2 0 2
4200 5 0 2 0 2
4201 5 0 2 0 2
4202 5 0 2 0 2
4203 5 0 2 0 2
4204 5 0 2 0 2
4205 5 0 2 0 2
4206 5 0 2 0 2
4207 5 0 2 0 2
4208 5 0 2 0 2
4209 5 0 2 0 2
4210 5 0 2 0 2
4211 5 0 2 0 2
4212 5 0 2 0 2
4213 5 0 2 0 2
4214 5 0 2 0 2
4215 5 0 2 0 2
4216 5 0 2 0 2
4217 5 0 2 0 2
4218 5 0 2 0 2
4219 5 0 2 0 2
4220 5 0 2 0 2
4221 5 0 2 0 2
4222 5 0 2 0 2
4223 5 0 2 0 2
4224 5 0 2 0 2
4225 5 0 2 0 2
4226 5 0 2 0 2
4227 5 0 2 0 2
4228 5 0 2 0 2
4229 5 0 2 0 2
4230 5 0 2 0 2
4231 5 0 2 0 2
4232 5 0 2 0 2
4233 5 0 2 0 2
4234 5 0 2 0 2
4235 5 0 2 0 2
4236 5 0 2 0 2
4237 5 0 2 0 2
4238 5 0 2 0 2
4239 5 0 2 0 2
4240 5 0 2 0 2
4241 5 0 2 0 2
4242 5 0 2 0 2
4243 5 0 2 0 2
4244 5 0 2 0 2
4245 5 0 2 0 2
4246 5 0 2 0 2
4247 5 0 2 0 2
4248 5 0 2 0 2
4249 5 0 2 0 2
4250 0 0 2 0 2
4251 0 0 2 0 2
4252 0 0 2 0 2
4253 0 0 2 0 2
4254 0 0 2 0 2
4255 0 0 2 0 2
4256 0 0 2 0 2
4257 0 0 2 0 2
4258 0 0 2 0 2
4259 0 0 2 0 2
4260 0 0 2 0 2
4261 0 0 2 0 2
4262 0 0 2 0 2
4263 0 0 2 0 2
4264 0 0 2 0 2
4265 0 0 2 0 2
4266 0 0 2 0 2
4267 0 0 2 0 2
4268 0 0 2 0 2
4269 0 0 2 0 2
4270 0 0 2 0 2
4271 0 0 2 0 2
4272 0 0 2 0 2
4273 0 0 2 0 2
4274 0 0 2 0 2
4275 0 0 2 0 2
4276 0 0 2 0 2
4277 0 0 2 0 2
4278 0 0 2 0 2
4279 0 0 2 0 2
4280 0 0 2 0 2
4281 0 0 2 0 2
4282 0 0 2 0 2
4283 0 0 2 0 2
4284 0 0 2 0 2
4285 0 0 2 0 2
4286 0 0 2 0 2
4287 0 0 2 0 2
4288 0 0 2 0 2
4289 0 0 2 0 2
4290 0 0 2 0 2
4291 0 0 2 0 2
4292 0 0 2 0 2
4293 0 0 2 0 2
4294 0 0 2 0 2
4295 0 0 2 0 2
4296 0 0 2 0 2
4297 0 0 2 0 2
4298 0 0 2 0 2
4299 0 0 2 0 2
4300 0 0 2 0 2
4301 0 0 2 0 2
4302 0 0 2 0 2
4303 0 0 2 0 2
4304 0 0 2 0 2
4305 0 0 2 0 2
4306 0 0 2 0 2
4307 0 0 2 0 2
4308 0 0 2 0 2
4309 0 0 2 0 2
4310 0 0 2 0 2
4311 0 0 2 0 2
4312 0 0 2 0 2
4313 0 0 2 0 2
4314 0 0 2 0 2
4315 0 0 2 0 2
4316 0 0 2 0 2
4317 0 0 2 0 2
4318 0 0 2 0 2
4319 0 0 2 0 2
4320 0 2 2 0 2
4321 0 2 2 0 2
4322 0 2 2 0 2
4323 0 2 2 0 2
4324 0 2 2 0 2
4325 0 2 2 0 2
4326 0 2 2 0 2
4327 0 0 2 0 2
4328 0 0 2 0 2
4329 0 0 2 0 2
4330 2 0 2 0 2
4331 2 0 2 0 2
4332 2 0 2 0 2
4333 2 0 2 0 2
4334 2 0 2 0 2
4335 2 0 2 0 2
4336 2 0 2 0 2
4337 2 0 2 0 2
4338 2 0 2 0 2
4339 2 0 2 0 2
4340 2 0 0 2 2
4341 2 0 0 2 2
4342 2 0 0 2 2
4343 2 0 0 2 2
4344 2 0 0 2 2
4345 2 0 0 2 2
4346 2 0 0 2 2
4347 2 0 0 2 2
4348 2 0 0 2 2
4349 2 0 0 2 2
4350 2 0 0 2 2
4351 2 0 0 2 2
4352 2 0 0 2 2
4353 2 0 0 2 2
4354 2 0 0 2 2
4355 2 0 0 2 2
4356 2 0 0 2 2
4357 2 0 0 0 2
4358 2 0 0 0 2
4359 2 0 0 0 2
4360 2 0 0 0 2
4361 2 0 0 0 2
4362 2 0 0 0 2
4363 2 0 0 0 2
4364 2 0 0 0 2
4365 2 0 0 0 2
4366 2 0 0 0 2
4367 2 0 0 0 2
4368 2 0 0 0 2
4369 2 0 0 0 2
4370 2 0 0 0 2
4371 2 0 0 0 2
4372 2 0 0 0 2
4373 2 0 0 0 2
4374 2 0 0 0 2
4375 2 0 0 0 2
4376 2 0 0 0 2
4377 2 0 0 0 2
4378 2 0 0 0 2
4379 2 0 0 0 2
4380 2 0 0 0 2
4381 2 0 0 0 2
4382 2 0 0 0 2
4383 2 0 0 0 2
4384 2 0 0 0 2
4385 2 0 0 0 2
4386 2 0 0 0 2
4387 2 0 0 0 2
4388 2 0 0 0 2
4389 2 0 0 0 2
4390 2 0 0 5 2
4391 2 0 0 5 2
4392 2 0 0 5 2
4393 2 0 0 5 2
4394 2 0 0 5 2
4395 2 0 0 5 2
4396 2 0 0 5 2
4397 2 0 0 5 2
4398 2 0 0 5 2
4399 2 0 0 5 2
4400 2 0 0 5 2
4401 2 0 0 5 2
4402 2 0 0 5 2
4403 2 0 0 5 2
4404 2 0 0 5 2
4405 2 0 0 5 2
4406 2 0 0 5 2
4407 2 0 0 5 2
4408 2 0 0 5 2
4409 2 0 0 5 2
4410 2 0 0 5 0
4411 2 0 0 5 0
4412 2 0 0 5 0
4413 2 0 0 5 0
4414 2 0 0 5 0
4415 2 0 0 5 0
4416 2 0 0 5 0
4417 2 0 0 5 0
4418 2 0 0 5 0
4419 2 0 0 5 0
4420 2 0 0 5 0
4421 2 0 0 5 0
4422 2 0 0 5 0
4423 2 0 0 5 0
4424 2 0 0 5 0
4425 2 0 0 5 0
4426 2 0 0 5 0
4427 2 0 0 5 0
4428 2 0 0 5 0
4429 2 0 0 5 0
4430 2 0 0 5 0
4431 2 0 0 5 0
4432 2 0 0 5 0
4433 2 0 0 5 0
4434 2 0 0 5 0
4435 2 0 0 5 0
4436 2 0 0 5 0
4437 2 0 0 5 0
4438 2 0 0 5 0
4439 2 0 0 5 0
4440 2 0 0 0 0
4441 2 0 0 0 0
4442 2 0 0 0 0
4443 2 0 0 0 0
4444 2 0 0 0 0
4445 2 0 0 0 0
4446 2 0 0 0 0
4447 2 0 0 0 0
4448 2 0 0 0 0
4449 2 0 0 0 0
4450 0 0 0 0 0
4451 0 0 0 0 0
4452 0 0 0 0 0
4453 0 0 0 0 0
4454 0 0 0 0 0
4455 0 0 0 0 0
4456 0 0 0 0 0
4457 0 0 0 0 0
4458 0 0 0 0 0
4459 0 0 0 0 0
4460 0 0 0 0 0
4461 0 0 0 0 0
4462 0 2 0 0 0
4463 0 2 0 0 0
4464 0 2 0 0 0
4465 0 2 0 0 0
4466 0 2 0 0 0
4467 0 2 0 0 0
4468 0 2 0 0 0
4469 0 2 0 0 0
4470 0 2 0 0 0
4471 0 2 0 0 0
4472 0 2 0 0 0
4473 0 2 0 0 0
4474 0 2 0 0 0
4475 0 2 0 0 0
4476 0 2 0 0 0
4477 0 2 0 0 0
4478 0 2 0 0 0
4479 0 2 0 0 0
4480 2 0 0 0 0
4481 2 0 0 0 0
4482 2 0 0 0 0
4483 2 0 0 0 0
4484 2 0 0 0 0
4485 2 0 0 0 0
4486 2 0 0 0 0
4487 2 0 0 0 0
4488 2 0 0 0 0
4489 2 0 0 0 0
4490 2 0 0 0 0
4491 2 0 0 0 0
4492 2 0 0 0 0
4493 2 0 0 0 0
4494 2 0 0 0 0
4495 2 0 0 0 0
4496 2 0 0 0 0
4497 2 0 0 0 0
4498 2 0 0 0 0
4499 2 0 0 0 0
4500 2 0 0 0 0
4501 2 0 0 0 0
4502 2 0 0 0 0
4503 2 0 0 0 0
4504 2 0 0 0 0
4505 2 0 0 0 0
4506 2 0 0 0 0
4507 2 0 0 0 0
4508 2 0 0 0 0
4509 2 0 0 0 0
4510 2 0 0 0 0
4511 2 0 0 0 0
4512 2 0 0 0 0
4513 2 0 0 0 0
4514 2 0 0 0 0
4515 2 0 0 0 0
4516 2 0 0 0 0
4517 2 0 0 0 0
4518 2 0 0 0 0
4519 2 0 0 0 0
4520 2 0 0 0 0
4521 2 0 0 0 0
4522 2 0 0 0 0
4523 2 0 0 0 0
4524 2 0 0 0 0
4525 2 0 0 0 0
4526 2 0 0 0 0
4527 2 0 0 0 0
4528 2 0 0 0 0
4529 2 0 0 0 0
4530 2 0 0 0 0
4531 2 0 0 0 0
4532 2 0 0 0 0
4533 2 0 0 0 0
4534 2 0 0 0 0
4535 2 0 0 0 0
4536 2 0 0 0 0
4537 2 0 0 0 0
4538 2 0 0 0 0
4539 2 0 0 0 0
4540 0 2 0 0 0
4541 0 2 0 0 0
4542 0 2 0 0 0
4543 0 2 0 0 0
4544 0 2 0 0 0
4545 0 2 0 0 0
4546 0 2 0 0 0
4547 0 2 0 0 0
4548 0 2 0 0 0
4549 0 2 0 0 0
4550 0 2 0 0 0
4551 0 2 0 0 0
4552 0 0 0 0 0
4553 0 0 0 0 0
4554 0 0 0 0 0
4555 0 0 0 0 0
4556 0 0 0 0 0
4557 0 0 0 0 0
4558 0 0 0 0 0
4559 0 0 0 0 0
4560 0 0 0 0 0
4561 0 0 0 0 0
4562 0 0 0 0 0
4563 0 0 0 0 0
4564 0 0 0 0 0
4565 0 0 0 0 0
4566 0 0 0 0 0
4567 0 0 0 0 0
4568 0 0 0 0 0
4569 0 0 0 0 0
4570 0 0 0 0 0
4571 0 0 0 0 0
4572 0 0 0 0 0
4573 0 0 0 0 0
4574 0 0 0 0 0
4575 0 0 0 0 0
4576 0 0 0 0 0
4577 0 0 0 0 0
4578 0 0 0 0 0
4579 0 0 0 0 0
4580 0 0 0 0 0
4581 0 0 0 0 0
4582 0 0 0 0 0
4583 0 0 0 0 0
4584 0 0 0 0 0
4585 0 0 0 0 0
4586 0 0 0 0 0
4587 0 0 0 0 0
4588 0 0 0 0 0
4589 0 0 0 0 0
4590 0 0 0 0 0
4591 0 0 0 0 0
4592 0 0 0 0 0
4593 0 0 0 0 0
4594 0 0 0 0 0
4595 0 0 0 0 0
4596 0 0 0 0 0
4597 0 0 0 0 0
4598 0 0 0 0 0
4599 0 0 0 0 0
4600 0 0 0 0 0
4601 0 0 0 0 0
4602 0 0 0 0 0
4603 0 0 0 0 0
4604 0 0 0 0 0
4605 0 0 0 0 0
4606 0 0 0 0 0
4607 0 0 0 0 0
4608 0 0 0 0 0
4609 0 0 0 0 0
4610 0 0 0 0 0
4611 0 0 0 0 0
4612 0 0 0 0 0
4613 0 0 0 0 0
4614 0 0 0 0 0
4615 0 0 0 0 0
4616 0 0 0 0 0
4617 0 0 0 0 0
4618 0 0 0 0 0
4619 0 0 0 0 0
4620 0 0 0 0 0
4621 0 0 0 0 0
4622 0 0 0 0 0
4623 0 0 0 0 0
4624 0 0 0 0 0
4625 0 0 0 0 0
4626 0 0 0 0 0
4627 0 0 0 0 0
4628 0 0 0 0 0
4629 0 0 0 0 0
4630 0 0 0 0 0
4631 0 0 0 0 0
4632 0 0 0 0 0
4633 0 0 0 0 0
4634 0 0 0 0 0
4635 0 0 0 0 0
4636 0 0 0 0 0
4637 0 0 0 0 0
4638 0 0 0 0 0
4639 0 0 0 0 0
4640 0 0 0 0 0
4641 0 0 0 0 0
4642 0 0 0 0 0
4643 0 0 0 0 0
4644 0 0 0 0 0
4645 0 0 0 0 0
4646 0 0 0 0 0
4647 0 0 0 0 0
4648 0 0 0 0 0
4649 0 0 0 0 0
