31 0 0 0 0 0
46 0 0 0 0 0
61 0 0 0 0 0
76 0 0 0 0 0
91 0 0 0 0 0
106 0 0 0 0 0
121 0 0 0 0 0
136 0 0 0 0 0
151 0 0 0 0 0
166 0 0 0 0 0
183 0 0 0 0 0
186 0 0 0 0 0
201 0 0 0 0 0
216 0 0 0 0 0
231 0 0 0 0 0
246 0 0 0 0 0
261 0 0 0 0 0
276 0 0 0 0 0
291 0 0 0 0 0
306 0 0 0 0 0
321 0 0 2 0 0
336 0 0 2 0 0
351 0 0 2 0 0
366 0 0 2 0 0
381 0 0 2 0 0
396 0 0 2 0 0
411 0 0 2 0 2
426 0 0 2 0 0
441 0 0 2 0 0
456 0 0 2 0 0
471 0 0 2 0 0
486 0 0 0 0 2
501 0 0 2 0 2
513 0 0 2 0 2
516 0 0 2 0 0
531 0 0 2 0 2
546 0 0 2 0 2
561 0 0 2 0 2
576 0 0 2 0 2
591 0 0 2 0 2
606 0 0 2 0 2
621 0 0 2 0 2
636 0 2 2 0 2
651 0 2 2 0 2
666 0 0 2 0 2
684 2 0 0 2 2
687 2 0 0 2 2
702 0 0 0 0 0
717 2 0 0 0 2
732 0 0 0 2 2
747 0 0 0 0 2
762 0 0 0 0 2
777 0 0 0 0 2
792 0 0 0 0 0
807 0 0 0 0 0
822 0 0 0 0 0
837 0 0 0 0 0
852 0 0 0 0 0
870 0 0 0 0 0
873 2 0 0 0 0
888 0 0 0 0 0
903 2 0 0 0 0
918 2 0 0 0 0
933 2 0 0 0 0
948 2 0 0 2 0
963 2 0 0 2 0
978 0 0 0 2 0
981 0 0 0 2 0
996 0 0 2 0 0
1011 0 0 2 0 0
1026 0 0 2 0 0
1041 0 0 2 0 0
1056 0 0 2 0 0
1071 0 0 2 0 0
1086 0 0 2 0 2
1101 0 0 2 0 2
1116 0 0 2 0 2
1131 0 0 2 0 2
1146 0 0 2 0 0
1161 0 0 2 0 2
1176 0 0 0 0 2
1191 0 2 0 0 2
1197 0 2 0 0 2
1200 0 2 2 0 2
1215 0 0 2 0 2
1230 0 2 2 0 2
1245 0 2 2 0 2
1260 0 2 2 0 2
1275 0 2 2 0 0
1280 0 2 2 0 2
1283 2 0 0 0 2
1298 2 0 0 0 2
1313 2 0 0 0 2
1328 2 0 0 0 2
1343 2 0 0 0 2
1358 2 0 0 0 2
1373 2 0 0 0 2
1390 2 0 0 0 0
1393 0 0 0 0 0
1408 0 0 0 0 0
1423 0 0 0 0 0
1438 2 0 0 0 0
1453 2 0 0 0 0
1468 2 0 0 2 0
1484 0 2 0 2 0
1487 0 2 0 0 0
1502 0 2 0 0 2
1517 0 0 2 0 0
1532 0 0 2 0 2
1547 0 0 0 0 2
1562 0 0 0 0 0
1577 0 0 0 0 2
1592 0 0 0 0 2
1607 0 0 0 0 2
1622 0 0 0 0 2
1637 0 0 2 0 2
1652 0 0 0 0 2
1664 0 0 2 0 2
1667 0 0 2 0 2
1682 0 2 2 0 2
1697 0 2 2 0 2
1712 0 0 2 0 2
1727 0 2 2 0 2
1743 2 0 0 2 2
1746 2 0 0 0 2
1761 2 0 0 0 2
1776 2 0 0 0 2
1791 2 0 0 0 2
1806 2 0 0 0 0
1821 0 0 0 0 0
1836 0 0 0 0 2
1851 0 0 0 0 2
1866 0 0 0 0 0
1881 0 0 0 0 0
1889 2 0 0 0 2
1892 2 0 0 0 0
1907 2 0 0 0 0
1922 2 0 0 0 0
1937 2 0 0 2 0
1952 2 0 0 2 0
1967 0 2 2 0 0
1982 0 2 2 0 0
1997 0 2 2 0 0
2006 0 2 2 0 0
2009 0 0 2 0 2
2024 0 0 2 0 2
2039 0 0 0 0 2
2054 0 0 2 0 0
2069 0 0 2 0 2
2084 0 0 2 0 2
2099 0 0 2 0 0
2114 0 0 2 0 2
2129 0 0 2 0 2
2144 0 0 2 0 2
2159 0 0 2 0 0
2174 0 0 2 0 2
2189 0 0 2 0 2
2204 0 0 2 0 2
2219 0 0 2 0 2
2234 0 0 2 0 2
2249 0 0 2 0 2
2264 0 0 2 0 2
2279 0 0 0 0 0
2294 0 0 2 0 2
2309 0 0 0 0 2
2314 0 0 0 0 2
2317 0 0 2 0 2
2332 0 0 2 0 2
2347 0 0 2 0 2
2362 0 2 2 0 2
2377 0 2 2 0 2
2392 2 0 0 0 2
2402 2 0 0 0 0
2405 2 0 0 0 2
2420 2 0 0 0 0
2435 2 0 0 0 2
2450 0 0 0 0 2
2465 2 0 0 0 2
2480 2 0 0 0 2
2495 2 0 0 0 2
2510 2 0 0 0 0
2525 2 0 0 0 0
2540 2 0 0 0 0
2555 0 0 0 0 0
2570 0 0 0 0 0
2585 0 0 0 0 0
2600 0 0 0 0 0
2615 0 0 0 0 0
2623 0 0 0 0 0
