82 0 0 0 0 0
97 0 0 0 0 0
112 0 0 0 0 0
127 0 0 0 2 0
142 0 0 0 2 0
157 0 0 0 2 0
172 0 0 0 2 0
188 0 0 0 2 0
191 0 0 0 0 0
206 0 0 0 2 0
221 0 0 0 2 0
236 0 0 2 0 0
251 0 0 0 0 0
266 0 0 2 0 0
281 0 0 2 0 0
296 0 0 2 0 0
311 0 0 2 0 0
326 0 2 0 2 0
341 0 0 0 0 0
356 2 0 0 0 0
371 2 0 0 0 0
386 2 0 0 0 0
401 2 0 0 0 2
416 2 0 0 0 2
431 2 0 0 0 2
446 0 0 0 0 2
461 2 0 0 0 0
476 2 0 0 2 0
491 0 0 0 2 0
507 0 2 0 2 2
510 0 0 0 2 2
525 0 0 2 0 0
540 0 0 2 0 0
555 0 0 0 0 0
570 0 0 2 0 0
585 0 0 0 0 0
600 0 0 0 0 0
615 0 0 0 0 0
630 0 0 0 0 0
645 0 0 0 0 0
660 0 0 0 0 0
675 0 0 0 0 0
690 0 0 0 0 0
705 0 0 0 0 0
720 0 0 0 0 0
737 0 0 0 0 0
740 0 2 2 0 0
755 0 2 2 0 0
770 0 0 2 0 0
785 0 0 2 0 0
800 0 2 2 0 0
815 0 2 2 0 0
830 0 2 2 0 0
842 0 2 0 2 0
845 0 2 0 2 0
860 0 2 0 0 0
875 2 0 0 0 0
890 0 0 0 0 2
905 2 0 0 0 0
920 2 0 0 0 0
935 2 0 0 0 0
950 2 0 0 0 2
965 0 0 0 0 2
980 2 0 0 0 0
992 0 0 0 0 0
995 0 0 0 0 0
1010 0 0 0 0 2
1025 2 0 0 0 0
1040 2 0 0 2 0
1055 2 0 0 2 0
1070 2 0 0 2 0
1079 0 2 0 2 0
1082 0 0 0 2 0
1097 0 0 0 0 0
1112 0 0 2 0 0
1127 0 0 2 0 0
1142 0 0 2 0 0
1157 0 0 2 0 0
1172 0 0 2 0 0
1187 0 0 2 0 0
1202 0 0 2 0 0
1217 0 0 2 0 0
1232 0 0 2 0 0
1247 0 0 2 0 0
1262 0 0 2 0 0
1277 0 0 2 0 0
1292 0 0 2 0 0
1307 0 0 2 0 0
1322 0 0 2 0 0
1337 0 0 2 0 0
1352 0 0 2 0 0
1367 2 0 2 0 0
1382 0 0 2 0 0
1398 0 0 2 0 0
1401 0 0 2 0 0
1416 0 0 2 0 0
1431 0 0 2 0 0
1446 0 2 2 0 0
1461 0 0 2 0 0
1476 0 2 2 0 0
1491 0 0 2 0 0
1506 0 2 2 0 0
1521 0 2 0 2 0
1524 0 2 0 2 0
1539 0 2 0 2 0
1554 0 2 0 0 0
1569 2 0 0 0 0
1584 2 0 0 0 0
1599 0 2 0 0 0
1614 0 2 0 0 0
1629 0 2 0 0 0
1644 2 0 0 0 0
1659 2 0 0 0 0
1674 0 0 0 0 0
1689 2 0 0 0 0
1704 2 0 0 0 0
1719 2 0 0 0 0
1734 0 0 0 0 0
1749 2 0 0 0 0
1764 0 0 0 0 0
1779 0 0 0 0 0
1794 0 0 0 0 0
1809 0 0 0 0 0
1824 0 0 0 0 0
1839 2 0 0 0 0
1854 2 0 0 0 2
1862 2 0 0 0 0
1865 2 0 0 0 0
1880 0 0 0 0 2
1895 0 0 0 0 2
1910 0 0 0 2 0
1925 2 0 0 2 0
1940 0 0 0 2 0
1955 0 2 0 2 0
1960 0 2 0 2 0
1963 0 2 0 2 0
1978 0 0 2 0 0
1993 0 0 2 0 0
2008 0 0 2 0 0
2023 0 0 2 0 0
2038 0 0 2 0 0
2053 0 0 2 0 2
2068 0 0 2 0 2
2083 0 0 2 0 0
2098 0 0 2 0 0
2113 0 0 2 0 0
2128 0 0 2 0 0
2143 0 0 2 0 0
2158 0 0 2 0 0
2173 0 0 2 0 0
2188 0 0 2 0 0
2203 0 0 2 0 0
2218 0 0 2 0 2
2233 0 0 2 0 2
2248 0 0 2 0 2
2263 0 0 2 0 2
2278 0 0 0 0 0
2293 0 0 2 0 2
2308 0 0 2 0 2
2323 0 0 2 0 2
2329 0 0 2 0 0
2332 0 0 2 0 0
2347 0 0 2 0 0
2362 0 2 0 0 0
2377 0 2 2 0 0
2392 0 2 2 0 0
2407 0 2 2 0 0
2412 0 2 0 2 0
2415 0 2 0 2 0
2430 0 2 0 0 2
2445 0 2 0 2 2
2460 0 2 0 0 2
2475 0 2 0 0 2
2490 0 2 0 0 2
2505 0 2 0 0 2
2520 0 2 0 0 2
2535 0 2 0 0 0
2550 0 2 0 0 0
2565 0 2 0 0 2
2580 0 2 0 0 2
2595 0 2 0 0 2
2610 0 2 0 0 0
2625 0 2 0 0 0
2638 0 2 0 0 0
2641 0 2 0 0 0
2656 0 2 0 0 0
2671 2 0 0 0 0
2686 2 0 0 0 0
2701 2 0 0 2 0
2716 2 0 0 2 0
2731 0 2 2 0 0
2737 0 2 2 0 0
2740 0 2 2 0 2
2755 0 0 2 0 0
2770 0 0 2 0 0
2785 0 0 2 0 0
2800 0 0 2 0 0
2815 0 0 2 0 0
2830 0 0 2 0 0
2845 0 0 2 0 0
2860 0 0 2 0 0
2875 0 0 2 0 0
2890 0 0 2 0 0
2905 0 0 2 0 2
2920 0 0 2 0 2
2935 0 0 2 0 2
2950 0 0 2 0 0
2965 0 0 2 0 2
2980 0 0 2 0 0
2995 0 0 2 0 2
3010 0 0 2 0 2
3025 0 0 2 0 2
3040 0 0 2 0 0
3055 0 0 2 0 2
3070 0 0 2 0 2
3085 0 0 2 0 0
3100 0 0 2 0 0
3115 0 0 2 0 0
3122 0 0 2 0 2
3125 0 0 2 0 0
3140 0 2 2 0 0
3155 0 0 2 0 0
3170 0 2 2 0 0
3188 0 2 2 0 0
3191 0 2 2 0 2
3206 0 2 0 2 2
3221 0 2 0 2 0
3236 0 0 0 0 2
3251 0 2 0 2 0
3266 0 2 0 0 2
3281 0 2 0 0 0
3296 2 0 0 0 0
3311 0 0 0 0 0
3325 0 0 0 0 0
