1 0 0 0 0 0
16 0 0 0 0 0
19 0 0 0 0 0
34 0 0 0 0 0
49 0 0 0 0 0
64 0 0 2 0 0
79 0 0 0 2 0
94 0 0 0 0 0
109 0 0 0 0 0
124 0 0 0 2 0
139 0 0 0 2 0
154 0 0 0 2 0
169 0 0 0 2 0
184 0 0 0 2 0
202 0 0 0 2 0
205 0 2 0 2 0
220 0 0 0 0 0
235 0 0 0 0 0
250 0 0 0 0 0
265 0 0 0 2 0
280 0 0 0 2 0
295 0 2 0 2 0
298 0 0 2 0 0
313 0 0 0 0 0
328 0 0 2 0 0
343 0 0 2 0 0
358 0 0 2 0 2
373 0 0 2 0 2
388 0 0 2 0 2
403 0 0 2 0 2
418 0 0 2 0 2
433 0 0 2 0 0
448 0 0 2 0 0
463 0 0 2 0 0
478 0 0 2 0 2
493 0 0 2 0 2
508 0 0 2 0 2
523 0 0 2 0 2
538 0 0 2 0 2
553 0 0 2 0 2
568 0 0 2 0 2
583 0 0 2 0 2
598 0 0 2 0 0
613 0 0 0 0 0
628 0 0 2 0 2
643 0 0 2 0 2
658 0 0 2 0 2
673 0 0 2 0 2
688 0 0 2 0 2
703 0 0 2 0 0
718 0 0 2 0 0
733 0 0 2 0 0
748 0 0 2 0 2
763 0 0 2 0 2
778 0 0 2 0 2
793 0 0 0 2 2
799 0 0 2 0 2
802 0 0 2 0 2
817 0 0 0 0 2
832 0 0 2 0 2
847 0 0 2 0 2
862 0 0 2 0 2
877 0 0 2 0 2
892 0 0 2 0 0
907 0 0 2 0 2
919 0 0 0 2 2
922 0 0 0 2 2
937 0 0 0 0 0
952 0 0 0 0 0
967 0 0 0 0 0
984 0 0 0 0 0
987 2 0 0 0 0
1002 0 0 0 0 0
1017 2 0 0 0 2
1032 0 0 0 0 0
1047 2 0 0 2 0
1064 0 2 2 0 0
1067 0 0 2 0 2
1082 0 0 2 0 2
1097 0 0 2 0 0
1112 0 0 2 0 2
1127 0 0 2 0 2
1142 0 0 2 0 2
1157 0 0 2 0 2
1172 0 0 0 2 2
1187 0 0 2 0 2
1199 0 0 0 0 2
1202 0 0 0 2 2
1217 0 0 0 2 0
1232 0 2 0 2 0
1247 0 2 0 2 2
1262 0 2 0 2 2
1269 0 2 0 2 0
1272 0 2 0 2 0
1287 0 0 0 0 0
1302 0 0 0 0 0
1317 0 0 0 0 0
1332 0 0 0 0 0
1346 0 0 0 0 0
1349 0 0 0 0 0
1364 0 0 0 0 0
1379 2 0 0 0 2
1394 0 0 0 0 2
1409 0 0 0 2 2
1424 0 0 0 2 0
1430 0 0 0 2 0
1433 0 2 2 0 2
1448 0 0 0 2 0
1463 0 0 0 0 0
1478 0 0 2 0 0
1493 0 0 2 0 0
1508 0 0 2 0 0
1523 0 0 2 0 0
1538 0 0 2 0 0
1553 0 0 2 0 2
1568 0 0 2 0 2
1583 0 0 2 0 0
1598 0 0 2 0 0
1613 0 0 2 0 0
1628 0 0 2 0 0
1643 0 0 2 0 0
1658 0 0 2 0 2
1664 0 0 2 0 2
1667 0 0 2 0 2
1682 0 0 2 0 2
1697 0 2 2 0 2
1712 0 2 2 0 2
1728 0 2 0 2 2
1731 0 2 0 2 2
1746 0 2 0 0 0
1761 0 0 0 0 0
1766 0 0 0 0 0
1769 0 0 0 0 0
1784 0 0 0 0 2
1799 0 0 0 0 2
1814 0 2 0 2 0
1829 0 2 2 0 2
1832 0 2 2 0 2
1847 0 0 2 0 0
1862 0 0 2 0 0
1877 0 0 2 0 0
1892 0 0 2 0 0
1907 0 0 2 0 2
1922 0 0 2 0 2
1937 0 0 2 0 0
1952 0 0 2 0 0
1967 0 0 2 0 0
1982 0 0 2 0 0
1997 0 0 2 0 0
2012 0 0 2 0 2
2027 0 0 2 0 2
2042 0 0 2 0 2
2057 0 0 2 0 2
2072 0 0 2 0 2
2087 0 0 2 0 2
2097 0 0 2 0 2
2100 0 0 2 0 2
2115 0 0 2 0 2
2130 0 0 2 0 2
2145 0 2 2 0 2
2160 0 0 2 0 2
2167 0 0 0 2 0
2170 0 0 0 2 2
2185 0 0 0 0 0
2200 0 0 0 0 0
2212 0 0 0 0 0
