103 0 0 0 0 0
118 0 0 0 0 0
133 0 0 0 0 0
145 0 0 0 0 0
148 0 0 0 0 0
163 0 0 0 0 0
178 0 0 0 0 0
193 0 0 0 0 0
208 0 0 2 0 0
223 0 0 2 0 0
238 0 0 2 0 0
253 0 0 2 0 0
268 0 0 0 2 0
283 0 0 0 2 0
298 2 0 0 0 0
313 2 0 0 0 0
328 2 0 0 2 0
343 2 0 0 2 0
358 2 0 0 2 0
373 2 0 0 0 2
388 0 0 0 0 2
403 0 0 0 0 2
418 2 0 0 0 0
433 0 0 0 0 0
448 2 0 0 0 2
463 2 0 0 0 2
478 2 0 0 2 2
493 2 0 0 2 2
506 0 2 2 0 2
509 0 2 2 0 2
524 0 0 2 0 0
539 0 0 2 0 0
554 0 0 2 0 0
569 0 0 2 0 2
584 0 0 2 0 0
599 0 0 2 0 0
614 0 0 2 0 0
629 0 0 2 0 2
644 0 0 2 0 2
659 0 0 2 0 2
674 0 0 2 0 2
689 0 0 2 0 2
704 0 0 2 0 2
719 0 0 2 0 2
734 0 0 2 0 2
749 0 0 2 0 2
764 0 0 2 0 2
767 0 0 0 0 2
782 0 2 0 0 0
797 0 2 0 0 0
812 0 2 0 0 0
831 0 2 0 0 0
834 0 2 0 0 0
849 0 2 0 0 0
864 0 0 0 0 0
879 2 0 0 0 0
894 2 0 0 0 0
909 2 0 0 0 0
924 0 0 0 0 0
939 2 0 0 0 0
956 0 0 0 0 0
959 0 0 0 0 0
974 2 0 0 0 0
989 2 0 0 0 0
1004 0 0 0 0 0
1019 2 0 0 2 0
1026 0 0 2 0 0
1029 0 0 2 0 0
1044 0 0 0 0 0
1059 0 0 0 0 0
1074 0 0 2 0 2
1089 0 0 2 0 2
1104 0 0 2 0 0
1119 0 0 2 0 0
1134 0 0 2 0 0
1149 0 0 2 0 0
1164 0 0 0 2 0
1179 0 0 0 2 2
1194 0 0 0 2 2
1209 0 0 0 2 2
1224 0 0 0 2 2
1237 0 0 0 0 2
1240 0 0 0 2 2
1255 0 0 0 0 2
1270 0 0 0 0 2
1285 0 2 0 0 2
1300 0 2 0 0 2
1315 0 2 0 0 2
1331 0 2 0 0 2
1334 2 0 0 0 2
1349 0 2 0 0 2
1364 0 2 0 0 2
1379 0 2 0 0 2
1394 2 0 0 0 0
1409 2 0 0 0 0
1424 0 2 0 0 0
1439 0 2 0 0 0
1455 0 2 0 0 0
1458 0 0 0 0 0
1473 0 0 0 0 0
1488 0 0 0 0 0
1503 0 2 0 0 0
1518 0 2 0 0 0
1533 0 2 0 0 0
1548 0 2 0 2 0
1563 0 2 0 2 0
1578 0 2 0 2 0
1593 0 2 2 0 0
1606 0 2 2 0 0
1609 0 2 2 0 0
1624 0 0 2 0 0
1639 0 0 2 0 0
1654 0 0 2 0 0
1669 0 0 2 0 2
1684 0 0 2 0 0
1699 0 0 0 0 0
1714 0 0 2 0 0
1729 0 0 2 0 0
1744 0 0 2 0 2
1759 0 0 0 0 2
1774 0 0 0 0 0
1789 0 0 2 0 2
1804 0 0 0 0 0
1819 0 0 2 0 0
1834 0 0 2 0 0
1849 0 0 2 0 0
1864 0 0 2 0 0
1879 0 0 2 0 0
1894 0 0 2 0 0
1909 0 0 2 0 0
1924 0 0 0 0 0
1939 0 0 0 0 0
1954 0 0 2 0 0
1969 0 0 2 0 0
1984 0 0 2 0 0
1999 0 0 2 0 0
2014 0 0 2 0 0
2026 0 0 2 0 0
2029 0 0 2 0 0
2044 0 0 2 0 0
2059 0 2 2 0 0
2074 0 0 2 0 0
2089 0 0 2 0 0
2104 0 0 2 0 0
2119 0 2 0 0 0
2134 0 0 2 0 0
2149 0 0 0 2 0
2164 0 0 0 2 0
2179 0 0 0 2 0
2194 0 0 0 2 0
2209 0 0 0 2 0
2224 0 2 0 2 0
2239 0 2 0 2 0
2254 0 2 0 2 0
2269 2 0 0 2 0
2280 2 0 0 2 0
2283 2 0 0 2 0
2298 2 0 0 0 0
2313 0 2 0 0 2
2328 2 0 0 0 0
2343 2 0 0 0 0
2358 2 0 0 0 0
2373 2 0 0 0 2
2379 2 0 0 0 0
2382 2 0 0 0 0
2397 0 0 0 0 0
2412 0 0 0 0 0
2427 2 0 0 0 0
2442 0 0 0 0 0
2457 0 0 0 0 2
2472 0 0 0 0 0
2487 0 0 0 0 0
2502 0 0 0 0 2
2517 0 0 0 2 2
2532 0 0 0 2 2
2547 0 0 0 0 2
2562 0 0 0 2 0
2577 0 0 0 2 0
2592 0 0 2 0 0
2604 0 0 2 0 0
2607 0 0 2 0 0
2622 0 0 2 0 0
2637 0 0 2 0 2
2652 0 0 2 0 0
2667 0 0 2 0 0
2682 0 0 0 0 0
2697 0 0 0 0 0
2712 0 0 2 0 0
2727 0 0 2 0 0
2742 0 0 2 0 0
2757 0 0 2 0 2
2772 0 0 2 0 2
2787 0 0 2 0 2
2802 0 0 2 0 0
2817 0 0 0 0 0
2832 0 0 0 0 0
2847 0 0 0 0 0
2862 0 0 0 0 2
2877 0 0 0 0 0
2892 0 0 2 0 0
2907 0 0 2 0 2
2922 0 0 0 0 2
2937 0 0 2 0 0
2946 0 0 0 2 0
2949 0 0 0 2 0
2964 0 0 0 2 0
2979 0 0 0 2 0
2994 0 0 0 2 0
3009 0 0 0 2 0
3024 0 0 0 2 0
3039 0 2 0 2 0
3054 2 0 0 2 0
3061 2 0 0 2 0
3064 2 0 0 2 0
3079 2 0 0 0 0
3094 2 0 0 0 0
3109 2 0 0 0 0
3124 2 0 0 0 0
3134 0 0 0 0 0
