239 0 0 0 0 0
254 0 0 0 0 0
269 0 0 0 0 0
284 0 0 0 0 0
299 0 0 0 0 0
314 0 0 0 0 0
329 0 0 0 0 0
334 0 0 0 0 0
337 0 0 0 0 0
352 0 0 0 0 0
367 0 0 0 0 0
382 0 0 0 2 0
397 0 0 0 2 0
412 0 0 0 2 0
427 0 0 0 2 0
442 0 0 0 2 0
457 0 0 0 2 0
472 0 0 0 2 0
487 0 0 0 2 0
502 0 0 0 2 0
516 0 0 0 2 0
519 0 2 0 2 0
534 0 2 0 2 0
549 2 0 0 2 0
564 0 0 0 2 0
579 2 0 0 0 0
594 2 0 0 2 0
611 0 0 0 2 0
614 0 2 0 2 0
629 0 0 0 2 0
644 0 0 2 0 0
659 0 0 2 0 0
674 0 0 2 0 0
689 0 0 2 0 0
704 0 0 2 0 0
719 0 0 2 0 0
734 0 0 0 0 0
749 0 0 2 0 0
764 0 0 0 2 0
779 0 0 0 2 2
794 0 0 0 2 0
809 0 0 0 2 0
824 0 0 0 0 0
839 0 0 2 0 0
854 0 0 0 2 2
869 0 0 2 0 2
884 0 0 2 0 2
891 0 0 2 0 0
894 0 0 2 0 2
909 0 0 2 0 2
924 0 0 2 0 2
939 0 0 2 0 2
954 0 0 2 0 2
969 0 0 2 0 2
985 0 0 0 2 2
988 0 2 0 0 2
1003 2 0 0 0 2
1018 0 0 0 0 2
1033 2 0 0 0 2
1048 2 0 0 0 2
1063 2 0 0 0 2
1078 2 0 0 0 2
1093 2 0 0 0 2
1108 2 0 0 0 2
1123 2 0 0 0 2
1138 2 0 0 2 0
1153 2 0 0 2 0
1168 2 0 0 2 0
1183 2 0 0 2 0
1198 2 0 0 0 0
1213 2 0 0 2 0
1228 2 0 0 2 0
1243 2 0 0 0 0
1258 2 0 0 0 2
1273 2 0 0 0 0
1284 2 0 0 0 2
1287 0 0 0 0 2
1302 0 0 0 0 2
1317 2 0 0 0 0
1332 2 0 0 0 0
1347 0 0 0 0 0
1362 0 0 0 0 0
1376 0 0 0 0 0
1379 0 0 0 0 0
1394 0 2 0 0 0
1409 0 0 2 0 0
1424 0 0 2 0 2
1439 0 0 2 0 2
1454 0 0 2 0 2
1469 0 0 2 0 2
1484 0 0 2 0 2
1499 0 0 2 0 2
1514 0 0 2 0 2
1529 0 0 2 0 0
1544 0 0 2 0 0
1559 0 0 2 0 2
1577 0 0 2 0 0
1580 0 0 2 0 2
1595 0 0 2 0 2
1610 0 0 2 0 2
1625 0 2 2 0 2
1640 0 0 2 0 2
1655 0 0 2 0 2
1670 0 2 2 0 2
1683 0 0 0 2 2
1686 0 0 0 2 0
1701 2 0 0 0 0
1716 0 2 0 0 0
1731 0 0 0 0 2
1746 0 0 0 0 0
1761 0 0 0 0 2
1776 0 0 0 0 0
1791 0 0 0 0 0
1797 0 0 0 0 0
1800 0 0 0 0 2
1815 0 2 0 0 2
1830 0 2 0 2 2
1845 0 0 0 2 0
1860 2 0 0 2 0
1879 0 0 0 2 0
1882 0 0 0 2 0
1897 0 0 2 0 2
1912 0 0 2 0 0
1927 0 0 2 0 0
1942 0 0 2 0 0
1957 0 0 2 0 0
1972 0 0 2 0 0
1987 0 0 2 0 0
2002 0 0 2 0 0
2017 0 0 2 0 0
2032 0 0 2 0 0
2047 0 0 2 0 0
2062 0 0 0 0 0
2077 0 0 2 0 2
2092 0 0 2 0 0
2107 0 0 2 0 0
2122 0 0 2 0 0
2137 0 0 2 0 0
2152 0 0 2 0 0
2167 0 0 2 0 0
2182 0 0 2 0 0
2197 0 0 2 0 0
2212 0 0 2 0 0
2227 0 0 2 0 2
2242 0 0 2 0 2
2257 0 0 2 0 0
2269 0 0 2 0 0
2272 0 0 0 0 2
2287 0 0 2 0 2
2302 0 2 0 0 2
2317 0 2 0 0 0
2332 0 2 0 0 0
2347 0 0 0 2 2
2352 0 0 0 2 2
2355 0 0 0 2 2
2370 0 2 0 0 2
2385 0 0 0 0 2
2400 2 0 0 0 2
2415 2 0 0 0 2
2430 2 0 0 0 0
2445 0 0 0 0 2
2448 0 0 0 0 2
2463 0 0 0 2 0
2478 0 0 0 2 0
2493 0 0 2 0 0
2511 0 2 2 0 0
2514 0 0 2 0 0
2529 0 0 2 0 0
2544 0 0 2 0 0
2559 0 0 2 0 0
2574 0 0 2 0 0
2589 0 0 2 0 0
2604 0 0 2 0 0
2619 0 0 2 0 0
2634 0 0 2 0 0
2649 0 0 2 0 0
2664 0 0 2 0 0
2679 0 0 2 0 0
2694 0 0 2 0 0
2709 0 0 2 0 0
2724 0 0 2 0 2
2739 0 0 2 0 0
2754 0 0 2 0 0
2769 0 0 2 0 0
2784 0 0 2 0 0
2799 0 0 2 0 0
2814 0 0 2 0 2
2829 0 2 2 0 2
2844 0 2 2 0 2
2862 0 2 2 0 0
2865 0 2 2 0 0
2880 0 0 2 0 0
2895 0 0 2 0 0
2910 0 0 2 0 0
2925 0 0 2 0 0
2940 0 0 2 0 0
2955 0 0 0 2 0
2970 0 0 0 2 0
2978 0 0 0 0 0
2981 0 2 0 0 0
2996 0 2 0 0 0
3011 2 0 0 0 0
3026 2 0 0 0 0
3041 2 0 0 0 2
3056 0 0 0 0 0
3071 2 0 0 0 0
3086 0 2 0 0 0
