42 0 0 0 0 0
57 0 0 0 0 0
72 0 0 0 0 0
87 0 0 0 0 0
102 0 0 0 0 0
117 0 0 0 0 0
132 0 0 0 0 0
147 0 0 0 2 0
162 0 0 0 0 0
168 0 0 0 0 0
171 0 0 2 0 0
186 0 0 0 0 0
201 0 0 2 0 0
216 0 0 0 0 0
231 0 0 2 0 0
246 0 0 2 0 0
261 0 0 2 0 0
276 0 0 0 0 0
291 0 0 2 0 0
306 0 0 2 0 0
318 0 0 2 0 0
321 0 0 0 0 0
336 0 0 0 0 0
351 0 0 0 0 0
366 0 0 0 0 0
381 0 0 0 0 0
396 0 0 0 2 0
411 0 0 2 0 0
421 0 0 2 0 0
424 0 0 0 0 0
439 0 0 0 0 0
454 0 0 2 0 0
469 0 0 2 0 0
484 0 0 2 0 0
499 0 0 2 0 0
514 0 0 2 0 0
529 0 0 2 0 0
544 0 0 2 0 0
559 0 0 2 0 2
574 0 0 2 0 0
589 0 0 2 0 0
604 0 0 2 0 0
619 0 0 0 0 0
634 0 0 2 0 2
649 0 0 2 0 2
658 0 0 2 0 2
661 0 0 2 0 2
676 0 0 2 0 2
691 0 2 2 0 2
706 0 2 2 0 2
721 0 2 0 0 2
736 0 2 2 0 2
744 2 0 2 0 2
747 2 0 2 0 2
762 2 0 0 2 2
777 2 0 0 0 2
792 0 0 0 0 2
803 0 0 0 0 2
806 2 0 0 0 0
821 2 0 0 2 0
836 0 0 0 2 0
851 2 0 0 2 0
866 0 0 0 0 0
881 0 0 0 0 0
888 0 2 2 0 0
891 0 0 2 0 0
906 0 0 2 0 0
921 0 0 2 0 0
936 0 0 2 0 0
951 0 0 2 0 0
966 0 0 2 0 0
981 0 0 2 0 0
996 0 0 2 0 2
1011 0 0 2 0 0
1026 0 0 2 0 0
1041 0 0 2 0 0
1056 0 0 2 0 0
1071 0 0 2 0 2
1088 0 0 2 0 2
1091 0 0 2 0 2
1106 0 2 2 0 2
1121 0 2 2 0 2
1132 2 0 2 0 2
1135 0 0 0 2 0
1150 2 0 0 0 0
1165 2 0 0 0 0
1180 2 0 0 0 0
1195 2 0 0 0 0
1210 0 0 0 0 0
1217 0 0 0 0 0
1220 2 0 0 0 0
1235 2 0 0 0 0
1250 0 0 0 0 0
1265 2 0 0 2 0
1280 2 0 0 2 0
1295 2 0 0 2 0
1310 2 0 0 0 0
1316 0 2 2 0 0
1319 0 0 2 0 0
1334 0 0 2 0 0
1349 0 0 2 0 0
1364 0 0 2 0 0
1379 0 0 2 0 0
1394 0 0 2 0 0
1409 0 0 2 0 0
1424 0 0 2 0 0
1439 0 0 2 0 0
1454 0 0 2 0 0
1469 0 0 2 0 0
1484 0 0 2 0 2
1499 0 0 2 0 2
1514 0 0 2 0 2
1529 0 0 2 0 0
1544 0 0 2 0 0
1559 0 0 2 0 0
1574 0 0 2 0 0
1589 0 2 2 0 0
1604 0 2 2 0 0
1619 0 2 2 0 2
1634 0 0 2 0 0
1649 0 0 0 0 0
1664 2 0 2 0 0
1679 2 0 2 0 0
1694 0 0 2 0 0
1709 0 0 2 0 0
1724 0 0 2 0 0
1739 0 0 2 0 0
1754 0 0 2 0 2
1769 0 0 2 0 2
1784 0 0 2 0 2
1799 0 0 2 0 2
1808 0 0 2 0 2
1811 0 0 2 0 2
1826 0 0 2 0 2
1841 0 0 2 0 2
1856 0 0 2 0 2
1871 0 2 2 0 2
1879 2 0 2 0 2
1882 2 0 2 0 2
1897 0 0 0 2 2
1912 0 0 0 0 2
1927 2 0 0 0 2
1942 2 0 0 0 0
1957 0 0 0 0 0
1972 0 0 0 0 0
1989 0 0 0 0 0
1992 2 0 0 0 2
2007 2 0 0 2 2
2022 2 0 0 0 2
2037 2 0 0 2 2
2052 2 0 0 2 2
2066 0 2 2 0 2
2069 0 2 2 0 2
2084 0 0 2 0 0
2099 0 0 2 0 2
2114 0 0 2 0 0
2129 0 0 2 0 2
2144 0 0 2 0 2
2159 0 0 2 0 2
2174 0 0 2 0 2
2189 0 0 2 0 2
2204 0 0 2 0 2
2219 0 0 2 0 2
2234 0 0 2 0 0
2249 0 0 2 0 2
2264 0 0 2 0 2
2279 0 0 2 0 2
2294 0 0 2 0 2
2309 0 0 0 0 2
2324 0 0 0 0 0
2339 0 0 0 0 0
2354 0 0 0 0 0
2369 0 0 0 0 0
2384 0 0 0 0 0
2398 0 0 0 0 0
2401 0 0 0 0 0
2416 0 0 2 0 0
2431 0 0 0 0 0
2446 0 2 2 0 0
2461 0 0 2 0 0
2476 0 0 0 2 0
2491 0 0 2 0 0
2506 0 0 2 0 0
2521 0 2 2 0 0
2536 0 2 2 0 0
2547 2 0 2 0 0
2550 2 0 0 2 0
2565 2 0 0 2 0
2580 2 0 0 2 0
2595 2 0 0 2 0
2607 0 2 2 0 0
2610 0 0 2 0 0
2625 0 0 2 0 0
2640 0 0 2 0 2
2655 0 0 2 0 2
2670 0 0 2 0 2
2685 2 0 2 0 2
2700 2 0 2 0 2
2715 0 0 2 0 2
2730 0 0 2 0 2
2745 0 0 2 0 2
2760 2 0 2 0 2
2775 2 0 2 0 2
2790 2 0 2 0 2
2805 0 0 2 0 2
2820 0 0 2 0 2
2835 0 0 0 0 2
2848 0 0 2 0 2
2851 0 0 0 0 2
2866 0 0 2 0 2
2881 0 0 2 0 2
2896 0 0 2 0 2
2911 0 2 2 0 2
2926 0 0 2 0 2
2941 0 2 2 0 2
2955 0 0 2 0 2
2958 0 2 2 0 0
2973 2 0 0 2 0
2988 2 0 0 2 0
3003 0 0 0 0 0
3018 0 0 0 0 0
3034 0 0 0 0 0
