50 0 0 0 0 0
65 0 0 0 0 0
80 0 0 0 0 0
95 0 0 0 0 0
114 0 0 0 0 0
117 0 0 2 0 0
132 0 0 0 0 0
147 0 0 2 0 0
162 0 0 2 0 0
174 0 0 2 0 0
177 0 0 0 0 0
192 0 0 2 0 0
207 0 0 2 0 0
222 0 0 2 0 0
237 0 0 0 0 0
252 0 0 0 0 0
267 2 0 0 0 0
282 2 0 0 0 0
297 0 0 0 0 0
312 0 0 0 0 0
327 0 0 0 0 0
342 0 0 0 2 0
357 0 0 0 2 0
365 0 0 2 0 0
368 0 2 2 0 0
383 0 0 0 0 0
398 0 0 0 0 0
413 0 0 0 0 0
428 0 0 0 0 0
443 0 0 2 0 0
458 0 0 2 0 0
473 0 0 2 0 0
488 0 0 2 0 0
503 0 0 2 0 0
518 0 0 2 0 2
533 0 0 2 0 0
548 0 0 2 0 0
563 0 0 2 0 0
578 0 0 2 0 0
593 0 0 2 0 0
608 0 0 2 0 0
623 0 0 2 0 0
638 0 0 2 0 0
653 0 0 2 0 0
668 0 0 0 0 2
683 0 0 2 0 2
692 0 0 2 0 2
695 0 0 2 0 2
710 0 0 2 0 2
725 0 0 2 0 2
740 0 2 2 0 2
755 0 2 2 0 2
770 0 2 2 0 2
785 0 2 0 2 2
795 0 2 0 2 2
798 0 2 0 0 0
810 2 0 0 2 2
822 2 0 0 0 0
825 0 0 0 0 2
840 0 0 0 0 0
855 0 0 0 0 0
870 0 0 0 0 0
885 0 0 0 0 0
900 0 0 0 0 0
915 0 0 0 0 0
930 0 0 0 0 0
945 0 0 0 0 0
960 0 0 0 0 0
975 0 0 0 0 0
990 0 0 0 0 0
1005 0 0 0 0 0
1020 0 0 0 2 0
1035 0 0 0 2 0
1050 0 0 2 0 0
1065 0 0 2 0 0
1080 0 0 2 0 0
1095 0 0 0 0 0
1110 0 0 2 0 0
1125 0 0 2 0 0
1140 0 0 2 0 0
1155 0 0 2 0 0
1170 0 2 2 0 0
1185 0 2 2 0 0
1200 0 2 0 2 0
1211 2 0 0 0 0
1214 2 0 0 0 0
1229 2 0 0 0 0
1244 2 0 0 0 0
1255 2 0 0 0 0
1258 2 0 0 0 0
1273 2 0 0 0 0
1288 2 0 0 0 0
1303 2 0 0 0 0
1318 2 0 0 0 0
1333 2 0 0 2 0
1344 0 2 2 0 0
1347 0 0 2 0 0
1362 0 2 2 0 0
1377 0 0 2 0 0
1392 0 0 0 0 0
1407 0 0 2 0 0
1422 2 0 2 0 0
1437 2 0 2 0 0
1452 2 0 2 0 0
1467 2 0 2 0 0
1482 2 0 2 0 0
1497 2 0 2 0 0
1512 0 2 2 0 2
1527 0 2 2 0 2
1542 0 0 2 0 2
1557 0 0 2 0 0
1572 0 0 2 0 2
1587 0 0 2 0 0
1602 0 0 2 0 0
1617 0 0 2 0 0
1632 0 0 0 0 0
1647 0 0 2 0 0
1662 0 0 2 0 0
1677 2 0 2 0 0
1692 0 0 2 0 0
1707 0 0 2 0 0
1722 2 0 2 0 0
1737 2 0 2 0 0
1752 2 0 2 0 0
1767 2 0 2 0 0
1782 2 0 2 0 0
1797 2 0 0 2 0
1812 0 0 2 0 0
1827 0 0 2 0 0
1837 0 2 2 0 0
1840 0 0 2 0 0
1855 0 0 2 0 0
1870 0 0 2 0 2
1885 0 0 2 0 2
1900 0 0 2 0 2
1915 0 0 2 0 2
1930 0 2 2 0 2
1945 0 2 2 0 2
1960 2 0 2 0 2
1975 0 2 2 0 2
1990 0 2 2 0 0
2005 0 2 2 0 0
2020 0 2 2 0 2
2035 0 2 2 0 2
2050 0 2 0 0 0
2059 0 2 0 2 2
2062 2 0 0 2 0
2077 2 0 0 0 0
2092 2 0 0 0 0
2107 0 0 0 0 0
2122 2 0 0 0 0
2137 2 0 0 0 0
2152 2 0 0 0 2
2167 2 0 0 2 0
2182 2 0 0 2 0
2197 0 2 0 0 0
2208 0 2 0 0 0
2211 0 0 0 0 0
2226 0 0 0 0 0
2241 0 0 0 0 0
2256 0 0 2 0 2
2271 0 0 2 0 2
2286 0 0 2 0 2
2301 0 0 2 0 2
2316 0 0 2 0 2
2334 0 0 2 0 2
2337 0 0 2 0 2
2352 0 0 2 0 2
2367 0 2 2 0 2
2380 0 2 2 0 2
2383 0 2 2 0 2
2398 2 0 0 0 2
2413 2 0 0 2 2
2428 2 0 0 0 2
2443 2 0 0 0 0
2458 2 0 0 0 0
2469 0 0 0 0 0
2472 0 0 0 0 0
2487 2 0 0 0 0
2502 2 0 0 0 0
2517 2 0 0 2 0
2532 2 0 2 0 0
2550 0 2 2 0 0
2553 0 2 2 0 0
2568 0 0 2 0 0
2583 0 0 2 0 2
2598 0 0 2 0 2
2613 0 0 2 0 0
2628 0 0 2 0 2
2643 0 0 2 0 2
2658 0 0 2 0 2
2673 0 0 2 0 2
2688 0 0 2 0 2
2703 0 0 2 0 2
2708 0 0 2 0 2
2711 0 0 2 0 2
2726 0 0 2 0 2
2741 0 0 2 0 2
2756 0 0 2 0 2
2771 0 0 0 0 2
2781 0 0 2 0 0
2784 0 0 0 0 2
2799 0 0 0 0 2
2814 0 0 0 0 2
2829 0 0 0 0 2
2844 0 0 0 0 0
2859 0 0 0 0 0
2868 0 0 0 0 0
2871 0 0 0 0 0
2886 0 0 0 0 0
2901 2 0 0 0 0
2916 2 0 0 0 0
2931 2 0 0 0 0
2946 2 0 0 0 0
2961 0 0 0 2 0
2980 0 2 2 0 0
2983 0 2 2 0 0
2998 0 0 2 0 2
3013 0 0 2 0 0
3028 0 0 2 0 0
3043 0 0 2 0 2
3058 0 0 2 0 2
3073 0 0 2 0 0
3088 0 0 2 0 0
3103 0 0 2 0 0
3118 0 0 2 0 2
3133 0 0 2 0 2
3148 0 0 2 0 2
3163 0 0 2 0 2
3178 0 0 2 0 2
3193 0 0 0 0 2
3208 0 0 0 0 2
3213 0 0 0 0 2
3216 0 0 2 0 2
3231 0 0 2 0 2
3246 0 0 2 0 2
3261 0 0 2 0 2
3276 0 0 2 0 2
3291 0 0 0 0 0
3306 0 0 2 0 2
3321 0 0 2 0 2
3336 0 0 2 0 2
3351 0 0 2 0 2
3366 0 0 0 0 2
3371 0 0 0 2 2
3374 0 0 0 2 0
3389 0 0 0 2 0
3404 0 0 0 2 0
3419 0 0 0 0 0
3434 0 0 0 0 0
3441 0 0 0 0 0
