38 0 0 0 0 0
53 0 0 0 0 0
68 0 0 0 0 0
83 0 0 0 0 0
98 0 0 0 0 0
113 0 0 0 0 0
128 0 0 0 0 0
143 0 0 0 0 0
158 0 0 0 2 0
171 0 0 0 0 0
174 0 0 0 0 0
189 0 0 0 0 0
204 0 0 0 0 0
219 0 0 0 0 0
234 0 0 0 0 0
249 0 0 0 0 0
264 0 0 2 0 0
279 0 0 2 0 0
294 0 0 2 0 0
309 0 0 2 0 0
324 0 0 2 0 0
339 0 0 2 0 0
354 0 0 2 0 0
369 0 0 2 0 2
384 0 0 2 0 2
399 0 0 2 0 0
414 0 0 2 0 0
429 0 0 2 0 2
444 0 0 2 0 2
459 0 0 2 0 2
474 0 0 0 0 2
489 0 0 2 0 2
504 0 0 2 0 2
519 0 0 2 0 2
534 0 0 2 0 0
549 0 0 2 0 2
564 0 0 2 0 2
579 0 0 2 0 2
594 0 0 2 0 2
609 0 0 2 0 2
612 0 0 2 0 2
627 0 0 2 0 2
642 0 0 2 0 2
657 0 0 2 0 2
672 0 0 2 0 2
687 0 2 2 0 2
702 0 2 2 0 2
713 0 0 0 2 2
716 0 0 0 2 2
731 2 0 0 0 2
746 2 0 0 2 2
761 2 0 0 0 2
776 2 0 0 0 2
791 2 0 0 2 2
806 2 0 0 0 0
821 2 0 0 0 2
838 2 0 0 0 0
841 2 0 0 0 0
856 0 0 0 0 0
871 2 0 0 0 0
886 2 0 0 0 0
901 2 0 0 0 2
916 2 0 0 0 0
931 2 0 0 2 0
946 2 0 0 0 0
960 0 2 0 0 0
963 0 2 0 2 2
978 0 0 0 0 0
993 0 0 2 0 0
1008 0 0 2 0 0
1023 0 0 2 0 0
1038 0 0 2 0 0
1053 0 0 2 0 0
1068 0 0 2 0 2
1083 0 0 0 0 2
1098 0 0 2 0 2
1113 0 0 2 0 0
1128 0 0 2 0 0
1143 0 0 2 0 0
1158 0 0 2 0 2
1173 0 0 2 0 0
1188 0 0 2 0 0
1203 0 0 2 0 0
1218 0 0 2 0 0
1233 0 0 2 0 0
1248 0 0 2 0 0
1263 0 0 2 0 2
1278 0 0 2 0 2
1293 0 0 2 0 2
1308 0 0 2 0 2
1323 0 2 0 0 2
1338 0 2 2 0 2
1353 0 0 2 0 2
1368 0 0 2 0 2
1383 0 0 2 0 2
1398 0 0 2 0 2
1413 0 0 2 0 2
1428 0 0 2 0 0
1443 0 0 0 0 2
1454 0 0 0 0 2
1457 0 0 2 0 0
1472 0 0 2 0 2
1487 0 0 2 0 2
1502 0 0 2 0 0
1517 0 0 0 0 0
1532 0 2 2 0 0
1547 0 2 2 0 2
1562 2 0 2 0 2
1581 0 0 0 2 2
1584 2 0 0 2 2
1599 2 0 0 0 2
1614 2 0 0 0 2
1629 2 0 0 0 2
1644 2 0 0 0 2
1659 0 0 0 2 2
1674 2 0 0 0 2
1689 2 0 0 0 2
1704 2 0 0 0 2
1719 0 0 0 0 2
1734 0 0 0 0 0
1749 2 0 0 0 0
1764 2 0 0 0 0
1770 2 0 0 0 0
1773 0 0 0 0 0
1788 0 0 0 0 0
1803 2 0 0 0 2
1818 2 0 0 0 0
1833 2 0 0 0 2
1848 2 0 0 0 2
1863 0 0 0 0 0
1878 2 0 0 0 2
1893 2 0 0 0 2
1908 2 0 0 0 2
1923 2 0 0 0 2
1938 0 0 0 0 2
1953 2 0 0 0 2
1968 2 0 0 2 2
1983 2 0 0 2 2
1998 0 0 0 2 2
2012 0 0 0 2 2
2015 0 2 0 0 2
2030 0 0 2 0 2
2045 0 0 0 0 2
2060 0 0 2 0 0
2075 0 0 2 0 0
2090 0 0 2 0 0
2105 0 0 2 0 0
2120 0 0 2 0 0
2135 0 0 2 0 0
2150 0 0 2 0 2
2165 0 0 2 0 2
2180 0 0 2 0 2
2195 0 0 2 0 2
2213 0 0 2 0 2
2216 0 0 2 0 2
2231 0 2 2 0 2
2246 0 2 2 0 2
2261 0 2 2 0 2
2276 0 2 2 0 2
2291 0 2 2 0 2
2306 2 0 0 2 2
2321 2 0 0 2 2
2336 2 0 0 2 2
2351 2 0 0 0 2
2366 2 0 0 0 2
2381 2 0 0 0 0
2396 2 0 0 0 0
2411 2 0 0 0 0
2426 2 0 0 0 0
2443 2 0 0 0 0
2446 2 0 0 0 0
2461 0 0 0 0 0
2476 2 0 0 0 0
2491 2 0 0 2 0
2506 2 0 0 2 0
2521 2 0 0 2 0
2536 0 2 0 2 0
2551 0 2 2 0 0
2560 0 2 2 0 0
2563 0 2 2 0 0
2578 0 2 0 0 0
2593 0 0 2 0 0
2608 0 0 2 0 2
2623 0 0 2 0 2
2638 0 0 2 0 2
2653 0 0 2 0 2
2668 0 0 2 0 2
2683 0 0 0 0 2
2698 0 0 2 0 2
2713 0 0 0 0 2
2728 0 0 2 0 2
2743 0 0 2 0 2
2748 0 0 2 0 2
2751 0 0 2 0 2
2766 0 2 2 0 2
2781 0 2 2 0 0
2796 0 0 2 0 2
2811 0 0 2 0 2
2826 0 2 2 0 2
2843 0 2 2 0 2
2846 2 0 0 0 2
2861 2 0 0 0 2
2876 2 0 0 2 0
2891 2 0 0 0 2
2906 2 0 0 0 2
2921 2 0 0 0 0
2936 0 0 0 0 0
2951 0 0 0 0 0
2963 2 0 0 0 0
