30 0 0 0 0 0
45 0 0 0 0 0
60 0 0 0 0 0
75 0 0 0 2 0
90 0 0 0 0 0
105 0 0 0 2 0
120 0 0 0 2 0
135 0 0 0 2 0
150 0 0 0 2 0
165 0 0 0 2 0
176 0 0 2 0 0
179 0 0 2 0 0
194 0 0 0 0 0
209 0 0 0 0 0
224 0 0 2 0 0
235 0 0 0 0 0
238 0 0 0 0 0
253 0 0 0 0 0
268 0 0 0 0 0
283 0 0 0 0 0
298 0 0 0 0 0
313 0 0 0 0 0
328 0 0 0 0 0
343 0 0 0 0 0
358 0 0 0 0 0
375 0 0 0 0 0
378 0 0 2 0 0
393 0 0 0 0 0
408 0 0 2 0 0
423 0 0 2 0 0
438 0 0 2 0 0
453 0 0 2 0 0
468 0 0 2 0 0
483 0 0 2 0 0
498 0 0 2 0 0
513 0 0 2 0 0
528 0 0 2 0 0
543 0 0 2 0 0
558 0 0 2 0 0
573 0 0 2 0 0
588 0 0 2 0 0
603 0 0 2 0 0
618 0 0 2 0 2
633 0 0 2 0 2
639 0 2 2 0 2
642 0 0 2 0 2
657 0 0 2 0 2
672 0 0 2 0 2
687 0 2 2 0 2
701 0 2 0 2 2
704 0 2 0 2 2
719 2 0 0 2 2
734 0 0 0 0 2
749 0 0 0 0 2
764 2 0 0 0 2
779 2 0 0 0 2
794 2 0 0 0 0
802 0 0 0 0 0
805 2 0 0 0 0
820 2 0 0 0 0
835 2 0 0 0 0
850 2 0 0 2 0
865 0 2 2 0 0
870 0 2 2 0 0
873 0 0 2 0 0
888 0 0 2 0 0
903 0 0 2 0 0
918 0 0 2 0 0
933 0 0 2 0 0
948 0 0 2 0 0
963 0 0 2 0 0
978 0 0 2 0 0
993 0 0 2 0 0
1008 0 0 2 0 0
1023 0 0 2 0 0
1038 0 0 2 0 0
1053 0 0 2 0 2
1068 0 0 2 0 2
1077 0 0 2 0 2
1080 0 0 2 0 2
1095 0 0 2 0 2
1110 0 0 2 0 2
1125 0 0 2 0 2
1143 0 0 2 0 2
1146 0 0 2 0 2
1161 2 0 0 2 2
1176 2 0 0 0 2
1195 0 0 0 0 0
1198 0 0 0 0 0
1213 0 0 0 0 2
1228 2 0 0 0 0
1243 2 0 0 0 0
1258 0 0 0 2 0
1273 0 0 0 2 2
1288 2 0 2 0 2
1307 0 2 2 0 0
1310 0 2 2 0 0
1325 0 2 2 0 0
1340 0 0 2 0 0
1355 0 0 0 0 0
1370 0 0 0 0 0
1385 0 0 2 0 0
1400 0 0 2 0 0
1415 0 0 2 0 0
1430 0 0 2 0 0
1445 0 0 2 0 0
1460 0 0 2 0 0
1475 0 0 2 0 2
1490 0 0 2 0 0
1505 0 0 2 0 2
1520 0 0 2 0 0
1535 0 0 2 0 0
1550 0 0 2 0 0
1565 0 0 2 0 0
1580 0 0 2 0 2
1595 0 0 2 0 2
1603 0 0 2 0 0
1606 0 0 2 0 2
1621 0 0 2 0 2
1636 0 0 2 0 2
1651 0 2 2 0 2
1662 2 0 0 2 2
1665 2 0 0 2 2
1680 0 0 0 0 0
1695 2 0 0 0 2
1710 0 0 0 0 0
1725 2 0 0 0 2
1740 0 0 0 0 2
1755 0 0 0 0 2
1770 0 0 0 0 2
1785 0 0 0 0 2
1800 0 0 0 0 0
1817 0 0 0 0 0
1820 0 0 0 0 0
1835 2 0 0 0 0
1850 0 0 0 0 0
1865 2 0 0 0 0
1880 2 0 0 0 0
1895 2 0 0 0 0
1913 0 2 0 0 0
1916 0 0 2 0 0
1931 0 0 2 0 0
1946 0 0 2 0 0
1961 0 0 2 0 2
1976 0 0 0 0 2
1991 0 0 2 0 2
2006 0 0 2 0 0
2021 0 0 2 0 2
2036 0 0 2 0 2
2051 0 0 2 0 2
2066 0 0 2 0 2
2081 0 0 2 0 2
2096 0 0 2 0 2
2111 0 0 2 0 2
2118 0 0 2 0 2
2121 0 2 2 0 2
2136 0 0 2 0 2
2151 0 0 2 0 2
2166 0 0 2 0 2
2181 0 0 2 0 2
2196 0 2 2 0 2
2214 2 0 0 2 2
2217 2 0 0 2 0
2232 2 0 0 2 0
2247 2 0 0 2 0
2262 2 0 0 2 0
2277 0 0 0 0 2
2292 0 0 0 0 0
2306 0 0 0 0 0
