1 0 0 0 0 0
16 0 0 0 0 0
31 0 0 0 0 0
46 0 0 0 0 0
58 0 0 0 0 0
61 0 0 0 0 0
76 0 0 0 0 0
91 0 0 0 0 0
106 0 0 0 0 0
121 0 0 0 2 0
138 0 0 0 2 0
141 0 0 0 2 0
156 0 0 0 2 0
171 0 0 2 0 0
186 0 0 2 0 0
201 0 0 2 0 0
216 0 0 2 0 0
231 0 0 2 0 0
246 0 0 2 0 0
261 0 0 2 0 0
276 0 0 0 2 0
291 0 0 2 0 0
306 0 0 0 2 0
321 0 0 0 2 0
327 0 0 0 2 0
330 0 0 0 0 0
345 0 0 0 2 2
360 0 0 0 2 2
375 0 0 0 2 2
390 0 0 0 2 2
405 0 0 0 2 2
408 0 0 0 0 0
423 0 0 0 2 2
438 0 0 0 0 2
453 0 0 0 0 2
468 0 0 0 0 2
483 0 0 0 0 2
498 0 0 0 0 2
513 0 0 0 0 2
529 0 0 0 0 2
532 0 0 0 0 0
547 0 0 0 0 0
562 0 0 0 0 0
577 0 0 0 0 0
592 0 0 0 0 0
607 0 0 0 0 0
622 0 0 0 0 0
637 0 0 0 0 0
652 0 2 0 0 0
667 0 2 0 0 0
680 0 0 0 2 0
683 0 0 0 0 0
698 0 0 0 0 0
713 0 0 0 0 2
722 0 0 0 0 0
725 0 0 0 0 2
740 0 0 0 0 0
755 0 0 0 2 0
770 0 0 0 2 0
785 2 0 0 2 0
800 2 0 0 2 0
818 0 0 0 2 0
821 0 0 0 2 0
836 0 0 0 2 0
851 0 0 2 0 0
866 0 0 2 0 2
881 0 0 2 0 0
896 0 0 2 0 0
911 0 0 0 2 0
926 0 0 2 0 0
941 0 0 0 0 0
956 0 2 2 0 0
971 0 2 0 2 0
986 0 2 0 2 0
1001 0 2 0 2 0
1016 2 0 0 2 0
1031 2 0 0 0 0
1046 2 0 0 2 2
1061 2 0 0 2 2
1076 2 0 0 2 0
1091 0 2 0 2 0
1106 0 2 2 0 0
1121 0 0 2 0 0
1136 0 0 2 0 2
1151 0 0 2 0 0
1166 0 0 2 0 2
1181 0 0 2 0 0
1196 0 0 2 0 0
1211 0 0 2 0 0
1226 0 0 2 0 0
1241 0 0 2 0 0
1256 0 0 0 0 0
1271 0 0 2 0 2
1286 0 0 2 0 2
1301 0 0 2 0 0
1316 0 0 0 0 0
1331 0 0 2 0 0
1346 0 0 2 0 0
1361 0 2 2 0 0
1376 0 0 2 0 0
1391 0 0 2 0 0
1406 0 0 2 0 0
1421 0 0 2 0 0
1436 0 0 2 0 0
1451 0 0 2 0 0
1466 0 0 2 0 0
1481 0 0 0 0 0
1496 0 0 0 0 0
1511 0 0 0 2 0
1526 0 0 0 0 0
1541 0 0 0 0 2
1556 0 0 0 0 2
1571 0 0 0 0 2
1586 0 0 0 0 2
1601 0 0 0 0 2
1616 0 0 0 0 0
1631 0 0 0 0 0
1646 0 0 0 0 0
1661 0 0 0 0 2
1676 0 0 0 0 0
1691 0 0 0 2 2
1706 0 0 0 2 0
1721 0 0 0 2 2
1736 0 0 0 2 0
1751 0 0 0 2 2
1766 0 0 2 0 2
1781 0 0 2 0 0
1796 0 0 2 0 0
1811 0 0 2 0 0
1826 0 0 2 0 0
1841 0 0 2 0 0
1856 0 0 2 0 0
1871 0 0 2 0 0
1886 0 0 2 0 0
1901 0 0 2 0 0
1916 0 0 2 0 0
1931 0 0 2 0 0
1946 0 0 2 0 0
1961 0 0 2 0 0
1976 0 0 2 0 0
1991 0 0 2 0 0
2006 0 0 2 0 0
2021 0 0 2 0 0
2036 0 0 2 0 0
2051 0 0 2 0 0
2066 0 0 2 0 0
2081 0 0 2 0 0
2096 0 0 2 0 0
2111 0 0 2 0 0
2126 0 0 2 0 0
2141 0 0 2 0 0
2156 0 0 2 0 0
2171 0 0 2 0 0
2186 0 0 2 0 2
2201 0 0 2 0 0
2216 0 0 0 2 0
2231 0 2 0 0 0
2246 0 0 0 0 2
2261 0 2 0 0 2
2276 2 0 0 0 2
2291 0 2 0 0 2
2306 2 0 0 0 2
2321 0 2 0 0 0
2336 2 0 0 0 0
2351 2 0 0 0 0
2366 0 0 0 2 0
2381 2 0 0 2 0
2396 0 0 0 0 0
2411 2 0 2 0 0
2426 2 0 0 2 0
2441 2 0 0 2 0
2456 2 0 2 0 0
2471 2 0 0 2 0
2486 2 0 0 2 0
2501 2 0 0 2 0
2516 2 0 0 2 0
2531 2 0 0 2 0
2546 2 0 0 2 0
2561 0 2 2 0 0
2576 0 2 2 0 0
2591 0 0 2 0 0
2606 0 0 2 0 0
2621 0 0 2 0 0
2636 0 0 2 0 0
2651 0 0 2 0 0
2666 0 0 2 0 0
2681 0 0 2 0 0
2696 0 0 2 0 0
2711 0 0 2 0 0
2726 0 0 2 0 0
2741 0 0 2 0 0
2756 0 0 2 0 0
2771 0 2 2 0 0
2786 0 2 2 0 0
2801 0 2 2 0 0
2816 0 0 2 0 0
2831 0 0 2 0 0
2846 0 0 2 0 0
2861 0 0 2 0 0
2876 0 0 2 0 0
2891 0 0 2 0 0
2906 0 0 2 0 0
2921 0 0 0 2 0
2936 0 0 2 0 0
2951 0 0 2 0 2
2966 0 0 2 0 2
2981 0 0 2 0 0
2996 0 0 2 0 0
3011 0 0 0 2 0
3026 0 0 0 2 0
3041 0 0 0 2 2
3056 0 0 0 0 2
3071 0 0 0 0 2
3086 0 0 0 0 2
3101 0 0 0 0 2
3116 0 0 0 0 2
3131 0 0 0 0 2
3146 0 0 0 0 2
3161 0 0 0 0 2
3176 0 0 0 0 2
3191 0 2 0 0 2
3206 0 0 0 0 0
3221 0 0 0 0 0
3236 0 0 0 0 0
3251 0 0 0 0 0
3266 2 0 0 0 0
3281 2 0 0 0 0
3296 0 2 0 0 0
3311 0 2 0 0 0
3326 0 0 0 0 0
3341 0 0 0 0 0
3356 0 0 0 0 0
3371 0 0 0 0 0
3386 0 0 0 0 0
3401 0 0 0 0 0
3416 0 0 0 0 0
3431 0 0 0 0 0
3446 0 0 0 0 0
3461 0 0 0 0 0
3478 0 0 0 0 0
