15 0 0 0 0 0
30 0 0 0 0 0
45 0 0 0 0 0
60 0 0 0 0 0
75 0 0 0 0 0
90 0 0 0 0 0
105 0 0 0 0 0
120 0 0 0 0 0
135 0 0 0 0 0
150 0 0 0 0 0
167 0 0 0 0 0
170 0 0 0 0 0
185 0 0 0 0 0
200 0 0 0 0 0
215 0 0 0 0 0
230 0 0 0 0 0
245 0 0 0 0 0
260 0 0 2 0 0
275 0 0 2 0 0
290 0 0 2 0 0
305 0 0 2 0 0
320 0 2 2 0 0
332 0 0 0 2 0
335 2 0 0 2 0
350 2 0 0 0 0
365 2 0 0 0 0
380 2 0 0 2 0
395 2 0 0 2 2
410 2 0 0 2 2
417 0 2 2 0 2
420 0 2 2 0 2
435 0 0 2 0 0
450 0 0 2 0 0
465 0 0 2 0 0
480 0 0 2 0 0
495 0 0 2 0 0
510 0 0 2 0 0
525 0 0 2 0 2
540 0 2 2 0 2
550 2 0 0 2 2
553 2 0 0 2 2
568 2 0 0 2 2
583 2 0 0 0 0
598 2 0 0 0 0
613 2 0 0 0 2
628 2 0 0 0 0
643 2 0 0 0 0
658 2 0 0 0 2
673 2 0 0 2 2
688 2 0 0 2 2
707 0 2 2 0 2
710 0 2 2 0 2
725 0 0 0 0 0
740 0 0 2 0 0
755 0 0 2 0 0
770 0 0 2 0 0
785 0 0 2 0 2
800 0 0 2 0 0
815 0 0 2 0 0
830 0 0 2 0 0
845 0 0 2 0 2
860 0 0 2 0 2
875 0 0 2 0 2
890 0 0 2 0 2
896 0 2 2 0 2
899 0 2 2 0 2
914 0 2 2 0 0
929 0 2 2 0 0
941 2 0 2 0 0
944 2 0 0 2 2
959 2 0 0 2 2
974 0 0 0 0 0
989 2 0 0 0 2
1004 0 0 0 0 0
1019 0 0 0 0 0
1034 0 0 0 0 2
1049 0 0 0 0 2
1064 0 0 0 0 2
1079 0 0 0 0 2
1094 0 0 0 0 2
1109 0 0 0 0 2
1124 0 0 0 0 0
1139 0 0 0 0 0
1157 0 0 0 0 0
1160 0 0 0 0 0
1175 0 0 0 0 0
1190 2 0 0 0 0
1205 0 0 0 0 2
1220 0 0 0 0 0
1235 2 0 0 0 0
1250 0 0 0 2 0
1261 0 2 2 0 0
1264 0 2 0 0 0
1279 0 0 2 0 0
1294 0 0 2 0 0
1309 0 0 2 0 0
1324 0 0 2 0 0
1339 0 0 2 0 0
1354 0 0 2 0 2
1369 0 0 2 0 2
1384 0 0 2 0 0
1399 0 0 2 0 0
1414 0 0 0 0 0
1429 0 0 2 0 0
1444 0 0 2 0 0
1459 0 0 2 0 0
1474 0 0 2 0 0
1489 0 0 2 0 2
1504 0 0 2 0 0
1519 0 0 0 0 0
1537 0 0 0 0 0
1540 0 0 2 0 0
1555 0 0 2 0 0
1570 0 2 2 0 0
1585 0 2 2 0 0
1600 0 2 2 0 0
1615 0 2 2 0 0
1630 2 0 0 2 0
1638 2 0 0 2 0
1641 2 0 0 0 0
1656 2 0 0 0 0
1671 2 0 0 0 0
1686 2 0 0 0 0
1701 0 0 0 0 0
1716 2 0 0 0 0
1731 2 0 0 0 0
1746 0 0 0 0 0
1758 0 0 0 0 0
1761 0 0 0 0 0
1776 0 0 0 0 0
1791 2 0 0 0 0
1806 2 0 0 0 0
1821 2 0 0 0 0
1836 2 0 0 0 0
1851 2 0 0 0 0
1866 2 0 0 2 0
1881 0 2 2 0 0
1887 0 2 2 0 0
1890 0 2 2 0 0
1905 0 0 2 0 0
1920 0 0 2 0 0
1935 0 0 2 0 0
1950 0 0 2 0 0
1965 0 0 2 0 0
1980 0 0 2 0 0
1995 0 0 2 0 0
2010 0 0 2 0 0
2025 0 0 2 0 0
2040 0 0 2 0 0
2055 0 0 0 0 2
2070 0 0 2 0 0
2085 0 0 2 0 0
2100 0 0 2 0 0
2115 0 0 2 0 0
2130 0 0 2 0 0
2145 0 0 2 0 0
2160 0 0 2 0 0
2175 0 0 0 0 0
2190 0 0 2 0 2
2205 0 0 2 0 2
2220 0 0 0 2 0
2235 0 0 2 0 2
2245 0 0 0 2 0
2248 0 0 0 2 0
2263 0 0 0 2 0
2278 0 0 0 2 0
2293 0 0 0 0 0
2308 0 2 0 2 0
2323 0 2 0 2 0
2338 0 2 0 2 0
2352 2 0 0 2 0
2355 2 0 0 2 0
2370 2 0 0 2 0
2385 2 0 0 0 2
2400 2 0 0 0 2
2415 2 0 0 0 0
2430 0 0 0 0 0
2445 2 0 0 0 0
2460 2 0 0 0 0
2475 2 0 0 0 0
2478 2 0 0 0 0
2493 2 0 0 0 0
2508 2 0 0 0 0
2523 0 0 0 0 0
2538 0 0 0 2 0
2553 0 0 0 2 0
2565 0 0 0 0 0
2568 0 0 0 2 0
2583 0 0 2 0 0
2598 0 0 2 0 0
2613 0 0 2 0 2
2628 0 0 2 0 2
2643 0 0 2 0 2
2658 0 0 2 0 2
2673 0 0 2 0 2
2688 0 0 2 0 2
2703 0 0 2 0 2
2718 0 0 2 0 2
2733 0 0 2 0 2
2748 0 0 0 0 2
2763 0 0 2 0 0
2774 0 0 2 0 0
2777 0 0 2 0 0
2792 0 0 2 0 0
2807 0 2 2 0 0
2822 0 2 0 0 0
2837 2 0 0 2 0
2848 2 0 0 2 0
2851 0 0 0 2 0
2866 2 0 0 0 0
2881 2 0 0 0 0
2896 0 0 0 0 0
2911 0 0 0 0 0
2926 0 0 0 0 0
2944 0 0 0 0 0
