27 0 0 0 0 0
42 0 0 0 0 0
57 0 0 0 0 0
63 0 0 0 0 0
66 0 0 0 0 0
81 0 0 0 0 0
96 0 0 0 0 0
111 0 0 0 0 0
126 0 0 2 0 0
141 0 0 2 0 0
154 0 0 0 0 0
157 0 0 2 0 0
172 0 0 2 0 0
187 0 2 2 0 0
202 0 2 2 0 0
217 0 2 0 0 0
232 2 0 0 0 0
247 2 0 0 0 0
262 2 0 0 0 0
277 2 0 0 0 0
292 2 0 0 0 0
307 2 0 0 0 0
313 2 0 0 2 0
316 0 0 0 2 0
331 2 0 0 2 0
346 0 0 0 2 0
361 0 0 2 0 0
376 0 0 2 0 0
391 0 0 0 0 0
406 0 0 2 0 0
421 0 0 2 0 0
436 0 0 2 0 0
451 0 0 2 0 0
466 0 0 2 0 0
483 0 0 0 2 2
486 0 0 2 0 2
501 0 0 2 0 2
516 0 0 2 0 2
531 0 2 2 0 2
546 0 0 2 0 2
551 0 0 0 2 2
554 0 2 0 2 2
569 0 2 0 2 2
584 0 2 0 0 2
599 0 2 0 0 2
614 0 2 0 0 0
633 0 0 0 0 0
636 2 0 0 0 0
651 2 0 0 0 0
666 0 0 0 0 0
681 2 0 0 2 0
699 0 2 2 0 0
702 0 0 2 0 0
717 0 0 2 0 0
732 0 0 2 0 0
747 0 0 2 0 0
762 0 0 2 0 2
777 0 0 2 0 2
792 0 0 2 0 2
807 0 0 2 0 2
822 0 0 2 0 0
837 0 0 2 0 0
852 0 0 2 0 0
867 0 0 2 0 0
882 0 0 2 0 0
897 0 0 2 0 0
912 0 0 2 0 0
927 0 0 0 0 0
942 0 0 2 0 0
957 0 0 2 0 0
972 0 0 2 0 0
987 0 0 2 0 0
1002 0 0 2 0 0
1017 0 0 2 0 0
1032 0 0 2 0 0
1047 0 0 2 0 0
1062 0 2 2 0 0
1077 0 0 2 0 0
1092 0 0 2 0 0
1107 0 0 2 0 0
1122 0 0 2 0 0
1137 0 0 2 0 0
1152 0 0 2 0 0
1167 0 0 2 0 0
1182 0 0 2 0 0
1197 0 0 2 0 0
1212 0 0 2 0 0
1227 0 0 2 0 0
1242 0 0 2 0 0
1257 0 0 2 0 0
1272 0 0 2 0 0
1287 0 0 2 0 0
1302 0 0 2 0 0
1317 0 2 0 0 0
1332 0 0 2 0 0
1347 0 0 2 0 2
1362 0 0 2 0 0
1377 0 0 2 0 0
1392 0 0 2 0 0
1407 0 0 2 0 0
1422 0 0 2 0 0
1437 0 0 2 0 0
1452 0 0 2 0 0
1467 0 0 2 0 2
1482 0 0 2 0 2
1602 0 0 2 0 0
1617 0 0 2 0 0
1632 0 0 2 0 0
1647 0 0 2 0 2
1662 0 0 2 0 2
1677 0 0 2 0 2
1692 0 0 2 0 2
1707 0 0 2 0 2
1722 0 0 2 0 0
1737 0 0 2 0 2
1752 0 0 2 0 0
1767 0 0 2 0 0
1782 0 0 2 0 0
1797 0 0 0 0 0
1812 0 0 2 0 0
1824 0 0 2 0 0
1827 0 0 0 0 0
1842 0 0 2 0 0
1857 0 0 0 0 0
1872 0 0 0 0 0
1887 0 0 0 0 0
1902 0 0 0 0 0
1917 0 0 2 0 0
1929 0 0 0 2 0
1932 0 0 0 2 0
1947 0 2 0 0 0
1962 0 2 0 0 0
1977 2 0 0 0 0
1992 0 0 0 0 2
2007 2 0 0 0 0
2022 0 0 0 0 0
2037 2 0 0 0 0
2052 0 0 0 0 0
2067 0 0 0 0 0
2082 0 0 0 0 2
2097 0 0 0 0 0
2112 2 0 0 0 0
2127 0 0 0 0 0
2142 0 0 0 0 0
2147 0 0 0 0 0
2150 0 0 0 0 0
2165 2 0 0 0 0
2180 2 0 0 0 0
2195 2 0 0 0 0
2210 2 0 0 0 0
2225 2 0 0 2 0
2234 0 2 2 0 0
2237 0 2 0 0 0
2252 0 0 2 0 0
2267 0 0 2 0 0
2282 0 0 2 0 2
2297 0 0 2 0 2
2312 0 0 0 0 0
2327 0 0 2 0 0
2342 0 0 2 0 2
2357 0 0 2 0 2
2372 0 0 2 0 2
2387 0 0 2 0 2
2402 0 0 2 0 2
2417 0 0 2 0 2
2426 0 0 2 0 2
2429 0 0 2 0 2
2444 0 0 2 0 2
2459 0 0 2 0 2
2474 0 0 2 0 2
2489 0 2 0 0 2
2501 0 0 0 2 2
2504 0 2 0 2 2
2519 0 2 0 0 2
2534 2 0 0 0 2
2549 0 0 0 0 2
2564 0 0 0 0 0
2579 0 0 0 0 0
2594 0 0 0 0 0
2601 0 0 0 0 0
2604 0 0 0 0 0
2619 0 0 0 0 0
2634 0 0 0 0 0
2649 0 0 0 0 0
2664 0 0 0 2 0
2673 0 0 2 0 0
2676 0 0 2 0 0
2691 0 0 2 0 0
2706 0 0 2 0 0
2721 0 0 2 0 0
2736 0 0 2 0 0
2751 0 0 2 0 0
2766 0 0 2 0 0
2781 0 0 2 0 0
2796 0 0 2 0 0
2811 0 0 2 0 2
2826 0 0 2 0 0
2841 0 0 2 0 0
2856 0 0 2 0 0
2871 0 2 2 0 2
2886 0 0 2 0 0
2901 0 0 2 0 0
2916 0 0 2 0 0
2931 0 0 2 0 0
2946 0 0 2 0 0
2961 0 0 2 0 0
2976 0 0 2 0 0
2991 0 0 2 0 0
3006 0 0 2 0 2
3021 0 0 2 0 2
3036 0 0 2 0 2
3051 0 0 2 0 2
3070 0 0 2 0 2
3073 0 0 2 0 2
3088 0 0 2 0 2
3103 0 0 2 0 2
3118 0 0 2 0 2
3133 0 2 2 0 2
3148 0 2 2 0 2
3163 0 0 2 0 2
3180 0 2 0 2 2
3183 0 0 0 2 0
3198 0 0 0 2 0
3213 0 0 0 2 0
3228 0 0 0 0 2
3243 2 0 0 2 2
3258 2 0 0 0 2
3273 2 0 0 0 2
3288 2 0 0 0 2
3303 2 0 0 0 2
3318 2 0 0 0 2
3333 2 0 0 0 2
3348 2 0 0 0 0
3363 0 0 0 0 0
3378 2 0 0 0 0
3394 0 0 0 0 0
3397 0 0 0 0 0
3412 2 0 0 0 0
3427 0 0 0 0 0
3442 0 0 0 0 0
3457 0 0 0 0 0
3472 2 0 0 2 0
3487 0 0 0 0 0
3502 2 0 0 0 0
3517 0 0 0 2 0
3532 0 0 0 2 0
3547 0 0 2 0 0
3558 0 0 2 0 0
3561 0 2 2 0 0
3576 0 0 2 0 0
3591 0 0 2 0 0
3606 0 0 2 0 0
3621 0 0 2 0 0
3636 0 0 2 0 0
3651 0 0 2 0 0
3666 0 0 2 0 0
3681 0 0 2 0 0
3696 0 0 2 0 0
3711 2 0 2 0 0
3726 0 0 2 0 0
3741 0 0 2 0 0
3756 0 0 2 0 2
3771 0 0 2 0 0
3786 2 0 2 0 2
3801 0 0 2 0 2
3816 2 0 2 0 2
3831 0 0 2 0 2
3846 0 0 2 0 2
3861 2 0 2 0 2
3876 2 0 2 0 2
3891 0 0 2 0 2
3910 0 2 0 0 2
3913 0 0 2 0 2
3928 0 0 2 0 2
3943 0 0 2 0 2
3958 0 0 2 0 2
3973 0 0 2 0 2
3988 0 0 2 0 2
3999 0 0 0 2 2
4002 2 0 0 2 2
4017 2 0 0 2 2
4032 2 0 0 2 2
4047 2 0 0 0 2
4062 2 0 0 0 2
4077 2 0 0 0 2
4092 2 0 0 0 2
4107 2 0 0 0 2
4122 2 0 0 0 2
4137 2 0 0 0 2
4152 2 0 0 0 0
4167 0 0 0 0 0
4186 0 0 0 0 0
