120 0 0 0 0 0
135 0 0 0 0 0
150 0 0 0 0 0
165 0 0 0 0 0
180 0 0 0 0 0
195 0 0 0 0 0
210 0 0 0 0 0
225 0 0 0 0 0
238 0 0 0 0 0
241 0 0 0 0 0
256 0 0 0 0 0
271 0 0 0 0 0
286 0 0 2 0 0
301 0 0 2 0 2
316 0 0 2 0 0
331 0 0 2 0 0
346 0 2 0 0 0
361 0 2 2 0 0
376 0 0 2 0 0
391 0 0 2 0 0
406 0 2 2 0 0
413 0 2 0 0 0
416 0 2 0 0 0
431 0 2 0 0 0
446 0 2 0 0 0
461 0 2 0 0 0
476 0 2 0 0 0
491 0 2 0 0 0
506 0 2 0 0 0
521 0 2 0 0 0
536 0 2 0 0 0
551 0 2 0 0 0
566 0 2 0 0 0
581 0 2 0 0 0
596 0 2 0 0 0
611 0 2 0 0 0
626 0 2 0 0 0
641 0 2 0 0 0
656 0 2 0 0 0
671 0 2 0 0 0
686 0 0 0 0 0
701 0 0 0 0 0
716 0 0 0 0 0
731 0 2 0 0 0
746 0 2 0 0 0
761 0 0 0 0 0
776 0 0 0 0 0
791 0 2 0 0 0
806 0 2 0 0 0
821 0 0 0 0 0
836 0 2 0 0 0
851 0 2 0 0 0
866 0 2 0 0 0
881 0 2 0 2 0
896 0 2 0 0 0
911 0 2 0 2 0
926 0 2 0 2 0
941 0 2 0 2 0
951 0 2 0 2 0
954 0 2 0 2 0
969 0 2 0 2 0
984 0 2 0 0 0
999 0 2 2 0 0
1014 0 0 2 0 0
1029 0 0 2 0 0
1044 0 0 2 0 0
1059 0 0 2 0 0
1074 0 0 2 0 0
1089 0 0 0 0 0
1104 0 0 0 0 0
1119 0 0 0 0 0
1134 0 0 2 0 0
1149 0 0 0 0 0
1164 0 0 0 0 0
1179 0 0 0 0 0
1194 0 0 2 0 0
1209 0 0 2 0 2
1224 0 0 2 0 0
1239 0 0 2 0 2
1254 0 0 0 0 0
1269 0 0 0 0 0
1284 0 0 0 0 0
1299 0 0 2 0 0
1314 0 0 2 0 0
1329 0 0 2 0 2
1344 0 0 2 0 2
1359 0 0 2 0 0
1374 0 0 2 0 0
1389 0 0 0 2 0
1404 0 0 0 2 2
1419 0 0 2 0 0
1434 0 0 2 0 0
1449 0 0 2 0 0
1464 0 0 0 0 2
1479 0 0 0 0 2
1494 0 0 0 0 0
1509 0 0 0 0 2
1524 0 0 0 0 2
1539 0 0 0 0 2
1554 0 0 0 0 0
1569 0 0 0 0 0
1584 0 0 0 0 0
1597 0 0 0 0 0
1600 0 0 2 0 0
1615 0 0 2 0 0
1630 0 2 2 0 0
1645 0 0 2 0 0
1660 0 2 2 0 0
1675 2 0 0 2 0
1690 0 2 0 2 0
1705 0 2 0 2 0
1720 0 2 0 2 0
1735 0 0 0 2 0
1750 0 0 0 2 0
1765 0 0 0 2 0
1780 0 0 0 2 0
1794 0 0 0 2 0
1797 0 0 0 2 0
1812 0 0 0 0 0
1827 0 0 0 0 0
1842 0 0 0 0 0
1857 0 0 0 0 0
1872 0 0 0 0 0
1887 0 0 0 0 0
1902 0 0 0 0 0
1917 0 0 0 0 0
1932 0 0 0 0 0
1947 2 0 0 0 0
1962 2 0 0 2 0
1977 2 0 0 0 0
1992 2 0 0 0 0
2007 0 0 0 0 0
2022 2 0 0 0 0
2037 2 0 0 0 0
2052 2 0 0 0 0
2067 2 0 0 0 0
2082 2 0 0 0 0
2097 0 0 0 0 0
2112 2 0 0 0 0
2127 2 0 0 0 0
2142 2 0 0 0 0
2157 2 0 0 0 2
2172 0 0 0 0 0
2190 2 0 0 0 0
2193 0 0 0 0 0
2208 0 0 0 0 0
2223 0 0 0 0 0
2238 0 0 0 0 0
2253 0 0 0 2 0
2268 0 0 0 2 0
2283 0 0 0 2 0
2298 0 0 0 2 0
2312 0 0 2 0 0
2315 0 0 2 0 0
2330 0 0 2 0 2
2345 0 0 0 0 0
2360 0 0 2 0 2
2375 0 0 0 0 0
2390 0 0 2 0 2
2405 0 0 2 0 0
2420 0 0 2 0 0
2435 0 0 2 0 0
2450 0 0 2 0 2
2465 0 0 2 0 2
2480 0 0 2 0 0
2495 0 0 2 0 0
2510 0 0 2 0 2
2525 0 0 2 0 2
2540 0 0 2 0 2
2555 0 0 2 0 0
2570 0 0 2 0 0
2585 0 0 2 0 0
2600 0 0 2 0 0
2615 0 0 2 0 0
2630 0 0 2 0 0
2645 0 0 2 0 0
2660 0 0 2 0 0
2669 0 0 2 0 0
2672 0 0 2 0 0
2687 0 0 2 0 0
2702 0 0 2 0 0
2717 0 0 2 0 0
2732 0 0 2 0 0
2747 0 2 2 0 0
2762 0 2 2 0 0
2775 0 2 0 2 0
2778 0 2 0 2 0
2793 0 2 0 2 0
2808 0 2 0 2 0
2823 0 0 0 0 0
2838 0 2 0 2 0
2853 0 2 0 0 0
2868 0 2 0 0 0
2883 0 2 0 0 0
2898 0 2 0 0 0
2913 0 2 0 2 2
2928 0 2 0 2 0
2943 2 0 0 2 0
2958 2 0 0 2 0
2973 0 0 0 2 2
2988 0 0 0 2 0
3003 0 0 0 2 2
3018 0 0 0 2 2
3033 0 0 0 2 2
3048 0 0 0 2 2
3063 0 0 0 2 2
3078 0 0 0 2 2
3093 0 0 0 0 2
3108 0 0 0 2 2
3123 0 0 0 0 0
3138 2 0 0 2 0
3153 2 0 0 2 0
3168 0 0 0 2 0
3183 0 0 0 0 2
3202 0 0 0 0 2
3205 2 0 0 0 2
3220 0 0 0 0 0
3235 0 0 0 0 0
3250 0 0 0 0 0
3265 0 0 0 0 0
3280 2 0 0 0 0
3295 0 0 0 0 0
3310 0 0 0 0 0
3325 0 0 0 2 0
3340 2 0 0 0 0
3355 2 0 0 2 0
3370 0 0 0 0 0
3388 0 0 0 2 0
3391 0 0 0 0 0
3406 0 0 0 0 0
3421 0 0 2 0 0
3436 0 0 2 0 0
3451 0 0 2 0 0
3466 0 0 2 0 0
3481 0 0 0 0 0
3496 0 0 2 0 0
3511 0 0 2 0 0
3526 0 0 2 0 0
3541 0 0 2 0 0
3556 0 0 2 0 0
3571 0 0 2 0 0
3586 0 0 2 0 0
3601 0 0 2 0 0
3616 0 0 2 0 0
3631 0 0 2 0 0
3646 0 0 2 0 0
3661 0 0 2 0 0
3676 0 0 2 0 0
3691 0 0 2 0 0
3706 0 0 2 0 0
3721 0 0 2 0 0
3736 0 0 2 0 0
3751 0 0 2 0 2
3766 0 0 2 0 2
3781 0 0 2 0 2
3796 0 0 2 0 2
3811 0 0 2 0 2
3826 0 0 2 0 2
3841 0 0 2 0 2
3853 0 0 2 0 2
3856 0 0 2 0 2
3871 0 0 2 0 2
3886 0 2 2 0 0
3901 0 2 0 2 2
3910 0 0 0 2 2
3913 0 0 0 2 0
3928 0 2 0 2 0
3943 0 2 0 2 0
3958 0 0 0 0 0
3973 0 2 0 2 0
3988 0 2 0 0 0
4003 0 0 0 0 2
4018 2 0 0 0 0
4033 2 0 0 0 2
4048 2 0 0 0 0
4067 2 0 0 0 0
4070 2 0 0 0 0
4085 2 0 0 0 0
4100 2 0 0 0 0
4115 2 0 0 0 0
4130 2 0 0 0 0
4145 2 0 0 2 2
4160 0 0 0 0 0
4175 2 0 2 0 0
4192 0 2 0 2 2
4195 0 2 0 2 2
4210 0 0 2 0 2
4225 0 0 2 0 0
4240 0 0 2 0 0
4255 0 0 2 0 0
4270 0 0 2 0 0
4285 0 0 2 0 0
4300 0 0 2 0 0
4315 0 0 2 0 0
4330 0 0 2 0 2
4345 0 0 2 0 2
4360 0 0 2 0 0
4375 0 0 2 0 2
4390 0 0 2 0 2
4405 0 0 2 0 2
4420 0 0 0 0 2
4435 0 0 2 0 0
4447 0 0 2 0 2
4450 0 0 2 0 0
4465 0 0 2 0 0
4480 0 0 2 0 0
4498 0 2 0 2 0
4501 0 2 0 2 0
4516 0 0 0 0 0
4531 0 0 0 0 0
4546 0 0 0 0 0
4561 0 0 0 0 2
4576 0 0 0 0 2
4591 0 0 0 0 2
4606 0 0 0 0 0
4621 0 0 0 0 0
4636 2 0 0 0 0
4651 0 0 0 0 0
4658 0 0 0 0 0
