1 0 0 0 0 0
16 0 0 0 0 0
31 0 0 0 0 0
46 0 0 0 0 0
61 0 0 0 0 0
76 0 0 0 0 0
91 0 0 0 0 0
97 0 0 0 0 0
100 0 0 0 0 0
115 0 0 0 0 0
130 0 0 0 2 2
145 0 0 0 2 0
160 0 0 0 0 0
175 0 0 0 2 0
190 0 0 0 0 0
205 0 2 0 0 0
220 2 0 0 0 0
235 0 0 0 0 0
250 0 0 0 2 0
265 0 0 0 2 0
280 0 0 0 2 0
297 0 0 2 0 0
300 0 2 2 0 0
315 0 0 2 0 2
330 0 0 2 0 0
345 0 0 2 0 0
360 0 0 2 0 0
375 0 0 2 0 2
390 0 0 2 0 2
405 0 0 2 0 2
420 0 0 2 0 0
435 0 0 2 0 2
453 0 0 2 0 2
456 0 0 2 0 2
471 0 0 2 0 2
486 0 0 2 0 2
501 0 0 2 0 2
516 0 0 0 2 2
523 0 0 0 2 2
526 0 0 0 2 2
541 0 0 0 0 2
556 0 0 0 0 0
571 0 0 0 0 0
579 2 0 0 0 0
582 0 0 0 0 0
597 0 0 0 0 0
612 0 0 0 2 0
627 0 0 0 2 0
642 0 0 0 2 0
657 0 0 0 2 0
672 0 0 0 2 2
687 0 0 0 0 0
702 0 0 0 2 0
717 0 0 0 0 0
732 0 0 0 0 0
747 0 0 0 0 0
762 0 0 0 0 0
777 0 0 2 0 0
784 0 0 0 2 0
787 0 0 0 0 0
802 0 0 2 0 0
817 0 0 2 0 2
832 0 0 2 0 0
847 0 0 2 0 0
862 0 0 2 0 0
877 0 0 2 0 0
892 0 0 2 0 2
907 0 0 0 0 0
922 0 0 2 0 0
937 0 0 2 0 0
949 0 2 0 2 0
952 0 2 2 0 2
967 0 0 2 0 2
982 0 0 2 0 2
997 0 0 2 0 2
1012 0 0 2 0 2
1027 0 0 2 0 2
1037 0 2 0 2 2
1040 0 2 0 2 0
1055 0 2 0 0 0
1070 0 2 0 0 2
1085 0 2 0 0 0
1100 0 2 0 0 0
1115 0 2 0 0 2
1131 2 0 0 0 0
1134 0 0 0 0 0
1149 0 0 0 0 0
1164 0 2 0 0 2
1179 0 0 0 0 2
1191 0 0 0 0 2
1194 0 2 2 0 0
1209 0 0 2 0 2
1224 0 0 2 0 0
1239 0 0 2 0 0
1254 0 0 2 0 0
1269 0 0 2 0 0
1284 0 0 2 0 0
1299 0 0 2 0 2
1316 0 0 2 0 2
1319 0 0 2 0 2
1334 0 0 2 0 2
1349 0 2 0 0 2
1364 0 2 2 0 0
1379 0 2 2 0 0
1392 0 2 0 2 0
1395 0 2 0 2 2
1410 0 2 0 0 0
1425 0 0 0 0 2
1442 2 0 0 0 0
1445 0 0 0 0 0
1460 0 0 0 0 2
1475 0 0 0 2 0
1490 0 0 0 2 0
1502 0 0 0 2 0
1505 0 0 0 2 2
1520 0 0 0 0 0
1535 0 0 2 0 2
1550 0 0 2 0 2
1565 0 0 2 0 2
1580 0 0 2 0 2
1592 0 0 2 0 2
1595 0 0 2 0 2
1610 0 0 2 0 2
1625 0 0 2 0 2
1640 0 0 2 0 0
1655 0 0 0 2 0
1658 0 2 0 2 2
1670 0 2 0 0 2
1682 0 0 0 0 0
1691 0 0 0 0 0
