11 0 0 0 0 0
26 0 0 0 0 0
41 0 0 0 0 0
56 0 0 0 0 0
71 0 0 0 0 0
86 0 0 0 0 0
101 0 0 0 0 0
116 0 0 0 0 0
131 0 0 0 0 0
140 0 0 0 0 0
143 0 0 0 0 0
158 0 0 0 0 0
173 0 0 0 0 0
188 0 0 0 0 0
203 0 0 2 0 0
218 0 0 2 0 0
233 0 0 2 0 0
247 0 0 2 0 0
250 0 0 2 0 0
265 0 0 2 0 0
280 0 0 2 0 0
295 0 0 2 0 0
310 0 0 2 0 0
325 0 0 2 0 0
340 0 0 2 0 0
355 0 0 2 0 2
370 0 0 2 0 2
385 0 0 2 0 2
400 0 0 2 0 2
415 0 0 2 0 2
430 0 0 2 0 2
445 0 0 2 0 0
460 0 0 2 0 0
475 0 0 2 0 0
490 0 0 2 0 0
505 0 0 0 0 0
520 0 0 0 0 0
535 0 2 0 2 0
550 0 2 0 0 2
565 0 0 0 2 0
580 0 0 0 0 0
595 0 0 0 2 0
610 0 0 0 0 0
625 0 0 0 0 0
633 0 0 0 2 0
636 0 0 0 2 0
651 0 2 0 2 0
666 0 0 2 0 0
681 0 0 0 0 0
696 0 0 2 0 0
711 0 0 2 0 0
726 0 0 2 0 0
741 0 0 2 0 0
756 0 0 2 0 0
771 0 0 2 0 0
786 0 0 2 0 0
801 0 0 2 0 0
816 0 0 2 0 0
831 0 0 0 0 2
847 0 0 0 0 0
850 0 0 0 0 0
865 0 0 0 2 2
880 0 0 0 2 2
895 0 0 0 0 2
910 0 0 0 2 2
925 0 2 2 0 2
940 0 0 2 0 2
948 0 0 0 2 2
951 0 0 0 2 2
966 0 2 0 2 2
981 0 0 0 0 2
996 0 0 0 0 2
1011 0 0 0 0 2
1026 0 0 0 0 2
1041 0 0 0 0 2
1056 0 0 0 0 2
1071 0 0 0 0 2
1086 0 0 0 0 2
1101 0 0 0 0 2
1116 0 0 0 0 2
1131 0 0 0 0 2
1146 0 0 0 0 2
1161 2 0 0 0 2
1176 2 0 0 0 2
1191 0 0 0 0 2
1206 0 0 0 0 2
1221 0 0 0 0 2
1236 0 0 0 0 2
1251 0 0 0 0 2
1266 0 0 0 0 2
1281 0 2 0 0 2
1296 0 2 0 0 2
1305 0 2 0 0 2
1308 0 2 0 2 2
1323 2 0 0 0 2
1338 2 0 0 0 2
1353 2 0 0 0 2
1368 0 2 0 0 2
1383 0 2 0 0 2
1398 0 2 0 0 2
1413 0 0 0 0 2
1428 2 0 0 0 0
1443 0 2 0 0 0
1449 2 0 0 0 0
1452 2 0 0 0 0
1467 2 0 0 0 0
1482 2 0 0 0 0
1497 2 0 0 0 0
1512 2 0 0 0 0
1527 2 0 0 0 0
1546 0 0 0 0 0
1549 0 2 0 0 0
1564 0 2 0 0 0
1579 0 0 2 0 2
1594 0 0 2 0 2
1609 0 0 2 0 0
1624 0 0 0 0 0
1639 0 0 2 0 0
1654 0 0 0 0 0
1669 0 0 2 0 0
1684 0 0 2 0 0
1699 0 0 2 0 2
1714 0 0 2 0 0
1729 0 0 2 0 0
1744 0 0 2 0 0
1759 0 0 2 0 0
1774 0 0 2 0 0
1789 0 2 2 0 0
1804 0 0 2 0 0
1819 0 0 2 0 0
1834 0 0 2 0 0
1849 0 0 2 0 2
1864 0 2 0 0 0
1879 0 0 2 0 0
1894 0 0 2 0 0
1909 0 0 2 0 0
1924 0 0 2 0 0
1939 0 2 2 0 0
1956 0 2 0 0 0
1959 0 0 2 0 0
1974 0 0 2 0 0
1989 0 0 2 0 0
2004 0 0 0 0 0
2019 0 0 2 0 0
2034 0 0 2 0 0
2049 0 0 0 0 0
2056 0 0 0 2 0
2059 0 0 0 0 0
2074 0 0 0 0 2
2089 0 0 0 0 0
2104 0 0 0 0 0
2119 0 0 0 2 0
2134 0 0 0 0 2
2149 0 0 0 0 2
2164 0 0 0 0 2
2179 0 0 0 0 2
2194 0 0 0 0 2
2209 0 0 0 0 0
2224 2 0 0 0 0
2239 0 0 0 2 0
2254 0 0 0 0 0
2269 0 0 0 0 0
2284 0 0 0 2 0
2299 0 0 0 2 0
2314 0 0 0 2 0
2329 0 0 0 2 0
2344 0 0 0 2 0
2359 0 0 0 0 0
2374 0 0 0 2 0
2389 0 0 0 2 0
2404 0 0 0 2 0
2412 0 0 0 2 0
2415 0 0 2 0 0
2430 0 0 2 0 0
2445 0 0 2 0 0
2460 0 0 2 0 0
2475 0 0 2 0 0
2490 0 0 2 0 0
2505 0 0 2 0 0
2520 0 0 2 0 0
2535 0 0 2 0 0
2550 0 0 2 0 0
2565 0 0 2 0 0
2580 0 0 0 0 0
2595 0 0 2 0 0
2610 0 0 2 0 0
2625 0 0 2 0 0
2640 0 0 2 0 0
2655 0 0 2 0 0
2670 0 0 2 0 0
2685 0 0 0 0 0
2692 0 0 0 0 0
2695 0 0 0 0 0
2710 0 0 0 0 0
2725 0 0 0 0 0
2740 0 0 0 0 0
2755 0 0 0 0 0
2769 0 0 0 0 0
2772 0 2 0 2 0
2787 0 0 0 0 2
2802 0 0 0 0 0
2817 0 0 0 0 0
2832 0 0 0 0 0
2847 0 0 0 0 2
2862 0 0 0 0 0
2877 0 0 0 0 0
2894 0 0 0 0 0
2897 0 0 0 0 0
2912 0 0 0 2 0
2927 0 0 2 0 0
2943 0 0 2 0 0
2946 0 0 2 0 0
2961 0 0 2 0 0
2976 0 0 2 0 0
2991 0 0 2 0 0
3006 0 0 2 0 0
3021 0 0 0 0 0
3036 0 0 2 0 0
3051 0 0 2 0 0
3066 0 0 2 0 0
3081 0 0 2 0 0
3096 0 0 2 0 0
3111 0 0 0 0 0
3126 0 0 2 0 0
3141 0 0 2 0 0
3156 0 0 2 0 0
3171 0 0 2 0 0
3186 0 0 2 0 0
3201 0 0 2 0 0
3216 0 0 0 0 0
3231 0 0 0 0 0
3246 0 0 0 0 0
3251 0 0 0 0 0
3254 0 0 2 0 0
3269 0 0 0 0 0
3284 0 0 2 0 0
3299 0 2 2 0 0
3314 0 2 2 0 0
3329 0 2 2 0 0
3344 0 2 2 0 0
3359 0 2 2 0 0
3365 0 2 0 2 0
3368 0 0 0 0 0
3383 0 0 0 0 0
3398 0 0 0 0 0
3413 0 0 0 0 2
3428 0 0 0 0 2
3443 0 2 0 0 2
3458 0 0 0 0 0
3473 0 0 0 0 2
3488 0 0 0 0 0
3503 0 0 0 0 0
3518 0 0 0 0 0
3533 0 2 0 0 0
3544 0 0 0 0 0
