32 0 0 0 0 0
47 0 0 0 0 0
62 0 0 0 0 0
77 0 0 0 0 0
92 0 0 0 0 0
107 0 0 0 0 0
122 0 0 0 0 0
137 0 0 0 0 0
152 0 0 0 0 0
167 0 0 0 0 0
182 0 0 0 0 0
197 0 0 0 0 0
212 0 0 0 0 0
227 0 0 0 0 0
242 0 0 0 0 0
257 0 0 0 0 0
272 0 0 0 0 0
287 0 0 0 0 0
302 0 0 0 0 0
317 0 0 0 0 0
335 0 0 0 0 0
338 0 0 0 0 0
353 0 0 0 0 0
368 0 0 0 0 0
383 0 0 0 0 0
398 0 0 0 0 0
413 0 0 0 0 0
428 0 0 2 0 0
443 0 0 2 0 0
458 0 0 2 0 2
473 0 0 2 0 0
488 0 0 2 0 0
503 0 0 2 0 0
520 0 0 2 0 2
523 0 0 2 0 2
538 0 0 2 0 2
553 0 0 2 0 2
568 0 0 2 0 2
583 0 2 2 0 2
598 0 2 2 0 2
613 0 2 2 0 2
623 0 2 2 0 2
626 0 2 0 2 2
641 2 0 0 2 2
656 0 0 0 0 2
671 2 0 0 0 2
686 0 0 0 0 2
701 0 0 0 0 2
716 0 0 0 0 2
731 0 0 0 0 2
746 0 0 0 0 2
761 2 0 0 0 2
776 0 0 0 0 2
791 0 0 0 0 0
806 0 0 0 0 0
821 2 0 0 0 0
836 2 0 0 0 0
851 0 0 0 0 0
866 0 0 0 0 0
881 0 0 0 2 0
896 0 0 0 2 0
911 2 0 0 0 0
926 2 0 0 0 0
941 0 0 0 0 0
956 2 0 0 0 0
971 2 0 0 0 2
986 2 0 0 0 2
1001 0 0 0 0 2
1016 2 0 0 0 2
1031 2 0 0 2 2
1046 0 0 0 0 2
1061 2 0 0 0 0
1076 2 0 0 0 0
1091 0 0 0 0 0
1106 0 0 0 0 0
1121 2 0 0 0 0
1130 0 0 0 0 0
1133 0 0 0 0 0
1148 0 0 0 0 0
1163 2 0 0 0 2
1178 0 0 0 0 2
1193 0 0 0 0 2
1208 2 0 0 0 2
1223 2 0 0 0 0
1238 2 0 0 0 0
1253 0 0 0 0 0
1268 0 0 0 2 0
1283 0 0 0 2 0
1299 0 0 0 2 0
1302 0 0 2 0 0
1317 0 0 2 0 2
1332 0 0 2 0 0
1347 0 0 2 0 0
1362 0 0 2 0 0
1377 0 0 2 0 0
1392 0 0 2 0 0
1407 0 0 2 0 0
1422 0 0 2 0 0
1437 0 0 2 0 2
1452 0 2 2 0 2
1469 0 0 2 0 2
1472 0 2 0 0 2
1487 0 2 2 0 2
1502 0 2 2 0 2
1517 0 2 2 0 2
1529 2 0 0 2 2
1532 2 0 0 2 2
1547 2 0 0 2 2
1562 2 0 0 0 2
1577 2 0 0 0 2
1592 2 0 0 0 2
1607 2 0 0 0 2
1622 2 0 0 0 2
1637 2 0 0 0 2
1652 0 0 0 0 0
1667 0 0 0 0 0
1686 0 0 0 0 0
1689 0 0 0 0 2
1704 2 0 0 0 2
1719 2 0 0 0 2
1734 2 0 0 0 2
1749 2 0 0 0 2
1764 2 0 0 0 2
1779 2 0 0 2 2
1798 0 2 0 2 2
1801 0 2 0 2 2
1816 0 2 2 0 2
1831 0 0 2 0 2
1846 0 0 2 0 0
1861 0 0 2 0 0
1876 0 0 2 0 0
1891 0 0 2 0 0
1906 0 0 2 0 2
1921 0 0 2 0 2
1936 0 0 2 0 0
1951 0 0 2 0 0
1966 0 0 2 0 2
1981 0 0 2 0 2
1996 0 0 2 0 2
2011 0 0 2 0 2
2026 0 0 2 0 2
2041 0 0 2 0 2
2056 0 0 2 0 2
2071 0 0 2 0 2
2086 0 0 2 0 2
2097 0 0 2 0 0
2100 0 0 2 0 2
2115 0 0 2 0 2
2130 0 2 2 0 2
2145 0 2 2 0 2
2160 2 0 2 0 2
2175 2 0 2 0 2
2190 0 2 2 0 2
2205 0 2 2 0 2
2220 0 0 2 0 2
2235 0 0 2 0 2
2250 0 2 0 0 2
2265 2 0 2 0 2
2280 0 2 2 0 2
2295 0 2 2 0 2
2310 0 2 2 0 2
2325 0 2 2 0 2
2340 0 0 2 0 2
2355 0 2 2 0 2
2369 0 2 2 0 2
2372 2 0 2 0 2
2387 2 0 0 2 2
2402 2 0 0 2 2
2417 2 0 0 0 2
2432 2 0 0 0 2
2447 2 0 0 0 0
2462 2 0 0 0 0
2468 2 0 0 0 2
2471 2 0 0 0 2
2486 2 0 0 0 2
2501 2 0 0 0 2
2516 2 0 0 0 2
2531 2 0 0 2 0
2546 2 0 0 2 0
2561 2 0 0 2 0
2575 0 2 0 2 0
2578 0 2 0 2 0
2593 0 0 2 0 2
2608 0 0 2 0 2
2623 0 0 2 0 2
2638 0 0 2 0 2
2653 0 0 2 0 2
2668 0 0 2 0 2
2683 0 0 2 0 2
2698 0 0 0 0 2
2713 0 0 2 0 2
2731 0 0 2 0 2
2734 0 0 2 0 2
2749 0 2 2 0 2
2764 0 0 2 0 2
2779 0 2 2 0 2
2794 0 2 2 0 0
2805 2 0 0 2 2
2808 2 0 0 2 0
2823 2 0 0 2 0
2838 0 0 0 0 0
2853 2 0 0 0 2
2868 2 0 0 0 2
2883 0 0 0 0 0
2898 0 0 0 0 0
2913 2 0 0 0 0
2929 0 0 0 0 0
