12 0 0 0 0 0
27 0 0 0 0 0
42 0 0 0 0 0
57 0 0 0 0 0
72 0 0 0 0 0
87 0 0 0 0 0
102 0 0 0 0 0
117 0 0 0 0 0
132 0 0 0 0 0
147 0 0 0 0 0
162 0 0 0 0 0
177 0 0 0 0 0
192 0 0 0 0 0
207 0 0 0 0 0
222 0 0 0 0 0
236 0 0 0 0 0
239 0 0 0 0 0
254 0 0 0 0 0
269 0 0 0 0 0
284 0 0 0 0 0
299 0 0 0 2 0
314 0 0 0 2 0
329 0 0 2 0 0
344 0 0 0 0 0
359 0 0 0 0 0
374 0 2 0 0 0
389 0 0 2 0 0
404 0 2 2 0 0
419 0 2 2 0 0
435 0 2 2 0 0
438 0 2 2 0 2
453 0 0 2 0 0
468 0 2 2 0 0
483 0 2 2 0 2
498 0 2 0 2 0
513 0 2 0 2 0
528 0 2 0 0 0
543 2 0 0 0 0
558 2 0 0 0 0
573 0 0 0 0 0
588 2 0 0 0 2
603 2 0 0 0 2
618 2 0 0 2 2
633 2 0 0 2 2
648 2 0 0 2 2
663 2 0 0 2 0
671 0 2 0 2 0
674 0 2 0 2 2
689 0 2 2 0 0
704 0 0 2 0 0
719 0 0 2 0 0
734 0 0 0 2 0
749 0 0 2 0 0
764 0 0 2 0 0
779 0 0 2 0 0
794 0 0 2 0 0
809 0 0 2 0 0
824 0 0 2 0 0
839 0 0 2 0 2
854 0 0 2 0 2
869 0 0 2 0 2
884 0 0 2 0 2
899 0 0 2 0 2
914 0 0 2 0 2
923 0 0 2 0 0
926 0 0 0 2 2
941 0 0 2 0 2
956 0 0 2 0 2
971 0 0 2 0 2
986 0 0 2 0 2
1001 0 0 2 0 2
1016 0 0 2 0 2
1031 0 0 2 0 2
1046 0 0 2 0 2
1059 0 0 0 2 0
1062 0 2 0 2 2
1077 0 2 0 0 2
1092 2 0 0 0 2
1107 2 0 0 0 2
1122 2 0 0 0 2
1137 2 0 0 0 2
1152 2 0 0 2 2
1167 2 0 0 0 2
1182 2 0 0 0 2
1197 0 0 0 0 2
1212 2 0 0 0 2
1227 2 0 0 0 2
1242 2 0 0 2 2
1257 0 0 0 2 2
1272 0 0 0 0 2
1287 0 0 0 0 2
1302 0 0 0 0 2
1317 2 0 0 0 0
1333 0 0 0 0 0
1336 0 0 0 0 0
1351 2 0 0 0 0
1366 0 0 0 0 0
1381 0 0 0 0 0
1396 0 0 0 0 0
1411 0 0 0 0 0
1426 2 0 0 0 0
1441 2 0 0 0 0
1456 2 0 0 0 0
1471 2 0 0 2 0
1486 2 0 0 2 0
1501 2 0 0 2 0
1516 2 0 0 2 0
1531 2 0 0 2 0
1546 2 0 0 2 0
1561 2 0 0 2 0
1574 0 2 0 2 0
1577 0 2 0 2 0
1592 0 0 0 2 2
1607 0 0 2 0 0
1622 0 0 0 0 2
1637 0 0 2 0 0
1652 0 0 2 0 0
1667 0 0 2 0 0
1682 0 0 2 0 2
1697 0 0 2 0 2
1712 0 0 2 0 2
1727 0 0 2 0 2
1742 0 0 2 0 0
1757 0 0 2 0 2
1772 0 0 2 0 2
1787 0 0 2 0 2
1802 0 0 2 0 2
1817 0 0 2 0 2
1836 0 0 2 0 2
1839 0 0 2 0 0
1854 0 0 2 0 0
1869 0 0 2 0 0
1884 0 0 2 0 0
1899 0 0 2 0 0
1914 0 2 2 0 0
1929 0 2 2 0 0
1944 0 0 2 0 0
1959 0 0 2 0 0
1974 0 0 2 0 0
1989 0 0 2 0 0
2004 0 0 2 0 0
2023 0 0 0 2 0
2026 0 0 0 2 0
2041 0 0 0 0 0
2056 0 0 0 0 0
2071 0 0 0 0 0
2086 0 0 0 0 0
2101 0 0 0 0 2
2116 0 0 0 0 2
2131 0 0 0 0 0
2146 0 0 0 0 2
2161 0 0 0 0 2
2176 0 0 0 0 2
2191 0 0 0 0 0
2206 0 0 0 0 0
2221 0 0 0 0 0
2236 0 0 0 2 0
2251 0 0 0 0 0
2266 0 0 0 0 0
2281 0 0 0 0 0
2296 0 0 0 2 0
2304 0 0 0 0 0
2307 0 0 0 0 0
2322 0 0 0 2 0
2337 0 0 0 2 0
2352 0 0 0 2 0
2367 0 0 0 2 0
2382 0 0 0 2 0
2397 0 0 0 2 0
2412 0 0 0 2 0
2422 0 0 0 2 0
2425 0 2 0 2 0
2440 0 0 0 2 0
2455 0 0 2 0 0
2470 0 0 2 0 0
2485 0 0 2 0 2
2500 0 0 2 0 0
2515 0 0 2 0 0
2530 0 0 2 0 0
2545 0 0 2 0 0
2560 0 0 2 0 0
2575 0 0 2 0 2
2590 0 0 0 0 0
2605 0 0 2 0 0
2620 0 0 2 0 2
2635 0 0 2 0 0
2650 0 0 2 0 0
2665 0 0 2 0 2
2680 0 0 2 0 2
2695 0 0 0 0 2
2710 0 0 2 0 2
2713 0 0 2 0 2
2728 0 0 2 0 2
2743 0 0 2 0 2
2758 0 0 2 0 2
2773 0 2 2 0 0
2788 0 2 2 0 0
2803 0 2 2 0 2
2818 0 2 2 0 2
2833 0 2 2 0 2
2848 0 2 2 0 2
2863 0 2 0 2 2
2868 0 2 0 2 2
2871 0 2 0 2 2
2886 0 2 0 2 2
2901 0 0 0 0 0
2916 0 2 0 2 2
2931 0 2 0 0 2
2946 0 2 0 0 2
2961 2 0 0 0 2
2976 2 0 0 0 2
2991 2 0 0 0 2
3006 2 0 0 0 2
3021 2 0 0 0 2
3036 0 0 0 0 2
3051 2 0 0 0 2
3066 2 0 0 0 2
3081 2 0 0 0 2
3096 2 0 0 0 0
3111 2 0 0 0 2
3126 2 0 0 0 2
3141 2 0 0 0 0
3156 2 0 0 0 0
3171 2 0 0 0 0
3174 2 0 0 0 0
3189 0 0 0 0 0
3204 2 0 0 2 0
3219 2 0 0 0 0
3234 0 2 0 2 0
3242 0 0 0 2 2
3245 0 0 0 2 2
3260 0 0 2 0 2
3275 0 2 2 0 0
3290 0 0 2 0 0
3305 0 0 2 0 2
3320 0 0 2 0 2
3335 0 0 2 0 0
3350 0 0 2 0 0
3365 0 0 2 0 0
3380 0 0 2 0 0
3395 0 0 2 0 0
3410 0 0 2 0 0
3425 0 0 2 0 0
3440 0 0 2 0 0
3455 0 0 2 0 0
3470 0 0 2 0 0
3485 0 0 2 0 2
3500 0 0 2 0 0
3515 0 0 2 0 0
3530 0 0 2 0 2
3545 0 0 2 0 2
3560 0 0 2 0 0
3575 0 0 2 0 0
3590 0 0 2 0 2
3605 0 0 2 0 2
3620 0 0 0 0 2
3635 0 0 2 0 2
3650 0 0 2 0 2
3660 0 0 2 0 0
3663 0 2 2 0 0
3678 0 2 2 0 0
3693 0 0 2 0 0
3708 0 2 2 0 0
3723 0 2 0 2 0
3732 0 2 0 2 0
3735 0 2 0 2 0
3750 0 2 0 2 0
3765 0 0 0 0 2
3780 0 0 0 0 0
3795 2 0 0 0 2
3810 2 0 0 0 2
3825 2 0 0 0 2
3840 0 0 0 0 0
3855 0 0 0 0 0
3872 0 0 0 0 0
