32 0 0 0 0 0
47 0 0 0 0 0
62 0 0 0 2 0
77 0 0 0 2 0
92 0 0 0 0 0
107 0 0 0 0 0
122 0 0 0 2 0
137 0 0 0 0 0
152 0 2 0 0 0
163 0 0 0 0 0
166 0 0 0 0 0
181 0 0 0 0 0
196 0 0 0 0 0
211 0 0 2 0 0
226 0 0 2 0 0
241 0 0 2 0 0
256 0 0 2 0 0
271 0 0 0 2 0
288 0 0 0 0 0
291 0 0 0 0 0
306 2 0 0 2 0
321 2 0 0 2 0
336 2 0 0 2 0
351 2 0 0 2 0
366 2 0 0 2 0
375 2 0 0 2 0
378 2 0 0 2 0
393 2 0 2 0 0
408 0 0 2 0 0
423 0 0 2 0 0
438 0 0 2 0 0
453 0 0 2 0 0
468 0 0 2 0 2
483 0 0 2 0 0
498 0 0 2 0 0
513 0 0 2 0 0
528 0 0 2 0 0
543 0 0 0 0 0
558 0 0 2 0 0
573 0 0 2 0 0
588 0 0 2 0 2
603 0 0 2 0 2
618 0 2 2 0 2
637 0 0 2 0 2
640 0 0 2 0 2
655 0 0 2 0 2
670 0 0 2 0 2
685 0 0 0 2 0
702 2 0 0 0 2
705 2 0 0 0 0
720 2 0 0 0 0
735 2 0 0 0 0
750 0 0 0 0 0
765 2 0 0 0 0
780 2 0 0 0 2
795 2 0 0 0 2
803 0 0 0 0 2
806 2 0 0 0 2
821 2 0 0 0 2
836 2 0 0 0 2
851 0 0 0 0 0
870 0 0 0 0 0
873 0 0 0 0 0
888 2 0 0 0 0
903 2 0 0 0 0
918 2 0 0 0 0
933 2 0 0 0 0
948 0 0 0 0 0
963 0 0 0 0 0
978 0 0 0 0 0
993 0 0 0 2 0
1008 0 0 0 2 0
1023 0 0 2 0 0
1038 0 0 2 0 0
1053 0 0 2 0 0
1068 0 0 2 0 2
1078 0 0 2 0 0
1081 0 0 2 0 0
1096 0 0 2 0 2
1111 0 0 2 0 2
1126 0 0 2 0 0
1145 0 0 2 0 0
1148 0 0 2 0 0
1163 0 0 2 0 0
1178 0 0 2 0 0
1196 0 0 2 0 0
1199 0 0 2 0 0
1214 0 0 0 0 2
1229 0 0 2 0 2
1244 0 0 2 0 2
1259 0 0 2 0 2
1274 0 0 2 0 2
1289 0 0 2 0 2
1308 0 0 2 0 0
1311 0 0 2 0 2
1326 0 0 2 0 2
1341 0 2 2 0 2
1356 0 2 2 0 2
1371 2 0 0 2 2
1386 0 0 0 2 2
1401 2 0 0 0 2
1416 0 0 0 0 0
1431 2 0 0 0 2
1446 0 0 0 2 0
1461 0 0 0 2 0
1476 0 0 0 2 0
1491 0 0 2 0 0
1506 0 0 2 0 0
1521 0 0 2 0 0
1536 0 0 2 0 0
1551 0 0 2 0 0
1566 0 0 2 0 2
1581 0 0 2 0 0
1596 0 0 2 0 0
1604 0 0 2 0 0
1607 0 0 2 0 0
1622 0 0 2 0 2
1637 0 0 2 0 2
1652 0 0 2 0 0
1667 0 0 2 0 0
1674 0 0 2 0 0
1677 0 0 2 0 0
1692 0 2 2 0 0
1707 2 0 2 0 0
1722 2 0 0 2 0
1737 2 0 0 0 2
1752 2 0 0 0 0
1767 2 0 0 0 0
1782 2 0 0 0 0
1797 2 0 0 0 0
1812 2 0 0 2 0
1819 2 0 0 2 0
1822 2 0 0 2 0
1837 0 0 0 2 0
1852 0 2 2 0 0
1867 0 0 2 0 0
1882 0 0 2 0 0
1897 0 0 2 0 2
1915 0 0 2 0 0
1918 0 0 2 0 2
1933 0 0 2 0 2
1948 0 0 2 0 2
1963 0 0 0 0 0
1978 0 2 2 0 2
1993 0 2 2 0 2
2008 0 2 0 0 2
2023 2 0 0 0 2
2038 2 0 0 2 0
2053 0 0 0 0 0
2068 0 0 0 0 0
2083 0 0 0 0 0
2098 2 0 0 0 0
2113 0 0 0 0 0
2123 0 0 0 0 0
2126 0 0 2 0 0
2141 2 0 0 0 0
2156 2 0 0 0 0
2171 0 0 0 2 0
2186 0 0 0 0 0
2201 0 2 2 0 0
2217 0 0 2 0 0
2220 0 0 2 0 0
2235 0 0 2 0 2
2250 0 0 2 0 2
2265 0 0 2 0 2
2280 0 0 2 0 0
2295 0 0 2 0 2
2306 0 0 2 0 2
