94 0 0 0 0 0
109 0 0 0 0 0
124 0 0 0 0 0
139 0 0 0 0 0
154 0 0 0 0 0
164 0 0 0 0 0
167 0 0 0 0 0
182 0 0 0 0 0
197 0 0 0 0 0
212 0 0 2 0 0
227 0 0 2 0 0
242 0 0 2 0 0
257 0 0 2 0 0
272 0 0 2 0 0
287 0 0 2 0 0
302 0 0 2 0 0
317 0 0 2 0 2
332 0 0 2 0 2
347 0 0 0 0 2
366 0 0 0 0 2
369 0 0 2 0 2
384 0 0 0 2 0
399 0 0 0 0 0
414 2 0 0 0 0
429 2 0 0 0 0
444 2 0 0 0 0
459 2 0 0 2 0
474 2 0 0 2 0
489 2 0 0 0 0
504 2 0 0 2 0
519 2 0 0 2 0
534 2 0 0 2 0
550 0 2 2 0 0
553 0 0 2 0 0
568 0 0 2 0 0
583 0 0 2 0 0
598 0 0 2 0 0
613 0 0 2 0 0
628 0 0 2 0 0
643 0 0 2 0 0
658 0 0 2 0 0
673 0 0 2 0 0
688 0 0 2 0 2
703 0 0 2 0 0
718 0 0 2 0 2
733 0 0 2 0 2
748 0 0 2 0 2
761 0 0 2 0 2
764 0 0 0 0 2
779 0 0 0 0 2
794 0 0 0 0 2
809 0 0 0 0 2
824 0 2 0 0 0
842 0 2 0 0 0
845 0 2 0 0 2
860 0 2 0 2 0
875 2 0 0 0 2
890 2 0 0 0 0
905 2 0 0 0 2
920 2 0 0 0 2
935 2 0 0 0 0
950 2 0 0 0 0
965 2 0 0 0 0
983 2 0 0 0 0
986 2 0 0 0 0
1001 0 0 0 0 0
1016 2 0 0 0 2
1031 2 0 0 0 2
1046 2 0 0 2 0
1061 2 0 0 0 2
1076 2 0 0 2 2
1091 2 0 0 2 0
1106 2 0 0 2 0
1122 0 2 2 0 2
1125 0 2 2 0 0
1140 0 0 2 0 0
1155 0 0 2 0 0
1170 0 0 2 0 0
1185 0 0 2 0 0
1200 0 0 2 0 0
1215 0 0 2 0 0
1230 0 0 2 0 0
1245 0 0 2 0 0
1260 0 0 2 0 0
1275 0 0 2 0 2
1290 0 0 2 0 2
1305 0 0 0 0 0
1320 0 0 2 0 0
1335 0 0 2 0 0
1350 0 0 2 0 0
1365 0 0 2 0 2
1380 0 0 2 0 2
1395 0 0 2 0 2
1398 0 0 2 0 2
1413 0 2 2 0 2
1428 0 2 0 0 2
1443 0 2 2 0 2
1458 0 2 2 0 2
1467 2 0 0 0 2
1470 2 0 0 2 2
1485 2 0 0 0 2
1500 2 0 0 0 2
1515 0 0 0 0 2
1530 0 0 0 0 2
1545 0 0 0 0 2
1560 0 0 0 0 2
1575 0 0 0 0 2
1590 0 0 0 0 0
1605 0 0 0 0 0
1614 0 0 0 0 0
1617 0 0 0 0 0
1632 0 0 0 0 0
1647 2 0 0 0 0
1662 2 0 0 0 0
1677 2 0 0 0 2
1692 2 0 0 0 2
1707 2 0 0 2 2
1722 2 0 0 2 0
1736 0 2 2 0 2
1739 0 0 0 0 0
1754 0 0 2 0 0
1769 0 0 2 0 0
1784 0 0 2 0 0
1799 0 0 2 0 0
1814 0 0 2 0 0
1829 0 0 0 0 0
1844 0 0 2 0 0
1859 0 0 2 0 2
1874 0 0 0 0 0
1889 0 0 2 0 2
1904 0 0 2 0 2
1909 0 0 2 0 2
1912 0 0 0 0 2
1927 0 2 0 0 2
1942 0 2 0 0 2
1957 0 2 0 0 2
1972 0 0 0 0 0
1987 0 0 0 0 0
2002 2 0 0 0 2
2017 2 0 0 0 2
2032 0 0 0 0 0
2047 2 0 0 0 2
2062 0 0 0 0 2
2077 0 0 0 0 2
2092 0 0 0 0 2
2107 0 0 0 0 2
2122 0 2 0 0 2
2137 0 2 0 0 2
2152 0 0 0 0 0
2167 2 0 0 0 0
2182 0 0 0 0 0
2197 0 0 0 2 0
2212 0 0 0 2 0
2227 0 0 0 2 0
2242 0 0 0 0 0
2257 0 0 0 2 0
2272 0 0 0 2 0
2287 0 0 0 2 0
2302 0 0 0 0 0
2317 0 0 0 0 0
2332 0 0 0 0 0
2347 0 0 2 0 0
2362 0 0 2 0 0
2377 0 0 2 0 0
2392 0 0 2 0 0
2407 0 0 2 0 0
2424 2 0 0 0 0
2427 2 0 0 0 0
2442 2 0 0 0 2
2457 2 0 0 0 2
2472 0 0 0 0 2
2487 0 0 0 0 0
2501 0 0 0 0 0
2504 0 0 0 0 0
2519 2 0 0 0 2
2534 0 0 0 0 0
2549 2 0 0 0 0
2564 2 0 0 0 0
2579 2 0 0 0 0
2594 2 0 0 0 0
2609 2 0 0 0 0
2624 2 0 0 2 0
2641 0 2 2 0 0
2644 0 2 2 0 0
2659 0 0 2 0 0
2674 0 0 2 0 0
2689 0 0 2 0 0
2704 0 0 2 0 0
2719 0 0 0 0 0
2734 0 0 0 0 0
2749 0 0 0 0 0
2764 0 0 2 0 0
2779 0 0 2 0 2
2794 0 0 2 0 2
2809 0 0 2 0 0
2824 0 0 0 0 2
2839 0 0 2 0 2
2854 0 0 2 0 2
2869 0 0 2 0 2
2884 0 0 2 0 2
2899 0 0 0 0 0
2914 0 0 2 0 2
2929 0 0 2 0 2
2944 0 0 2 0 2
2959 0 0 2 0 2
2976 0 0 2 0 0
2979 0 0 2 0 0
2994 0 2 2 0 0
3009 0 2 2 0 0
3024 0 2 2 0 0
3039 2 0 0 2 0
3049 2 0 0 2 0
3052 2 0 0 2 0
3067 2 0 0 0 0
3082 2 0 0 0 2
3097 2 0 0 0 2
3112 2 0 0 0 0
3127 0 0 0 0 0
