1 0 0 0 0 0
16 0 0 0 0 0
31 0 0 0 0 0
49 0 0 0 0 0
52 0 0 0 0 0
67 0 0 0 0 0
82 0 0 0 0 0
97 0 0 2 0 0
112 0 0 2 0 2
127 0 0 2 0 0
142 0 2 2 0 0
157 0 2 0 0 0
172 0 2 2 0 0
187 0 0 2 0 0
202 0 2 2 0 0
217 0 2 2 0 0
232 0 2 2 0 0
249 0 2 0 0 0
252 0 2 0 2 0
267 0 2 0 2 2
282 0 2 0 0 0
297 2 0 0 0 2
312 2 0 0 0 0
327 2 0 0 0 0
342 0 2 0 0 2
357 0 2 0 0 2
372 0 2 0 0 2
387 0 2 0 2 2
402 0 2 0 2 2
417 2 0 0 2 2
432 0 2 0 2 0
446 0 2 0 2 0
449 0 2 0 2 0
464 0 0 0 2 0
479 0 0 2 0 0
494 0 0 2 0 0
509 0 0 0 0 0
524 0 0 2 0 0
539 0 0 2 0 0
554 0 0 0 0 0
569 0 0 2 0 0
584 0 0 2 0 0
599 0 0 2 0 0
614 0 0 0 0 2
629 0 0 2 0 2
644 0 0 0 0 2
656 0 2 0 0 2
659 0 0 2 0 2
674 0 0 2 0 2
689 0 0 2 0 2
704 0 0 2 0 2
719 0 2 2 0 2
734 0 2 2 0 2
753 0 0 0 2 2
756 0 2 0 2 2
771 2 0 0 2 2
786 2 0 0 0 2
801 2 0 0 0 2
816 2 0 0 0 2
831 2 0 0 0 2
846 2 0 0 0 2
861 2 0 0 0 2
876 2 0 0 0 2
891 2 0 0 0 2
906 2 0 0 0 2
921 2 0 0 0 2
936 2 0 0 2 2
951 2 0 0 0 0
966 2 0 0 0 0
981 2 0 0 0 0
986 2 0 0 0 0
989 0 0 0 0 0
1004 0 0 0 0 0
1019 0 0 0 0 0
1034 0 0 0 0 0
1049 2 0 0 0 0
1064 0 0 0 2 0
1079 2 0 0 2 0
1094 0 2 0 2 0
1109 0 0 2 0 0
1112 0 0 0 2 0
1127 0 0 2 0 0
1142 0 0 2 0 0
1157 0 0 2 0 0
1172 0 0 2 0 0
1187 0 0 2 0 2
1202 0 0 2 0 0
1217 0 0 2 0 0
1232 0 0 2 0 0
1247 0 0 2 0 0
1262 0 0 2 0 0
1277 0 0 2 0 2
1292 0 0 2 0 0
1307 0 0 2 0 0
1322 0 0 2 0 2
1337 0 0 2 0 0
1352 0 0 2 0 0
1367 0 0 2 0 0
1382 0 0 2 0 0
1397 0 0 2 0 2
1412 0 0 2 0 0
1427 0 0 2 0 0
1442 0 0 2 0 0
1457 0 0 2 0 0
1472 0 0 2 0 0
1487 0 0 2 0 2
1502 0 0 2 0 2
1515 0 0 2 0 0
1518 0 0 2 0 0
1533 0 0 2 0 0
1548 0 2 2 0 0
1563 0 2 0 2 0
1577 0 2 0 2 0
1580 0 2 0 2 0
1595 0 2 0 2 0
1610 2 0 0 0 0
1625 2 0 0 0 0
1640 2 0 0 0 0
1655 2 0 0 0 0
1670 0 0 0 0 0
1685 0 0 0 0 0
1700 2 0 0 0 0
1717 2 0 0 0 2
1720 2 0 0 0 2
1735 2 0 0 2 0
1750 0 2 0 2 0
1763 0 2 0 2 0
1766 0 0 0 2 0
1781 0 0 0 2 0
1796 0 0 2 0 2
1811 0 0 2 0 2
1826 0 0 2 0 0
1841 0 0 2 0 0
1856 0 0 2 0 0
1871 0 0 2 0 0
1886 0 0 2 0 0
1901 0 0 2 0 0
1916 0 0 2 0 0
1931 0 0 2 0 0
1946 0 0 2 0 0
1961 0 0 2 0 0
1976 0 0 2 0 0
1991 0 0 2 0 2
2006 0 0 2 0 0
2021 0 0 2 0 2
2036 0 0 0 0 0
2051 0 0 2 0 2
2066 0 0 2 0 2
2081 0 0 2 0 2
2096 0 0 2 0 2
2111 0 0 2 0 2
2126 0 0 2 0 2
2134 0 0 2 0 2
2137 0 0 2 0 2
2152 0 0 2 0 2
2167 0 0 2 0 2
2182 0 0 2 0 2
2197 2 0 0 2 2
2213 0 0 0 2 2
2216 0 0 0 0 2
2231 0 2 0 2 2
2246 0 2 0 2 2
2261 0 2 0 2 2
2276 0 2 0 2 2
2291 0 2 0 2 2
2306 0 2 0 2 2
2321 0 2 0 2 2
2336 0 2 0 0 2
2351 0 2 0 0 2
2366 2 0 0 0 2
2381 2 0 0 0 2
2396 2 0 0 0 2
2411 0 0 0 0 0
2426 0 2 0 0 2
2441 0 0 0 0 2
2456 2 0 0 0 2
2471 0 0 0 0 0
2484 0 0 0 0 0
2487 0 0 0 0 0
2502 2 0 0 0 0
2517 2 0 0 0 0
2532 2 0 0 0 0
2547 2 0 0 0 0
2562 2 0 0 0 0
2577 2 0 0 0 0
2592 2 0 0 0 0
2607 2 0 0 2 0
2622 2 0 0 2 0
2637 0 2 0 2 2
2648 0 2 2 0 2
2651 0 2 2 0 0
2666 0 0 2 0 0
2681 0 0 2 0 0
2696 0 0 2 0 0
2711 0 0 2 0 0
2726 0 0 2 0 0
2741 0 0 2 0 0
2756 0 0 2 0 0
2771 0 0 2 0 0
2786 0 0 2 0 0
2801 0 0 2 0 0
2816 0 0 2 0 0
2831 0 0 2 0 0
2846 0 0 2 0 0
2861 0 0 2 0 2
2876 0 0 2 0 0
2891 0 0 2 0 0
2906 0 0 2 0 2
2921 0 0 2 0 2
2936 0 0 2 0 0
2942 0 0 2 0 2
2945 0 0 2 0 2
2960 0 0 2 0 2
2975 0 0 2 0 2
2990 0 2 2 0 2
3005 0 0 2 0 2
3015 0 0 0 2 2
3018 0 2 0 2 2
3033 0 2 0 2 2
3048 0 2 0 2 0
3063 0 2 0 0 2
3078 0 2 0 0 2
3093 0 2 0 0 2
3108 0 2 0 0 2
3123 0 2 0 0 2
3138 0 2 0 0 2
3153 0 2 0 0 2
3168 0 2 0 0 2
3183 2 0 0 0 2
3198 2 0 0 0 0
3213 2 0 0 0 2
3228 2 0 0 0 2
3243 2 0 0 0 2
3258 2 0 0 0 0
3276 2 0 0 0 0
