50 0 0 0 0 0
65 0 0 0 0 0
80 0 0 0 0 0
95 0 0 0 0 0
110 0 0 0 0 0
125 0 0 0 0 0
139 0 0 0 0 0
142 0 0 2 0 0
157 0 0 0 0 0
172 0 0 0 0 0
187 0 0 2 0 0
202 0 0 0 0 0
217 0 0 0 0 0
232 0 0 2 0 0
245 0 2 0 0 0
248 0 2 2 0 0
263 0 2 2 0 0
278 0 2 2 0 0
293 2 0 0 2 0
308 2 0 0 0 0
323 2 0 0 0 0
338 2 0 0 0 0
353 2 0 0 0 0
368 2 0 0 0 2
383 0 0 0 2 2
398 0 0 0 2 2
413 2 0 0 2 0
428 2 0 0 0 0
443 0 0 0 2 0
458 0 0 0 2 0
470 0 0 0 0 0
473 0 0 2 0 0
488 0 0 2 0 0
503 0 0 2 0 0
518 0 0 2 0 0
533 0 0 2 0 2
548 0 0 2 0 2
563 0 0 2 0 0
578 0 0 2 0 0
593 0 0 2 0 2
608 0 0 2 0 2
614 0 0 2 0 2
617 0 0 2 0 2
632 0 0 2 0 2
647 0 0 2 0 2
662 0 0 2 0 0
677 0 0 0 0 0
692 0 0 2 0 0
707 0 0 0 0 0
722 0 0 2 0 0
737 0 0 2 0 0
752 0 0 2 0 0
760 0 0 0 2 0
763 0 2 0 2 2
778 0 2 0 2 2
793 2 0 0 0 2
808 2 0 0 0 2
823 0 2 0 0 2
838 2 0 0 0 2
853 2 0 0 0 2
868 2 0 0 0 2
883 2 0 0 0 2
898 0 0 0 0 2
913 0 0 0 0 2
928 2 0 0 0 2
943 2 0 0 0 2
961 2 0 0 0 0
964 0 0 0 0 0
979 2 0 0 0 0
994 2 0 0 0 2
1009 2 0 0 2 2
1027 0 2 2 0 0
1030 0 0 2 0 0
1045 0 0 2 0 0
1060 0 0 2 0 2
1075 0 0 2 0 0
1090 0 0 2 0 0
1105 0 0 2 0 0
1120 0 0 2 0 0
1135 0 0 2 0 0
1150 0 0 2 0 0
1165 0 0 2 0 0
1180 0 0 2 0 0
1195 2 0 2 0 2
1210 2 0 2 0 2
1225 2 0 2 0 2
1240 2 0 2 0 0
1255 0 2 2 0 2
1270 0 0 2 0 2
1285 0 0 2 0 2
1300 0 0 2 0 2
1315 0 0 2 0 2
1330 0 0 2 0 2
1345 0 0 2 0 2
1360 0 0 2 0 0
1375 0 0 2 0 0
1384 0 0 2 0 0
1387 0 0 2 0 2
1402 0 0 2 0 2
1417 0 2 2 0 2
1427 0 2 2 0 2
1430 0 2 2 0 2
1445 2 0 0 2 2
1460 2 0 0 0 2
1475 2 0 0 0 0
1490 2 0 0 0 0
1495 2 0 0 0 0
1498 2 0 0 0 0
1513 2 0 0 0 0
1528 2 0 0 0 0
1543 2 0 0 0 0
1558 2 0 0 0 0
1573 2 0 0 0 0
1588 2 0 0 0 0
1603 2 0 0 2 0
1618 2 0 0 2 0
1631 0 2 2 0 0
1634 0 0 2 0 0
1649 0 0 2 0 0
1664 0 0 2 0 0
1679 0 0 2 0 0
1694 0 0 2 0 0
1709 0 0 2 0 0
1724 0 0 2 0 0
1739 0 0 2 0 2
1754 0 0 2 0 0
1769 0 0 2 0 2
1784 0 0 2 0 2
1799 0 0 2 0 2
1814 0 0 2 0 0
1829 0 0 2 0 2
1844 0 0 2 0 2
1859 0 0 2 0 2
1878 0 0 2 0 2
1881 0 0 2 0 2
1896 0 0 2 0 0
1911 0 0 2 0 0
1926 0 0 2 0 0
1941 0 0 0 2 0
1944 2 0 0 2 2
1959 2 0 0 0 2
1974 2 0 0 0 2
1989 2 0 0 0 2
1998 2 0 0 0 0
2001 0 0 0 0 0
2016 2 0 0 0 0
2031 0 0 0 0 0
2046 0 0 0 2 0
2064 0 2 2 0 0
2067 0 2 2 0 0
2082 0 0 2 0 0
2097 0 0 0 0 2
2112 0 0 2 0 2
2127 0 0 2 0 2
2142 0 0 2 0 2
2157 0 0 0 0 2
2172 0 0 0 0 2
2187 0 0 0 0 0
2202 0 0 0 0 2
2217 0 0 0 0 2
2232 0 0 2 0 2
2247 0 0 0 0 2
2262 0 0 2 0 2
2277 0 0 2 0 2
2292 0 0 2 0 0
2307 0 0 2 0 2
2322 0 0 2 0 2
2337 0 0 0 0 0
2352 0 0 2 0 0
2367 0 0 2 0 0
2382 2 0 2 0 0
2397 0 0 2 0 2
2412 0 0 2 0 2
2427 0 0 2 0 2
2442 0 0 2 0 2
2457 0 0 2 0 2
2472 0 0 2 0 2
2487 2 0 2 0 2
2502 2 0 2 0 2
2517 0 0 2 0 2
2532 0 0 0 0 0
2547 0 0 2 0 2
2562 0 0 2 0 0
2577 0 0 2 0 2
2592 0 0 2 0 0
2607 0 0 2 0 0
2622 0 0 0 0 0
2633 0 0 0 0 0
2636 0 0 0 0 0
2651 0 0 0 0 0
2666 2 0 0 0 0
2681 2 0 0 0 0
2696 2 0 0 2 0
2711 2 0 0 2 0
2726 0 2 2 0 0
2738 0 2 2 0 0
2741 0 2 2 0 0
2756 0 0 2 0 0
2771 0 0 2 0 0
2786 0 0 2 0 0
2801 0 0 2 0 0
2816 0 0 2 0 0
2831 0 0 2 0 0
2846 0 0 2 0 0
2861 0 0 2 0 0
2876 0 0 2 0 0
2891 0 0 2 0 0
2906 2 0 2 0 2
2921 0 0 0 0 2
2936 2 0 0 0 2
2951 2 0 0 0 2
2966 2 0 0 0 2
2981 0 0 0 0 2
2996 0 0 0 0 2
3011 0 0 0 0 2
3026 0 0 0 0 2
3041 0 0 2 0 2
3056 0 0 0 0 2
3071 0 0 0 0 2
3086 0 0 2 0 2
3101 2 0 2 0 2
3116 2 0 2 0 2
3131 0 0 2 0 0
3146 0 0 2 0 0
3161 0 0 2 0 0
3176 2 0 2 0 2
3191 0 0 2 0 2
3206 0 0 2 0 2
3221 0 0 2 0 2
3236 0 0 0 0 2
3266 2 0 0 0 2
3281 2 0 0 0 2
3296 0 0 0 0 2
3311 0 0 0 0 2
3326 0 0 2 0 2
3341 0 0 2 0 2
3356 0 0 0 0 2
3359 0 0 2 0 2
3374 0 0 2 0 2
3389 0 0 2 0 2
3404 0 0 2 0 0
3419 0 0 2 0 0
3434 0 0 0 2 0
3443 0 0 0 2 0
3446 0 0 0 2 0
3461 2 0 0 0 2
3476 0 0 0 2 0
3495 0 0 0 2 2
