166 0 0 0 0 0
181 0 0 0 0 0
196 0 0 0 0 0
211 0 0 0 0 0
226 0 0 0 0 0
241 0 0 0 0 0
256 0 0 0 0 0
271 0 0 0 0 0
286 0 0 0 0 0
301 0 0 0 0 0
316 0 0 0 0 0
331 0 0 0 0 0
346 0 0 0 0 0
361 0 0 0 0 0
376 0 0 0 0 0
391 0 0 0 0 0
406 0 0 2 0 0
421 0 0 0 0 0
436 0 0 0 0 0
451 0 0 0 0 0
466 0 0 0 0 0
481 0 0 0 0 0
496 0 0 0 0 0
511 0 0 0 0 0
526 0 0 0 0 0
541 0 0 0 0 0
556 0 0 0 0 0
571 0 0 0 0 0
584 0 0 0 0 2
587 0 0 2 0 2
602 0 0 2 0 2
617 0 0 2 0 2
632 0 0 2 0 2
647 0 0 0 0 0
662 0 0 0 0 0
677 0 0 2 0 2
692 0 0 2 0 0
707 0 0 2 0 2
722 0 0 2 0 2
737 0 0 2 0 2
752 0 0 2 0 2
767 0 0 2 0 2
782 0 0 2 0 2
792 0 0 2 0 2
795 0 0 2 0 2
807 0 0 2 0 2
819 0 0 2 0 2
822 0 2 0 0 2
837 2 0 0 0 2
852 2 0 0 0 2
867 0 0 0 0 2
882 2 0 0 0 2
897 2 0 0 0 2
912 2 0 0 0 2
927 0 0 0 0 0
942 2 0 0 0 0
960 2 0 0 0 0
963 0 0 0 0 0
978 2 0 0 0 2
993 2 0 0 0 0
1008 2 0 0 0 0
1023 2 0 0 0 0
1038 0 0 0 0 0
1053 0 0 0 0 0
1068 0 0 0 2 0
1083 0 0 0 2 0
1098 2 0 0 2 0
1111 0 0 2 0 0
1114 0 2 2 0 0
1129 0 0 2 0 0
1144 0 0 2 0 0
1159 0 0 2 0 0
1174 0 0 0 0 0
1189 0 0 2 0 0
1204 0 0 2 0 0
1219 0 0 0 2 0
1234 0 0 2 0 0
1249 0 0 2 0 0
1264 0 0 2 0 0
1279 0 0 2 0 0
1294 0 0 2 0 0
1309 0 0 2 0 0
1324 0 0 2 0 0
1339 0 0 2 0 0
1354 0 0 2 0 0
1369 0 0 2 0 0
1384 0 0 0 2 0
1399 0 0 0 2 2
1414 0 0 0 2 2
1429 0 0 2 0 2
1446 0 0 0 0 2
1449 0 0 0 0 0
1464 0 0 0 0 0
1479 0 0 0 0 0
1490 0 0 0 0 0
1493 0 0 0 0 0
1508 0 0 0 0 0
1523 0 0 0 0 0
1538 0 0 0 0 0
1553 0 0 0 0 0
1568 0 0 0 0 0
1583 0 0 0 0 0
1598 0 0 0 0 0
1613 0 0 0 0 0
1629 0 0 0 0 0
1632 0 0 0 0 0
1647 2 0 0 0 0
1662 2 0 0 0 0
1677 2 0 0 2 0
1692 2 0 0 2 0
1707 2 0 0 2 0
1722 2 0 0 0 0
1737 2 0 0 2 0
1752 2 0 0 2 0
1767 0 2 0 0 0
1773 0 2 0 2 0
1776 0 2 0 2 0
1791 0 0 0 2 0
1806 0 0 0 2 0
1821 0 0 0 2 0
1836 0 0 2 0 0
1851 0 0 2 0 0
1866 0 0 0 2 0
1881 0 0 0 2 0
1896 0 0 0 2 2
1911 0 0 0 2 2
1926 0 0 0 2 2
1941 0 0 0 2 0
1956 0 0 0 2 0
1971 0 0 0 2 0
1986 0 0 0 2 0
2001 0 0 0 2 2
2016 0 0 2 0 2
2031 0 0 0 2 2
2046 0 0 0 2 0
2061 0 0 0 0 0
2076 0 0 0 2 0
2091 0 0 0 2 2
2106 0 0 0 2 0
2121 0 0 0 2 2
2136 0 0 0 0 2
2151 0 0 0 0 2
2166 0 0 0 2 2
2182 0 0 0 0 2
2185 0 0 0 0 0
2200 0 0 0 0 0
2215 0 0 0 0 0
2230 0 0 0 0 0
2245 0 0 0 0 0
2260 0 0 0 0 0
2275 0 0 0 0 0
2290 0 0 0 0 0
2305 0 0 0 0 0
2320 0 0 0 0 0
2338 0 0 0 0 0
2341 0 2 0 0 2
2356 2 0 0 0 2
2371 2 0 0 2 2
2386 2 0 0 0 0
2401 2 0 0 0 0
2416 2 0 0 0 0
2431 2 0 0 0 0
2446 2 0 0 0 0
2461 2 0 0 0 0
2476 2 0 0 0 0
2491 0 0 0 0 0
2496 0 0 0 0 0
2499 0 0 0 0 0
2514 0 0 0 0 0
2529 0 0 0 2 0
2544 0 0 0 2 0
2559 0 0 0 2 0
2574 0 0 0 2 0
2589 2 0 0 2 2
2604 2 0 0 2 2
2619 0 0 0 2 2
2634 2 0 0 2 2
2653 0 0 0 2 2
2656 2 0 0 0 2
2671 0 0 0 0 2
2686 2 0 0 0 2
2701 2 0 0 2 2
2716 0 2 0 2 2
2731 0 0 0 2 0
2746 0 0 0 0 0
2761 0 0 0 0 0
2776 0 0 0 0 0
2791 0 0 0 0 0
2806 0 0 0 2 0
2821 0 0 0 2 0
2836 0 0 0 2 2
2851 0 0 0 0 2
2866 0 0 0 0 2
2873 0 0 0 2 2
2876 0 0 0 0 0
2891 0 0 0 0 0
2906 0 0 0 0 0
2920 0 0 0 0 0
2923 0 0 0 2 2
2938 2 0 0 0 2
2953 2 0 0 0 2
2968 2 0 0 0 0
2983 2 0 0 0 0
2998 2 0 0 0 0
3013 2 0 0 0 0
3028 2 0 0 0 0
3043 2 0 0 0 0
3054 2 0 0 0 0
