73 0 0 0 0 0
88 0 0 0 0 0
103 0 0 0 0 0
118 0 0 0 0 0
133 0 0 0 0 0
148 0 0 0 0 0
163 0 0 0 0 0
178 0 0 0 0 0
193 0 0 0 0 0
211 0 0 0 0 0
214 0 0 0 0 0
229 0 0 0 0 0
244 0 0 0 0 0
259 0 0 0 0 0
274 0 0 0 0 0
289 0 0 0 0 0
304 0 0 0 0 0
319 0 0 0 0 0
334 0 0 0 0 0
349 0 0 0 0 0
364 0 0 0 0 0
379 0 0 0 0 0
393 0 0 0 0 0
396 0 0 0 0 0
411 0 2 0 0 0
426 2 0 0 0 0
441 2 0 0 0 0
456 2 0 0 2 0
471 2 0 0 2 0
486 2 0 0 2 0
501 0 2 2 0 0
516 0 0 2 0 0
531 0 0 2 0 2
546 0 0 2 0 2
561 0 0 2 0 0
576 0 2 2 0 2
591 0 2 2 0 0
606 0 0 2 0 2
621 0 2 2 0 2
636 0 2 2 0 0
651 0 2 0 2 0
666 2 0 0 2 0
681 2 0 0 0 0
696 2 0 0 0 2
711 2 0 0 0 2
726 2 0 0 0 2
741 2 0 0 2 2
756 2 0 0 2 2
771 2 0 0 2 2
782 0 2 0 0 2
785 0 2 2 0 2
800 0 0 2 0 0
815 0 0 2 0 0
830 0 0 0 0 0
845 0 0 0 0 2
860 0 0 2 0 0
875 0 0 2 0 0
890 0 0 2 0 0
905 0 0 2 0 2
920 0 0 2 0 2
935 0 0 2 0 2
950 0 0 2 0 2
965 0 0 2 0 2
980 0 0 2 0 2
995 0 0 2 0 2
998 0 0 2 0 2
1013 0 0 0 0 2
1028 0 0 2 0 2
1043 0 0 0 0 2
1058 0 2 0 0 0
1073 0 2 0 0 2
1088 0 2 0 0 2
1103 2 0 0 0 2
1106 2 0 0 0 2
1121 2 0 0 0 2
1136 2 0 0 0 0
1151 2 0 0 0 0
1166 2 0 0 0 0
1181 2 0 0 0 0
1196 2 0 0 0 0
1211 2 0 0 0 0
1227 2 0 0 0 0
1230 0 0 0 0 0
1245 0 0 0 0 0
1260 0 0 0 0 0
1275 0 0 0 0 2
1290 0 0 0 2 0
1305 0 0 0 2 0
1317 0 2 0 0 2
1320 0 0 2 0 2
1335 0 0 2 0 2
1350 0 0 0 0 2
1365 0 0 2 0 0
1380 0 0 2 0 0
1395 0 0 2 0 0
1410 0 0 0 0 0
1425 0 0 0 2 0
1440 0 0 0 2 2
1455 0 0 0 0 2
1467 0 0 0 2 2
1470 0 0 0 2 2
1485 0 0 0 0 0
1500 0 0 0 0 0
1515 0 0 0 0 0
1530 0 0 0 0 2
1548 0 0 0 0 2
1551 0 0 0 0 2
1566 0 0 0 0 2
1581 2 0 0 0 2
1596 0 0 0 0 2
1611 0 0 0 2 2
1626 0 0 0 0 2
1641 0 0 0 0 2
1656 0 0 0 0 2
1671 0 0 0 0 0
1686 0 0 0 0 0
1701 0 0 0 0 0
1716 0 0 0 0 0
1731 0 0 0 0 0
1734 2 0 0 0 0
1749 2 0 0 0 2
1764 2 0 0 0 0
1779 0 0 0 0 2
1794 2 0 0 2 0
1809 0 0 0 2 0
1825 0 2 2 0 0
1828 0 0 2 0 0
1843 0 0 2 0 0
1858 0 0 2 0 0
1873 0 0 2 0 0
1888 0 0 2 0 0
1903 0 0 2 0 0
1918 0 0 2 0 0
1933 0 0 2 0 0
1948 0 0 0 0 0
1963 0 0 0 0 0
1978 0 0 2 0 2
1993 0 0 0 0 0
2002 0 0 2 0 0
2005 0 0 2 0 2
2020 0 0 0 2 2
2035 0 2 0 2 2
2050 0 0 0 2 0
2065 0 0 0 2 0
2084 0 0 0 2 2
2087 2 0 0 2 0
2102 2 0 0 0 2
2117 2 0 0 0 2
2132 2 0 0 0 2
2147 0 0 0 0 2
2162 0 0 0 2 2
2177 0 0 0 2 2
2192 0 0 0 2 0
2207 0 0 0 2 0
2222 0 0 0 2 0
2237 0 0 0 0 0
2249 0 0 0 0 0
2252 2 0 0 0 0
2267 2 0 0 0 2
2282 2 0 0 0 0
2297 2 0 0 2 0
2312 2 0 0 0 0
2327 2 0 0 2 2
2342 2 0 0 2 0
2357 0 2 0 0 0
2363 0 2 0 2 0
2366 0 0 2 0 0
2381 0 0 0 0 0
2396 0 0 0 0 0
2411 0 0 0 0 0
2426 0 0 2 0 0
2441 0 0 0 0 2
2456 0 0 2 0 2
2471 0 0 2 0 2
2486 0 0 2 0 0
2501 0 0 0 0 0
2516 0 0 0 0 2
2531 0 0 0 0 0
2546 0 0 0 0 2
2561 0 0 2 0 2
2576 0 0 2 0 0
2591 0 0 2 0 0
2606 0 0 2 0 0
2621 0 0 2 0 0
2636 0 0 2 0 2
2651 0 0 2 0 0
2666 0 0 2 0 2
2681 0 0 2 0 2
2696 0 0 0 0 2
2711 0 0 2 0 2
2726 0 0 2 0 2
2741 0 0 2 0 0
2756 0 0 0 0 0
2771 0 0 2 0 0
2786 0 0 2 0 2
2801 0 0 2 0 2
2816 0 0 2 0 2
2831 0 0 0 0 0
2846 0 0 2 0 2
2861 0 0 2 0 2
2876 0 0 2 0 2
2891 0 0 2 0 2
2906 0 0 2 0 2
2917 0 0 0 0 0
2920 0 0 2 0 0
2935 0 0 2 0 0
2950 0 0 2 0 0
2965 0 2 2 0 0
2980 0 2 2 0 0
2995 0 2 2 0 0
3010 0 2 0 2 0
3029 2 0 0 2 0
3032 2 0 0 2 0
3047 2 0 0 0 2
3062 2 0 0 2 0
3077 2 0 0 0 2
3092 2 0 0 0 2
3107 2 0 0 0 2
3122 0 0 0 0 0
3138 0 0 0 0 0
