1 0 0 0 0 0
16 0 0 0 0 0
31 0 0 0 0 0
46 0 0 2 0 0
65 0 0 0 2 0
68 0 2 0 2 0
83 2 0 0 0 0
98 0 2 0 0 0
113 0 2 0 0 0
128 0 2 0 2 0
145 0 2 0 2 0
148 0 2 0 2 0
163 0 0 0 0 0
178 0 0 2 0 0
193 0 0 2 0 0
208 0 0 2 0 0
223 0 0 2 0 0
238 0 0 2 0 0
253 0 0 0 0 0
268 0 0 2 0 0
283 0 0 2 0 2
298 0 0 2 0 0
313 0 0 2 0 2
328 0 0 2 0 2
343 0 0 2 0 2
358 0 0 2 0 2
372 0 0 2 0 2
375 0 0 2 0 2
390 0 2 2 0 2
405 0 2 2 0 2
420 0 2 0 0 2
435 0 2 0 0 2
450 0 2 0 0 2
465 2 0 0 0 2
477 2 0 0 0 0
480 0 0 0 0 0
495 2 0 0 0 2
510 2 0 0 0 2
525 0 0 0 2 0
540 2 0 0 2 0
555 2 0 0 2 0
570 0 2 0 2 0
576 0 2 2 0 0
579 0 2 2 0 0
594 0 2 0 0 2
609 0 0 2 0 2
624 0 0 2 0 2
639 0 0 2 0 2
654 0 0 2 0 2
669 0 0 2 0 0
684 0 0 2 0 2
699 0 0 2 0 2
714 0 0 2 0 2
729 0 0 2 0 2
744 0 0 2 0 0
759 0 0 2 0 0
774 0 0 2 0 2
777 0 0 2 0 2
792 0 0 2 0 2
807 0 2 2 0 2
822 0 2 2 0 2
837 0 2 2 0 2
852 0 2 2 0 2
867 0 2 2 0 2
882 0 2 0 2 2
885 0 2 0 0 2
900 0 2 0 0 2
915 0 0 0 0 2
930 0 2 0 0 0
945 0 2 0 0 0
960 0 0 0 0 0
963 0 0 0 0 0
978 2 0 0 0 0
993 2 0 0 0 0
1008 2 0 0 2 0
1023 2 0 0 2 0
1029 0 2 0 2 2
1032 0 0 2 0 2
1047 0 0 2 0 0
1062 0 0 0 2 0
1077 0 0 2 0 0
1092 0 0 2 0 0
1107 0 0 2 0 0
1122 0 0 2 0 2
1137 0 0 2 0 0
1152 0 0 2 0 2
1167 0 0 2 0 0
1182 0 0 0 0 2
1196 0 0 2 0 2
1199 0 0 0 2 0
1214 0 2 2 0 2
1229 0 2 2 0 2
1244 0 2 2 0 2
1259 0 2 2 0 2
1274 2 0 2 0 2
1289 0 2 2 0 2
1304 0 2 2 0 2
1319 0 2 2 0 2
1329 0 2 0 2 2
1332 0 2 0 2 2
1347 0 0 0 0 2
1362 0 0 0 0 0
1377 0 0 0 0 0
1382 0 0 0 0 0
1385 0 0 0 0 0
1400 2 0 0 0 2
1415 0 0 0 0 0
1430 2 0 0 0 2
1445 2 0 0 2 2
1459 0 2 0 2 2
1462 0 2 0 2 2
1477 0 0 0 2 0
1492 0 0 0 2 2
1507 0 0 0 2 2
1522 0 0 0 2 0
1537 0 0 0 0 0
1552 0 0 0 2 0
1567 0 0 0 0 2
1570 0 0 2 0 2
1585 0 0 2 0 2
1600 0 0 2 0 2
1615 0 2 2 0 2
1630 0 2 2 0 0
1645 0 2 0 2 2
1655 0 2 0 2 2
1658 0 2 0 0 2
1673 0 2 0 0 2
1688 0 0 0 0 2
1703 0 0 0 0 0
1720 0 0 0 0 0
