50 0 0 0 0 0
65 0 0 0 0 0
80 0 0 0 0 0
95 0 0 0 0 0
114 0 0 0 0 0
117 0 0 0 0 0
132 0 0 0 0 0
147 0 0 0 0 0
162 0 0 0 0 0
177 0 0 0 0 0
192 0 0 0 0 0
207 0 0 0 0 0
222 0 0 0 0 0
237 0 0 0 0 0
245 0 0 0 0 0
248 0 0 0 0 0
263 0 0 0 0 0
278 0 0 0 0 0
293 0 0 0 0 0
308 0 0 0 0 0
323 0 0 0 0 0
338 0 0 2 0 0
353 0 0 2 0 0
365 0 0 2 0 0
368 0 0 2 0 0
383 0 2 2 0 0
398 0 0 0 2 0
413 2 0 0 0 0
428 2 0 0 0 0
443 2 0 0 0 0
458 2 0 0 2 0
473 2 0 0 2 0
488 2 0 0 0 0
503 2 0 0 2 0
518 2 0 0 2 0
533 2 0 0 2 0
548 0 0 0 0 0
563 0 0 0 0 0
578 0 0 2 0 0
593 0 2 2 0 0
608 0 0 2 0 0
623 0 2 2 0 0
638 0 2 2 0 0
653 2 0 0 2 0
668 2 0 0 0 0
683 2 0 0 0 0
698 0 0 0 0 0
713 2 0 0 2 2
728 2 0 0 2 0
743 2 0 0 2 2
758 0 2 2 0 2
773 0 0 2 0 0
788 0 0 2 0 0
796 0 0 2 0 0
799 0 0 2 0 0
811 0 0 2 0 0
823 0 0 2 0 0
1001 0 2 2 0 2
1016 0 2 2 0 2
1031 0 2 2 0 2
1045 0 0 0 2 2
1048 0 0 0 2 2
1063 0 0 0 0 0
1078 0 0 0 0 0
1093 0 0 0 0 0
1108 0 0 0 0 2
1123 0 0 0 0 0
1138 0 0 0 0 0
1153 0 0 0 2 0
1168 2 0 0 0 0
1183 0 0 2 0 0
1196 0 0 2 0 0
1199 0 0 2 0 0
1214 0 0 2 0 0
1229 0 0 2 0 0
1244 0 0 2 0 0
1259 0 0 2 0 0
1274 0 0 2 0 0
1289 0 0 2 0 0
1304 0 0 2 0 0
1319 0 0 2 0 0
1334 0 0 2 0 0
1349 0 0 2 0 0
1364 0 0 2 0 0
1379 0 0 2 0 0
1394 0 0 2 0 0
1409 0 0 0 2 0
1424 0 0 0 0 0
1439 0 0 0 0 2
1454 0 0 0 0 0
1469 0 0 0 2 0
1484 0 0 0 2 0
1499 0 0 2 0 0
1514 0 0 2 0 0
1527 0 0 2 0 0
1530 0 0 0 0 0
1545 0 0 2 0 2
1560 0 0 2 0 0
1575 0 0 2 0 0
1590 0 0 2 0 0
1605 0 0 2 0 0
1620 0 0 2 0 0
1635 0 2 0 0 2
1650 0 0 2 0 2
1665 0 2 2 0 0
1680 0 0 2 0 0
1695 0 0 2 0 0
1710 0 0 2 0 0
1725 0 0 2 0 0
1740 0 0 2 0 2
1755 0 0 2 0 2
1770 0 0 2 0 2
1785 0 0 2 0 2
1800 0 0 0 2 2
1815 0 0 0 0 2
1830 0 0 0 0 2
1837 0 0 0 0 0
1840 0 0 0 0 0
1855 0 0 0 0 0
1870 0 0 0 2 0
1885 0 0 0 0 0
1900 0 0 0 2 0
1915 0 0 0 0 0
1930 0 0 2 0 0
1945 0 0 2 0 0
1960 0 0 2 0 0
1975 0 0 2 0 0
1992 0 0 2 0 0
1995 0 0 2 0 0
2010 0 0 2 0 0
2025 0 0 2 0 0
2040 0 0 2 0 0
2055 0 0 2 0 0
2070 0 0 2 0 0
2085 0 0 2 0 0
2100 0 0 2 0 0
2115 0 0 2 0 0
2123 0 0 2 0 0
2126 0 0 2 0 2
2141 0 0 2 0 0
2156 0 0 2 0 2
2171 0 0 2 0 2
2186 0 0 2 0 2
2197 0 0 2 0 2
2200 0 0 2 0 0
2215 0 0 2 0 2
2230 0 0 2 0 2
2245 0 0 0 0 2
2260 0 0 2 0 0
2275 0 0 2 0 0
2290 0 0 2 0 0
2305 0 0 2 0 2
2320 0 0 2 0 2
2333 0 0 2 0 2
2336 0 0 2 0 2
2351 0 0 2 0 2
2366 0 0 2 0 2
2380 0 0 2 0 2
2383 0 0 2 0 0
2398 0 0 2 0 0
2413 0 0 2 0 0
2428 0 0 2 0 2
2443 0 0 0 0 0
2458 0 0 0 0 0
2469 0 0 2 0 0
2472 0 0 2 0 0
2487 0 0 2 0 0
2502 0 0 2 0 0
2517 0 0 2 0 0
2532 2 0 2 0 0
2550 0 0 2 0 2
2553 0 0 2 0 2
2568 0 0 2 0 2
2583 0 0 2 0 2
2598 0 0 2 0 2
2613 0 0 2 0 2
2628 0 0 2 0 0
2643 0 0 2 0 2
2658 0 0 2 0 2
2673 0 0 2 0 2
2688 0 0 2 0 2
2707 0 0 0 2 2
2710 0 0 0 2 2
2725 0 0 0 2 0
2740 0 0 0 2 0
2755 0 0 0 0 2
2770 0 0 0 0 2
2784 0 0 2 0 0
2787 2 0 2 0 0
2802 0 0 0 0 0
2817 0 0 0 0 0
2832 0 0 0 0 0
2847 0 2 0 0 0
2862 2 0 0 0 0
2869 2 0 0 0 0
2872 2 0 0 0 0
2887 0 2 0 0 0
2902 0 2 0 0 0
2917 0 2 0 0 0
2932 0 2 0 0 0
2947 2 0 0 0 0
2962 2 0 0 0 0
2981 0 0 0 0 0
