51 0 0 0 0 0
66 0 0 0 0 0
81 0 0 0 0 0
96 0 0 0 0 0
111 0 0 0 0 0
126 0 0 0 0 0
141 0 0 0 0 0
156 0 0 0 0 0
171 0 0 0 0 0
186 0 0 0 2 0
201 0 0 0 2 0
210 0 0 0 2 0
213 0 0 2 0 0
228 0 0 0 0 0
243 0 0 0 0 0
257 0 0 2 0 0
260 0 0 2 0 0
275 0 0 2 0 0
290 0 0 2 0 2
305 0 2 2 0 2
320 0 0 2 0 2
335 0 0 0 0 2
350 0 0 0 0 0
365 2 0 0 0 0
380 0 0 0 0 0
395 0 0 0 2 0
400 0 0 2 0 0
403 0 0 2 0 0
418 0 0 2 0 0
433 0 0 2 0 0
448 0 0 2 0 0
463 0 0 2 0 0
478 0 0 2 0 0
493 0 0 2 0 0
508 0 0 2 0 0
523 0 0 2 0 0
538 0 2 2 0 2
553 0 0 2 0 0
568 0 0 2 0 0
583 0 0 2 0 0
598 0 0 2 0 0
613 0 0 2 0 0
624 0 2 2 0 2
627 0 0 2 0 2
642 0 0 2 0 2
657 0 0 0 0 0
672 0 2 2 0 2
687 0 2 2 0 2
702 0 2 2 0 0
717 0 0 2 0 2
732 0 2 2 0 2
742 0 2 0 2 2
745 2 0 0 0 2
760 2 0 0 0 0
775 0 0 0 0 2
790 2 0 0 0 2
805 0 0 0 0 2
811 0 0 0 0 2
1004 0 2 0 0 0
1019 0 2 0 0 0
1034 2 0 0 0 0
1049 0 0 0 0 0
1066 2 0 0 0 0
1069 2 0 0 2 0
1084 0 0 0 2 0
1099 2 0 0 2 0
1110 0 2 2 0 0
1113 0 0 2 0 0
1128 0 0 2 0 0
1143 0 0 2 0 0
1158 0 0 2 0 0
1173 0 0 2 0 2
1188 0 0 2 0 2
1203 0 0 2 0 2
1216 0 0 2 0 2
1219 0 0 0 0 2
1234 0 0 2 0 2
1249 0 0 2 0 2
1264 0 0 2 0 0
1283 0 0 2 0 2
1286 0 2 2 0 0
1301 2 0 0 2 0
1316 2 0 0 0 2
1331 0 0 0 0 0
1336 0 0 0 0 0
1339 2 0 0 0 0
1354 2 0 0 0 2
1369 2 0 0 2 2
1384 2 0 0 2 2
1397 0 0 2 0 0
1400 0 2 0 0 2
1415 0 0 0 0 0
1430 0 0 0 0 0
1445 0 0 0 0 2
1460 0 0 0 0 2
1475 0 0 0 0 0
1490 0 0 0 0 2
1505 0 0 0 0 2
1524 0 0 2 0 2
1527 0 0 2 0 2
1542 0 0 2 0 2
1557 0 0 2 0 2
1572 0 0 2 0 2
1581 0 2 2 0 2
1584 0 2 0 2 2
1599 2 0 0 2 2
1614 0 0 0 0 2
1621 0 0 0 0 0
1624 2 0 0 0 0
1639 2 0 0 0 2
1654 2 0 0 2 2
1669 0 2 2 0 2
1676 0 2 2 0 2
1679 0 0 2 0 2
1694 0 0 2 0 2
1709 0 0 2 0 2
1724 0 0 2 0 2
1739 0 0 2 0 2
1754 0 0 2 0 2
1769 0 0 2 0 2
1784 0 0 2 0 2
1799 0 0 2 0 2
1814 0 0 2 0 2
1829 0 0 2 0 2
1844 0 0 2 0 2
1859 0 0 0 0 2
1874 0 0 0 0 2
1889 0 0 0 0 2
1904 0 0 0 0 2
1919 0 0 0 0 2
1934 0 0 0 0 2
1949 0 0 0 0 2
1964 0 0 0 0 2
1979 0 0 0 0 2
1994 0 0 0 0 2
2009 0 0 0 0 2
2024 0 0 2 0 2
2031 0 0 2 0 2
2034 0 0 2 0 2
2049 0 0 2 0 2
2064 0 0 2 0 2
2079 0 0 2 0 2
2094 0 0 2 0 2
2111 0 0 2 0 2
2114 0 0 0 0 0
2129 2 0 0 2 0
2144 2 0 0 2 0
2159 0 0 0 0 0
2174 2 0 0 0 0
2189 2 0 0 0 0
2204 2 0 0 0 0
2219 0 0 0 0 0
2234 0 0 0 0 0
2249 0 0 0 0 0
2264 0 0 0 0 0
2279 0 0 0 0 0
2294 0 0 0 0 0
2309 0 0 0 0 0
2324 0 0 0 0 0
2339 0 0 0 0 0
2354 0 0 0 0 0
2369 0 0 0 0 0
2384 0 0 0 0 0
2399 2 0 0 0 0
2414 0 0 0 0 2
2429 0 0 0 0 0
2444 0 0 0 0 0
2456 0 0 0 0 0
