1 0 0 0 0 0
16 0 0 0 2 0
31 0 0 0 0 0
46 0 0 0 2 0
61 0 0 0 2 0
76 0 0 0 0 0
82 0 0 0 0 0
160 0 0 0 2 0
175 0 0 0 2 0
190 0 0 0 0 0
206 0 0 0 0 0
209 0 0 0 0 0
224 0 0 2 0 0
239 0 0 2 0 0
254 0 0 2 0 0
269 0 0 2 0 0
284 0 0 2 0 0
299 0 0 2 0 0
314 0 0 2 0 0
329 0 0 2 0 0
344 0 0 0 0 0
359 0 0 0 0 0
374 0 0 0 0 0
381 0 0 0 0 0
384 2 0 2 0 0
399 2 0 0 2 0
414 2 0 0 0 0
429 2 0 0 2 0
444 2 0 0 2 0
459 2 0 0 0 0
474 2 0 0 0 0
489 2 0 0 0 0
504 2 0 0 2 0
519 2 0 0 2 0
534 2 0 0 2 0
549 0 2 2 0 0
559 0 2 2 0 0
562 0 0 2 0 0
577 0 0 2 0 0
592 0 0 2 0 0
607 0 0 2 0 0
622 0 0 2 0 0
637 0 0 2 0 0
652 0 0 2 0 2
664 0 0 2 0 2
667 0 0 2 0 0
682 0 2 2 0 0
697 0 2 2 0 0
712 0 2 2 0 0
721 2 0 0 2 0
724 2 0 0 2 2
739 0 0 0 0 0
754 2 0 0 0 2
769 0 0 0 0 0
784 2 0 0 0 0
797 2 0 0 0 0
800 0 0 0 0 2
815 0 0 0 0 2
830 0 0 0 0 2
845 0 0 0 0 2
860 0 0 0 0 2
873 0 0 0 0 0
876 0 0 2 0 0
891 0 0 2 0 0
906 0 0 2 0 0
921 0 0 2 0 0
936 0 0 2 0 0
951 0 0 2 0 0
966 0 0 2 0 0
981 0 0 2 0 0
996 0 0 0 0 0
1011 0 0 2 0 0
1026 0 0 2 0 0
1041 0 0 2 0 0
1056 0 0 2 0 0
1071 0 0 2 0 2
1086 0 0 2 0 2
1099 0 0 2 0 2
1102 0 0 2 0 0
1117 0 0 2 0 0
1132 0 2 2 0 0
1147 0 2 2 0 0
1154 2 0 2 0 0
1157 0 0 2 0 0
1169 2 0 0 2 0
1183 2 0 0 0 0
1186 0 0 0 0 0
1201 0 0 0 0 0
1216 0 0 0 0 0
1231 0 0 0 2 0
1246 0 0 0 2 0
1261 0 0 2 0 0
1266 0 0 2 0 0
1269 0 0 2 0 0
1284 0 0 2 0 0
1299 0 0 2 0 0
1314 0 0 2 0 0
1329 0 0 2 0 2
1344 0 0 2 0 0
1359 0 0 2 0 0
1374 0 0 2 0 0
1389 0 0 2 0 2
1404 0 0 2 0 0
1419 0 0 2 0 0
1434 0 0 2 0 2
1449 0 0 0 0 2
1462 0 0 2 0 2
1465 0 0 2 0 2
1480 0 2 2 0 0
1495 0 0 2 0 2
1510 0 2 2 0 2
1521 0 2 2 0 2
1524 2 0 2 0 2
1539 2 0 0 2 2
1554 2 0 0 0 0
1566 0 0 0 0 0
1569 0 0 0 0 0
1584 2 0 0 0 0
1599 2 0 0 2 0
1614 2 0 0 0 0
1623 0 2 0 0 0
1626 0 2 2 0 0
1641 0 0 2 0 0
1656 0 0 2 0 0
1671 0 0 2 0 2
1686 0 0 2 0 2
1701 0 0 2 0 2
1716 0 0 2 0 2
1731 0 0 2 0 2
1734 0 0 2 0 0
1749 0 2 2 0 0
1764 0 2 2 0 0
1777 2 0 2 0 0
1780 2 0 2 0 0
1795 2 0 0 2 0
1810 2 0 0 2 0
1825 0 0 0 0 0
1840 0 0 0 0 0
1852 0 0 0 0 0
