0 0 0 0 0 2
1 0 0 0 0 2
2 0 0 0 0 2
3 0 0 0 0 2
4 0 0 0 0 2
5 0 0 0 0 2
6 0 0 0 0 2
7 0 0 0 0 2
8 0 0 0 0 2
9 0 0 0 0 2
10 0 0 0 0 2
11 0 0 0 0 2
12 0 0 0 0 2
13 0 0 0 0 2
14 0 0 0 0 2
15 0 0 0 0 2
16 0 0 0 0 2
17 0 0 0 0 2
18 0 0 0 0 2
19 0 0 0 0 2
20 0 0 0 0 2
21 0 0 0 0 2
22 0 0 0 0 2
23 0 0 0 0 2
24 0 0 0 0 2
25 0 0 0 0 2
26 0 0 0 0 2
27 0 0 0 0 2
28 0 0 0 0 2
29 0 0 0 0 2
30 0 0 0 0 2
31 0 0 0 0 2
32 0 0 0 0 2
33 0 0 0 0 2
34 0 0 0 0 2
35 0 0 0 0 2
36 0 0 0 0 2
37 0 0 0 0 2
38 0 0 0 0 2
39 0 0 0 0 2
40 0 0 2 0 2
41 0 0 2 0 2
42 0 0 2 0 2
43 0 0 2 0 2
44 0 0 2 0 2
45 0 0 2 0 2
46 0 0 2 0 2
47 0 0 2 0 2
48 0 0 2 0 2
49 0 0 2 0 2
50 0 0 2 0 2
51 0 0 2 0 2
52 0 0 2 0 2
53 0 0 2 0 2
54 0 0 2 0 2
55 0 0 2 0 2
56 0 0 2 0 2
57 0 0 2 0 2
58 0 0 2 0 2
59 0 0 2 0 2
60 0 0 2 0 2
61 0 0 2 0 2
62 0 0 2 0 2
63 0 0 2 0 2
64 0 0 2 0 2
65 0 0 2 0 2
66 0 0 2 0 2
67 0 0 2 0 2
68 0 0 2 0 2
69 0 0 2 0 2
70 0 0 2 0 0
71 0 0 2 0 0
72 0 0 2 0 0
73 0 0 2 0 0
74 0 0 2 0 0
75 0 0 2 0 0
76 0 0 2 0 0
77 0 0 2 0 0
78 0 0 2 0 0
79 0 0 2 0 0
80 0 0 2 0 0
81 0 0 2 0 0
82 0 0 2 0 0
83 0 0 2 0 0
84 0 0 2 0 0
85 0 0 2 0 0
86 0 0 2 0 0
87 0 0 2 0 0
88 0 0 2 0 0
89 0 0 2 0 0
90 0 0 2 0 0
91 0 0 2 0 0
92 0 0 2 0 0
93 0 0 2 0 0
94 0 0 2 0 0
95 0 0 2 0 0
96 0 0 2 0 0
97 0 0 2 0 0
98 0 0 2 0 0
99 0 0 2 0 0
100 0 0 2 0 0
101 0 0 2 0 0
102 0 0 2 0 0
103 0 0 2 0 0
104 0 0 2 0 0
105 0 0 2 0 0
106 0 0 2 0 0
107 0 0 2 0 0
108 0 0 2 0 0
109 0 0 2 0 0
110 0 0 2 0 0
111 0 0 2 0 0
112 0 0 2 0 0
113 0 0 2 0 0
114 0 0 2 0 0
115 0 0 2 0 0
116 0 0 2 0 0
117 0 0 2 0 0
118 0 0 2 0 0
119 0 0 2 0 0
120 0 0 2 0 0
121 0 0 2 0 0
122 0 0 2 0 0
123 0 0 2 0 0
124 0 0 2 0 0
125 0 0 2 0 0
126 0 0 2 0 0
127 0 0 2 0 0
128 0 0 2 0 0
129 0 0 2 0 0
130 0 0 2 0 0
131 0 0 2 0 0
132 0 0 2 0 0
133 0 0 2 0 0
134 0 0 2 0 0
135 0 0 2 0 0
136 0 0 2 0 0
137 0 0 2 0 0
138 0 0 2 0 0
139 0 0 2 0 0
140 0 0 2 0 0
141 0 0 2 0 0
142 0 0 2 0 0
143 0 0 2 0 0
144 0 0 2 0 0
145 0 0 2 0 0
146 0 0 2 0 0
147 0 0 2 0 0
148 0 0 2 0 0
149 0 0 2 0 0
150 0 0 2 0 1
151 0 0 2 0 1
152 0 0 2 0 1
153 0 0 2 0 1
154 0 0 2 0 1
155 0 0 2 0 1
156 0 0 2 0 1
157 0 0 2 0 1
158 0 0 2 0 1
159 0 0 2 0 1
160 0 0 2 0 2
161 0 0 2 0 2
162 0 0 2 0 2
163 0 0 2 0 2
164 0 0 2 0 2
165 0 0 2 0 2
166 0 0 2 0 2
167 0 0 2 0 2
168 0 0 2 0 2
169 0 0 2 0 2
170 0 0 2 0 2
171 0 0 2 0 2
172 0 0 2 0 2
173 0 0 2 0 2
174 0 0 2 0 2
175 0 0 2 0 2
176 0 0 2 0 2
177 0 0 2 0 2
178 0 0 2 0 2
179 0 0 2 0 2
180 0 0 2 0 2
181 0 0 2 0 2
182 0 0 2 0 2
183 0 0 2 0 2
184 0 0 2 0 2
185 0 0 2 0 2
186 0 0 2 0 2
187 0 0 2 0 2
188 0 0 2 0 2
189 0 0 2 0 2
190 0 0 2 0 2
191 0 0 2 0 2
192 0 0 2 0 2
193 0 0 2 0 2
194 0 0 2 0 2
195 0 0 2 0 2
196 0 0 2 0 2
197 0 0 2 0 2
198 0 0 2 0 2
199 0 0 2 0 2
200 0 0 2 0 2
201 0 0 2 0 2
202 0 0 2 0 2
203 0 0 2 0 2
204 0 0 2 0 2
205 0 0 2 0 2
206 0 0 2 0 2
207 0 0 2 0 2
208 0 0 2 0 2
209 0 0 2 0 2
210 0 0 2 0 2
211 0 0 2 0 2
212 0 0 2 0 2
213 0 0 2 0 2
214 0 0 2 0 2
215 0 0 2 0 2
216 0 0 2 0 2
217 0 0 2 0 2
218 0 0 2 0 2
219 0 0 2 0 2
220 0 0 2 0 2
221 0 0 2 0 2
222 0 0 2 0 2
223 0 0 2 0 2
224 0 0 2 0 2
225 0 0 2 0 2
226 0 0 2 0 2
227 0 0 2 0 2
228 0 0 2 0 2
229 0 0 2 0 2
230 0 0 2 0 2
231 0 0 2 0 2
232 0 0 2 0 2
233 0 0 2 0 2
234 0 0 2 0 2
235 0 0 2 0 2
236 0 0 2 0 2
237 0 0 2 0 2
238 0 0 2 0 2
239 0 0 2 0 2
240 0 0 2 0 2
241 0 0 2 0 2
242 0 0 2 0 2
243 0 0 2 0 2
244 0 0 2 0 2
245 0 0 2 0 2
246 0 0 2 0 2
247 0 0 2 0 2
248 0 0 2 0 2
249 0 0 2 0 2
250 0 0 2 0 2
251 0 0 2 0 2
252 0 0 2 0 2
253 0 0 2 0 2
254 0 0 2 0 2
255 0 0 2 0 2
256 0 0 2 0 2
257 0 0 2 0 2
258 0 0 2 0 2
259 0 0 2 0 2
260 0 0 2 0 2
261 0 0 2 0 2
262 0 0 2 0 2
263 0 0 2 0 2
264 0 0 2 0 2
265 0 0 2 0 2
266 0 0 2 0 2
267 0 0 2 0 2
268 0 0 2 0 2
269 0 0 2 0 2
270 0 0 2 0 2
271 0 0 2 0 2
272 0 0 2 0 2
273 0 0 2 0 2
274 0 0 2 0 2
275 0 0 2 0 2
276 0 0 2 0 2
277 0 0 2 0 2
278 0 0 2 0 2
279 0 0 2 0 2
280 0 0 2 0 2
281 0 0 2 0 2
282 0 0 2 0 2
283 0 0 2 0 2
284 0 0 2 0 2
285 0 0 2 0 2
286 0 0 2 0 2
287 0 0 2 0 2
288 0 0 2 0 2
289 0 0 2 0 2
290 0 0 2 0 2
291 0 0 2 0 2
292 0 0 2 0 2
293 0 0 2 0 2
294 0 0 2 0 2
295 0 0 2 0 2
296 0 0 2 0 2
297 0 0 2 0 2
298 0 0 2 0 2
299 0 0 2 0 2
300 0 0 2 0 2
301 0 0 2 0 2
302 0 0 2 0 2
303 0 0 2 0 2
304 0 0 2 0 2
305 0 0 2 0 2
306 0 0 2 0 2
307 0 0 2 0 2
308 0 0 2 0 2
309 0 0 2 0 2
310 0 0 2 0 2
311 0 0 2 0 2
312 0 0 2 0 2
313 0 0 2 0 2
314 0 0 2 0 2
315 0 0 2 0 2
316 0 0 2 0 2
317 0 0 2 0 2
318 0 0 2 0 2
319 0 0 2 0 2
320 0 0 2 0 2
321 0 0 2 0 2
322 0 0 2 0 2
323 0 0 2 0 2
324 0 0 2 0 2
325 0 0 2 0 2
326 0 0 2 0 2
327 0 0 2 0 2
328 0 0 2 0 2
329 0 0 2 0 2
330 0 0 2 0 2
331 0 0 2 0 2
332 0 0 2 0 2
333 0 0 2 0 2
334 0 0 2 0 2
335 0 0 2 0 2
336 0 0 2 0 2
337 0 0 2 0 2
338 0 0 2 0 2
339 0 0 2 0 2
340 0 0 2 0 2
341 0 0 2 0 2
342 0 0 2 0 2
343 0 0 2 0 2
344 0 0 2 0 2
345 0 0 2 0 2
346 0 0 2 0 2
347 0 0 2 0 2
348 0 0 2 0 2
349 0 0 2 0 2
350 0 0 2 0 2
351 0 0 2 0 2
352 0 0 2 0 2
353 0 0 2 0 2
354 0 0 2 0 2
355 0 0 2 0 2
356 0 0 2 0 2
357 0 0 2 0 2
358 0 0 2 0 2
359 0 0 2 0 2
360 2 0 2 0 2
361 2 0 2 0 2
362 2 0 2 0 2
363 2 0 2 0 2
364 2 0 2 0 2
365 2 0 2 0 2
366 2 0 2 0 2
367 2 0 2 0 2
368 2 0 2 0 2
369 2 0 2 0 2
370 2 0 2 0 2
371 2 0 2 0 2
372 2 0 2 0 2
373 2 0 2 0 2
374 2 0 2 0 2
375 2 0 2 0 2
376 2 0 2 0 2
377 2 0 2 0 2
378 2 0 2 0 2
379 2 0 2 0 2
380 2 0 2 0 2
381 2 0 2 0 2
382 2 0 2 0 2
383 2 0 2 0 2
384 2 0 2 0 2
385 2 0 2 0 2
386 2 0 2 0 2
387 2 0 2 0 2
388 2 0 2 0 2
389 2 0 2 0 2
390 2 0 2 0 2
391 2 0 2 0 2
392 2 0 2 0 2
393 2 0 2 0 2
394 2 0 2 0 2
395 2 0 2 0 2
396 2 0 2 0 2
397 2 0 2 0 2
398 2 0 2 0 2
399 2 0 2 0 2
400 2 0 0 0 2
401 2 0 0 0 2
402 2 0 0 0 2
403 2 0 0 0 2
404 2 0 0 0 2
405 2 0 0 0 2
406 2 0 0 0 2
407 2 0 0 0 2
408 2 0 0 0 2
409 2 0 0 0 2
410 2 0 0 0 2
411 2 0 0 0 2
412 2 0 0 0 2
413 2 0 0 0 2
414 2 0 0 0 2
415 2 0 0 0 2
416 2 0 0 0 2
417 2 0 0 0 2
418 2 0 0 0 2
419 2 0 0 0 2
420 2 0 0 0 2
421 2 0 0 0 2
422 2 0 0 0 2
423 2 0 0 0 2
424 2 0 0 0 2
425 2 0 0 0 2
426 2 0 0 0 2
427 2 0 0 0 2
428 2 0 0 0 2
429 2 0 0 0 2
430 2 0 0 0 2
431 2 0 0 0 2
432 2 0 0 0 2
433 2 0 0 0 2
434 2 0 0 0 2
435 2 0 0 0 2
436 2 0 0 0 2
437 2 0 0 0 2
438 2 0 0 0 2
439 2 0 0 0 2
440 2 0 0 0 0
441 2 0 0 0 0
442 2 0 0 0 0
443 2 0 0 0 0
444 2 0 0 0 0
445 2 0 0 0 0
446 2 0 0 0 0
447 2 0 0 0 0
448 2 0 0 0 0
449 2 0 0 0 0
450 2 0 0 0 0
451 2 0 0 0 0
452 2 0 0 0 0
453 2 0 0 0 0
454 2 0 0 0 0
455 2 0 0 0 0
456 2 0 0 0 0
457 2 0 0 0 0
458 2 0 0 0 0
459 2 0 0 0 0
460 2 0 0 0 0
461 2 0 0 0 0
462 2 0 0 0 0
463 2 0 0 0 0
464 2 0 0 0 0
465 2 0 0 0 0
466 2 0 0 0 0
467 2 0 0 0 0
468 2 0 0 0 0
469 2 0 0 0 0
470 2 0 0 0 0
471 2 0 0 0 0
472 2 0 0 0 0
473 2 0 0 0 0
474 2 0 0 0 0
475 2 0 0 0 0
476 2 0 0 0 0
477 2 0 0 0 0
478 2 0 0 0 0
479 2 0 0 0 0
480 2 0 0 0 0
481 2 0 0 0 0
482 2 0 0 0 0
483 2 0 0 0 0
484 2 0 0 0 0
485 2 0 0 0 0
486 2 0 0 0 0
487 2 0 0 0 0
488 2 0 0 0 0
489 2 0 0 0 0
490 2 0 0 0 0
491 2 0 0 0 0
492 2 0 0 0 0
493 2 0 0 0 0
494 2 0 0 0 0
495 2 0 0 0 0
496 2 0 0 0 0
497 2 0 0 0 0
498 2 0 0 0 0
499 2 0 0 0 0
500 2 0 0 0 0
501 2 0 0 0 0
502 2 0 0 0 0
503 2 0 0 0 0
504 2 0 0 0 0
505 2 0 0 0 0
506 2 0 0 0 0
507 2 0 0 0 0
508 2 0 0 0 0
509 2 0 0 0 0
510 2 0 0 0 0
511 2 0 0 0 0
512 2 0 0 0 0
513 2 0 0 0 0
514 2 0 0 0 0
515 2 0 0 0 0
516 2 0 0 0 0
517 2 0 0 0 0
518 2 0 0 0 0
519 2 0 0 0 0
520 2 0 0 0 0
521 2 0 0 0 0
522 2 0 0 0 0
523 2 0 0 0 0
524 2 0 0 0 0
525 2 0 0 0 0
526 2 0 0 0 0
527 2 0 0 0 0
528 2 0 0 0 0
529 2 0 0 0 0
530 2 0 0 0 0
531 2 0 0 0 0
532 2 0 0 0 0
533 2 0 0 0 0
534 2 0 0 0 0
535 2 0 0 0 0
536 2 0 0 0 0
537 2 0 0 0 0
538 2 0 0 0 0
539 2 0 0 0 0
540 2 0 0 0 0
541 2 0 0 0 0
542 2 0 0 0 0
543 2 0 0 0 0
544 2 0 0 0 0
545 2 0 0 0 0
546 2 0 0 0 0
547 2 0 0 0 0
548 2 0 0 0 0
549 2 0 0 0 0
550 2 0 0 0 0
551 2 0 0 0 0
552 2 0 0 0 0
553 2 0 0 0 0
554 2 0 0 0 0
555 2 0 0 0 0
556 2 0 0 0 0
557 2 0 0 0 0
558 2 0 0 0 0
559 2 0 0 0 0
560 2 0 0 0 0
561 2 0 0 0 0
562 2 0 0 0 0
563 2 0 0 0 0
564 2 0 0 0 0
565 2 0 0 0 0
566 2 0 0 0 0
567 2 0 0 0 0
568 2 0 0 0 0
569 2 0 0 0 0
570 2 0 0 0 0
571 2 0 0 0 0
572 2 0 0 0 0
573 2 0 0 0 0
574 2 0 0 0 0
575 2 0 0 0 0
576 2 0 0 0 0
577 2 0 0 0 0
578 2 0 0 0 0
579 2 0 0 0 0
580 2 0 0 0 0
581 2 0 0 0 0
582 2 0 0 0 0
583 2 0 0 0 0
584 2 0 0 0 0
585 2 0 0 0 0
586 2 0 0 0 0
587 2 0 0 0 0
588 2 0 0 0 0
589 2 0 0 0 0
590 2 0 0 0 0
591 2 0 0 0 0
592 2 0 0 0 0
593 2 0 0 0 0
594 2 0 0 0 0
595 2 0 0 0 0
596 2 0 0 0 0
597 2 0 0 0 0
598 2 0 0 0 0
599 2 0 0 0 0
600 2 0 0 0 0
601 2 0 0 0 0
602 2 0 0 0 0
603 2 0 0 0 0
604 2 0 0 0 0
605 2 0 0 0 0
606 2 0 0 0 0
607 2 0 0 0 0
608 2 0 0 0 0
609 2 0 0 0 0
610 2 0 0 0 0
611 2 0 0 0 0
612 2 0 0 0 0
613 2 0 0 0 0
614 2 0 0 0 0
615 2 0 0 0 0
616 2 0 0 0 0
617 2 0 0 0 0
618 2 0 0 0 0
619 2 0 0 0 0
620 2 0 0 0 0
621 2 0 0 0 0
622 2 0 0 0 0
623 2 0 0 0 0
624 2 0 0 0 0
625 2 0 0 0 0
626 2 0 0 0 0
627 2 0 0 0 0
628 2 0 0 0 0
629 2 0 0 0 0
630 2 0 0 0 0
631 2 0 0 0 0
632 2 0 0 0 0
633 2 0 0 0 0
634 2 0 0 0 0
635 2 0 0 0 0
636 2 0 0 0 0
637 2 0 0 0 0
638 2 0 0 0 0
639 2 0 0 0 0
640 2 0 2 0 0
641 2 0 2 0 0
642 2 0 2 0 0
643 2 0 2 0 0
644 2 0 2 0 0
645 2 0 2 0 0
646 2 0 2 0 0
647 2 0 2 0 0
648 2 0 2 0 0
649 2 0 2 0 0
650 0 0 2 0 0
651 0 0 2 0 0
652 0 0 2 0 0
653 0 0 2 0 0
654 0 0 2 0 0
655 0 0 2 0 0
656 0 0 2 0 0
657 0 0 2 0 0
658 0 0 2 0 0
659 0 0 2 0 0
660 0 0 2 0 0
661 0 0 2 0 0
662 0 0 2 0 0
663 0 0 2 0 0
664 0 0 2 0 0
665 0 0 2 0 0
666 0 0 2 0 0
667 0 0 2 0 0
668 0 0 2 0 0
669 0 0 2 0 0
670 0 0 2 0 0
671 0 0 2 0 0
672 0 0 2 0 0
673 0 0 2 0 0
674 0 0 2 0 0
675 0 0 2 0 0
676 0 0 2 0 0
677 0 0 2 0 0
678 0 0 2 0 0
679 0 0 2 0 0
680 0 0 2 0 0
681 0 0 2 0 0
682 0 0 2 0 0
683 0 0 2 0 0
684 0 0 2 0 0
685 0 0 2 0 0
686 0 0 2 0 0
687 0 0 2 0 0
688 0 0 2 0 0
689 0 0 2 0 0
690 0 0 2 0 0
691 0 0 2 0 0
692 0 0 2 0 0
693 0 0 2 0 0
694 0 0 2 0 0
695 0 0 2 0 0
696 0 0 2 0 0
697 0 0 2 0 0
698 0 0 2 0 0
699 0 0 2 0 0
700 0 0 2 0 0
701 0 0 2 0 0
702 0 0 2 0 0
703 0 0 2 0 0
704 0 0 2 0 0
705 0 0 2 0 0
706 0 0 2 0 0
707 0 0 2 0 0
708 0 0 2 0 0
709 0 0 2 0 0
710 0 0 2 0 1
711 0 0 2 0 1
712 0 0 2 0 1
713 0 0 2 0 1
714 0 0 2 0 1
715 0 0 2 0 1
716 0 0 2 0 1
717 0 0 2 0 1
718 0 0 2 0 1
719 0 0 2 0 1
720 0 0 2 0 1
721 0 0 2 0 1
722 0 0 2 0 1
723 0 0 2 0 1
724 0 0 2 0 1
725 0 0 2 0 1
726 0 0 2 0 1
727 0 0 2 0 1
728 0 0 2 0 1
729 0 0 2 0 1
730 0 0 2 0 1
731 0 0 2 0 1
732 0 0 2 0 1
733 0 0 2 0 1
734 0 0 2 0 1
735 0 0 2 0 1
736 0 0 2 0 1
737 0 0 2 0 1
738 0 0 2 0 1
739 0 0 2 0 1
740 0 0 2 0 2
741 0 0 2 0 2
742 0 0 2 0 2
743 0 0 2 0 2
744 0 0 2 0 2
745 0 0 2 0 2
746 0 0 2 0 2
747 0 0 2 0 2
748 0 0 2 0 2
749 0 0 2 0 2
750 0 0 2 0 2
751 0 0 2 0 2
752 0 0 2 0 2
753 0 0 2 0 2
754 0 0 2 0 2
755 0 0 2 0 2
756 0 0 2 0 2
757 0 0 2 0 2
758 0 0 2 0 2
759 0 0 2 0 2
760 0 0 2 0 2
761 0 0 2 0 2
762 0 0 2 0 2
763 0 0 2 0 2
764 0 0 2 0 2
765 0 0 2 0 2
766 0 0 2 0 2
767 0 0 2 0 2
768 0 0 2 0 2
769 0 0 2 0 2
770 0 0 2 0 2
771 0 0 2 0 2
772 0 0 2 0 2
773 0 0 2 0 2
774 0 0 2 0 2
775 0 0 2 0 2
776 0 0 2 0 2
777 0 0 2 0 2
778 0 0 2 0 2
779 0 0 2 0 2
780 0 0 2 0 2
781 0 0 2 0 2
782 0 0 2 0 2
783 0 0 2 0 2
784 0 0 2 0 2
785 0 0 2 0 2
786 0 0 2 0 2
787 0 0 2 0 2
788 0 0 2 0 2
789 0 0 2 0 2
790 0 0 2 0 2
791 0 0 2 0 2
792 0 0 2 0 2
793 0 0 2 0 2
794 0 0 2 0 2
795 0 0 2 0 2
796 0 0 2 0 2
797 0 0 2 0 2
798 0 0 2 0 2
799 0 0 2 0 2
800 0 0 2 0 2
801 0 0 2 0 2
802 0 0 2 0 2
803 0 0 2 0 2
804 0 0 2 0 2
805 0 0 2 0 2
806 0 0 2 0 2
807 0 0 2 0 2
808 0 0 2 0 2
809 0 0 2 0 2
810 0 0 2 0 2
811 0 0 2 0 2
812 0 0 2 0 2
813 0 0 2 0 2
814 0 0 2 0 2
815 0 0 2 0 2
816 0 0 2 0 2
817 0 0 2 0 2
818 0 0 2 0 2
819 0 0 2 0 2
820 0 0 2 0 2
821 0 0 2 0 2
822 0 0 2 0 2
823 0 0 2 0 2
824 0 0 2 0 2
825 0 0 2 0 2
826 0 0 2 0 2
827 0 0 2 0 2
828 0 0 2 0 2
829 0 0 2 0 2
830 0 0 2 0 2
831 0 0 2 0 2
832 0 0 2 0 2
833 0 0 2 0 2
834 0 0 2 0 2
835 0 0 2 0 2
836 0 0 2 0 2
837 0 0 2 0 2
838 0 0 2 0 2
839 0 0 2 0 2
840 0 0 2 0 2
841 0 0 2 0 2
842 0 0 2 0 2
843 0 0 2 0 2
844 0 0 2 0 2
845 0 0 2 0 2
846 0 0 2 0 2
847 0 0 2 0 2
848 0 0 2 0 2
849 0 0 2 0 2
850 0 0 2 0 2
851 0 0 2 0 2
852 0 0 2 0 2
853 0 0 2 0 2
854 0 0 2 0 2
855 0 0 2 0 2
856 0 0 2 0 2
857 0 0 2 0 2
858 0 0 2 0 2
859 0 0 2 0 2
860 0 0 2 0 2
861 0 0 2 0 2
862 0 0 2 0 2
863 0 0 2 0 2
864 0 0 2 0 2
865 0 0 2 0 2
866 0 0 2 0 2
867 0 0 2 0 2
868 0 0 2 0 2
869 0 0 2 0 2
870 0 0 2 0 2
871 0 0 2 0 2
872 0 0 2 0 2
873 0 0 2 0 2
874 0 0 2 0 2
875 0 0 2 0 2
876 0 0 2 0 2
877 0 0 2 0 2
878 0 0 2 0 2
879 0 0 2 0 2
880 0 0 2 0 2
881 0 0 2 0 2
882 0 0 2 0 2
883 0 0 2 0 2
884 0 0 2 0 2
885 0 0 2 0 2
886 0 0 2 0 2
887 0 0 2 0 2
888 0 0 2 0 2
889 0 0 2 0 2
890 2 0 2 0 2
891 2 0 2 0 2
892 2 0 2 0 2
893 2 0 2 0 2
894 2 0 2 0 2
895 2 0 2 0 2
896 2 0 2 0 2
897 2 0 2 0 2
898 2 0 2 0 2
899 2 0 2 0 2
900 2 0 2 0 2
901 2 0 2 0 2
902 2 0 2 0 2
903 2 0 2 0 2
904 2 0 2 0 2
905 2 0 2 0 2
906 2 0 2 0 2
907 2 0 2 0 2
908 2 0 2 0 2
909 2 0 2 0 2
910 2 0 0 0 2
911 2 0 0 0 2
912 2 0 0 0 2
913 2 0 0 0 2
914 2 0 0 0 2
915 2 0 0 0 2
916 2 0 0 0 2
917 2 0 0 0 2
918 2 0 0 0 2
919 2 0 0 0 2
920 2 0 0 0 2
921 2 0 0 0 2
922 2 0 0 0 2
923 2 0 0 0 2
924 2 0 0 0 2
925 2 0 0 0 2
926 2 0 0 0 2
927 2 0 0 0 2
928 2 0 0 0 2
929 2 0 0 0 2
930 2 0 0 0 2
931 2 0 0 0 2
932 2 0 0 0 2
933 2 0 0 0 2
934 2 0 0 0 2
935 2 0 0 0 2
936 2 0 0 0 2
937 2 0 0 0 2
938 2 0 0 0 2
939 2 0 0 0 2
940 2 0 0 0 2
941 2 0 0 0 2
942 2 0 0 0 2
943 2 0 0 0 2
944 2 0 0 0 2
945 2 0 0 0 2
946 2 0 0 0 2
947 2 0 0 0 2
948 2 0 0 0 2
949 2 0 0 0 2
950 2 0 0 0 0
951 2 0 0 0 0
952 2 0 0 0 0
953 2 0 0 0 0
954 2 0 0 0 0
955 2 0 0 0 0
956 2 0 0 0 0
957 2 0 0 0 0
958 2 0 0 0 0
959 2 0 0 0 0
960 2 0 0 0 0
961 2 0 0 0 0
962 2 0 0 0 0
963 2 0 0 0 0
964 2 0 0 0 0
965 2 0 0 0 0
966 2 0 0 0 0
967 2 0 0 0 0
968 2 0 0 0 0
969 2 0 0 0 0
970 2 0 0 0 0
971 2 0 0 0 0
972 2 0 0 0 0
973 2 0 0 0 0
974 2 0 0 0 0
975 2 0 0 0 0
976 2 0 0 0 0
977 2 0 0 0 0
978 2 0 0 0 0
979 2 0 0 0 0
980 2 0 0 0 0
981 2 0 0 0 0
982 2 0 0 0 0
983 2 0 0 0 0
984 2 0 0 0 0
985 2 0 0 0 0
986 2 0 0 0 0
987 2 0 0 0 0
988 2 0 0 0 0
989 2 0 0 0 0
990 2 0 0 0 0
991 2 0 0 0 0
992 2 0 0 0 0
993 2 0 0 0 0
994 2 0 0 0 0
995 2 0 0 0 0
996 2 0 0 0 0
997 2 0 0 0 0
998 2 0 0 0 0
999 2 0 0 0 0
1000 2 0 0 0 0
1001 2 0 0 0 0
1002 2 0 0 0 0
1003 2 0 0 0 0
1004 2 0 0 0 0
1005 2 0 0 0 0
1006 2 0 0 0 0
1007 2 0 0 0 0
1008 2 0 0 0 0
1009 2 0 0 0 0
1010 2 0 0 0 0
1011 2 0 0 0 0
1012 2 0 0 0 0
1013 2 0 0 0 0
1014 2 0 0 0 0
1015 2 0 0 0 0
1016 2 0 0 0 0
1017 2 0 0 0 0
1018 2 0 0 0 0
1019 2 0 0 0 0
1020 2 0 0 0 0
1021 2 0 0 0 0
1022 2 0 0 0 0
1023 2 0 0 0 0
1024 2 0 0 0 0
1025 2 0 0 0 0
1026 2 0 0 0 0
1027 2 0 0 0 0
1028 2 0 0 0 0
1029 2 0 0 0 0
1030 2 0 0 0 0
1031 2 0 0 0 0
1032 2 0 0 0 0
1033 2 0 0 0 0
1034 2 0 0 0 0
1035 2 0 0 0 0
1036 2 0 0 0 0
1037 2 0 0 0 0
1038 2 0 0 0 0
1039 2 0 0 0 0
1040 2 0 0 0 0
1041 2 0 0 0 0
1042 2 0 0 0 0
1043 2 0 0 0 0
1044 2 0 0 0 0
1045 2 0 0 0 0
1046 2 0 0 0 0
1047 2 0 0 0 0
1048 2 0 0 0 0
1049 2 0 0 0 0
1050 2 0 0 0 0
1051 2 0 0 0 0
1052 2 0 0 0 0
1053 2 0 0 0 0
1054 2 0 0 0 0
1055 2 0 0 0 0
1056 2 0 0 0 0
1057 2 0 0 0 0
1058 2 0 0 0 0
1059 2 0 0 0 0
1060 2 0 0 0 0
1061 2 0 0 0 0
1062 2 0 0 0 0
1063 2 0 0 0 0
1064 2 0 0 0 0
1065 2 0 0 0 0
1066 2 0 0 0 0
1067 2 0 0 0 0
1068 2 0 0 0 0
1069 2 0 0 0 0
1070 2 0 0 0 0
1071 2 0 0 0 0
1072 2 0 0 0 0
1073 2 0 0 0 0
1074 2 0 0 0 0
1075 2 0 0 0 0
1076 2 0 0 0 0
1077 2 0 0 0 0
1078 2 0 0 0 0
1079 2 0 0 0 0
1080 2 0 0 0 0
1081 2 0 0 0 0
1082 2 0 0 0 0
1083 2 0 0 0 0
1084 2 0 0 0 0
1085 2 0 0 0 0
1086 2 0 0 0 0
1087 2 0 0 0 0
1088 2 0 0 0 0
1089 2 0 0 0 0
1090 2 0 0 0 0
1091 2 0 0 0 0
1092 2 0 0 0 0
1093 2 0 0 0 0
1094 2 0 0 0 0
1095 2 0 0 0 0
1096 2 0 0 0 0
1097 2 0 0 0 0
1098 2 0 0 0 0
1099 2 0 0 0 0
1100 2 0 0 0 0
1101 2 0 0 0 0
1102 2 0 0 0 0
1103 2 0 0 0 0
1104 2 0 0 0 0
1105 2 0 0 0 0
1106 2 0 0 0 0
1107 2 0 0 0 0
1108 2 0 0 0 0
1109 2 0 0 0 0
1110 2 0 0 0 0
1111 2 0 0 0 0
1112 2 0 0 0 0
1113 2 0 0 0 0
1114 2 0 0 0 0
1115 2 0 0 0 0
1116 2 0 0 0 0
1117 2 0 0 0 0
1118 2 0 0 0 0
1119 2 0 0 0 0
1120 2 0 0 0 0
1121 2 0 0 0 0
1122 2 0 0 0 0
1123 2 0 0 0 0
1124 2 0 0 0 0
1125 2 0 0 0 0
1126 2 0 0 0 0
1127 2 0 0 0 0
1128 2 0 0 0 0
1129 2 0 0 0 0
1130 2 0 0 0 0
1131 2 0 0 0 0
1132 2 0 0 0 0
1133 2 0 0 0 0
1134 2 0 0 0 0
1135 2 0 0 0 0
1136 2 0 0 0 0
1137 2 0 0 0 0
1138 2 0 0 0 0
1139 2 0 0 0 0
1140 2 0 0 0 0
1141 2 0 0 0 0
1142 2 0 0 0 0
1143 2 0 0 0 0
1144 2 0 0 0 0
1145 2 0 0 0 0
1146 2 0 0 0 0
1147 2 0 0 0 0
1148 2 0 0 0 0
1149 2 0 0 0 0
1150 2 0 0 0 0
1151 2 0 0 0 0
1152 2 0 0 0 0
1153 2 0 0 0 0
1154 2 0 0 0 0
1155 2 0 0 0 0
1156 2 0 0 0 0
1157 2 0 0 0 0
1158 2 0 0 0 0
1159 2 0 0 0 0
1160 2 0 2 0 0
1161 2 0 2 0 0
1162 2 0 2 0 0
1163 2 0 2 0 0
1164 2 0 2 0 0
1165 2 0 2 0 0
1166 2 0 2 0 0
1167 2 0 2 0 0
1168 2 0 2 0 0
1169 2 0 2 0 0
1170 2 0 2 0 0
1171 2 0 2 0 0
1172 2 0 2 0 0
1173 2 0 2 0 0
1174 2 0 2 0 0
1175 2 0 2 0 0
1176 2 0 2 0 0
1177 2 0 2 0 0
1178 2 0 2 0 0
1179 2 0 2 0 0
1180 0 0 2 0 0
1181 0 0 2 0 0
1182 0 0 2 0 0
1183 0 0 2 0 0
1184 0 0 2 0 0
1185 0 0 2 0 0
1186 0 0 2 0 0
1187 0 0 2 0 0
1188 0 0 2 0 0
1189 0 0 2 0 0
1190 0 0 2 0 0
1191 0 0 2 0 0
1192 0 0 2 0 0
1193 0 0 2 0 0
1194 0 0 2 0 0
1195 0 0 2 0 0
1196 0 0 2 0 0
1197 0 0 2 0 0
1198 0 0 2 0 0
1199 0 0 2 0 0
1200 0 0 2 0 0
1201 0 0 2 0 0
1202 0 0 2 0 0
1203 0 0 2 0 0
1204 0 0 2 0 0
1205 0 0 2 0 0
1206 0 0 2 0 0
1207 0 0 2 0 0
1208 0 0 2 0 0
1209 0 0 2 0 0
1210 0 0 2 0 0
1211 0 0 2 0 0
1212 0 0 2 0 0
1213 0 0 2 0 0
1214 0 0 2 0 0
1215 0 0 2 0 0
1216 0 0 2 0 0
1217 0 0 2 0 0
1218 0 0 2 0 0
1219 0 0 2 0 0
1220 0 0 2 0 0
1221 0 0 2 0 0
1222 0 0 2 0 0
1223 0 0 2 0 0
1224 0 0 2 0 0
1225 0 0 2 0 0
1226 0 0 2 0 0
1227 0 0 2 0 0
1228 0 0 2 0 0
1229 0 0 2 0 0
1230 0 0 2 0 2
1231 0 0 2 0 2
1232 0 0 2 0 2
1233 0 0 2 0 2
1234 0 0 2 0 2
1235 0 0 2 0 2
1236 0 0 2 0 2
1237 0 0 2 0 2
1238 0 0 2 0 2
1239 0 0 2 0 2
1240 0 0 2 0 2
1241 0 0 2 0 2
1242 0 0 2 0 2
1243 0 0 2 0 2
1244 0 0 2 0 2
1245 0 0 2 0 2
1246 0 0 2 0 2
1247 0 0 2 0 2
1248 0 0 2 0 2
1249 0 0 2 0 2
1250 0 0 2 0 2
1251 0 0 2 0 2
1252 0 0 2 0 2
1253 0 0 2 0 2
1254 0 0 2 0 2
1255 0 0 2 0 2
1256 0 0 2 0 2
1257 0 0 2 0 2
1258 0 0 2 0 2
1259 0 0 2 0 2
1260 0 0 2 0 2
1261 0 0 2 0 2
1262 0 0 2 0 2
1263 0 0 2 0 2
1264 0 0 2 0 2
1265 0 0 2 0 2
1266 0 0 2 0 2
1267 0 0 2 0 2
1268 0 0 2 0 2
1269 0 0 2 0 2
1270 0 0 2 0 2
1271 0 0 2 0 2
1272 0 0 2 0 2
1273 0 0 2 0 2
1274 0 0 2 0 2
1275 0 0 2 0 2
1276 0 0 2 0 2
1277 0 0 2 0 2
1278 0 0 2 0 2
1279 0 0 2 0 2
1280 0 0 2 0 2
1281 0 0 2 0 2
1282 0 0 2 0 2
1283 0 0 2 0 2
1284 0 0 2 0 2
1285 0 0 2 0 2
1286 0 0 2 0 2
1287 0 0 2 0 2
1288 0 0 2 0 2
1289 0 0 2 0 2
1290 0 0 2 0 2
1291 0 0 2 0 2
1292 0 0 2 0 2
1293 0 0 2 0 2
1294 0 0 2 0 2
1295 0 0 2 0 2
1296 0 0 2 0 2
1297 0 0 2 0 2
1298 0 0 2 0 2
1299 0 0 2 0 2
1300 0 0 2 0 2
1301 0 0 2 0 2
1302 0 0 2 0 2
1303 0 0 2 0 2
1304 0 0 2 0 2
1305 0 0 2 0 2
1306 0 0 2 0 2
1307 0 0 2 0 2
1308 0 0 2 0 2
1309 0 0 2 0 2
1310 0 0 2 0 2
1311 0 0 2 0 2
1312 0 0 2 0 2
1313 0 0 2 0 2
1314 0 0 2 0 2
1315 0 0 2 0 2
1316 0 0 2 0 2
1317 0 0 2 0 2
1318 0 0 2 0 2
1319 0 0 2 0 2
1320 0 0 2 0 2
1321 0 0 2 0 2
1322 0 0 2 0 2
1323 0 0 2 0 2
1324 0 0 2 0 2
1325 0 0 2 0 2
1326 0 0 2 0 2
1327 0 0 2 0 2
1328 0 0 2 0 2
1329 0 0 2 0 2
1330 0 0 2 0 2
1331 0 0 2 0 2
1332 0 0 2 0 2
1333 0 0 2 0 2
1334 0 0 2 0 2
1335 0 0 2 0 2
1336 0 0 2 0 2
1337 0 0 2 0 2
1338 0 0 2 0 2
1339 0 0 2 0 2
1340 0 0 2 0 2
1341 0 0 2 0 2
1342 0 0 2 0 2
1343 0 0 2 0 2
1344 0 0 2 0 2
1345 0 0 2 0 2
1346 0 0 2 0 2
1347 0 0 2 0 2
1348 0 0 2 0 2
1349 0 0 2 0 2
1350 0 0 2 0 2
1351 0 0 2 0 2
1352 0 0 2 0 2
1353 0 0 2 0 2
1354 0 0 2 0 2
1355 0 0 2 0 2
1356 0 0 2 0 2
1357 0 0 2 0 2
1358 0 0 2 0 2
1359 0 0 2 0 2
1360 0 0 2 0 2
1361 0 0 2 0 2
1362 0 0 2 0 2
1363 0 0 2 0 2
1364 0 0 2 0 2
1365 0 0 2 0 2
1366 0 0 2 0 2
1367 0 0 2 0 2
1368 0 0 2 0 2
1369 0 0 2 0 2
1370 0 0 2 0 2
1371 0 0 2 0 2
1372 0 0 2 0 2
1373 0 0 2 0 2
1374 0 0 2 0 2
1375 0 0 2 0 2
1376 0 0 2 0 2
1377 0 0 2 0 2
1378 0 0 2 0 2
1379 0 0 2 0 2
1380 0 0 2 0 2
1381 0 0 2 0 2
1382 0 0 2 0 2
1383 0 0 2 0 2
1384 0 0 2 0 2
1385 0 0 2 0 2
1386 0 0 2 0 2
1387 0 0 2 0 2
1388 0 0 2 0 2
1389 0 0 2 0 2
1390 0 0 2 0 2
1391 0 0 2 0 2
1392 0 0 2 0 2
1393 0 0 2 0 2
1394 0 0 2 0 2
1395 0 0 2 0 2
1396 0 0 2 0 2
1397 0 0 2 0 2
1398 0 0 2 0 2
1399 0 0 2 0 2
1400 0 0 2 0 2
1401 0 0 2 0 2
1402 0 0 2 0 2
1403 0 0 2 0 2
1404 0 0 2 0 2
1405 0 0 2 0 2
1406 0 0 2 0 2
1407 0 0 2 0 2
1408 0 0 2 0 2
1409 0 0 2 0 2
1410 2 0 2 0 2
1411 2 0 2 0 2
1412 2 0 2 0 2
1413 2 0 2 0 2
1414 2 0 2 0 2
1415 2 0 2 0 2
1416 2 0 2 0 2
1417 2 0 2 0 2
1418 2 0 2 0 2
1419 2 0 2 0 2
1420 2 0 2 0 2
1421 2 0 2 0 2
1422 2 0 2 0 2
1423 2 0 2 0 2
1424 2 0 2 0 2
1425 2 0 2 0 2
1426 2 0 2 0 2
1427 2 0 2 0 2
1428 2 0 2 0 2
1429 2 0 2 0 2
1430 2 0 0 0 2
1431 2 0 0 0 2
1432 2 0 0 0 2
1433 2 0 0 0 2
1434 2 0 0 0 2
1435 2 0 0 0 2
1436 2 0 0 0 2
1437 2 0 0 0 2
1438 2 0 0 0 2
1439 2 0 0 0 2
1440 2 0 0 0 2
1441 2 0 0 0 2
1442 2 0 0 0 2
1443 2 0 0 0 2
1444 2 0 0 0 2
1445 2 0 0 0 2
1446 2 0 0 0 2
1447 2 0 0 0 2
1448 2 0 0 0 2
1449 2 0 0 0 2
1450 2 0 0 0 2
1451 2 0 0 0 2
1452 2 0 0 0 2
1453 2 0 0 0 2
1454 2 0 0 0 2
1455 2 0 0 0 2
1456 2 0 0 0 2
1457 2 0 0 0 2
1458 2 0 0 0 2
1459 2 0 0 0 2
1460 2 0 0 0 2
1461 2 0 0 0 2
1462 2 0 0 0 2
1463 2 0 0 0 2
1464 2 0 0 0 2
1465 2 0 0 0 2
1466 2 0 0 0 2
1467 2 0 0 0 2
1468 2 0 0 0 2
1469 2 0 0 0 2
1470 2 0 0 0 2
1471 2 0 0 0 2
1472 2 0 0 0 2
1473 2 0 0 0 2
1474 2 0 0 0 2
1475 2 0 0 0 2
1476 2 0 0 0 2
1477 2 0 0 0 2
1478 2 0 0 0 2
1479 2 0 0 0 2
1480 2 0 0 0 0
1481 2 0 0 0 0
1482 2 0 0 0 0
1483 2 0 0 0 0
1484 2 0 0 0 0
1485 2 0 0 0 0
1486 2 0 0 0 0
1487 2 0 0 0 0
1488 2 0 0 0 0
1489 2 0 0 0 0
1490 2 0 0 0 0
1491 2 0 0 0 0
1492 2 0 0 0 0
1493 2 0 0 0 0
1494 2 0 0 0 0
1495 2 0 0 0 0
1496 2 0 0 0 0
1497 2 0 0 0 0
1498 2 0 0 0 0
1499 2 0 0 0 0
1500 2 0 0 0 0
1501 2 0 0 0 0
1502 2 0 0 0 0
1503 2 0 0 0 0
1504 2 0 0 0 0
1505 2 0 0 0 0
1506 2 0 0 0 0
1507 2 0 0 0 0
1508 2 0 0 0 0
1509 2 0 0 0 0
1510 2 0 0 0 0
1511 2 0 0 0 0
1512 2 0 0 0 0
1513 2 0 0 0 0
1514 2 0 0 0 0
1515 2 0 0 0 0
1516 2 0 0 0 0
1517 2 0 0 0 0
1518 2 0 0 0 0
1519 2 0 0 0 0
1520 2 0 0 0 0
1521 2 0 0 0 0
1522 2 0 0 0 0
1523 2 0 0 0 0
1524 2 0 0 0 0
1525 2 0 0 0 0
1526 2 0 0 0 0
1527 2 0 0 0 0
1528 2 0 0 0 0
1529 2 0 0 0 0
1530 2 0 0 0 0
1531 2 0 0 0 0
1532 2 0 0 0 0
1533 2 0 0 0 0
1534 2 0 0 0 0
1535 2 0 0 0 0
1536 2 0 0 0 0
1537 2 0 0 0 0
1538 2 0 0 0 0
1539 2 0 0 0 0
1540 2 0 0 0 0
1541 2 0 0 0 0
1542 2 0 0 0 0
1543 2 0 0 0 0
1544 2 0 0 0 0
1545 2 0 0 0 0
1546 2 0 0 0 0
1547 2 0 0 0 0
1548 2 0 0 0 0
1549 2 0 0 0 0
1550 2 0 0 0 0
1551 2 0 0 0 0
1552 2 0 0 0 0
1553 2 0 0 0 0
1554 2 0 0 0 0
1555 2 0 0 0 0
1556 2 0 0 0 0
1557 2 0 0 0 0
1558 2 0 0 0 0
1559 2 0 0 0 0
1560 2 0 0 0 0
1561 2 0 0 0 0
1562 2 0 0 0 0
1563 2 0 0 0 0
1564 2 0 0 0 0
1565 2 0 0 0 0
1566 2 0 0 0 0
1567 2 0 0 0 0
1568 2 0 0 0 0
1569 2 0 0 0 0
1570 2 0 0 0 0
1571 2 0 0 0 0
1572 2 0 0 0 0
1573 2 0 0 0 0
1574 2 0 0 0 0
1575 2 0 0 0 0
1576 2 0 0 0 0
1577 2 0 0 0 0
1578 2 0 0 0 0
1579 2 0 0 0 0
1580 2 0 0 0 0
1581 2 0 0 0 0
1582 2 0 0 0 0
1583 2 0 0 0 0
1584 2 0 0 0 0
1585 2 0 0 0 0
1586 2 0 0 0 0
1587 2 0 0 0 0
1588 2 0 0 0 0
1589 2 0 0 0 0
1590 2 0 0 0 0
1591 2 0 0 0 0
1592 2 0 0 0 0
1593 2 0 0 0 0
1594 2 0 0 0 0
1595 2 0 0 0 0
1596 2 0 0 0 0
1597 2 0 0 0 0
1598 2 0 0 0 0
1599 2 0 0 0 0
1600 2 0 0 0 0
1601 2 0 0 0 0
1602 2 0 0 0 0
1603 2 0 0 0 0
1604 2 0 0 0 0
1605 2 0 0 0 0
1606 2 0 0 0 0
1607 2 0 0 0 0
1608 2 0 0 0 0
1609 2 0 0 0 0
1610 2 0 0 0 0
1611 2 0 0 0 0
1612 2 0 0 0 0
1613 2 0 0 0 0
1614 2 0 0 0 0
1615 2 0 0 0 0
1616 2 0 0 0 0
1617 2 0 0 0 0
1618 2 0 0 0 0
1619 2 0 0 0 0
1620 2 0 0 0 0
1621 2 0 0 0 0
1622 2 0 0 0 0
1623 2 0 0 0 0
1624 2 0 0 0 0
1625 2 0 0 0 0
1626 2 0 0 0 0
1627 2 0 0 0 0
1628 2 0 0 0 0
1629 2 0 0 0 0
1630 2 0 2 0 0
1631 2 0 2 0 0
1632 2 0 2 0 0
1633 2 0 2 0 0
1634 2 0 2 0 0
1635 2 0 2 0 0
1636 2 0 2 0 0
1637 2 0 2 0 0
1638 2 0 2 0 0
1639 2 0 2 0 0
1640 2 0 2 0 0
1641 2 0 2 0 0
1642 2 0 2 0 0
1643 2 0 2 0 0
1644 2 0 2 0 0
1645 2 0 2 0 0
1646 2 0 2 0 0
1647 2 0 2 0 0
1648 2 0 2 0 0
1649 2 0 2 0 0
1650 0 0 2 0 0
1651 0 0 2 0 0
1652 0 0 2 0 0
1653 0 0 2 0 0
1654 0 0 2 0 0
1655 0 0 2 0 0
1656 0 0 2 0 0
1657 0 0 2 0 0
1658 0 0 2 0 0
1659 0 0 2 0 0
1660 0 0 2 0 0
1661 0 0 2 0 0
1662 0 0 2 0 0
1663 0 0 2 0 0
1664 0 0 2 0 0
1665 0 0 2 0 0
1666 0 0 2 0 0
1667 0 0 2 0 0
1668 0 0 2 0 0
1669 0 0 2 0 0
1670 0 0 2 0 0
1671 0 0 2 0 0
1672 0 0 2 0 0
1673 0 0 2 0 0
1674 0 0 2 0 0
1675 0 0 2 0 0
1676 0 0 2 0 0
1677 0 0 2 0 0
1678 0 0 2 0 0
1679 0 0 2 0 0
1680 0 0 2 0 0
1681 0 0 2 0 0
1682 0 0 2 0 0
1683 0 0 2 0 0
1684 0 0 2 0 0
1685 0 0 2 0 0
1686 0 0 2 0 0
1687 0 0 2 0 0
1688 0 0 2 0 0
1689 0 0 2 0 0
1690 0 0 2 0 0
1691 0 0 2 0 0
1692 0 0 2 0 0
1693 0 0 2 0 0
1694 0 0 2 0 0
1695 0 0 2 0 0
1696 0 0 2 0 0
1697 0 0 2 0 0
1698 0 0 2 0 0
1699 0 0 2 0 0
1700 0 0 2 0 0
1701 0 0 2 0 0
1702 0 0 2 0 0
1703 0 0 2 0 0
1704 0 0 2 0 0
1705 0 0 2 0 0
1706 0 0 2 0 0
1707 0 0 2 0 0
1708 0 0 2 0 0
1709 0 0 2 0 0
1710 0 0 2 0 1
1711 0 0 2 0 1
1712 0 0 2 0 1
1713 0 0 2 0 1
1714 0 0 2 0 1
1715 0 0 2 0 1
1716 0 0 2 0 1
1717 0 0 2 0 1
1718 0 0 2 0 1
1719 0 0 2 0 1
1720 0 0 2 0 1
1721 0 0 2 0 1
1722 0 0 2 0 1
1723 0 0 2 0 1
1724 0 0 2 0 1
1725 0 0 2 0 1
1726 0 0 2 0 1
1727 0 0 2 0 1
1728 0 0 2 0 1
1729 0 0 2 0 1
1730 0 0 2 0 2
1731 0 0 2 0 2
1732 0 0 2 0 2
1733 0 0 2 0 2
1734 0 0 2 0 2
1735 0 0 2 0 2
1736 0 0 2 0 2
1737 0 0 2 0 2
1738 0 0 2 0 2
1739 0 0 2 0 2
1740 0 0 2 0 2
1741 0 0 2 0 2
1742 0 0 2 0 2
1743 0 0 2 0 2
1744 0 0 2 0 2
1745 0 0 2 0 2
1746 0 0 2 0 2
1747 0 0 2 0 2
1748 0 0 2 0 2
1749 0 0 2 0 2
1750 0 0 2 0 2
1751 0 0 2 0 2
1752 0 0 2 0 2
1753 0 0 2 0 2
1754 0 0 2 0 2
1755 0 0 2 0 2
1756 0 0 2 0 2
1757 0 0 2 0 2
1758 0 0 2 0 2
1759 0 0 2 0 2
1760 0 0 2 0 2
1761 0 0 2 0 2
1762 0 0 2 0 2
1763 0 0 2 0 2
1764 0 0 2 0 2
1765 0 0 2 0 2
1766 0 0 2 0 2
1767 0 0 2 0 2
1768 0 0 2 0 2
1769 0 0 2 0 2
1770 0 0 2 0 2
1771 0 0 2 0 2
1772 0 0 2 0 2
1773 0 0 2 0 2
1774 0 0 2 0 2
1775 0 0 2 0 2
1776 0 0 2 0 2
1777 0 0 2 0 2
1778 0 0 2 0 2
1779 0 0 2 0 2
1780 0 0 2 0 2
1781 0 0 2 0 2
1782 0 0 2 0 2
1783 0 0 2 0 2
1784 0 0 2 0 2
1785 0 0 2 0 2
1786 0 0 2 0 2
1787 0 0 2 0 2
1788 0 0 2 0 2
1789 0 0 2 0 2
1790 0 0 2 0 2
1791 0 0 2 0 2
1792 0 0 2 0 2
1793 0 0 2 0 2
1794 0 0 2 0 2
1795 0 0 2 0 2
1796 0 0 2 0 2
1797 0 0 2 0 2
1798 0 0 2 0 2
1799 0 0 2 0 2
1800 0 0 2 0 2
1801 0 0 2 0 2
1802 0 0 2 0 2
1803 0 0 2 0 2
1804 0 0 2 0 2
1805 0 0 2 0 2
1806 0 0 2 0 2
1807 0 0 2 0 2
1808 0 0 2 0 2
1809 0 0 2 0 2
1810 0 0 2 0 2
1811 0 0 2 0 2
1812 0 0 2 0 2
1813 0 0 2 0 2
1814 0 0 2 0 2
1815 0 0 2 0 2
1816 0 0 2 0 2
1817 0 0 2 0 2
1818 0 0 2 0 2
1819 0 0 2 0 2
1820 0 0 2 0 2
1821 0 0 2 0 2
1822 0 0 2 0 2
1823 0 0 2 0 2
1824 0 0 2 0 2
1825 0 0 2 0 2
1826 0 0 2 0 2
1827 0 0 2 0 2
1828 0 0 2 0 2
1829 0 0 2 0 2
1830 0 0 2 0 2
1831 0 0 2 0 2
1832 0 0 2 0 2
1833 0 0 2 0 2
1834 0 0 2 0 2
1835 0 0 2 0 2
1836 0 0 2 0 2
1837 0 0 2 0 2
1838 0 0 2 0 2
1839 0 0 2 0 2
1840 0 0 2 0 2
1841 0 0 2 0 2
1842 0 0 2 0 2
1843 0 0 2 0 2
1844 0 0 2 0 2
1845 0 0 2 0 2
1846 0 0 2 0 2
1847 0 0 2 0 2
1848 0 0 2 0 2
1849 0 0 2 0 2
1850 0 0 2 0 2
1851 0 0 2 0 2
1852 0 0 2 0 2
1853 0 0 2 0 2
1854 0 0 2 0 2
1855 0 0 2 0 2
1856 0 0 2 0 2
1857 0 0 2 0 2
1858 0 0 2 0 2
1859 0 0 2 0 2
1860 0 0 2 0 2
1861 0 0 2 0 2
1862 0 0 2 0 2
1863 0 0 2 0 2
1864 0 0 2 0 2
1865 0 0 2 0 2
1866 0 0 2 0 2
1867 0 0 2 0 2
1868 0 0 2 0 2
1869 0 0 2 0 2
1870 0 0 2 0 2
1871 0 0 2 0 2
1872 0 0 2 0 2
1873 0 0 2 0 2
1874 0 0 2 0 2
1875 0 0 2 0 2
1876 0 0 2 0 2
1877 0 0 2 0 2
1878 0 0 2 0 2
1879 0 0 2 0 2
1880 2 0 2 0 2
1881 2 0 2 0 2
1882 2 0 2 0 2
1883 2 0 2 0 2
1884 2 0 2 0 2
1885 2 0 2 0 2
1886 2 0 2 0 2
1887 2 0 2 0 2
1888 2 0 2 0 2
1889 2 0 2 0 2
1890 2 0 0 0 2
1891 2 0 0 0 2
1892 2 0 0 0 2
1893 2 0 0 0 2
1894 2 0 0 0 2
1895 2 0 0 0 2
1896 2 0 0 0 2
1897 2 0 0 0 2
1898 2 0 0 0 2
1899 2 0 0 0 2
1900 2 0 0 0 2
1901 2 0 0 0 2
1902 2 0 0 0 2
1903 2 0 0 0 2
1904 2 0 0 0 2
1905 2 0 0 0 2
1906 2 0 0 0 2
1907 2 0 0 0 2
1908 2 0 0 0 2
1909 2 0 0 0 2
1910 2 0 0 0 2
1911 2 0 0 0 2
1912 2 0 0 0 2
1913 2 0 0 0 2
1914 2 0 0 0 2
1915 2 0 0 0 2
1916 2 0 0 0 2
1917 2 0 0 0 2
1918 2 0 0 0 2
1919 2 0 0 0 2
1920 2 0 0 0 2
1921 2 0 0 0 2
1922 2 0 0 0 2
1923 2 0 0 0 2
1924 2 0 0 0 2
1925 2 0 0 0 2
1926 2 0 0 0 2
1927 2 0 0 0 2
1928 2 0 0 0 2
1929 2 0 0 0 2
1930 2 0 0 0 0
1931 2 0 0 0 0
1932 2 0 0 0 0
1933 2 0 0 0 0
1934 2 0 0 0 0
1935 2 0 0 0 0
1936 2 0 0 0 0
1937 2 0 0 0 0
1938 2 0 0 0 0
1939 2 0 0 0 0
1940 2 0 0 0 0
1941 2 0 0 0 0
1942 2 0 0 0 0
1943 2 0 0 0 0
1944 2 0 0 0 0
1945 2 0 0 0 0
1946 2 0 0 0 0
1947 2 0 0 0 0
1948 2 0 0 0 0
1949 2 0 0 0 0
1950 2 0 0 0 0
1951 2 0 0 0 0
1952 2 0 0 0 0
1953 2 0 0 0 0
1954 2 0 0 0 0
1955 2 0 0 0 0
1956 2 0 0 0 0
1957 2 0 0 0 0
1958 2 0 0 0 0
1959 2 0 0 0 0
1960 2 0 0 0 0
1961 2 0 0 0 0
1962 2 0 0 0 0
1963 2 0 0 0 0
1964 2 0 0 0 0
1965 2 0 0 0 0
1966 2 0 0 0 0
1967 2 0 0 0 0
1968 2 0 0 0 0
1969 2 0 0 0 0
1970 2 0 0 0 0
1971 2 0 0 0 0
1972 2 0 0 0 0
1973 2 0 0 0 0
1974 2 0 0 0 0
1975 2 0 0 0 0
1976 2 0 0 0 0
1977 2 0 0 0 0
1978 2 0 0 0 0
1979 2 0 0 0 0
1980 2 0 0 0 0
1981 2 0 0 0 0
1982 2 0 0 0 0
1983 2 0 0 0 0
1984 2 0 0 0 0
1985 2 0 0 0 0
1986 2 0 0 0 0
1987 2 0 0 0 0
1988 2 0 0 0 0
1989 2 0 0 0 0
1990 2 0 0 0 0
1991 2 0 0 0 0
1992 2 0 0 0 0
1993 2 0 0 0 0
1994 2 0 0 0 0
1995 2 0 0 0 0
1996 2 0 0 0 0
1997 2 0 0 0 0
1998 2 0 0 0 0
1999 2 0 0 0 0
2000 2 0 0 0 0
2001 2 0 0 0 0
2002 2 0 0 0 0
2003 2 0 0 0 0
2004 2 0 0 0 0
2005 2 0 0 0 0
2006 2 0 0 0 0
2007 2 0 0 0 0
2008 2 0 0 0 0
2009 2 0 0 0 0
2010 2 0 0 0 0
2011 2 0 0 0 0
2012 2 0 0 0 0
2013 2 0 0 0 0
2014 2 0 0 0 0
2015 2 0 0 0 0
2016 2 0 0 0 0
2017 2 0 0 0 0
2018 2 0 0 0 0
2019 2 0 0 0 0
2020 2 0 0 0 0
2021 2 0 0 0 0
2022 2 0 0 0 0
2023 2 0 0 0 0
2024 2 0 0 0 0
2025 2 0 0 0 0
2026 2 0 0 0 0
2027 2 0 0 0 0
2028 2 0 0 0 0
2029 2 0 0 0 0
2030 2 0 0 0 0
2031 2 0 0 0 0
2032 2 0 0 0 0
2033 2 0 0 0 0
2034 2 0 0 0 0
2035 2 0 0 0 0
2036 2 0 0 0 0
2037 2 0 0 0 0
2038 2 0 0 0 0
2039 2 0 0 0 0
2040 2 0 0 0 0
2041 2 0 0 0 0
2042 2 0 0 0 0
2043 2 0 0 0 0
2044 2 0 0 0 0
2045 2 0 0 0 0
2046 2 0 0 0 0
2047 2 0 0 0 0
2048 2 0 0 0 0
2049 2 0 0 0 0
2050 2 0 0 0 0
2051 2 0 0 0 0
2052 2 0 0 0 0
2053 2 0 0 0 0
2054 2 0 0 0 0
2055 2 0 0 0 0
2056 2 0 0 0 0
2057 2 0 0 0 0
2058 2 0 0 0 0
2059 2 0 0 0 0
2060 2 0 0 0 0
2061 2 0 0 0 0
2062 2 0 0 0 0
2063 2 0 0 0 0
2064 2 0 0 0 0
2065 2 0 0 0 0
2066 2 0 0 0 0
2067 2 0 0 0 0
2068 2 0 0 0 0
2069 2 0 0 0 0
2070 2 0 0 0 0
2071 2 0 0 0 0
2072 2 0 0 0 0
2073 2 0 0 0 0
2074 2 0 0 0 0
2075 2 0 0 0 0
2076 2 0 0 0 0
2077 2 0 0 0 0
2078 2 0 0 0 0
2079 2 0 0 0 0
2080 2 0 0 0 0
2081 2 0 0 0 0
2082 2 0 0 0 0
2083 2 0 0 0 0
2084 2 0 0 0 0
2085 2 0 0 0 0
2086 2 0 0 0 0
2087 2 0 0 0 0
2088 2 0 0 0 0
2089 2 0 0 0 0
2090 2 0 0 0 0
2091 2 0 0 0 0
2092 2 0 0 0 0
2093 2 0 0 0 0
2094 2 0 0 0 0
2095 2 0 0 0 0
2096 2 0 0 0 0
2097 2 0 0 0 0
2098 2 0 0 0 0
2099 2 0 0 0 0
2100 2 0 0 0 0
2101 2 0 0 0 0
2102 2 0 0 0 0
2103 2 0 0 0 0
2104 2 0 0 0 0
2105 2 0 0 0 0
2106 2 0 0 0 0
2107 2 0 0 0 0
2108 2 0 0 0 0
2109 2 0 0 0 0
2110 2 0 0 0 0
2111 2 0 0 0 0
2112 2 0 0 0 0
2113 2 0 0 0 0
2114 2 0 0 0 0
2115 2 0 0 0 0
2116 2 0 0 0 0
2117 2 0 0 0 0
2118 2 0 0 0 0
2119 2 0 0 0 0
2120 2 0 0 0 0
2121 2 0 0 0 0
2122 2 0 0 0 0
2123 2 0 0 0 0
2124 2 0 0 0 0
2125 2 0 0 0 0
2126 2 0 0 0 0
2127 2 0 0 0 0
2128 2 0 0 0 0
2129 2 0 0 0 0
2130 2 0 0 0 0
2131 2 0 0 0 0
2132 2 0 0 0 0
2133 2 0 0 0 0
2134 2 0 0 0 0
2135 2 0 0 0 0
2136 2 0 0 0 0
2137 2 0 0 0 0
2138 2 0 0 0 0
2139 2 0 0 0 0
2140 2 0 2 0 0
2141 2 0 2 0 0
2142 2 0 2 0 0
2143 2 0 2 0 0
2144 2 0 2 0 0
2145 2 0 2 0 0
2146 2 0 2 0 0
2147 2 0 2 0 0
2148 2 0 2 0 0
2149 2 0 2 0 0
2150 0 0 2 0 0
2151 0 0 2 0 0
2152 0 0 2 0 0
2153 0 0 2 0 0
2154 0 0 2 0 0
2155 0 0 2 0 0
2156 0 0 2 0 0
2157 0 0 2 0 0
2158 0 0 2 0 0
2159 0 0 2 0 0
2160 0 0 2 0 0
2161 0 0 2 0 0
2162 0 0 2 0 0
2163 0 0 2 0 0
2164 0 0 2 0 0
2165 0 0 2 0 0
2166 0 0 2 0 0
2167 0 0 2 0 0
2168 0 0 2 0 0
2169 0 0 2 0 0
2170 0 0 2 0 0
2171 0 0 2 0 0
2172 0 0 2 0 0
2173 0 0 2 0 0
2174 0 0 2 0 0
2175 0 0 2 0 0
2176 0 0 2 0 0
2177 0 0 2 0 0
2178 0 0 2 0 0
2179 0 0 2 0 0
2180 0 0 2 0 0
2181 0 0 2 0 0
2182 0 0 2 0 0
2183 0 0 2 0 0
2184 0 0 2 0 0
2185 0 0 2 0 0
2186 0 0 2 0 0
2187 0 0 2 0 0
2188 0 0 2 0 0
2189 0 0 2 0 0
2190 0 0 2 0 0
2191 0 0 2 0 0
2192 0 0 2 0 0
2193 0 0 2 0 0
2194 0 0 2 0 0
2195 0 0 2 0 0
2196 0 0 2 0 0
2197 0 0 2 0 0
2198 0 0 2 0 0
2199 0 0 2 0 0
2200 0 0 2 0 0
2201 0 0 2 0 0
2202 0 0 2 0 0
2203 0 0 2 0 0
2204 0 0 2 0 0
2205 0 0 2 0 0
2206 0 0 2 0 0
2207 0 0 2 0 0
2208 0 0 2 0 0
2209 0 0 2 0 0
2210 0 0 2 0 0
2211 0 0 2 0 0
2212 0 0 2 0 0
2213 0 0 2 0 0
2214 0 0 2 0 0
2215 0 0 2 0 0
2216 0 0 2 0 0
2217 0 0 2 0 0
2218 0 0 2 0 0
2219 0 0 2 0 0
2220 0 0 2 0 0
2221 0 0 2 0 0
2222 0 0 2 0 0
2223 0 0 2 0 0
2224 0 0 2 0 0
2225 0 0 2 0 0
2226 0 0 2 0 0
2227 0 0 2 0 0
2228 0 0 2 0 0
2229 0 0 2 0 0
2230 0 0 2 0 0
2231 0 0 2 0 0
2232 0 0 2 0 0
2233 0 0 2 0 0
2234 0 0 2 0 0
2235 0 0 2 0 0
2236 0 0 2 0 0
2237 0 0 2 0 0
2238 0 0 2 0 0
2239 0 0 2 0 0
2240 2 0 2 0 0
2241 2 0 2 0 0
2242 2 0 2 0 0
2243 2 0 2 0 0
2244 2 0 2 0 0
2245 2 0 2 0 0
2246 2 0 2 0 0
2247 2 0 2 0 0
2248 2 0 2 0 0
2249 2 0 2 0 0
2250 2 0 0 0 0
2251 2 0 0 0 0
2252 2 0 0 0 0
2253 2 0 0 0 0
2254 2 0 0 0 0
2255 2 0 0 0 0
2256 2 0 0 0 0
2257 2 0 0 0 0
2258 2 0 0 0 0
2259 2 0 0 0 0
2260 2 0 0 0 0
2261 2 0 0 0 0
2262 2 0 0 0 0
2263 2 0 0 0 0
2264 2 0 0 0 0
2265 2 0 0 0 0
2266 2 0 0 0 0
2267 2 0 0 0 0
2268 2 0 0 0 0
2269 2 0 0 0 0
2270 2 0 0 0 0
2271 2 0 0 0 0
2272 2 0 0 0 0
2273 2 0 0 0 0
2274 2 0 0 0 0
2275 2 0 0 0 0
2276 2 0 0 0 0
2277 2 0 0 0 0
2278 2 0 0 0 0
2279 2 0 0 0 0
2280 2 0 0 0 0
2281 2 0 0 0 0
2282 2 0 0 0 0
2283 2 0 0 0 0
2284 2 0 0 0 0
2285 2 0 0 0 0
2286 2 0 0 0 0
2287 2 0 0 0 0
2288 2 0 0 0 0
2289 2 0 0 0 0
2290 2 0 0 0 0
2291 2 0 0 0 0
2292 2 0 0 0 0
2293 2 0 0 0 0
2294 2 0 0 0 0
2295 2 0 0 0 0
2296 2 0 0 0 0
2297 2 0 0 0 0
2298 2 0 0 0 0
2299 2 0 0 0 0
2300 2 0 0 0 0
2301 2 0 0 0 0
2302 2 0 0 0 0
2303 2 0 0 0 0
2304 2 0 0 0 0
2305 2 0 0 0 0
2306 2 0 0 0 0
2307 2 0 0 0 0
2308 2 0 0 0 0
2309 2 0 0 0 0
2310 2 0 0 0 0
2311 2 0 0 0 0
2312 2 0 0 0 0
2313 2 0 0 0 0
2314 2 0 0 0 0
2315 2 0 0 0 0
2316 2 0 0 0 0
2317 2 0 0 0 0
2318 2 0 0 0 0
2319 2 0 0 0 0
2320 2 0 0 0 0
2321 2 0 0 0 0
2322 2 0 0 0 0
2323 2 0 0 0 0
2324 2 0 0 0 0
2325 2 0 0 0 0
2326 2 0 0 0 0
2327 2 0 0 0 0
2328 2 0 0 0 0
2329 2 0 0 0 0
2330 2 0 0 0 0
2331 2 0 0 0 0
2332 2 0 0 0 0
2333 2 0 0 0 0
2334 2 0 0 0 0
2335 2 0 0 0 0
2336 2 0 0 0 0
2337 2 0 0 0 0
2338 2 0 0 0 0
2339 2 0 0 0 0
2340 2 0 0 0 1
2341 2 0 0 0 1
2342 2 0 0 0 1
2343 2 0 0 0 1
2344 2 0 0 0 1
2345 2 0 0 0 1
2346 2 0 0 0 1
2347 2 0 0 0 1
2348 2 0 0 0 1
2349 2 0 0 0 1
2350 2 0 0 0 1
2351 2 0 0 0 1
2352 2 0 0 0 1
2353 2 0 0 0 1
2354 2 0 0 0 1
2355 2 0 0 0 1
2356 2 0 0 0 1
2357 2 0 0 0 1
2358 2 0 0 0 1
2359 2 0 0 0 1
2360 2 0 0 0 2
2361 2 0 0 0 2
2362 2 0 0 0 2
2363 2 0 0 0 2
2364 2 0 0 0 2
2365 2 0 0 0 2
2366 2 0 0 0 2
2367 2 0 0 0 2
2368 2 0 0 0 2
2369 2 0 0 0 2
2370 2 0 0 0 2
2371 2 0 0 0 2
2372 2 0 0 0 2
2373 2 0 0 0 2
2374 2 0 0 0 2
2375 2 0 0 0 2
2376 2 0 0 0 2
2377 2 0 0 0 2
2378 2 0 0 0 2
2379 2 0 0 0 2
2380 2 0 0 0 2
2381 2 0 0 0 2
2382 2 0 0 0 2
2383 2 0 0 0 2
2384 2 0 0 0 2
2385 2 0 0 0 2
2386 2 0 0 0 2
2387 2 0 0 0 2
2388 2 0 0 0 2
2389 2 0 0 0 2
2390 0 0 0 0 2
2391 0 0 0 0 2
2392 0 0 0 0 2
2393 0 0 0 0 2
2394 0 0 0 0 2
2395 0 0 0 0 2
2396 0 0 0 0 2
2397 0 0 0 0 2
2398 0 0 0 0 2
2399 0 0 0 0 2
2400 0 0 0 0 2
2401 0 0 0 0 2
2402 0 0 0 0 2
2403 0 0 0 0 2
2404 0 0 0 0 2
2405 0 0 0 0 2
2406 0 0 0 0 2
2407 0 0 0 0 2
2408 0 0 0 0 2
2409 0 0 0 0 2
2410 0 0 0 0 2
2411 0 0 0 0 2
2412 0 0 0 0 2
2413 0 0 0 0 2
2414 0 0 0 0 2
2415 0 0 0 0 2
2416 0 0 0 0 2
2417 0 0 0 0 2
2418 0 0 0 0 2
2419 0 0 0 0 2
2420 0 0 0 0 2
2421 0 0 0 0 2
2422 0 0 0 0 2
2423 0 0 0 0 2
2424 0 0 0 0 2
2425 0 0 0 0 2
2426 0 0 0 0 2
2427 0 0 0 0 2
2428 0 0 0 0 2
2429 0 0 0 0 2
2430 0 0 0 0 2
2431 0 0 0 0 2
2432 0 0 0 0 2
2433 0 0 0 0 2
2434 0 0 0 0 2
2435 0 0 0 0 2
2436 0 0 0 0 2
2437 0 0 0 0 2
2438 0 0 0 0 2
2439 0 0 0 0 2
2440 0 0 0 0 2
2441 0 0 0 0 2
2442 0 0 0 0 2
2443 0 0 0 0 2
2444 0 0 0 0 2
2445 0 0 0 0 2
2446 0 0 0 0 2
2447 0 0 0 0 2
2448 0 0 0 0 2
2449 0 0 0 0 2
2450 0 0 0 0 2
2451 0 0 0 0 2
2452 0 0 0 0 2
2453 0 0 0 0 2
2454 0 0 0 0 2
2455 0 0 0 0 2
2456 0 0 0 0 2
2457 0 0 0 0 2
2458 0 0 0 0 2
2459 0 0 0 0 2
2460 0 0 0 0 2
2461 0 0 0 0 2
2462 0 0 0 0 2
2463 0 0 0 0 2
2464 0 0 0 0 2
2465 0 0 0 0 2
2466 0 0 0 0 2
2467 0 0 0 0 2
2468 0 0 0 0 2
2469 0 0 0 0 2
2470 0 0 0 0 2
2471 0 0 0 0 2
2472 0 0 0 0 2
2473 0 0 0 0 2
2474 0 0 0 0 2
2475 0 0 0 0 2
2476 0 0 0 0 2
2477 0 0 0 0 2
2478 0 0 0 0 2
2479 0 0 0 0 2
2480 0 0 0 0 2
