0 0 0 0 0 2
1 0 0 0 0 2
2 0 0 0 0 2
3 0 0 0 0 2
4 0 0 0 0 2
5 0 0 0 0 2
6 0 0 0 0 2
7 0 0 0 0 2
8 0 0 0 0 2
9 0 0 0 0 2
10 0 0 0 0 2
11 0 0 0 0 2
12 0 0 0 0 2
13 0 0 0 0 2
14 0 0 0 0 2
15 0 0 0 0 2
16 0 0 0 0 2
17 0 0 0 0 2
18 0 0 0 0 2
19 0 0 0 0 2
20 0 0 0 0 2
21 0 0 0 0 2
22 0 0 0 0 2
23 0 0 0 0 2
24 0 0 0 0 2
25 0 0 0 0 2
26 0 0 0 0 2
27 0 0 0 0 2
28 0 0 0 0 2
29 0 0 0 0 2
30 0 0 0 0 2
31 0 0 0 0 2
32 0 0 0 0 2
33 0 0 0 0 2
34 0 0 0 0 2
35 0 0 0 0 2
36 0 0 0 0 2
37 0 0 0 0 2
38 0 0 0 0 2
39 0 0 0 0 2
40 0 0 0 0 2
41 0 0 0 0 2
42 0 0 0 0 2
43 0 0 0 0 2
44 0 0 0 0 2
45 0 0 0 0 2
46 0 0 0 0 2
47 0 0 0 0 2
48 0 0 0 0 2
49 0 0 0 0 2
50 0 0 0 0 2
51 0 0 0 0 2
52 0 0 0 0 2
53 0 0 0 0 2
54 0 0 0 0 2
55 0 0 0 0 2
56 0 0 0 0 2
57 0 0 0 0 2
58 0 0 0 0 2
59 0 0 0 0 2
60 0 0 0 2 2
61 0 0 0 2 2
62 0 0 0 2 2
63 0 0 0 2 2
64 0 0 0 2 2
65 0 0 0 2 2
66 0 0 0 2 2
67 0 0 0 2 2
68 0 0 0 2 2
69 0 0 0 2 2
70 0 0 2 0 2
71 0 0 2 0 2
72 0 0 2 0 2
73 0 0 2 0 2
74 0 0 2 0 2
75 0 0 2 0 2
76 0 0 2 0 2
77 0 0 2 0 2
78 0 0 2 0 2
79 0 0 2 0 2
80 0 0 2 0 2
81 0 0 2 0 2
82 0 0 2 0 2
83 0 0 2 0 2
84 0 0 2 0 2
85 0 0 2 0 2
86 0 0 2 0 2
87 0 0 2 0 2
88 0 0 2 0 2
89 0 0 2 0 2
90 0 0 2 0 2
91 0 0 2 0 2
92 0 0 2 0 2
93 0 0 2 0 2
94 0 0 2 0 2
95 0 0 2 0 2
96 0 0 2 0 2
97 0 0 2 0 2
98 0 0 2 0 2
99 0 0 2 0 2
100 0 0 2 0 0
101 0 0 2 0 0
102 0 0 2 0 0
103 0 0 2 0 0
104 0 0 2 0 0
105 0 0 2 0 0
106 0 0 2 0 0
107 0 0 2 0 0
108 0 0 2 0 0
109 0 0 2 0 0
110 0 0 2 0 0
111 0 0 2 0 0
112 0 0 2 0 0
113 0 0 2 0 0
114 0 0 2 0 0
115 0 0 2 0 0
116 0 0 2 0 0
117 0 0 2 0 0
118 0 0 2 0 0
119 0 0 2 0 0
120 0 0 2 0 0
121 0 0 2 0 0
122 0 0 2 0 0
123 0 0 2 0 0
124 0 0 2 0 0
125 0 0 2 0 0
126 0 0 2 0 0
127 0 0 2 0 0
128 0 0 2 0 0
129 0 0 2 0 0
130 0 0 2 0 0
131 0 0 2 0 0
132 0 0 2 0 0
133 0 0 2 0 0
134 0 0 2 0 0
135 0 0 2 0 0
136 0 0 2 0 0
137 0 0 2 0 0
138 0 0 2 0 0
139 0 0 2 0 0
140 0 0 2 0 0
141 0 0 2 0 0
142 0 0 2 0 0
143 0 0 2 0 0
144 0 0 2 0 0
145 0 0 2 0 0
146 0 0 2 0 0
147 0 0 2 0 0
148 0 0 2 0 0
149 0 0 2 0 0
150 0 0 2 0 0
151 0 0 2 0 0
152 0 0 2 0 0
153 0 0 2 0 0
154 0 0 2 0 0
155 0 0 2 0 0
156 0 0 2 0 0
157 0 0 2 0 0
158 0 0 2 0 0
159 0 0 2 0 0
160 0 0 2 0 0
161 0 0 2 0 0
162 0 0 2 0 0
163 0 0 2 0 0
164 0 0 2 0 0
165 0 0 2 0 0
166 0 0 2 0 0
167 0 0 2 0 0
168 0 0 2 0 0
169 0 0 2 0 0
170 0 0 2 0 0
171 0 0 2 0 0
172 0 0 2 0 0
173 0 0 2 0 0
174 0 0 2 0 0
175 0 0 2 0 0
176 0 0 2 0 0
177 0 0 2 0 0
178 0 0 2 0 0
179 0 0 2 0 0
180 0 0 2 0 0
181 0 0 2 0 0
182 0 0 2 0 0
183 0 0 2 0 0
184 0 0 2 0 0
185 0 0 2 0 0
186 0 0 2 0 0
187 0 0 2 0 0
188 0 0 2 0 0
189 0 0 2 0 0
190 2 0 2 0 0
191 2 0 2 0 0
192 2 0 2 0 0
193 2 0 2 0 0
194 2 0 2 0 0
195 2 0 2 0 0
196 2 0 2 0 0
197 2 0 2 0 0
198 2 0 2 0 0
199 2 0 2 0 0
200 2 0 2 0 0
201 2 0 2 0 0
202 2 0 2 0 0
203 2 0 2 0 0
204 2 0 2 0 0
205 2 0 2 0 0
206 2 0 2 0 0
207 2 0 2 0 0
208 2 0 2 0 0
209 2 0 2 0 0
210 2 0 2 0 0
211 2 0 2 0 0
212 2 0 2 0 0
213 2 0 2 0 0
214 2 0 2 0 0
215 2 0 2 0 0
216 2 0 2 0 0
217 2 0 2 0 0
218 2 0 2 0 0
219 2 0 2 0 0
220 2 0 0 0 0
221 2 0 0 0 0
222 2 0 0 0 0
223 2 0 0 0 0
224 2 0 0 0 0
225 2 0 0 0 0
226 2 0 0 0 0
227 2 0 0 0 0
228 2 0 0 0 0
229 2 0 0 0 0
230 2 0 0 0 0
231 2 0 0 0 0
232 2 0 0 0 0
233 2 0 0 0 0
234 2 0 0 0 0
235 2 0 0 0 0
236 2 0 0 0 0
237 2 0 0 0 0
238 2 0 0 0 0
239 2 0 0 0 0
240 2 0 0 0 0
241 2 0 0 0 0
242 2 0 0 0 0
243 2 0 0 0 0
244 2 0 0 0 0
245 2 0 0 0 0
246 2 0 0 0 0
247 2 0 0 0 0
248 2 0 0 0 0
249 2 0 0 0 0
250 2 0 0 0 0
251 2 0 0 0 0
252 2 0 0 0 0
253 2 0 0 0 0
254 2 0 0 0 0
255 2 0 0 0 0
256 2 0 0 0 0
257 2 0 0 0 0
258 2 0 0 0 0
259 2 0 0 0 0
260 2 0 0 0 0
261 2 0 0 0 0
262 2 0 0 0 0
263 2 0 0 0 0
264 2 0 0 0 0
265 2 0 0 0 0
266 2 0 0 0 0
267 2 0 0 0 0
268 2 0 0 0 0
269 2 0 0 0 0
270 2 0 0 0 0
271 2 0 0 0 0
272 2 0 0 0 0
273 2 0 0 0 0
274 2 0 0 0 0
275 2 0 0 0 0
276 2 0 0 0 0
277 2 0 0 0 0
278 2 0 0 0 0
279 2 0 0 0 0
280 2 0 0 0 0
281 2 0 0 0 0
282 2 0 0 0 0
283 2 0 0 0 0
284 2 0 0 0 0
285 2 0 0 0 0
286 2 0 0 0 0
287 2 0 0 0 0
288 2 0 0 0 0
289 2 0 0 0 0
290 2 0 2 0 0
291 2 0 2 0 0
292 2 0 2 0 0
293 2 0 2 0 0
294 2 0 2 0 0
295 2 0 2 0 0
296 2 0 2 0 0
297 2 0 2 0 0
298 2 0 2 0 0
299 2 0 2 0 0
300 2 0 2 0 0
301 2 0 2 0 0
302 2 0 2 0 0
303 2 0 2 0 0
304 2 0 2 0 0
305 2 0 2 0 0
306 2 0 2 0 0
307 2 0 2 0 0
308 2 0 2 0 0
309 2 0 2 0 0
310 0 0 2 0 0
311 0 0 2 0 0
312 0 0 2 0 0
313 0 0 2 0 0
314 0 0 2 0 0
315 0 0 2 0 0
316 0 0 2 0 0
317 0 0 2 0 0
318 0 0 2 0 0
319 0 0 2 0 0
320 0 0 2 0 0
321 0 0 2 0 0
322 0 0 2 0 0
323 0 0 2 0 0
324 0 0 2 0 0
325 0 0 2 0 0
326 0 0 2 0 0
327 0 0 2 0 0
328 0 0 2 0 0
329 0 0 2 0 0
330 0 0 2 0 0
331 0 0 2 0 0
332 0 0 2 0 0
333 0 0 2 0 0
334 0 0 2 0 0
335 0 0 2 0 0
336 0 0 2 0 0
337 0 0 2 0 0
338 0 0 2 0 0
339 0 0 2 0 0
340 0 0 2 0 0
341 0 0 2 0 0
342 0 0 2 0 0
343 0 0 2 0 0
344 0 0 2 0 0
345 0 0 2 0 0
346 0 0 2 0 0
347 0 0 2 0 0
348 0 0 2 0 0
349 0 0 2 0 0
350 0 0 2 0 0
351 0 0 2 0 0
352 0 0 2 0 0
353 0 0 2 0 0
354 0 0 2 0 0
355 0 0 2 0 0
356 0 0 2 0 0
357 0 0 2 0 0
358 0 0 2 0 0
359 0 0 2 0 0
360 0 0 2 0 0
361 0 0 2 0 0
362 0 0 2 0 0
363 0 0 2 0 0
364 0 0 2 0 0
365 0 0 2 0 0
366 0 0 2 0 0
367 0 0 2 0 0
368 0 0 2 0 0
369 0 0 2 0 0
370 0 0 2 0 0
371 0 0 2 0 0
372 0 0 2 0 0
373 0 0 2 0 0
374 0 0 2 0 0
375 0 0 2 0 0
376 0 0 2 0 0
377 0 0 2 0 0
378 0 0 2 0 0
379 0 0 2 0 0
380 0 0 2 0 0
381 0 0 2 0 0
382 0 0 2 0 0
383 0 0 2 0 0
384 0 0 2 0 0
385 0 0 2 0 0
386 0 0 2 0 0
387 0 0 2 0 0
388 0 0 2 0 0
389 0 0 2 0 0
390 0 0 2 0 1
391 0 0 2 0 1
392 0 0 2 0 1
393 0 0 2 0 1
394 0 0 2 0 1
395 0 0 2 0 1
396 0 0 2 0 1
397 0 0 2 0 1
398 0 0 2 0 1
399 0 0 2 0 1
400 0 0 2 0 1
401 0 0 2 0 1
402 0 0 2 0 1
403 0 0 2 0 1
404 0 0 2 0 1
405 0 0 2 0 1
406 0 0 2 0 1
407 0 0 2 0 1
408 0 0 2 0 1
409 0 0 2 0 1
410 0 0 2 0 1
411 0 0 2 0 1
412 0 0 2 0 1
413 0 0 2 0 1
414 0 0 2 0 1
415 0 0 2 0 1
416 0 0 2 0 1
417 0 0 2 0 1
418 0 0 2 0 1
419 0 0 2 0 1
420 0 0 2 0 1
421 0 0 2 0 1
422 0 0 2 0 1
423 0 0 2 0 1
424 0 0 2 0 1
425 0 0 2 0 1
426 0 0 2 0 1
427 0 0 2 0 1
428 0 0 2 0 1
429 0 0 2 0 1
430 0 0 2 0 1
431 0 0 2 0 1
432 0 0 2 0 1
433 0 0 2 0 1
434 0 0 2 0 1
435 0 0 2 0 1
436 0 0 2 0 1
437 0 0 2 0 1
438 0 0 2 0 1
439 0 0 2 0 1
440 0 0 2 0 1
441 0 0 2 0 1
442 0 0 2 0 1
443 0 0 2 0 1
444 0 0 2 0 1
445 0 0 2 0 1
446 0 0 2 0 1
447 0 0 2 0 1
448 0 0 2 0 1
449 0 0 2 0 1
450 0 0 2 0 1
451 0 0 2 0 1
452 0 0 2 0 1
453 0 0 2 0 1
454 0 0 2 0 1
455 0 0 2 0 1
456 0 0 2 0 1
457 0 0 2 0 1
458 0 0 2 0 1
459 0 0 2 0 1
460 0 0 2 0 1
461 0 0 2 0 1
462 0 0 2 0 1
463 0 0 2 0 1
464 0 0 2 0 1
465 0 0 2 0 1
466 0 0 2 0 1
467 0 0 2 0 1
468 0 0 2 0 1
469 0 0 2 0 1
470 0 0 2 0 2
471 0 0 2 0 2
472 0 0 2 0 2
473 0 0 2 0 2
474 0 0 2 0 2
475 0 0 2 0 2
476 0 0 2 0 2
477 0 0 2 0 2
478 0 0 2 0 2
479 0 0 2 0 2
480 0 0 2 0 2
481 0 0 2 0 2
482 0 0 2 0 2
483 0 0 2 0 2
484 0 0 2 0 2
485 0 0 2 0 2
486 0 0 2 0 2
487 0 0 2 0 2
488 0 0 2 0 2
489 0 0 2 0 2
490 0 0 2 0 2
491 0 0 2 0 2
492 0 0 2 0 2
493 0 0 2 0 2
494 0 0 2 0 2
495 0 0 2 0 2
496 0 0 2 0 2
497 0 0 2 0 2
498 0 0 2 0 2
499 0 0 2 0 2
500 0 0 2 0 2
501 0 0 2 0 2
502 0 0 2 0 2
503 0 0 2 0 2
504 0 0 2 0 2
505 0 0 2 0 2
506 0 0 2 0 2
507 0 0 2 0 2
508 0 0 2 0 2
509 0 0 2 0 2
510 0 0 2 0 2
511 0 0 2 0 2
512 0 0 2 0 2
513 0 0 2 0 2
514 0 0 2 0 2
515 0 0 2 0 2
516 0 0 2 0 2
517 0 0 2 0 2
518 0 0 2 0 2
519 0 0 2 0 2
520 0 0 2 0 2
521 0 0 2 0 2
522 0 0 2 0 2
523 0 0 2 0 2
524 0 0 2 0 2
525 0 0 2 0 2
526 0 0 2 0 2
527 0 0 2 0 2
528 0 0 2 0 2
529 0 0 2 0 2
530 0 0 2 0 2
531 0 0 2 0 2
532 0 0 2 0 2
533 0 0 2 0 2
534 0 0 2 0 2
535 0 0 2 0 2
536 0 0 2 0 2
537 0 0 2 0 2
538 0 0 2 0 2
539 0 0 2 0 2
540 0 0 2 0 2
541 0 0 2 0 2
542 0 0 2 0 2
543 0 0 2 0 2
544 0 0 2 0 2
545 0 0 2 0 2
546 0 0 2 0 2
547 0 0 2 0 2
548 0 0 2 0 2
549 0 0 2 0 2
550 0 0 2 0 2
551 0 0 2 0 2
552 0 0 2 0 2
553 0 0 2 0 2
554 0 0 2 0 2
555 0 0 2 0 2
556 0 0 2 0 2
557 0 0 2 0 2
558 0 0 2 0 2
559 0 0 2 0 2
560 0 0 2 0 2
561 0 0 2 0 2
562 0 0 2 0 2
563 0 0 2 0 2
564 0 0 2 0 2
565 0 0 2 0 2
566 0 0 2 0 2
567 0 0 2 0 2
568 0 0 2 0 2
569 0 0 2 0 2
570 0 0 2 0 2
571 0 0 2 0 2
572 0 0 2 0 2
573 0 0 2 0 2
574 0 0 2 0 2
575 0 0 2 0 2
576 0 0 2 0 2
577 0 0 2 0 2
578 0 0 2 0 2
579 0 0 2 0 2
580 0 0 2 0 2
581 0 0 2 0 2
582 0 0 2 0 2
583 0 0 2 0 2
584 0 0 2 0 2
585 0 0 2 0 2
586 0 0 2 0 2
587 0 0 2 0 2
588 0 0 2 0 2
589 0 0 2 0 2
590 0 0 2 0 2
591 0 0 2 0 2
592 0 0 2 0 2
593 0 0 2 0 2
594 0 0 2 0 2
595 0 0 2 0 2
596 0 0 2 0 2
597 0 0 2 0 2
598 0 0 2 0 2
599 0 0 2 0 2
600 0 0 2 0 2
601 0 0 2 0 2
602 0 0 2 0 2
603 0 0 2 0 2
604 0 0 2 0 2
605 0 0 2 0 2
606 0 0 2 0 2
607 0 0 2 0 2
608 0 0 2 0 2
609 0 0 2 0 2
610 0 0 2 0 2
611 0 0 2 0 2
612 0 0 2 0 2
613 0 0 2 0 2
614 0 0 2 0 2
615 0 0 2 0 2
616 0 0 2 0 2
617 0 0 2 0 2
618 0 0 2 0 2
619 0 0 2 0 2
620 0 0 2 0 2
621 0 0 2 0 2
622 0 0 2 0 2
623 0 0 2 0 2
624 0 0 2 0 2
625 0 0 2 0 2
626 0 0 2 0 2
627 0 0 2 0 2
628 0 0 2 0 2
629 0 0 2 0 2
630 0 0 2 0 2
631 0 0 2 0 2
632 0 0 2 0 2
633 0 0 2 0 2
634 0 0 2 0 2
635 0 0 2 0 2
636 0 0 2 0 2
637 0 0 2 0 2
638 0 0 2 0 2
639 0 0 2 0 2
640 0 0 2 0 2
641 0 0 2 0 2
642 0 0 2 0 2
643 0 0 2 0 2
644 0 0 2 0 2
645 0 0 2 0 2
646 0 0 2 0 2
647 0 0 2 0 2
648 0 0 2 0 2
649 0 0 2 0 2
650 0 0 2 0 2
651 0 0 2 0 2
652 0 0 2 0 2
653 0 0 2 0 2
654 0 0 2 0 2
655 0 0 2 0 2
656 0 0 2 0 2
657 0 0 2 0 2
658 0 0 2 0 2
659 0 0 2 0 2
660 0 0 2 0 2
661 0 0 2 0 2
662 0 0 2 0 2
663 0 0 2 0 2
664 0 0 2 0 2
665 0 0 2 0 2
666 0 0 2 0 2
667 0 0 2 0 2
668 0 0 2 0 2
669 0 0 2 0 2
670 0 0 2 0 2
671 0 0 2 0 2
672 0 0 2 0 2
673 0 0 2 0 2
674 0 0 2 0 2
675 0 0 2 0 2
676 0 0 2 0 2
677 0 0 2 0 2
678 0 0 2 0 2
679 0 0 2 0 2
680 0 0 2 0 2
681 0 0 2 0 2
682 0 0 2 0 2
683 0 0 2 0 2
684 0 0 2 0 2
685 0 0 2 0 2
686 0 0 2 0 2
687 0 0 2 0 2
688 0 0 2 0 2
689 0 0 2 0 2
690 0 0 2 0 2
691 0 0 2 0 2
692 0 0 2 0 2
693 0 0 2 0 2
694 0 0 2 0 2
695 0 0 2 0 2
696 0 0 2 0 2
697 0 0 2 0 2
698 0 0 2 0 2
699 0 0 2 0 2
700 0 0 2 0 2
701 0 0 2 0 2
702 0 0 2 0 2
703 0 0 2 0 2
704 0 0 2 0 2
705 0 0 2 0 2
706 0 0 2 0 2
707 0 0 2 0 2
708 0 0 2 0 2
709 0 0 2 0 2
710 0 0 2 0 2
711 0 0 2 0 2
712 0 0 2 0 2
713 0 0 2 0 2
714 0 0 2 0 2
715 0 0 2 0 2
716 0 0 2 0 2
717 0 0 2 0 2
718 0 0 2 0 2
719 0 0 2 0 2
720 0 0 2 0 2
721 0 0 2 0 2
722 0 0 2 0 2
723 0 0 2 0 2
724 0 0 2 0 2
725 0 0 2 0 2
726 0 0 2 0 2
727 0 0 2 0 2
728 0 0 2 0 2
729 0 0 2 0 2
730 0 0 2 0 2
731 0 0 2 0 2
732 0 0 2 0 2
733 0 0 2 0 2
734 0 0 2 0 2
735 0 0 2 0 2
736 0 0 2 0 2
737 0 0 2 0 2
738 0 0 2 0 2
739 0 0 2 0 2
740 0 0 2 0 2
741 0 0 2 0 2
742 0 0 2 0 2
743 0 0 2 0 2
744 0 0 2 0 2
745 0 0 2 0 2
746 0 0 2 0 2
747 0 0 2 0 2
748 0 0 2 0 2
749 0 0 2 0 2
750 0 0 2 0 2
751 0 0 2 0 2
752 0 0 2 0 2
753 0 0 2 0 2
754 0 0 2 0 2
755 0 0 2 0 2
756 0 0 2 0 2
757 0 0 2 0 2
758 0 0 2 0 2
759 0 0 2 0 2
760 0 0 2 0 2
761 0 0 2 0 2
762 0 0 2 0 2
763 0 0 2 0 2
764 0 0 2 0 2
765 0 0 2 0 2
766 0 0 2 0 2
767 0 0 2 0 2
768 0 0 2 0 2
769 0 0 2 0 2
770 0 0 2 0 2
771 0 0 2 0 2
772 0 0 2 0 2
773 0 0 2 0 2
774 0 0 2 0 2
775 0 0 2 0 2
776 0 0 2 0 2
777 0 0 2 0 2
778 0 0 2 0 2
779 0 0 2 0 2
780 2 0 2 0 2
781 2 0 2 0 2
782 2 0 2 0 2
783 2 0 2 0 2
784 2 0 2 0 2
785 2 0 2 0 2
786 2 0 2 0 2
787 2 0 2 0 2
788 2 0 2 0 2
789 2 0 2 0 2
790 2 0 2 0 2
791 2 0 2 0 2
792 2 0 2 0 2
793 2 0 2 0 2
794 2 0 2 0 2
795 2 0 2 0 2
796 2 0 2 0 2
797 2 0 2 0 2
798 2 0 2 0 2
799 2 0 2 0 2
800 2 0 0 0 2
801 2 0 0 0 2
802 2 0 0 0 2
803 2 0 0 0 2
804 2 0 0 0 2
805 2 0 0 0 2
806 2 0 0 0 2
807 2 0 0 0 2
808 2 0 0 0 2
809 2 0 0 0 2
810 2 0 0 0 0
811 2 0 0 0 0
812 2 0 0 0 0
813 2 0 0 0 0
814 2 0 0 0 0
815 2 0 0 0 0
816 2 0 0 0 0
817 2 0 0 0 0
818 2 0 0 0 0
819 2 0 0 0 0
820 2 0 0 0 0
821 2 0 0 0 0
822 2 0 0 0 0
823 2 0 0 0 0
824 2 0 0 0 0
825 2 0 0 0 0
826 2 0 0 0 0
827 2 0 0 0 0
828 2 0 0 0 0
829 2 0 0 0 0
830 2 0 0 0 0
831 2 0 0 0 0
832 2 0 0 0 0
833 2 0 0 0 0
834 2 0 0 0 0
835 2 0 0 0 0
836 2 0 0 0 0
837 2 0 0 0 0
838 2 0 0 0 0
839 2 0 0 0 0
840 2 0 0 0 0
841 2 0 0 0 0
842 2 0 0 0 0
843 2 0 0 0 0
844 2 0 0 0 0
845 2 0 0 0 0
846 2 0 0 0 0
847 2 0 0 0 0
848 2 0 0 0 0
849 2 0 0 0 0
850 2 0 0 0 0
851 2 0 0 0 0
852 2 0 0 0 0
853 2 0 0 0 0
854 2 0 0 0 0
855 2 0 0 0 0
856 2 0 0 0 0
857 2 0 0 0 0
858 2 0 0 0 0
859 2 0 0 0 0
860 2 0 0 0 0
861 2 0 0 0 0
862 2 0 0 0 0
863 2 0 0 0 0
864 2 0 0 0 0
865 2 0 0 0 0
866 2 0 0 0 0
867 2 0 0 0 0
868 2 0 0 0 0
869 2 0 0 0 0
870 2 0 0 0 0
871 2 0 0 0 0
872 2 0 0 0 0
873 2 0 0 0 0
874 2 0 0 0 0
875 2 0 0 0 0
876 2 0 0 0 0
877 2 0 0 0 0
878 2 0 0 0 0
879 2 0 0 0 0
880 2 0 0 0 0
881 2 0 0 0 0
882 2 0 0 0 0
883 2 0 0 0 0
884 2 0 0 0 0
885 2 0 0 0 0
886 2 0 0 0 0
887 2 0 0 0 0
888 2 0 0 0 0
889 2 0 0 0 0
890 2 0 0 0 0
891 2 0 0 0 0
892 2 0 0 0 0
893 2 0 0 0 0
894 2 0 0 0 0
895 2 0 0 0 0
896 2 0 0 0 0
897 2 0 0 0 0
898 2 0 0 0 0
899 2 0 0 0 0
900 2 0 0 0 0
901 2 0 0 0 0
902 2 0 0 0 0
903 2 0 0 0 0
904 2 0 0 0 0
905 2 0 0 0 0
906 2 0 0 0 0
907 2 0 0 0 0
908 2 0 0 0 0
909 2 0 0 0 0
910 2 0 0 0 0
911 2 0 0 0 0
912 2 0 0 0 0
913 2 0 0 0 0
914 2 0 0 0 0
915 2 0 0 0 0
916 2 0 0 0 0
917 2 0 0 0 0
918 2 0 0 0 0
919 2 0 0 0 0
920 2 0 0 0 0
921 2 0 0 0 0
922 2 0 0 0 0
923 2 0 0 0 0
924 2 0 0 0 0
925 2 0 0 0 0
926 2 0 0 0 0
927 2 0 0 0 0
928 2 0 0 0 0
929 2 0 0 0 0
930 2 0 0 0 0
931 2 0 0 0 0
932 2 0 0 0 0
933 2 0 0 0 0
934 2 0 0 0 0
935 2 0 0 0 0
936 2 0 0 0 0
937 2 0 0 0 0
938 2 0 0 0 0
939 2 0 0 0 0
940 2 0 0 0 0
941 2 0 0 0 0
942 2 0 0 0 0
943 2 0 0 0 0
944 2 0 0 0 0
945 2 0 0 0 0
946 2 0 0 0 0
947 2 0 0 0 0
948 2 0 0 0 0
949 2 0 0 0 0
950 2 0 0 0 0
951 2 0 0 0 0
952 2 0 0 0 0
953 2 0 0 0 0
954 2 0 0 0 0
955 2 0 0 0 0
956 2 0 0 0 0
957 2 0 0 0 0
958 2 0 0 0 0
959 2 0 0 0 0
960 2 0 0 0 0
961 2 0 0 0 0
962 2 0 0 0 0
963 2 0 0 0 0
964 2 0 0 0 0
965 2 0 0 0 0
966 2 0 0 0 0
967 2 0 0 0 0
968 2 0 0 0 0
969 2 0 0 0 0
970 2 0 0 0 0
971 2 0 0 0 0
972 2 0 0 0 0
973 2 0 0 0 0
974 2 0 0 0 0
975 2 0 0 0 0
976 2 0 0 0 0
977 2 0 0 0 0
978 2 0 0 0 0
979 2 0 0 0 0
980 2 0 0 0 0
981 2 0 0 0 0
982 2 0 0 0 0
983 2 0 0 0 0
984 2 0 0 0 0
985 2 0 0 0 0
986 2 0 0 0 0
987 2 0 0 0 0
988 2 0 0 0 0
989 2 0 0 0 0
990 2 0 0 0 0
991 2 0 0 0 0
992 2 0 0 0 0
993 2 0 0 0 0
994 2 0 0 0 0
995 2 0 0 0 0
996 2 0 0 0 0
997 2 0 0 0 0
998 2 0 0 0 0
999 2 0 0 0 0
1000 2 0 0 0 0
1001 2 0 0 0 0
1002 2 0 0 0 0
1003 2 0 0 0 0
1004 2 0 0 0 0
1005 2 0 0 0 0
1006 2 0 0 0 0
1007 2 0 0 0 0
1008 2 0 0 0 0
1009 2 0 0 0 0
1010 2 0 0 0 0
1011 2 0 0 0 0
1012 2 0 0 0 0
1013 2 0 0 0 0
1014 2 0 0 0 0
1015 2 0 0 0 0
1016 2 0 0 0 0
1017 2 0 0 0 0
1018 2 0 0 0 0
1019 2 0 0 0 0
1020 2 0 0 0 0
1021 2 0 0 0 0
1022 2 0 0 0 0
1023 2 0 0 0 0
1024 2 0 0 0 0
1025 2 0 0 0 0
1026 2 0 0 0 0
1027 2 0 0 0 0
1028 2 0 0 0 0
1029 2 0 0 0 0
1030 2 0 0 0 0
1031 2 0 0 0 0
1032 2 0 0 0 0
1033 2 0 0 0 0
1034 2 0 0 0 0
1035 2 0 0 0 0
1036 2 0 0 0 0
1037 2 0 0 0 0
1038 2 0 0 0 0
1039 2 0 0 0 0
1040 2 0 2 0 0
1041 2 0 2 0 0
1042 2 0 2 0 0
1043 2 0 2 0 0
1044 2 0 2 0 0
1045 2 0 2 0 0
1046 2 0 2 0 0
1047 2 0 2 0 0
1048 2 0 2 0 0
1049 2 0 2 0 0
1050 0 0 2 0 0
1051 0 0 2 0 0
1052 0 0 2 0 0
1053 0 0 2 0 0
1054 0 0 2 0 0
1055 0 0 2 0 0
1056 0 0 2 0 0
1057 0 0 2 0 0
1058 0 0 2 0 0
1059 0 0 2 0 0
1060 0 0 2 0 0
1061 0 0 2 0 0
1062 0 0 2 0 0
1063 0 0 2 0 0
1064 0 0 2 0 0
1065 0 0 2 0 0
1066 0 0 2 0 0
1067 0 0 2 0 0
1068 0 0 2 0 0
1069 0 0 2 0 0
1070 0 0 2 0 0
1071 0 0 2 0 0
1072 0 0 2 0 0
1073 0 0 2 0 0
1074 0 0 2 0 0
1075 0 0 2 0 0
1076 0 0 2 0 0
1077 0 0 2 0 0
1078 0 0 2 0 0
1079 0 0 2 0 0
1080 0 0 2 0 0
1081 0 0 2 0 0
1082 0 0 2 0 0
1083 0 0 2 0 0
1084 0 0 2 0 0
1085 0 0 2 0 0
1086 0 0 2 0 0
1087 0 0 2 0 0
1088 0 0 2 0 0
1089 0 0 2 0 0
1090 0 0 2 0 0
1091 0 0 2 0 0
1092 0 0 2 0 0
1093 0 0 2 0 0
1094 0 0 2 0 0
1095 0 0 2 0 0
1096 0 0 2 0 0
1097 0 0 2 0 0
1098 0 0 2 0 0
1099 0 0 2 0 0
1100 2 0 2 0 0
1101 2 0 2 0 0
1102 2 0 2 0 0
1103 2 0 2 0 0
1104 2 0 2 0 0
1105 2 0 2 0 0
1106 2 0 2 0 0
1107 2 0 2 0 0
1108 2 0 2 0 0
1109 2 0 2 0 0
1110 2 0 2 0 0
1111 2 0 2 0 0
1112 2 0 2 0 0
1113 2 0 2 0 0
1114 2 0 2 0 0
1115 2 0 2 0 0
1116 2 0 2 0 0
1117 2 0 2 0 0
1118 2 0 2 0 0
1119 2 0 2 0 0
1120 2 0 0 0 0
1121 2 0 0 0 0
1122 2 0 0 0 0
1123 2 0 0 0 0
1124 2 0 0 0 0
1125 2 0 0 0 0
1126 2 0 0 0 0
1127 2 0 0 0 0
1128 2 0 0 0 0
1129 2 0 0 0 0
1130 2 0 0 0 0
1131 2 0 0 0 0
1132 2 0 0 0 0
1133 2 0 0 0 0
1134 2 0 0 0 0
1135 2 0 0 0 0
1136 2 0 0 0 0
1137 2 0 0 0 0
1138 2 0 0 0 0
1139 2 0 0 0 0
1140 2 0 0 0 0
1141 2 0 0 0 0
1142 2 0 0 0 0
1143 2 0 0 0 0
1144 2 0 0 0 0
1145 2 0 0 0 0
1146 2 0 0 0 0
1147 2 0 0 0 0
1148 2 0 0 0 0
1149 2 0 0 0 0
1150 2 0 0 0 0
1151 2 0 0 0 0
1152 2 0 0 0 0
1153 2 0 0 0 0
1154 2 0 0 0 0
1155 2 0 0 0 0
1156 2 0 0 0 0
1157 2 0 0 0 0
1158 2 0 0 0 0
1159 2 0 0 0 0
1160 2 0 0 0 0
1161 2 0 0 0 0
1162 2 0 0 0 0
1163 2 0 0 0 0
1164 2 0 0 0 0
1165 2 0 0 0 0
1166 2 0 0 0 0
1167 2 0 0 0 0
1168 2 0 0 0 0
1169 2 0 0 0 0
1170 2 0 0 2 0
1171 2 0 0 2 0
1172 2 0 0 2 0
1173 2 0 0 2 0
1174 2 0 0 2 0
1175 2 0 0 2 0
1176 2 0 0 2 0
1177 2 0 0 2 0
1178 2 0 0 2 0
1179 2 0 0 2 0
1180 2 0 2 0 0
1181 2 0 2 0 0
1182 2 0 2 0 0
1183 2 0 2 0 0
1184 2 0 2 0 0
1185 2 0 2 0 0
1186 2 0 2 0 0
1187 2 0 2 0 0
1188 2 0 2 0 0
1189 2 0 2 0 0
1190 2 0 2 0 0
1191 2 0 2 0 0
1192 2 0 2 0 0
1193 2 0 2 0 0
1194 2 0 2 0 0
1195 2 0 2 0 0
1196 2 0 2 0 0
1197 2 0 2 0 0
1198 2 0 2 0 0
1199 2 0 2 0 0
1200 0 0 2 0 0
1201 0 0 2 0 0
1202 0 0 2 0 0
1203 0 0 2 0 0
1204 0 0 2 0 0
1205 0 0 2 0 0
1206 0 0 2 0 0
1207 0 0 2 0 0
1208 0 0 2 0 0
1209 0 0 2 0 0
1210 0 0 2 0 0
1211 0 0 2 0 0
1212 0 0 2 0 0
1213 0 0 2 0 0
1214 0 0 2 0 0
1215 0 0 2 0 0
1216 0 0 2 0 0
1217 0 0 2 0 0
1218 0 0 2 0 0
1219 0 0 2 0 0
1220 0 0 2 0 0
1221 0 0 2 0 0
1222 0 0 2 0 0
1223 0 0 2 0 0
1224 0 0 2 0 0
1225 0 0 2 0 0
1226 0 0 2 0 0
1227 0 0 2 0 0
1228 0 0 2 0 0
1229 0 0 2 0 0
1230 0 0 2 0 0
1231 0 0 2 0 0
1232 0 0 2 0 0
1233 0 0 2 0 0
1234 0 0 2 0 0
1235 0 0 2 0 0
1236 0 0 2 0 0
1237 0 0 2 0 0
1238 0 0 2 0 0
1239 0 0 2 0 0
1240 0 0 2 0 0
1241 0 0 2 0 0
1242 0 0 2 0 0
1243 0 0 2 0 0
1244 0 0 2 0 0
1245 0 0 2 0 0
1246 0 0 2 0 0
1247 0 0 2 0 0
1248 0 0 2 0 0
1249 0 0 2 0 0
1250 0 0 2 0 0
1251 0 0 2 0 0
1252 0 0 2 0 0
1253 0 0 2 0 0
1254 0 0 2 0 0
1255 0 0 2 0 0
1256 0 0 2 0 0
1257 0 0 2 0 0
1258 0 0 2 0 0
1259 0 0 2 0 0
1260 0 0 2 0 0
1261 0 0 2 0 0
1262 0 0 2 0 0
1263 0 0 2 0 0
1264 0 0 2 0 0
1265 0 0 2 0 0
1266 0 0 2 0 0
1267 0 0 2 0 0
1268 0 0 2 0 0
1269 0 0 2 0 0
1270 0 0 2 0 1
1271 0 0 2 0 1
1272 0 0 2 0 1
1273 0 0 2 0 1
1274 0 0 2 0 1
1275 0 0 2 0 1
1276 0 0 2 0 1
1277 0 0 2 0 1
1278 0 0 2 0 1
1279 0 0 2 0 1
1280 0 0 2 0 1
1281 0 0 2 0 1
1282 0 0 2 0 1
1283 0 0 2 0 1
1284 0 0 2 0 1
1285 0 0 2 0 1
1286 0 0 2 0 1
1287 0 0 2 0 1
1288 0 0 2 0 1
1289 0 0 2 0 1
1290 0 0 2 0 1
1291 0 0 2 0 1
1292 0 0 2 0 1
1293 0 0 2 0 1
1294 0 0 2 0 1
1295 0 0 2 0 1
1296 0 0 2 0 1
1297 0 0 2 0 1
1298 0 0 2 0 1
1299 0 0 2 0 1
1300 0 0 2 0 1
1301 0 0 2 0 1
1302 0 0 2 0 1
1303 0 0 2 0 1
1304 0 0 2 0 1
1305 0 0 2 0 1
1306 0 0 2 0 1
1307 0 0 2 0 1
1308 0 0 2 0 1
1309 0 0 2 0 1
1310 0 0 2 0 1
1311 0 0 2 0 1
1312 0 0 2 0 1
1313 0 0 2 0 1
1314 0 0 2 0 1
1315 0 0 2 0 1
1316 0 0 2 0 1
1317 0 0 2 0 1
1318 0 0 2 0 1
1319 0 0 2 0 1
1320 0 0 2 0 1
1321 0 0 2 0 1
1322 0 0 2 0 1
1323 0 0 2 0 1
1324 0 0 2 0 1
1325 0 0 2 0 1
1326 0 0 2 0 1
1327 0 0 2 0 1
1328 0 0 2 0 1
1329 0 0 2 0 1
1330 0 0 2 0 1
1331 0 0 2 0 1
1332 0 0 2 0 1
1333 0 0 2 0 1
1334 0 0 2 0 1
1335 0 0 2 0 1
1336 0 0 2 0 1
1337 0 0 2 0 1
1338 0 0 2 0 1
1339 0 0 2 0 1
1340 0 0 2 0 1
1341 0 0 2 0 1
1342 0 0 2 0 1
1343 0 0 2 0 1
1344 0 0 2 0 1
1345 0 0 2 0 1
1346 0 0 2 0 1
1347 0 0 2 0 1
1348 0 0 2 0 1
1349 0 0 2 0 1
1350 0 0 2 0 1
1351 0 0 2 0 1
1352 0 0 2 0 1
1353 0 0 2 0 1
1354 0 0 2 0 1
1355 0 0 2 0 1
1356 0 0 2 0 1
1357 0 0 2 0 1
1358 0 0 2 0 1
1359 0 0 2 0 1
1360 0 0 2 0 1
1361 0 0 2 0 1
1362 0 0 2 0 1
1363 0 0 2 0 1
1364 0 0 2 0 1
1365 0 0 2 0 1
1366 0 0 2 0 1
1367 0 0 2 0 1
1368 0 0 2 0 1
1369 0 0 2 0 1
1370 0 0 2 0 1
1371 0 0 2 0 1
1372 0 0 2 0 1
1373 0 0 2 0 1
1374 0 0 2 0 1
1375 0 0 2 0 1
1376 0 0 2 0 1
1377 0 0 2 0 1
1378 0 0 2 0 1
1379 0 0 2 0 1
1380 0 0 2 0 2
1381 0 0 2 0 2
1382 0 0 2 0 2
1383 0 0 2 0 2
1384 0 0 2 0 2
1385 0 0 2 0 2
1386 0 0 2 0 2
1387 0 0 2 0 2
1388 0 0 2 0 2
1389 0 0 2 0 2
1390 0 0 2 0 2
1391 0 0 2 0 2
1392 0 0 2 0 2
1393 0 0 2 0 2
1394 0 0 2 0 2
1395 0 0 2 0 2
1396 0 0 2 0 2
1397 0 0 2 0 2
1398 0 0 2 0 2
1399 0 0 2 0 2
1400 0 0 2 0 2
1401 0 0 2 0 2
1402 0 0 2 0 2
1403 0 0 2 0 2
1404 0 0 2 0 2
1405 0 0 2 0 2
1406 0 0 2 0 2
1407 0 0 2 0 2
1408 0 0 2 0 2
1409 0 0 2 0 2
1410 0 0 2 0 2
1411 0 0 2 0 2
1412 0 0 2 0 2
1413 0 0 2 0 2
1414 0 0 2 0 2
1415 0 0 2 0 2
1416 0 0 2 0 2
1417 0 0 2 0 2
1418 0 0 2 0 2
1419 0 0 2 0 2
1420 0 0 2 0 2
1421 0 0 2 0 2
1422 0 0 2 0 2
1423 0 0 2 0 2
1424 0 0 2 0 2
1425 0 0 2 0 2
1426 0 0 2 0 2
1427 0 0 2 0 2
1428 0 0 2 0 2
1429 0 0 2 0 2
1430 0 0 2 0 2
1431 0 0 2 0 2
1432 0 0 2 0 2
1433 0 0 2 0 2
1434 0 0 2 0 2
1435 0 0 2 0 2
1436 0 0 2 0 2
1437 0 0 2 0 2
1438 0 0 2 0 2
1439 0 0 2 0 2
1440 0 0 2 0 2
1441 0 0 2 0 2
1442 0 0 2 0 2
1443 0 0 2 0 2
1444 0 0 2 0 2
1445 0 0 2 0 2
1446 0 0 2 0 2
1447 0 0 2 0 2
1448 0 0 2 0 2
1449 0 0 2 0 2
1450 0 0 2 0 2
1451 0 0 2 0 2
1452 0 0 2 0 2
1453 0 0 2 0 2
1454 0 0 2 0 2
1455 0 0 2 0 2
1456 0 0 2 0 2
1457 0 0 2 0 2
1458 0 0 2 0 2
1459 0 0 2 0 2
1460 0 0 2 0 2
1461 0 0 2 0 2
1462 0 0 2 0 2
1463 0 0 2 0 2
1464 0 0 2 0 2
1465 0 0 2 0 2
1466 0 0 2 0 2
1467 0 0 2 0 2
1468 0 0 2 0 2
1469 0 0 2 0 2
1470 0 0 2 0 2
1471 0 0 2 0 2
1472 0 0 2 0 2
1473 0 0 2 0 2
1474 0 0 2 0 2
1475 0 0 2 0 2
1476 0 0 2 0 2
1477 0 0 2 0 2
1478 0 0 2 0 2
1479 0 0 2 0 2
1480 0 0 2 0 2
1481 0 0 2 0 2
1482 0 0 2 0 2
1483 0 0 2 0 2
1484 0 0 2 0 2
1485 0 0 2 0 2
1486 0 0 2 0 2
1487 0 0 2 0 2
1488 0 0 2 0 2
1489 0 0 2 0 2
1490 0 0 2 0 2
1491 0 0 2 0 2
1492 0 0 2 0 2
1493 0 0 2 0 2
1494 0 0 2 0 2
1495 0 0 2 0 2
1496 0 0 2 0 2
1497 0 0 2 0 2
1498 0 0 2 0 2
1499 0 0 2 0 2
1500 0 0 2 0 2
1501 0 0 2 0 2
1502 0 0 2 0 2
1503 0 0 2 0 2
1504 0 0 2 0 2
1505 0 0 2 0 2
1506 0 0 2 0 2
1507 0 0 2 0 2
1508 0 0 2 0 2
1509 0 0 2 0 2
1510 0 0 2 0 2
1511 0 0 2 0 2
1512 0 0 2 0 2
1513 0 0 2 0 2
1514 0 0 2 0 2
1515 0 0 2 0 2
1516 0 0 2 0 2
1517 0 0 2 0 2
1518 0 0 2 0 2
1519 0 0 2 0 2
1520 0 0 2 0 2
1521 0 0 2 0 2
1522 0 0 2 0 2
1523 0 0 2 0 2
1524 0 0 2 0 2
1525 0 0 2 0 2
1526 0 0 2 0 2
1527 0 0 2 0 2
1528 0 0 2 0 2
1529 0 0 2 0 2
1530 0 0 2 0 2
1531 0 0 2 0 2
1532 0 0 2 0 2
1533 0 0 2 0 2
1534 0 0 2 0 2
1535 0 0 2 0 2
1536 0 0 2 0 2
1537 0 0 2 0 2
1538 0 0 2 0 2
1539 0 0 2 0 2
1540 0 0 2 0 2
1541 0 0 2 0 2
1542 0 0 2 0 2
1543 0 0 2 0 2
1544 0 0 2 0 2
1545 0 0 2 0 2
1546 0 0 2 0 2
1547 0 0 2 0 2
1548 0 0 2 0 2
1549 0 0 2 0 2
1550 0 0 2 0 2
1551 0 0 2 0 2
1552 0 0 2 0 2
1553 0 0 2 0 2
1554 0 0 2 0 2
1555 0 0 2 0 2
1556 0 0 2 0 2
1557 0 0 2 0 2
1558 0 0 2 0 2
1559 0 0 2 0 2
1560 0 0 2 0 2
1561 0 0 2 0 2
1562 0 0 2 0 2
1563 0 0 2 0 2
1564 0 0 2 0 2
1565 0 0 2 0 2
1566 0 0 2 0 2
1567 0 0 2 0 2
1568 0 0 2 0 2
1569 0 0 2 0 2
1570 0 0 2 0 2
1571 0 0 2 0 2
1572 0 0 2 0 2
1573 0 0 2 0 2
1574 0 0 2 0 2
1575 0 0 2 0 2
1576 0 0 2 0 2
1577 0 0 2 0 2
1578 0 0 2 0 2
1579 0 0 2 0 2
1580 2 0 2 0 2
1581 2 0 2 0 2
1582 2 0 2 0 2
1583 2 0 2 0 2
1584 2 0 2 0 2
1585 2 0 2 0 2
1586 2 0 2 0 2
1587 2 0 2 0 2
1588 2 0 2 0 2
1589 2 0 2 0 2
1590 2 0 2 0 2
1591 2 0 2 0 2
1592 2 0 2 0 2
1593 2 0 2 0 2
1594 2 0 2 0 2
1595 2 0 2 0 2
1596 2 0 2 0 2
1597 2 0 2 0 2
1598 2 0 2 0 2
1599 2 0 2 0 2
1600 2 0 2 0 2
1601 2 0 2 0 2
1602 2 0 2 0 2
1603 2 0 2 0 2
1604 2 0 2 0 2
1605 2 0 2 0 2
1606 2 0 2 0 2
1607 2 0 2 0 2
1608 2 0 2 0 2
1609 2 0 2 0 2
1610 2 0 0 0 2
1611 2 0 0 0 2
1612 2 0 0 0 2
1613 2 0 0 0 2
1614 2 0 0 0 2
1615 2 0 0 0 2
1616 2 0 0 0 2
1617 2 0 0 0 2
1618 2 0 0 0 2
1619 2 0 0 0 2
1620 2 0 0 0 2
1621 2 0 0 0 2
1622 2 0 0 0 2
1623 2 0 0 0 2
1624 2 0 0 0 2
1625 2 0 0 0 2
1626 2 0 0 0 2
1627 2 0 0 0 2
1628 2 0 0 0 2
1629 2 0 0 0 2
1630 2 0 0 0 2
1631 2 0 0 0 2
1632 2 0 0 0 2
1633 2 0 0 0 2
1634 2 0 0 0 2
1635 2 0 0 0 2
1636 2 0 0 0 2
1637 2 0 0 0 2
1638 2 0 0 0 2
1639 2 0 0 0 2
1640 2 0 0 0 2
1641 2 0 0 0 2
1642 2 0 0 0 2
1643 2 0 0 0 2
1644 2 0 0 0 2
1645 2 0 0 0 2
1646 2 0 0 0 2
1647 2 0 0 0 2
1648 2 0 0 0 2
1649 2 0 0 0 2
1650 2 0 0 0 2
1651 2 0 0 0 2
1652 2 0 0 0 2
1653 2 0 0 0 2
1654 2 0 0 0 2
1655 2 0 0 0 2
1656 2 0 0 0 2
1657 2 0 0 0 2
1658 2 0 0 0 2
1659 2 0 0 0 2
1660 2 0 0 0 2
1661 2 0 0 0 2
1662 2 0 0 0 2
1663 2 0 0 0 2
1664 2 0 0 0 2
1665 2 0 0 0 2
1666 2 0 0 0 2
1667 2 0 0 0 2
1668 2 0 0 0 2
1669 2 0 0 0 2
1670 2 0 0 0 2
1671 2 0 0 0 2
1672 2 0 0 0 2
1673 2 0 0 0 2
1674 2 0 0 0 2
1675 2 0 0 0 2
1676 2 0 0 0 2
1677 2 0 0 0 2
1678 2 0 0 0 2
1679 2 0 0 0 2
1680 2 0 0 0 2
1681 2 0 0 0 2
1682 2 0 0 0 2
1683 2 0 0 0 2
1684 2 0 0 0 2
1685 2 0 0 0 2
1686 2 0 0 0 2
1687 2 0 0 0 2
1688 2 0 0 0 2
1689 2 0 0 0 2
1690 2 0 0 0 2
1691 2 0 0 0 2
1692 2 0 0 0 2
1693 2 0 0 0 2
1694 2 0 0 0 2
1695 2 0 0 0 2
1696 2 0 0 0 2
1697 2 0 0 0 2
1698 2 0 0 0 2
1699 2 0 0 0 2
1700 2 0 0 0 2
1701 2 0 0 0 2
1702 2 0 0 0 2
1703 2 0 0 0 2
1704 2 0 0 0 2
1705 2 0 0 0 2
1706 2 0 0 0 2
1707 2 0 0 0 2
1708 2 0 0 0 2
1709 2 0 0 0 2
1710 2 0 0 0 2
1711 2 0 0 0 2
1712 2 0 0 0 2
1713 2 0 0 0 2
1714 2 0 0 0 2
1715 2 0 0 0 2
1716 2 0 0 0 2
1717 2 0 0 0 2
1718 2 0 0 0 2
1719 2 0 0 0 2
1720 2 0 0 0 0
1721 2 0 0 0 0
1722 2 0 0 0 0
1723 2 0 0 0 0
1724 2 0 0 0 0
1725 2 0 0 0 0
1726 2 0 0 0 0
1727 2 0 0 0 0
1728 2 0 0 0 0
1729 2 0 0 0 0
1730 2 0 0 0 0
1731 2 0 0 0 0
1732 2 0 0 0 0
1733 2 0 0 0 0
1734 2 0 0 0 0
1735 2 0 0 0 0
1736 2 0 0 0 0
1737 2 0 0 0 0
1738 2 0 0 0 0
1739 2 0 0 0 0
1740 2 0 0 0 0
1741 2 0 0 0 0
1742 2 0 0 0 0
1743 2 0 0 0 0
1744 2 0 0 0 0
1745 2 0 0 0 0
1746 2 0 0 0 0
1747 2 0 0 0 0
1748 2 0 0 0 0
1749 2 0 0 0 0
1750 2 0 0 0 0
1751 2 0 0 0 0
1752 2 0 0 0 0
1753 2 0 0 0 0
1754 2 0 0 0 0
1755 2 0 0 0 0
1756 2 0 0 0 0
1757 2 0 0 0 0
1758 2 0 0 0 0
1759 2 0 0 0 0
1760 2 0 0 0 0
1761 2 0 0 0 0
1762 2 0 0 0 0
1763 2 0 0 0 0
1764 2 0 0 0 0
1765 2 0 0 0 0
1766 2 0 0 0 0
1767 2 0 0 0 0
1768 2 0 0 0 0
1769 2 0 0 0 0
1770 2 0 0 0 0
1771 2 0 0 0 0
1772 2 0 0 0 0
1773 2 0 0 0 0
1774 2 0 0 0 0
1775 2 0 0 0 0
1776 2 0 0 0 0
1777 2 0 0 0 0
1778 2 0 0 0 0
1779 2 0 0 0 0
1780 2 0 0 0 0
1781 2 0 0 0 0
1782 2 0 0 0 0
1783 2 0 0 0 0
1784 2 0 0 0 0
1785 2 0 0 0 0
1786 2 0 0 0 0
1787 2 0 0 0 0
1788 2 0 0 0 0
1789 2 0 0 0 0
1790 2 0 0 0 0
1791 2 0 0 0 0
1792 2 0 0 0 0
1793 2 0 0 0 0
1794 2 0 0 0 0
1795 2 0 0 0 0
1796 2 0 0 0 0
1797 2 0 0 0 0
1798 2 0 0 0 0
1799 2 0 0 0 0
1800 2 0 0 0 0
1801 2 0 0 0 0
1802 2 0 0 0 0
1803 2 0 0 0 0
1804 2 0 0 0 0
1805 2 0 0 0 0
1806 2 0 0 0 0
1807 2 0 0 0 0
1808 2 0 0 0 0
1809 2 0 0 0 0
1810 2 0 0 0 0
1811 2 0 0 0 0
1812 2 0 0 0 0
1813 2 0 0 0 0
1814 2 0 0 0 0
1815 2 0 0 0 0
1816 2 0 0 0 0
1817 2 0 0 0 0
1818 2 0 0 0 0
1819 2 0 0 0 0
1820 2 0 0 0 0
1821 2 0 0 0 0
1822 2 0 0 0 0
1823 2 0 0 0 0
1824 2 0 0 0 0
1825 2 0 0 0 0
1826 2 0 0 0 0
1827 2 0 0 0 0
1828 2 0 0 0 0
1829 2 0 0 0 0
1830 2 0 0 0 0
1831 2 0 0 0 0
1832 2 0 0 0 0
1833 2 0 0 0 0
1834 2 0 0 0 0
1835 2 0 0 0 0
1836 2 0 0 0 0
1837 2 0 0 0 0
1838 2 0 0 0 0
1839 2 0 0 0 0
1840 2 0 0 0 0
1841 2 0 0 0 0
1842 2 0 0 0 0
1843 2 0 0 0 0
1844 2 0 0 0 0
1845 2 0 0 0 0
1846 2 0 0 0 0
1847 2 0 0 0 0
1848 2 0 0 0 0
1849 2 0 0 0 0
1850 2 0 0 0 0
1851 2 0 0 0 0
1852 2 0 0 0 0
1853 2 0 0 0 0
1854 2 0 0 0 0
1855 2 0 0 0 0
1856 2 0 0 0 0
1857 2 0 0 0 0
1858 2 0 0 0 0
1859 2 0 0 0 0
1860 2 0 0 0 0
1861 2 0 0 0 0
1862 2 0 0 0 0
1863 2 0 0 0 0
1864 2 0 0 0 0
1865 2 0 0 0 0
1866 2 0 0 0 0
1867 2 0 0 0 0
1868 2 0 0 0 0
1869 2 0 0 0 0
1870 2 0 0 0 0
1871 2 0 0 0 0
1872 2 0 0 0 0
1873 2 0 0 0 0
1874 2 0 0 0 0
1875 2 0 0 0 0
1876 2 0 0 0 0
1877 2 0 0 0 0
1878 2 0 0 0 0
1879 2 0 0 0 0
1880 2 0 0 0 0
1881 2 0 0 0 0
1882 2 0 0 0 0
1883 2 0 0 0 0
1884 2 0 0 0 0
1885 2 0 0 0 0
1886 2 0 0 0 0
1887 2 0 0 0 0
1888 2 0 0 0 0
1889 2 0 0 0 0
1890 2 0 0 0 0
1891 2 0 0 0 0
1892 2 0 0 0 0
1893 2 0 0 0 0
1894 2 0 0 0 0
1895 2 0 0 0 0
1896 2 0 0 0 0
1897 2 0 0 0 0
1898 2 0 0 0 0
1899 2 0 0 0 0
1900 2 0 0 0 0
1901 2 0 0 0 0
1902 2 0 0 0 0
1903 2 0 0 0 0
1904 2 0 0 0 0
1905 2 0 0 0 0
1906 2 0 0 0 0
1907 2 0 0 0 0
1908 2 0 0 0 0
1909 2 0 0 0 0
1910 2 0 2 0 0
1911 2 0 2 0 0
1912 2 0 2 0 0
1913 2 0 2 0 0
1914 2 0 2 0 0
1915 2 0 2 0 0
1916 2 0 2 0 0
1917 2 0 2 0 0
1918 2 0 2 0 0
1919 2 0 2 0 0
1920 0 0 2 0 0
1921 0 0 2 0 0
1922 0 0 2 0 0
1923 0 0 2 0 0
1924 0 0 2 0 0
1925 0 0 2 0 0
1926 0 0 2 0 0
1927 0 0 2 0 0
1928 0 0 2 0 0
1929 0 0 2 0 0
1930 0 0 2 0 0
1931 0 0 2 0 0
1932 0 0 2 0 0
1933 0 0 2 0 0
1934 0 0 2 0 0
1935 0 0 2 0 0
1936 0 0 2 0 0
1937 0 0 2 0 0
1938 0 0 2 0 0
1939 0 0 2 0 0
1940 0 0 2 0 0
1941 0 0 2 0 0
1942 0 0 2 0 0
1943 0 0 2 0 0
1944 0 0 2 0 0
1945 0 0 2 0 0
1946 0 0 2 0 0
1947 0 0 2 0 0
1948 0 0 2 0 0
1949 0 0 2 0 0
1950 0 0 2 0 0
1951 0 0 2 0 0
1952 0 0 2 0 0
1953 0 0 2 0 0
1954 0 0 2 0 0
1955 0 0 2 0 0
1956 0 0 2 0 0
1957 0 0 2 0 0
1958 0 0 2 0 0
1959 0 0 2 0 0
1960 0 0 2 0 0
1961 0 0 2 0 0
1962 0 0 2 0 0
1963 0 0 2 0 0
1964 0 0 2 0 0
1965 0 0 2 0 0
1966 0 0 2 0 0
1967 0 0 2 0 0
1968 0 0 2 0 0
1969 0 0 2 0 0
1970 0 0 2 0 0
1971 0 0 2 0 0
1972 0 0 2 0 0
1973 0 0 2 0 0
1974 0 0 2 0 0
1975 0 0 2 0 0
1976 0 0 2 0 0
1977 0 0 2 0 0
1978 0 0 2 0 0
1979 0 0 2 0 0
1980 0 0 2 0 1
1981 0 0 2 0 1
1982 0 0 2 0 1
1983 0 0 2 0 1
1984 0 0 2 0 1
1985 0 0 2 0 1
1986 0 0 2 0 1
1987 0 0 2 0 1
1988 0 0 2 0 1
1989 0 0 2 0 1
1990 0 0 2 0 1
1991 0 0 2 0 1
1992 0 0 2 0 1
1993 0 0 2 0 1
1994 0 0 2 0 1
1995 0 0 2 0 1
1996 0 0 2 0 1
1997 0 0 2 0 1
1998 0 0 2 0 1
1999 0 0 2 0 1
2000 0 0 2 0 1
2001 0 0 2 0 1
2002 0 0 2 0 1
2003 0 0 2 0 1
2004 0 0 2 0 1
2005 0 0 2 0 1
2006 0 0 2 0 1
2007 0 0 2 0 1
2008 0 0 2 0 1
2009 0 0 2 0 1
2010 0 0 2 0 1
2011 0 0 2 0 1
2012 0 0 2 0 1
2013 0 0 2 0 1
2014 0 0 2 0 1
2015 0 0 2 0 1
2016 0 0 2 0 1
2017 0 0 2 0 1
2018 0 0 2 0 1
2019 0 0 2 0 1
2020 0 0 2 0 1
2021 0 0 2 0 1
2022 0 0 2 0 1
2023 0 0 2 0 1
2024 0 0 2 0 1
2025 0 0 2 0 1
2026 0 0 2 0 1
2027 0 0 2 0 1
2028 0 0 2 0 1
2029 0 0 2 0 1
2030 0 0 2 0 1
2031 0 0 2 0 1
2032 0 0 2 0 1
2033 0 0 2 0 1
2034 0 0 2 0 1
2035 0 0 2 0 1
2036 0 0 2 0 1
2037 0 0 2 0 1
2038 0 0 2 0 1
2039 0 0 2 0 1
2040 0 0 2 0 1
2041 0 0 2 0 1
2042 0 0 2 0 1
2043 0 0 2 0 1
2044 0 0 2 0 1
2045 0 0 2 0 1
2046 0 0 2 0 1
2047 0 0 2 0 1
2048 0 0 2 0 1
2049 0 0 2 0 1
2050 0 0 2 0 1
2051 0 0 2 0 1
2052 0 0 2 0 1
2053 0 0 2 0 1
2054 0 0 2 0 1
2055 0 0 2 0 1
2056 0 0 2 0 1
2057 0 0 2 0 1
2058 0 0 2 0 1
2059 0 0 2 0 1
2060 0 0 2 0 1
2061 0 0 2 0 1
2062 0 0 2 0 1
2063 0 0 2 0 1
2064 0 0 2 0 1
2065 0 0 2 0 1
2066 0 0 2 0 1
2067 0 0 2 0 1
2068 0 0 2 0 1
2069 0 0 2 0 1
2070 0 0 2 0 1
2071 0 0 2 0 1
2072 0 0 2 0 1
2073 0 0 2 0 1
2074 0 0 2 0 1
2075 0 0 2 0 1
2076 0 0 2 0 1
2077 0 0 2 0 1
2078 0 0 2 0 1
2079 0 0 2 0 1
2080 0 0 2 0 2
2081 0 0 2 0 2
2082 0 0 2 0 2
2083 0 0 2 0 2
2084 0 0 2 0 2
2085 0 0 2 0 2
2086 0 0 2 0 2
2087 0 0 2 0 2
2088 0 0 2 0 2
2089 0 0 2 0 2
2090 0 0 2 0 2
2091 0 0 2 0 2
2092 0 0 2 0 2
2093 0 0 2 0 2
2094 0 0 2 0 2
2095 0 0 2 0 2
2096 0 0 2 0 2
2097 0 0 2 0 2
2098 0 0 2 0 2
2099 0 0 2 0 2
2100 0 0 2 0 2
2101 0 0 2 0 2
2102 0 0 2 0 2
2103 0 0 2 0 2
2104 0 0 2 0 2
2105 0 0 2 0 2
2106 0 0 2 0 2
2107 0 0 2 0 2
2108 0 0 2 0 2
2109 0 0 2 0 2
2110 0 0 2 0 2
2111 0 0 2 0 2
2112 0 0 2 0 2
2113 0 0 2 0 2
2114 0 0 2 0 2
2115 0 0 2 0 2
2116 0 0 2 0 2
2117 0 0 2 0 2
2118 0 0 2 0 2
2119 0 0 2 0 2
2120 0 0 2 0 2
2121 0 0 2 0 2
2122 0 0 2 0 2
2123 0 0 2 0 2
2124 0 0 2 0 2
2125 0 0 2 0 2
2126 0 0 2 0 2
2127 0 0 2 0 2
2128 0 0 2 0 2
2129 0 0 2 0 2
2130 0 0 2 0 2
2131 0 0 2 0 2
2132 0 0 2 0 2
2133 0 0 2 0 2
2134 0 0 2 0 2
2135 0 0 2 0 2
2136 0 0 2 0 2
2137 0 0 2 0 2
2138 0 0 2 0 2
2139 0 0 2 0 2
2140 0 0 2 0 2
2141 0 0 2 0 2
2142 0 0 2 0 2
2143 0 0 2 0 2
2144 0 0 2 0 2
2145 0 0 2 0 2
2146 0 0 2 0 2
2147 0 0 2 0 2
2148 0 0 2 0 2
2149 0 0 2 0 2
2150 0 0 2 0 2
2151 0 0 2 0 2
2152 0 0 2 0 2
2153 0 0 2 0 2
2154 0 0 2 0 2
2155 0 0 2 0 2
2156 0 0 2 0 2
2157 0 0 2 0 2
2158 0 0 2 0 2
2159 0 0 2 0 2
2160 0 0 2 0 2
2161 0 0 2 0 2
2162 0 0 2 0 2
2163 0 0 2 0 2
2164 0 0 2 0 2
2165 0 0 2 0 2
2166 0 0 2 0 2
2167 0 0 2 0 2
2168 0 0 2 0 2
2169 0 0 2 0 2
2170 0 0 2 0 2
2171 0 0 2 0 2
2172 0 0 2 0 2
2173 0 0 2 0 2
2174 0 0 2 0 2
2175 0 0 2 0 2
2176 0 0 2 0 2
2177 0 0 2 0 2
2178 0 0 2 0 2
2179 0 0 2 0 2
2180 0 0 2 0 2
2181 0 0 2 0 2
2182 0 0 2 0 2
2183 0 0 2 0 2
2184 0 0 2 0 2
2185 0 0 2 0 2
2186 0 0 2 0 2
2187 0 0 2 0 2
2188 0 0 2 0 2
2189 0 0 2 0 2
2190 0 0 2 0 2
2191 0 0 2 0 2
2192 0 0 2 0 2
2193 0 0 2 0 2
2194 0 0 2 0 2
2195 0 0 2 0 2
2196 0 0 2 0 2
2197 0 0 2 0 2
2198 0 0 2 0 2
2199 0 0 2 0 2
2200 0 0 2 0 2
2201 0 0 2 0 2
2202 0 0 2 0 2
2203 0 0 2 0 2
2204 0 0 2 0 2
2205 0 0 2 0 2
2206 0 0 2 0 2
2207 0 0 2 0 2
2208 0 0 2 0 2
2209 0 0 2 0 2
2210 0 0 2 0 2
2211 0 0 2 0 2
2212 0 0 2 0 2
2213 0 0 2 0 2
2214 0 0 2 0 2
2215 0 0 2 0 2
2216 0 0 2 0 2
2217 0 0 2 0 2
2218 0 0 2 0 2
2219 0 0 2 0 2
2220 0 0 2 0 2
2221 0 0 2 0 2
2222 0 0 2 0 2
2223 0 0 2 0 2
2224 0 0 2 0 2
2225 0 0 2 0 2
2226 0 0 2 0 2
2227 0 0 2 0 2
2228 0 0 2 0 2
2229 0 0 2 0 2
2230 0 0 2 0 2
2231 0 0 2 0 2
2232 0 0 2 0 2
2233 0 0 2 0 2
2234 0 0 2 0 2
2235 0 0 2 0 2
2236 0 0 2 0 2
2237 0 0 2 0 2
2238 0 0 2 0 2
2239 0 0 2 0 2
2240 0 0 2 0 2
2241 0 0 2 0 2
2242 0 0 2 0 2
2243 0 0 2 0 2
2244 0 0 2 0 2
2245 0 0 2 0 2
2246 0 0 2 0 2
2247 0 0 2 0 2
2248 0 0 2 0 2
2249 0 0 2 0 2
2250 2 0 2 0 2
2251 2 0 2 0 2
2252 2 0 2 0 2
2253 2 0 2 0 2
2254 2 0 2 0 2
2255 2 0 2 0 2
2256 2 0 2 0 2
2257 2 0 2 0 2
2258 2 0 2 0 2
2259 2 0 2 0 2
2260 2 0 0 0 2
2261 2 0 0 0 2
2262 2 0 0 0 2
2263 2 0 0 0 2
2264 2 0 0 0 2
2265 2 0 0 0 2
2266 2 0 0 0 2
2267 2 0 0 0 2
2268 2 0 0 0 2
2269 2 0 0 0 2
2270 2 0 0 0 2
2271 2 0 0 0 2
2272 2 0 0 0 2
2273 2 0 0 0 2
2274 2 0 0 0 2
2275 2 0 0 0 2
2276 2 0 0 0 2
2277 2 0 0 0 2
2278 2 0 0 0 2
2279 2 0 0 0 2
2280 2 0 0 0 2
2281 2 0 0 0 2
2282 2 0 0 0 2
2283 2 0 0 0 2
2284 2 0 0 0 2
2285 2 0 0 0 2
2286 2 0 0 0 2
2287 2 0 0 0 2
2288 2 0 0 0 2
2289 2 0 0 0 2
2290 2 0 0 0 2
2291 2 0 0 0 2
2292 2 0 0 0 2
2293 2 0 0 0 2
2294 2 0 0 0 2
2295 2 0 0 0 2
2296 2 0 0 0 2
2297 2 0 0 0 2
2298 2 0 0 0 2
2299 2 0 0 0 2
2300 2 0 0 0 0
2301 2 0 0 0 0
2302 2 0 0 0 0
2303 2 0 0 0 0
2304 2 0 0 0 0
2305 2 0 0 0 0
2306 2 0 0 0 0
2307 2 0 0 0 0
2308 2 0 0 0 0
2309 2 0 0 0 0
2310 2 0 0 0 0
2311 2 0 0 0 0
2312 2 0 0 0 0
2313 2 0 0 0 0
2314 2 0 0 0 0
2315 2 0 0 0 0
2316 2 0 0 0 0
2317 2 0 0 0 0
2318 2 0 0 0 0
2319 2 0 0 0 0
2320 2 0 0 0 0
2321 2 0 0 0 0
2322 2 0 0 0 0
2323 2 0 0 0 0
2324 2 0 0 0 0
2325 2 0 0 0 0
2326 2 0 0 0 0
2327 2 0 0 0 0
2328 2 0 0 0 0
2329 2 0 0 0 0
2330 2 0 0 0 0
2331 2 0 0 0 0
2332 2 0 0 0 0
2333 2 0 0 0 0
2334 2 0 0 0 0
2335 2 0 0 0 0
2336 2 0 0 0 0
2337 2 0 0 0 0
2338 2 0 0 0 0
2339 2 0 0 0 0
2340 2 0 0 0 0
2341 2 0 0 0 0
2342 2 0 0 0 0
2343 2 0 0 0 0
2344 2 0 0 0 0
2345 2 0 0 0 0
2346 2 0 0 0 0
2347 2 0 0 0 0
2348 2 0 0 0 0
2349 2 0 0 0 0
2350 2 0 0 0 0
2351 2 0 0 0 0
2352 2 0 0 0 0
2353 2 0 0 0 0
2354 2 0 0 0 0
2355 2 0 0 0 0
2356 2 0 0 0 0
2357 2 0 0 0 0
2358 2 0 0 0 0
2359 2 0 0 0 0
2360 2 0 0 0 0
2361 2 0 0 0 0
2362 2 0 0 0 0
2363 2 0 0 0 0
2364 2 0 0 0 0
2365 2 0 0 0 0
2366 2 0 0 0 0
2367 2 0 0 0 0
2368 2 0 0 0 0
2369 2 0 0 0 0
2370 2 0 0 0 0
2371 2 0 0 0 0
2372 2 0 0 0 0
2373 2 0 0 0 0
2374 2 0 0 0 0
2375 2 0 0 0 0
2376 2 0 0 0 0
2377 2 0 0 0 0
2378 2 0 0 0 0
2379 2 0 0 0 0
2380 2 0 0 0 0
2381 2 0 0 0 0
2382 2 0 0 0 0
2383 2 0 0 0 0
2384 2 0 0 0 0
2385 2 0 0 0 0
2386 2 0 0 0 0
2387 2 0 0 0 0
2388 2 0 0 0 0
2389 2 0 0 0 0
2390 2 0 0 0 0
2391 2 0 0 0 0
2392 2 0 0 0 0
2393 2 0 0 0 0
2394 2 0 0 0 0
2395 2 0 0 0 0
2396 2 0 0 0 0
2397 2 0 0 0 0
2398 2 0 0 0 0
2399 2 0 0 0 0
2400 2 0 0 0 0
2401 2 0 0 0 0
2402 2 0 0 0 0
2403 2 0 0 0 0
2404 2 0 0 0 0
2405 2 0 0 0 0
2406 2 0 0 0 0
2407 2 0 0 0 0
2408 2 0 0 0 0
2409 2 0 0 0 0
2410 2 0 0 0 0
2411 2 0 0 0 0
2412 2 0 0 0 0
2413 2 0 0 0 0
2414 2 0 0 0 0
2415 2 0 0 0 0
2416 2 0 0 0 0
2417 2 0 0 0 0
2418 2 0 0 0 0
2419 2 0 0 0 0
2420 2 0 0 0 0
2421 2 0 0 0 0
2422 2 0 0 0 0
2423 2 0 0 0 0
2424 2 0 0 0 0
2425 2 0 0 0 0
2426 2 0 0 0 0
2427 2 0 0 0 0
2428 2 0 0 0 0
2429 2 0 0 0 0
2430 2 0 0 0 0
2431 2 0 0 0 0
2432 2 0 0 0 0
2433 2 0 0 0 0
2434 2 0 0 0 0
2435 2 0 0 0 0
2436 2 0 0 0 0
2437 2 0 0 0 0
2438 2 0 0 0 0
2439 2 0 0 0 0
2440 2 0 0 0 0
2441 2 0 0 0 0
2442 2 0 0 0 0
2443 2 0 0 0 0
2444 2 0 0 0 0
2445 2 0 0 0 0
2446 2 0 0 0 0
2447 2 0 0 0 0
2448 2 0 0 0 0
2449 2 0 0 0 0
2450 2 0 0 0 0
2451 2 0 0 0 0
2452 2 0 0 0 0
2453 2 0 0 0 0
2454 2 0 0 0 0
2455 2 0 0 0 0
2456 2 0 0 0 0
2457 2 0 0 0 0
2458 2 0 0 0 0
2459 2 0 0 0 0
2460 2 0 0 0 0
2461 2 0 0 0 0
2462 2 0 0 0 0
2463 2 0 0 0 0
2464 2 0 0 0 0
2465 2 0 0 0 0
2466 2 0 0 0 0
2467 2 0 0 0 0
2468 2 0 0 0 0
2469 2 0 0 0 0
2470 2 0 0 0 0
2471 2 0 0 0 0
2472 2 0 0 0 0
2473 2 0 0 0 0
2474 2 0 0 0 0
2475 2 0 0 0 0
2476 2 0 0 0 0
2477 2 0 0 0 0
2478 2 0 0 0 0
2479 2 0 0 0 0
2480 2 0 0 0 0
2481 2 0 0 0 0
2482 2 0 0 0 0
2483 2 0 0 0 0
2484 2 0 0 0 0
2485 2 0 0 0 0
2486 2 0 0 0 0
2487 2 0 0 0 0
2488 2 0 0 0 0
2489 2 0 0 0 0
2490 2 0 0 0 0
2491 2 0 0 0 0
2492 2 0 0 0 0
2493 2 0 0 0 0
2494 2 0 0 0 0
2495 2 0 0 0 0
2496 2 0 0 0 0
2497 2 0 0 0 0
2498 2 0 0 0 0
2499 2 0 0 0 0
2500 2 0 0 0 0
2501 2 0 0 0 0
2502 2 0 0 0 0
2503 2 0 0 0 0
2504 2 0 0 0 0
2505 2 0 0 0 0
2506 2 0 0 0 0
2507 2 0 0 0 0
2508 2 0 0 0 0
2509 2 0 0 0 0
2510 2 0 0 0 0
2511 2 0 0 0 0
2512 2 0 0 0 0
2513 2 0 0 0 0
2514 2 0 0 0 0
2515 2 0 0 0 0
2516 2 0 0 0 0
2517 2 0 0 0 0
2518 2 0 0 0 0
2519 2 0 0 0 0
2520 2 0 0 2 0
2521 2 0 0 2 0
2522 2 0 0 2 0
2523 2 0 0 2 0
2524 2 0 0 2 0
2525 2 0 0 2 0
2526 2 0 0 2 0
2527 2 0 0 2 0
2528 2 0 0 2 0
2529 2 0 0 2 0
2530 2 0 2 0 0
2531 2 0 2 0 0
2532 2 0 2 0 0
2533 2 0 2 0 0
2534 2 0 2 0 0
2535 2 0 2 0 0
2536 2 0 2 0 0
2537 2 0 2 0 0
2538 2 0 2 0 0
2539 2 0 2 0 0
2540 0 0 2 0 0
2541 0 0 2 0 0
2542 0 0 2 0 0
2543 0 0 2 0 0
2544 0 0 2 0 0
2545 0 0 2 0 0
2546 0 0 2 0 0
2547 0 0 2 0 0
2548 0 0 2 0 0
2549 0 0 2 0 0
2550 0 0 2 0 0
2551 0 0 2 0 0
2552 0 0 2 0 0
2553 0 0 2 0 0
2554 0 0 2 0 0
2555 0 0 2 0 0
2556 0 0 2 0 0
2557 0 0 2 0 0
2558 0 0 2 0 0
2559 0 0 2 0 0
2560 0 0 2 0 0
2561 0 0 2 0 0
2562 0 0 2 0 0
2563 0 0 2 0 0
2564 0 0 2 0 0
2565 0 0 2 0 0
2566 0 0 2 0 0
2567 0 0 2 0 0
2568 0 0 2 0 0
2569 0 0 2 0 0
2570 0 0 2 0 0
2571 0 0 2 0 0
2572 0 0 2 0 0
2573 0 0 2 0 0
2574 0 0 2 0 0
2575 0 0 2 0 0
2576 0 0 2 0 0
2577 0 0 2 0 0
2578 0 0 2 0 0
2579 0 0 2 0 0
2580 0 0 2 0 0
2581 0 0 2 0 0
2582 0 0 2 0 0
2583 0 0 2 0 0
2584 0 0 2 0 0
2585 0 0 2 0 0
2586 0 0 2 0 0
2587 0 0 2 0 0
2588 0 0 2 0 0
2589 0 0 2 0 0
2590 0 0 2 0 0
2591 0 0 2 0 0
2592 0 0 2 0 0
2593 0 0 2 0 0
2594 0 0 2 0 0
2595 0 0 2 0 0
2596 0 0 2 0 0
2597 0 0 2 0 0
2598 0 0 2 0 0
2599 0 0 2 0 0
2600 0 0 2 0 0
2601 0 0 2 0 0
2602 0 0 2 0 0
2603 0 0 2 0 0
2604 0 0 2 0 0
2605 0 0 2 0 0
2606 0 0 2 0 0
2607 0 0 2 0 0
2608 0 0 2 0 0
2609 0 0 2 0 0
2610 0 0 2 0 0
2611 0 0 2 0 0
2612 0 0 2 0 0
2613 0 0 2 0 0
2614 0 0 2 0 0
2615 0 0 2 0 0
2616 0 0 2 0 0
2617 0 0 2 0 0
2618 0 0 2 0 0
2619 0 0 2 0 0
2620 0 0 2 0 1
2621 0 0 2 0 1
2622 0 0 2 0 1
2623 0 0 2 0 1
2624 0 0 2 0 1
2625 0 0 2 0 1
2626 0 0 2 0 1
2627 0 0 2 0 1
2628 0 0 2 0 1
2629 0 0 2 0 1
2630 0 0 2 0 1
2631 0 0 2 0 1
2632 0 0 2 0 1
2633 0 0 2 0 1
2634 0 0 2 0 1
2635 0 0 2 0 1
2636 0 0 2 0 1
2637 0 0 2 0 1
2638 0 0 2 0 1
2639 0 0 2 0 1
2640 0 0 2 0 1
2641 0 0 2 0 1
2642 0 0 2 0 1
2643 0 0 2 0 1
2644 0 0 2 0 1
2645 0 0 2 0 1
2646 0 0 2 0 1
2647 0 0 2 0 1
2648 0 0 2 0 1
2649 0 0 2 0 1
2650 0 0 2 0 2
2651 0 0 2 0 2
2652 0 0 2 0 2
2653 0 0 2 0 2
2654 0 0 2 0 2
2655 0 0 2 0 2
2656 0 0 2 0 2
2657 0 0 2 0 2
2658 0 0 2 0 2
2659 0 0 2 0 2
2660 0 0 2 0 2
2661 0 0 2 0 2
2662 0 0 2 0 2
2663 0 0 2 0 2
2664 0 0 2 0 2
2665 0 0 2 0 2
2666 0 0 2 0 2
2667 0 0 2 0 2
2668 0 0 2 0 2
2669 0 0 2 0 2
2670 0 0 2 0 2
2671 0 0 2 0 2
2672 0 0 2 0 2
2673 0 0 2 0 2
2674 0 0 2 0 2
2675 0 0 2 0 2
2676 0 0 2 0 2
2677 0 0 2 0 2
2678 0 0 2 0 2
2679 0 0 2 0 2
2680 0 0 2 0 2
2681 0 0 2 0 2
2682 0 0 2 0 2
2683 0 0 2 0 2
2684 0 0 2 0 2
2685 0 0 2 0 2
2686 0 0 2 0 2
2687 0 0 2 0 2
2688 0 0 2 0 2
2689 0 0 2 0 2
2690 0 0 2 0 2
2691 0 0 2 0 2
2692 0 0 2 0 2
2693 0 0 2 0 2
2694 0 0 2 0 2
2695 0 0 2 0 2
2696 0 0 2 0 2
2697 0 0 2 0 2
2698 0 0 2 0 2
2699 0 0 2 0 2
2700 0 0 2 0 2
2701 0 0 2 0 2
2702 0 0 2 0 2
2703 0 0 2 0 2
2704 0 0 2 0 2
2705 0 0 2 0 2
2706 0 0 2 0 2
2707 0 0 2 0 2
2708 0 0 2 0 2
2709 0 0 2 0 2
2710 0 0 2 0 2
2711 0 0 2 0 2
2712 0 0 2 0 2
2713 0 0 2 0 2
2714 0 0 2 0 2
2715 0 0 2 0 2
2716 0 0 2 0 2
2717 0 0 2 0 2
2718 0 0 2 0 2
2719 0 0 2 0 2
2720 0 0 2 0 2
2721 0 0 2 0 2
2722 0 0 2 0 2
2723 0 0 2 0 2
2724 0 0 2 0 2
2725 0 0 2 0 2
2726 0 0 2 0 2
2727 0 0 2 0 2
2728 0 0 2 0 2
2729 0 0 2 0 2
2730 0 0 2 0 2
2731 0 0 2 0 2
2732 0 0 2 0 2
2733 0 0 2 0 2
2734 0 0 2 0 2
2735 0 0 2 0 2
2736 0 0 2 0 2
2737 0 0 2 0 2
2738 0 0 2 0 2
2739 0 0 2 0 2
2740 0 0 2 0 2
2741 0 0 2 0 2
2742 0 0 2 0 2
2743 0 0 2 0 2
2744 0 0 2 0 2
2745 0 0 2 0 2
2746 0 0 2 0 2
2747 0 0 2 0 2
2748 0 0 2 0 2
2749 0 0 2 0 2
2750 0 0 2 0 2
2751 0 0 2 0 2
2752 0 0 2 0 2
2753 0 0 2 0 2
2754 0 0 2 0 2
2755 0 0 2 0 2
2756 0 0 2 0 2
2757 0 0 2 0 2
2758 0 0 2 0 2
2759 0 0 2 0 2
2760 0 0 2 0 2
2761 0 0 2 0 2
2762 0 0 2 0 2
2763 0 0 2 0 2
2764 0 0 2 0 2
2765 0 0 2 0 2
2766 0 0 2 0 2
2767 0 0 2 0 2
2768 0 0 2 0 2
2769 0 0 2 0 2
2770 0 0 2 0 2
2771 0 0 2 0 2
2772 0 0 2 0 2
2773 0 0 2 0 2
2774 0 0 2 0 2
2775 0 0 2 0 2
2776 0 0 2 0 2
2777 0 0 2 0 2
2778 0 0 2 0 2
2779 0 0 2 0 2
2780 0 0 2 0 2
2781 0 0 2 0 2
2782 0 0 2 0 2
2783 0 0 2 0 2
2784 0 0 2 0 2
2785 0 0 2 0 2
2786 0 0 2 0 2
2787 0 0 2 0 2
2788 0 0 2 0 2
2789 0 0 2 0 2
2790 2 0 2 0 2
2791 2 0 2 0 2
2792 2 0 2 0 2
2793 2 0 2 0 2
2794 2 0 2 0 2
2795 2 0 2 0 2
2796 2 0 2 0 2
2797 2 0 2 0 2
2798 2 0 2 0 2
2799 2 0 2 0 2
2800 2 0 2 0 2
2801 2 0 2 0 2
2802 2 0 2 0 2
2803 2 0 2 0 2
2804 2 0 2 0 2
2805 2 0 2 0 2
2806 2 0 2 0 2
2807 2 0 2 0 2
2808 2 0 2 0 2
2809 2 0 2 0 2
2810 2 0 0 0 2
2811 2 0 0 0 2
2812 2 0 0 0 2
2813 2 0 0 0 2
2814 2 0 0 0 2
2815 2 0 0 0 2
2816 2 0 0 0 2
2817 2 0 0 0 2
2818 2 0 0 0 2
2819 2 0 0 0 2
2820 2 0 0 0 2
2821 2 0 0 0 2
2822 2 0 0 0 2
2823 2 0 0 0 2
2824 2 0 0 0 2
2825 2 0 0 0 2
2826 2 0 0 0 2
2827 2 0 0 0 2
2828 2 0 0 0 2
2829 2 0 0 0 2
2830 2 0 0 0 0
2831 2 0 0 0 0
2832 2 0 0 0 0
2833 2 0 0 0 0
2834 2 0 0 0 0
2835 2 0 0 0 0
2836 2 0 0 0 0
2837 2 0 0 0 0
2838 2 0 0 0 0
2839 2 0 0 0 0
2840 2 0 0 0 0
2841 2 0 0 0 0
2842 2 0 0 0 0
2843 2 0 0 0 0
2844 2 0 0 0 0
2845 2 0 0 0 0
2846 2 0 0 0 0
2847 2 0 0 0 0
2848 2 0 0 0 0
2849 2 0 0 0 0
2850 2 0 0 0 0
2851 2 0 0 0 0
2852 2 0 0 0 0
2853 2 0 0 0 0
2854 2 0 0 0 0
2855 2 0 0 0 0
2856 2 0 0 0 0
2857 2 0 0 0 0
2858 2 0 0 0 0
2859 2 0 0 0 0
2860 2 0 0 0 0
2861 2 0 0 0 0
2862 2 0 0 0 0
2863 2 0 0 0 0
2864 2 0 0 0 0
2865 2 0 0 0 0
2866 2 0 0 0 0
2867 2 0 0 0 0
2868 2 0 0 0 0
2869 2 0 0 0 0
2870 2 0 0 0 0
2871 2 0 0 0 0
2872 2 0 0 0 0
2873 2 0 0 0 0
2874 2 0 0 0 0
2875 2 0 0 0 0
2876 2 0 0 0 0
2877 2 0 0 0 0
2878 2 0 0 0 0
2879 2 0 0 0 0
2880 2 0 0 0 0
2881 2 0 0 0 0
2882 2 0 0 0 0
2883 2 0 0 0 0
2884 2 0 0 0 0
2885 2 0 0 0 0
2886 2 0 0 0 0
2887 2 0 0 0 0
2888 2 0 0 0 0
2889 2 0 0 0 0
2890 2 0 0 0 0
2891 2 0 0 0 0
2892 2 0 0 0 0
2893 2 0 0 0 0
2894 2 0 0 0 0
2895 2 0 0 0 0
2896 2 0 0 0 0
2897 2 0 0 0 0
2898 2 0 0 0 0
2899 2 0 0 0 0
2900 2 0 0 0 0
2901 2 0 0 0 0
2902 2 0 0 0 0
2903 2 0 0 0 0
2904 2 0 0 0 0
2905 2 0 0 0 0
2906 2 0 0 0 0
2907 2 0 0 0 0
2908 2 0 0 0 0
2909 2 0 0 0 0
2910 2 0 0 0 0
2911 2 0 0 0 0
2912 2 0 0 0 0
2913 2 0 0 0 0
2914 2 0 0 0 0
2915 2 0 0 0 0
2916 2 0 0 0 0
2917 2 0 0 0 0
2918 2 0 0 0 0
2919 2 0 0 0 0
2920 2 0 0 0 0
2921 2 0 0 0 0
2922 2 0 0 0 0
2923 2 0 0 0 0
2924 2 0 0 0 0
2925 2 0 0 0 0
2926 2 0 0 0 0
2927 2 0 0 0 0
2928 2 0 0 0 0
2929 2 0 0 0 0
2930 2 0 0 0 0
2931 2 0 0 0 0
2932 2 0 0 0 0
2933 2 0 0 0 0
2934 2 0 0 0 0
2935 2 0 0 0 0
2936 2 0 0 0 0
2937 2 0 0 0 0
2938 2 0 0 0 0
2939 2 0 0 0 0
2940 2 0 0 0 0
2941 2 0 0 0 0
2942 2 0 0 0 0
2943 2 0 0 0 0
2944 2 0 0 0 0
2945 2 0 0 0 0
2946 2 0 0 0 0
2947 2 0 0 0 0
2948 2 0 0 0 0
2949 2 0 0 0 0
2950 2 0 0 0 0
2951 2 0 0 0 0
2952 2 0 0 0 0
2953 2 0 0 0 0
2954 2 0 0 0 0
2955 2 0 0 0 0
2956 2 0 0 0 0
2957 2 0 0 0 0
2958 2 0 0 0 0
2959 2 0 0 0 0
2960 2 0 0 0 0
2961 2 0 0 0 0
2962 2 0 0 0 0
2963 2 0 0 0 0
2964 2 0 0 0 0
2965 2 0 0 0 0
2966 2 0 0 0 0
2967 2 0 0 0 0
2968 2 0 0 0 0
2969 2 0 0 0 0
2970 2 0 0 0 0
2971 2 0 0 0 0
2972 2 0 0 0 0
2973 2 0 0 0 0
2974 2 0 0 0 0
2975 2 0 0 0 0
2976 2 0 0 0 0
2977 2 0 0 0 0
2978 2 0 0 0 0
2979 2 0 0 0 0
2980 2 0 2 0 0
2981 2 0 2 0 0
2982 2 0 2 0 0
2983 2 0 2 0 0
2984 2 0 2 0 0
2985 2 0 2 0 0
2986 2 0 2 0 0
2987 2 0 2 0 0
2988 2 0 2 0 0
2989 2 0 2 0 0
2990 2 0 2 0 0
2991 2 0 2 0 0
2992 2 0 2 0 0
2993 2 0 2 0 0
2994 2 0 2 0 0
2995 2 0 2 0 0
2996 2 0 2 0 0
2997 2 0 2 0 0
2998 2 0 2 0 0
2999 2 0 2 0 0
3000 0 0 2 0 0
3001 0 0 2 0 0
3002 0 0 2 0 0
3003 0 0 2 0 0
3004 0 0 2 0 0
3005 0 0 2 0 0
3006 0 0 2 0 0
3007 0 0 2 0 0
3008 0 0 2 0 0
3009 0 0 2 0 0
3010 0 0 2 0 0
3011 0 0 2 0 0
3012 0 0 2 0 0
3013 0 0 2 0 0
3014 0 0 2 0 0
3015 0 0 2 0 0
3016 0 0 2 0 0
3017 0 0 2 0 0
3018 0 0 2 0 0
3019 0 0 2 0 0
3020 0 0 2 0 0
3021 0 0 2 0 0
3022 0 0 2 0 0
3023 0 0 2 0 0
3024 0 0 2 0 0
3025 0 0 2 0 0
3026 0 0 2 0 0
3027 0 0 2 0 0
3028 0 0 2 0 0
3029 0 0 2 0 0
3030 0 0 2 0 0
3031 0 0 2 0 0
3032 0 0 2 0 0
3033 0 0 2 0 0
3034 0 0 2 0 0
3035 0 0 2 0 0
3036 0 0 2 0 0
3037 0 0 2 0 0
3038 0 0 2 0 0
3039 0 0 2 0 0
3040 0 0 2 0 0
3041 0 0 2 0 0
3042 0 0 2 0 0
3043 0 0 2 0 0
3044 0 0 2 0 0
3045 0 0 2 0 0
3046 0 0 2 0 0
3047 0 0 2 0 0
3048 0 0 2 0 0
3049 0 0 2 0 0
3050 0 0 2 0 0
3051 0 0 2 0 0
3052 0 0 2 0 0
3053 0 0 2 0 0
3054 0 0 2 0 0
3055 0 0 2 0 0
3056 0 0 2 0 0
3057 0 0 2 0 0
3058 0 0 2 0 0
3059 0 0 2 0 0
3060 0 0 2 0 0
3061 0 0 2 0 0
3062 0 0 2 0 0
3063 0 0 2 0 0
3064 0 0 2 0 0
3065 0 0 2 0 0
3066 0 0 2 0 0
3067 0 0 2 0 0
3068 0 0 2 0 0
3069 0 0 2 0 0
3070 0 0 2 0 1
3071 0 0 2 0 1
3072 0 0 2 0 1
3073 0 0 2 0 1
3074 0 0 2 0 1
3075 0 0 2 0 1
3076 0 0 2 0 1
3077 0 0 2 0 1
3078 0 0 2 0 1
3079 0 0 2 0 1
3080 0 0 2 0 1
3081 0 0 2 0 1
3082 0 0 2 0 1
3083 0 0 2 0 1
3084 0 0 2 0 1
3085 0 0 2 0 1
3086 0 0 2 0 1
3087 0 0 2 0 1
3088 0 0 2 0 1
3089 0 0 2 0 1
3090 0 0 2 0 1
3091 0 0 2 0 1
3092 0 0 2 0 1
3093 0 0 2 0 1
3094 0 0 2 0 1
3095 0 0 2 0 1
3096 0 0 2 0 1
3097 0 0 2 0 1
3098 0 0 2 0 1
3099 0 0 2 0 1
3100 0 0 2 0 2
3101 0 0 2 0 2
3102 0 0 2 0 2
3103 0 0 2 0 2
3104 0 0 2 0 2
3105 0 0 2 0 2
3106 0 0 2 0 2
3107 0 0 2 0 2
3108 0 0 2 0 2
3109 0 0 2 0 2
3110 0 0 2 0 2
3111 0 0 2 0 2
3112 0 0 2 0 2
3113 0 0 2 0 2
3114 0 0 2 0 2
3115 0 0 2 0 2
3116 0 0 2 0 2
3117 0 0 2 0 2
3118 0 0 2 0 2
3119 0 0 2 0 2
3120 0 0 0 0 2
3121 0 0 0 0 2
3122 0 0 0 0 2
3123 0 0 0 0 2
3124 0 0 0 0 2
3125 0 0 0 0 2
3126 0 0 0 0 2
3127 0 0 0 0 2
3128 0 0 0 0 2
3129 0 0 0 0 2
3130 0 0 0 0 2
3131 0 0 0 0 2
3132 0 0 0 0 2
3133 0 0 0 0 2
3134 0 0 0 0 2
3135 0 0 0 0 2
3136 0 0 0 0 2
3137 0 0 0 0 2
3138 0 0 0 0 2
3139 0 0 0 0 2
3140 0 0 0 0 2
3141 0 0 0 0 2
3142 0 0 0 0 2
3143 0 0 0 0 2
3144 0 0 0 0 2
3145 0 0 0 0 2
3146 0 0 0 0 2
3147 0 0 0 0 2
3148 0 0 0 0 2
3149 0 0 0 0 2
3150 0 0 0 0 2
3151 0 0 0 0 2
3152 0 0 0 0 2
3153 0 0 0 0 2
3154 0 0 0 0 2
3155 0 0 0 0 2
3156 0 0 0 0 2
3157 0 0 0 0 2
3158 0 0 0 0 2
3159 0 0 0 0 2
3160 0 0 0 0 2
3161 0 0 0 0 2
3162 0 0 0 0 2
3163 0 0 0 0 2
3164 0 0 0 0 2
3165 0 0 0 0 2
3166 0 0 0 0 2
3167 0 0 0 0 2
3168 0 0 0 0 2
3169 0 0 0 0 2
3170 0 2 0 0 2
3171 0 2 0 0 2
3172 0 2 0 0 2
3173 0 2 0 0 2
3174 0 2 0 0 2
3175 0 2 0 0 2
3176 0 2 0 0 2
3177 0 2 0 0 2
3178 0 2 0 0 2
3179 0 2 0 0 2
3180 0 2 0 0 2
