0 0 0 2 0 0
1 0 0 2 0 0
2 0 0 2 0 0
3 0 0 2 0 0
4 0 0 2 0 0
5 0 0 2 0 0
6 0 0 2 0 0
7 0 0 2 0 0
8 0 0 2 0 0
9 0 0 2 0 0
10 0 0 2 0 0
11 0 0 2 0 0
12 0 0 2 0 0
13 0 0 2 0 0
14 0 0 2 0 0
15 0 0 2 0 0
16 0 0 2 0 0
17 0 0 2 0 0
18 0 0 2 0 0
19 0 0 2 0 0
20 0 0 2 0 0
21 0 0 2 0 0
22 0 0 2 0 0
23 0 0 2 0 0
24 0 0 2 0 0
25 0 0 2 0 0
26 0 0 2 0 0
27 0 0 2 0 0
28 0 0 2 0 0
29 0 0 2 0 0
30 0 0 2 0 0
31 0 0 2 0 0
32 0 0 2 0 0
33 0 0 2 0 0
34 0 0 2 0 0
35 0 0 2 0 0
36 0 0 2 0 0
37 0 0 2 0 0
38 0 0 2 0 0
39 0 0 2 0 0
40 0 0 2 0 0
41 0 0 2 0 0
42 0 0 2 0 0
43 0 0 2 0 0
44 0 0 2 0 0
45 0 0 2 0 0
46 0 0 2 0 0
47 0 0 2 0 0
48 0 0 2 0 0
49 0 0 2 0 0
50 0 0 2 0 0
51 0 0 2 0 0
52 0 0 2 0 0
53 0 0 2 0 0
54 0 0 2 0 0
55 0 0 2 0 0
56 0 0 2 0 0
57 0 0 2 0 0
58 0 0 2 0 0
59 0 0 2 0 0
60 0 0 2 0 0
61 0 0 2 0 0
62 0 0 2 0 0
63 0 0 2 0 0
64 0 0 2 0 0
65 0 0 2 0 0
66 0 0 2 0 0
67 0 0 2 0 0
68 0 0 2 0 0
69 0 0 2 0 0
70 0 0 2 0 0
71 0 0 2 0 0
72 0 0 2 0 0
73 0 0 2 0 0
74 0 0 2 0 0
75 0 0 2 0 0
76 0 0 2 0 0
77 0 0 2 0 0
78 0 0 2 0 0
79 0 0 2 0 0
80 0 0 2 0 0
81 0 0 2 0 0
82 0 0 2 0 0
83 0 0 2 0 0
84 0 0 2 0 0
85 0 0 2 0 0
86 0 0 2 0 0
87 0 0 2 0 0
88 0 0 2 0 0
89 0 0 2 0 0
90 0 0 2 0 0
91 0 0 2 0 0
92 0 0 2 0 0
93 0 0 2 0 0
94 0 0 2 0 0
95 0 0 2 0 0
96 0 0 2 0 0
97 0 0 2 0 0
98 0 0 2 0 0
99 0 0 2 0 0
100 0 0 2 0 0
101 0 0 2 0 0
102 0 0 2 0 0
103 0 0 2 0 0
104 0 0 2 0 0
105 0 0 2 0 0
106 0 0 2 0 0
107 0 0 2 0 0
108 0 0 2 0 0
109 0 0 2 0 0
110 0 0 2 0 0
111 0 0 2 0 0
112 0 0 2 0 0
113 0 0 2 0 0
114 0 0 2 0 0
115 0 0 2 0 0
116 0 0 2 0 0
117 0 0 2 0 0
118 0 0 2 0 0
119 0 0 2 0 0
120 2 0 0 0 0
121 2 0 0 0 0
122 2 0 0 0 0
123 2 0 0 0 0
124 2 0 0 0 0
125 2 0 0 0 0
126 2 0 0 0 0
127 2 0 0 0 0
128 2 0 0 0 0
129 2 0 0 0 0
130 2 0 0 0 0
131 2 0 0 0 0
132 2 0 0 0 0
133 2 0 0 0 0
134 2 0 0 0 0
135 2 0 0 0 0
136 2 0 0 0 0
137 2 0 0 0 0
138 2 0 0 0 0
139 2 0 0 0 0
140 2 0 0 0 0
141 2 0 0 0 0
142 2 0 0 0 0
143 2 0 0 0 0
144 2 0 0 0 0
145 2 0 0 0 0
146 2 0 0 0 0
147 2 0 0 0 0
148 2 0 0 0 0
149 2 0 0 0 0
150 2 0 0 0 0
151 2 0 0 0 0
152 2 0 0 0 0
153 2 0 0 0 0
154 2 0 0 0 0
155 2 0 0 0 0
156 2 0 0 0 0
157 2 0 0 0 0
158 2 0 0 0 0
159 2 0 0 0 0
160 2 0 0 0 0
161 2 0 0 0 0
162 2 0 0 0 0
163 2 0 0 0 0
164 2 0 0 0 0
165 2 0 0 0 0
166 2 0 0 0 0
167 2 0 0 0 0
168 2 0 0 0 0
169 2 0 0 0 0
170 2 0 2 0 0
171 2 0 2 0 0
172 2 0 2 0 0
173 2 0 2 0 0
174 2 0 2 0 0
175 2 0 2 0 0
176 2 0 2 0 0
177 2 0 2 0 0
178 2 0 2 0 0
179 2 0 2 0 0
180 0 0 2 0 0
181 0 0 2 0 0
182 0 0 2 0 0
183 0 0 2 0 0
184 0 0 2 0 0
185 0 0 2 0 0
186 0 0 2 0 0
187 0 0 2 0 0
188 0 0 2 0 0
189 0 0 2 0 0
190 0 0 2 0 0
191 0 0 2 0 0
192 0 0 2 0 0
193 0 0 2 0 0
194 0 0 2 0 0
195 0 0 2 0 0
196 0 0 2 0 0
197 0 0 2 0 0
198 0 0 2 0 0
199 0 0 2 0 0
200 0 0 2 0 0
201 0 0 2 0 0
202 0 0 2 0 0
203 0 0 2 0 0
204 0 0 2 0 0
205 0 0 2 0 0
206 0 0 2 0 0
207 0 0 2 0 0
208 0 0 2 0 0
209 0 0 2 0 0
210 0 0 2 0 0
211 0 0 2 0 0
212 0 0 2 0 0
213 0 0 2 0 0
214 0 0 2 0 0
215 0 0 2 0 0
216 0 0 2 0 0
217 0 0 2 0 0
218 0 0 2 0 0
219 0 0 2 0 0
220 0 0 2 0 0
221 0 0 2 0 0
222 0 0 2 0 0
223 0 0 2 0 0
224 0 0 2 0 0
225 0 0 2 0 0
226 0 0 2 0 0
227 0 0 2 0 0
228 0 0 2 0 0
229 0 0 2 0 0
230 0 0 2 0 0
231 0 0 2 0 0
232 0 0 2 0 0
233 0 0 2 0 0
234 0 0 2 0 0
235 0 0 2 0 0
236 0 0 2 0 0
237 0 0 2 0 0
238 0 0 2 0 0
239 0 0 2 0 0
240 0 0 2 0 1
241 0 0 2 0 1
242 0 0 2 0 1
243 0 0 2 0 1
244 0 0 2 0 1
245 0 0 2 0 1
246 0 0 2 0 1
247 0 0 2 0 1
248 0 0 2 0 1
249 0 0 2 0 1
250 0 0 2 0 1
251 0 0 2 0 1
252 0 0 2 0 1
253 0 0 2 0 1
254 0 0 2 0 1
255 0 0 2 0 1
256 0 0 2 0 1
257 0 0 2 0 1
258 0 0 2 0 1
259 0 0 2 0 1
260 0 0 2 0 2
261 0 0 2 0 2
262 0 0 2 0 2
263 0 0 2 0 2
264 0 0 2 0 2
265 0 0 2 0 2
266 0 0 2 0 2
267 0 0 2 0 2
268 0 0 2 0 2
269 0 0 2 0 2
270 0 0 2 0 2
271 0 0 2 0 2
272 0 0 2 0 2
273 0 0 2 0 2
274 0 0 2 0 2
275 0 0 2 0 2
276 0 0 2 0 2
277 0 0 2 0 2
278 0 0 2 0 2
279 0 0 2 0 2
280 0 0 2 0 2
281 0 0 2 0 2
282 0 0 2 0 2
283 0 0 2 0 2
284 0 0 2 0 2
285 0 0 2 0 2
286 0 0 2 0 2
287 0 0 2 0 2
288 0 0 2 0 2
289 0 0 2 0 2
290 0 0 2 0 2
291 0 0 2 0 2
292 0 0 2 0 2
293 0 0 2 0 2
294 0 0 2 0 2
295 0 0 2 0 2
296 0 0 2 0 2
297 0 0 2 0 2
298 0 0 2 0 2
299 0 0 2 0 2
300 0 0 2 0 2
301 0 0 2 0 2
302 0 0 2 0 2
303 0 0 2 0 2
304 0 0 2 0 2
305 0 0 2 0 2
306 0 0 2 0 2
307 0 0 2 0 2
308 0 0 2 0 2
309 0 0 2 0 2
310 0 0 2 0 2
311 0 0 2 0 2
312 0 0 2 0 2
313 0 0 2 0 2
314 0 0 2 0 2
315 0 0 2 0 2
316 0 0 2 0 2
317 0 0 2 0 2
318 0 0 2 0 2
319 0 0 2 0 2
320 0 0 2 0 2
321 0 0 2 0 2
322 0 0 2 0 2
323 0 0 2 0 2
324 0 0 2 0 2
325 0 0 2 0 2
326 0 0 2 0 2
327 0 0 2 0 2
328 0 0 2 0 2
329 0 0 2 0 2
330 0 0 2 0 2
331 0 0 2 0 2
332 0 0 2 0 2
333 0 0 2 0 2
334 0 0 2 0 2
335 0 0 2 0 2
336 0 0 2 0 2
337 0 0 2 0 2
338 0 0 2 0 2
339 0 0 2 0 2
340 0 0 2 0 2
341 0 0 2 0 2
342 0 0 2 0 2
343 0 0 2 0 2
344 0 0 2 0 2
345 0 0 2 0 2
346 0 0 2 0 2
347 0 0 2 0 2
348 0 0 2 0 2
349 0 0 2 0 2
350 0 0 2 0 2
351 0 0 2 0 2
352 0 0 2 0 2
353 0 0 2 0 2
354 0 0 2 0 2
355 0 0 2 0 2
356 0 0 2 0 2
357 0 0 2 0 2
358 0 0 2 0 2
359 0 0 2 0 2
360 0 0 2 0 2
361 0 0 2 0 2
362 0 0 2 0 2
363 0 0 2 0 2
364 0 0 2 0 2
365 0 0 2 0 2
366 0 0 2 0 2
367 0 0 2 0 2
368 0 0 2 0 2
369 0 0 2 0 2
370 0 0 2 0 2
371 0 0 2 0 2
372 0 0 2 0 2
373 0 0 2 0 2
374 0 0 2 0 2
375 0 0 2 0 2
376 0 0 2 0 2
377 0 0 2 0 2
378 0 0 2 0 2
379 0 0 2 0 2
380 0 0 2 0 2
381 0 0 2 0 2
382 0 0 2 0 2
383 0 0 2 0 2
384 0 0 2 0 2
385 0 0 2 0 2
386 0 0 2 0 2
387 0 0 2 0 2
388 0 0 2 0 2
389 0 0 2 0 2
390 0 0 2 0 2
391 0 0 2 0 2
392 0 0 2 0 2
393 0 0 2 0 2
394 0 0 2 0 2
395 0 0 2 0 2
396 0 0 2 0 2
397 0 0 2 0 2
398 0 0 2 0 2
399 0 0 2 0 2
400 2 0 2 0 2
401 2 0 2 0 2
402 2 0 2 0 2
403 2 0 2 0 2
404 2 0 2 0 2
405 2 0 2 0 2
406 2 0 2 0 2
407 2 0 2 0 2
408 2 0 2 0 2
409 2 0 2 0 2
410 2 0 2 0 2
411 2 0 2 0 2
412 2 0 2 0 2
413 2 0 2 0 2
414 2 0 2 0 2
415 2 0 2 0 2
416 2 0 2 0 2
417 2 0 2 0 2
418 2 0 2 0 2
419 2 0 2 0 2
420 2 0 0 0 2
421 2 0 0 0 2
422 2 0 0 0 2
423 2 0 0 0 2
424 2 0 0 0 2
425 2 0 0 0 2
426 2 0 0 0 2
427 2 0 0 0 2
428 2 0 0 0 2
429 2 0 0 0 2
430 2 0 0 0 2
431 2 0 0 0 2
432 2 0 0 0 2
433 2 0 0 0 2
434 2 0 0 0 2
435 2 0 0 0 2
436 2 0 0 0 2
437 2 0 0 0 2
438 2 0 0 0 2
439 2 0 0 0 2
440 2 0 0 0 2
441 2 0 0 0 2
442 2 0 0 0 2
443 2 0 0 0 2
444 2 0 0 0 2
445 2 0 0 0 2
446 2 0 0 0 2
447 2 0 0 0 2
448 2 0 0 0 2
449 2 0 0 0 2
450 2 0 0 0 0
451 2 0 0 0 0
452 2 0 0 0 0
453 2 0 0 0 0
454 2 0 0 0 0
455 2 0 0 0 0
456 2 0 0 0 0
457 2 0 0 0 0
458 2 0 0 0 0
459 2 0 0 0 0
460 2 0 0 0 0
461 2 0 0 0 0
462 2 0 0 0 0
463 2 0 0 0 0
464 2 0 0 0 0
465 2 0 0 0 0
466 2 0 0 0 0
467 2 0 0 0 0
468 2 0 0 0 0
469 2 0 0 0 0
470 2 0 0 0 0
471 2 0 0 0 0
472 2 0 0 0 0
473 2 0 0 0 0
474 2 0 0 0 0
475 2 0 0 0 0
476 2 0 0 0 0
477 2 0 0 0 0
478 2 0 0 0 0
479 2 0 0 0 0
480 2 0 0 0 0
481 2 0 0 0 0
482 2 0 0 0 0
483 2 0 0 0 0
484 2 0 0 0 0
485 2 0 0 0 0
486 2 0 0 0 0
487 2 0 0 0 0
488 2 0 0 0 0
489 2 0 0 0 0
490 2 0 0 0 0
491 2 0 0 0 0
492 2 0 0 0 0
493 2 0 0 0 0
494 2 0 0 0 0
495 2 0 0 0 0
496 2 0 0 0 0
497 2 0 0 0 0
498 2 0 0 0 0
499 2 0 0 0 0
500 2 0 0 0 0
501 2 0 0 0 0
502 2 0 0 0 0
503 2 0 0 0 0
504 2 0 0 0 0
505 2 0 0 0 0
506 2 0 0 0 0
507 2 0 0 0 0
508 2 0 0 0 0
509 2 0 0 0 0
510 2 0 0 0 0
511 2 0 0 0 0
512 2 0 0 0 0
513 2 0 0 0 0
514 2 0 0 0 0
515 2 0 0 0 0
516 2 0 0 0 0
517 2 0 0 0 0
518 2 0 0 0 0
519 2 0 0 0 0
520 2 0 0 0 0
521 2 0 0 0 0
522 2 0 0 0 0
523 2 0 0 0 0
524 2 0 0 0 0
525 2 0 0 0 0
526 2 0 0 0 0
527 2 0 0 0 0
528 2 0 0 0 0
529 2 0 0 0 0
530 2 0 0 0 0
531 2 0 0 0 0
532 2 0 0 0 0
533 2 0 0 0 0
534 2 0 0 0 0
535 2 0 0 0 0
536 2 0 0 0 0
537 2 0 0 0 0
538 2 0 0 0 0
539 2 0 0 0 0
540 2 0 0 0 0
541 2 0 0 0 0
542 2 0 0 0 0
543 2 0 0 0 0
544 2 0 0 0 0
545 2 0 0 0 0
546 2 0 0 0 0
547 2 0 0 0 0
548 2 0 0 0 0
549 2 0 0 0 0
550 2 0 0 0 0
551 2 0 0 0 0
552 2 0 0 0 0
553 2 0 0 0 0
554 2 0 0 0 0
555 2 0 0 0 0
556 2 0 0 0 0
557 2 0 0 0 0
558 2 0 0 0 0
559 2 0 0 0 0
560 2 0 0 0 0
561 2 0 0 0 0
562 2 0 0 0 0
563 2 0 0 0 0
564 2 0 0 0 0
565 2 0 0 0 0
566 2 0 0 0 0
567 2 0 0 0 0
568 2 0 0 0 0
569 2 0 0 0 0
570 2 0 0 0 0
571 2 0 0 0 0
572 2 0 0 0 0
573 2 0 0 0 0
574 2 0 0 0 0
575 2 0 0 0 0
576 2 0 0 0 0
577 2 0 0 0 0
578 2 0 0 0 0
579 2 0 0 0 0
580 2 0 0 0 0
581 2 0 0 0 0
582 2 0 0 0 0
583 2 0 0 0 0
584 2 0 0 0 0
585 2 0 0 0 0
586 2 0 0 0 0
587 2 0 0 0 0
588 2 0 0 0 0
589 2 0 0 0 0
590 0 0 2 0 0
591 0 0 2 0 0
592 0 0 2 0 0
593 0 0 2 0 0
594 0 0 2 0 0
595 0 0 2 0 0
596 0 0 2 0 0
597 0 0 2 0 0
598 0 0 2 0 0
599 0 0 2 0 0
600 0 0 2 0 0
601 0 0 2 0 0
602 0 0 2 0 0
603 0 0 2 0 0
604 0 0 2 0 0
605 0 0 2 0 0
606 0 0 2 0 0
607 0 0 2 0 0
608 0 0 2 0 0
609 0 0 2 0 0
610 0 0 2 0 0
611 0 0 2 0 0
612 0 0 2 0 0
613 0 0 2 0 0
614 0 0 2 0 0
615 0 0 2 0 0
616 0 0 2 0 0
617 0 0 2 0 0
618 0 0 2 0 0
619 0 0 2 0 0
620 0 0 2 0 0
621 0 0 2 0 0
622 0 0 2 0 0
623 0 0 2 0 0
624 0 0 2 0 0
625 0 0 2 0 0
626 0 0 2 0 0
627 0 0 2 0 0
628 0 0 2 0 0
629 0 0 2 0 0
630 0 0 2 0 0
631 0 0 2 0 0
632 0 0 2 0 0
633 0 0 2 0 0
634 0 0 2 0 0
635 0 0 2 0 0
636 0 0 2 0 0
637 0 0 2 0 0
638 0 0 2 0 0
639 0 0 2 0 0
640 0 0 2 0 0
641 0 0 2 0 0
642 0 0 2 0 0
643 0 0 2 0 0
644 0 0 2 0 0
645 0 0 2 0 0
646 0 0 2 0 0
647 0 0 2 0 0
648 0 0 2 0 0
649 0 0 2 0 0
650 0 0 2 0 1
651 0 0 2 0 1
652 0 0 2 0 1
653 0 0 2 0 1
654 0 0 2 0 1
655 0 0 2 0 1
656 0 0 2 0 1
657 0 0 2 0 1
658 0 0 2 0 1
659 0 0 2 0 1
660 0 0 2 0 1
661 0 0 2 0 1
662 0 0 2 0 1
663 0 0 2 0 1
664 0 0 2 0 1
665 0 0 2 0 1
666 0 0 2 0 1
667 0 0 2 0 1
668 0 0 2 0 1
669 0 0 2 0 1
670 0 0 2 0 1
671 0 0 2 0 1
672 0 0 2 0 1
673 0 0 2 0 1
674 0 0 2 0 1
675 0 0 2 0 1
676 0 0 2 0 1
677 0 0 2 0 1
678 0 0 2 0 1
679 0 0 2 0 1
680 0 0 2 0 1
681 0 0 2 0 1
682 0 0 2 0 1
683 0 0 2 0 1
684 0 0 2 0 1
685 0 0 2 0 1
686 0 0 2 0 1
687 0 0 2 0 1
688 0 0 2 0 1
689 0 0 2 0 1
690 0 0 2 0 1
691 0 0 2 0 1
692 0 0 2 0 1
693 0 0 2 0 1
694 0 0 2 0 1
695 0 0 2 0 1
696 0 0 2 0 1
697 0 0 2 0 1
698 0 0 2 0 1
699 0 0 2 0 1
700 0 0 2 0 1
701 0 0 2 0 1
702 0 0 2 0 1
703 0 0 2 0 1
704 0 0 2 0 1
705 0 0 2 0 1
706 0 0 2 0 1
707 0 0 2 0 1
708 0 0 2 0 1
709 0 0 2 0 1
710 0 0 2 0 2
711 0 0 2 0 2
712 0 0 2 0 2
713 0 0 2 0 2
714 0 0 2 0 2
715 0 0 2 0 2
716 0 0 2 0 2
717 0 0 2 0 2
718 0 0 2 0 2
719 0 0 2 0 2
720 0 0 2 0 2
721 0 0 2 0 2
722 0 0 2 0 2
723 0 0 2 0 2
724 0 0 2 0 2
725 0 0 2 0 2
726 0 0 2 0 2
727 0 0 2 0 2
728 0 0 2 0 2
729 0 0 2 0 2
730 0 0 2 0 2
731 0 0 2 0 2
732 0 0 2 0 2
733 0 0 2 0 2
734 0 0 2 0 2
735 0 0 2 0 2
736 0 0 2 0 2
737 0 0 2 0 2
738 0 0 2 0 2
739 0 0 2 0 2
740 0 0 2 0 2
741 0 0 2 0 2
742 0 0 2 0 2
743 0 0 2 0 2
744 0 0 2 0 2
745 0 0 2 0 2
746 0 0 2 0 2
747 0 0 2 0 2
748 0 0 2 0 2
749 0 0 2 0 2
750 0 0 2 0 2
751 0 0 2 0 2
752 0 0 2 0 2
753 0 0 2 0 2
754 0 0 2 0 2
755 0 0 2 0 2
756 0 0 2 0 2
757 0 0 2 0 2
758 0 0 2 0 2
759 0 0 2 0 2
760 0 0 2 0 2
761 0 0 2 0 2
762 0 0 2 0 2
763 0 0 2 0 2
764 0 0 2 0 2
765 0 0 2 0 2
766 0 0 2 0 2
767 0 0 2 0 2
768 0 0 2 0 2
769 0 0 2 0 2
770 0 0 2 0 2
771 0 0 2 0 2
772 0 0 2 0 2
773 0 0 2 0 2
774 0 0 2 0 2
775 0 0 2 0 2
776 0 0 2 0 2
777 0 0 2 0 2
778 0 0 2 0 2
779 0 0 2 0 2
780 0 0 2 0 2
781 0 0 2 0 2
782 0 0 2 0 2
783 0 0 2 0 2
784 0 0 2 0 2
785 0 0 2 0 2
786 0 0 2 0 2
787 0 0 2 0 2
788 0 0 2 0 2
789 0 0 2 0 2
790 0 0 2 0 2
791 0 0 2 0 2
792 0 0 2 0 2
793 0 0 2 0 2
794 0 0 2 0 2
795 0 0 2 0 2
796 0 0 2 0 2
797 0 0 2 0 2
798 0 0 2 0 2
799 0 0 2 0 2
800 0 0 2 0 2
801 0 0 2 0 2
802 0 0 2 0 2
803 0 0 2 0 2
804 0 0 2 0 2
805 0 0 2 0 2
806 0 0 2 0 2
807 0 0 2 0 2
808 0 0 2 0 2
809 0 0 2 0 2
810 0 0 2 0 2
811 0 0 2 0 2
812 0 0 2 0 2
813 0 0 2 0 2
814 0 0 2 0 2
815 0 0 2 0 2
816 0 0 2 0 2
817 0 0 2 0 2
818 0 0 2 0 2
819 0 0 2 0 2
820 0 0 2 0 2
821 0 0 2 0 2
822 0 0 2 0 2
823 0 0 2 0 2
824 0 0 2 0 2
825 0 0 2 0 2
826 0 0 2 0 2
827 0 0 2 0 2
828 0 0 2 0 2
829 0 0 2 0 2
830 0 0 2 0 2
831 0 0 2 0 2
832 0 0 2 0 2
833 0 0 2 0 2
834 0 0 2 0 2
835 0 0 2 0 2
836 0 0 2 0 2
837 0 0 2 0 2
838 0 0 2 0 2
839 0 0 2 0 2
840 0 0 2 0 2
841 0 0 2 0 2
842 0 0 2 0 2
843 0 0 2 0 2
844 0 0 2 0 2
845 0 0 2 0 2
846 0 0 2 0 2
847 0 0 2 0 2
848 0 0 2 0 2
849 0 0 2 0 2
850 0 0 2 0 2
851 0 0 2 0 2
852 0 0 2 0 2
853 0 0 2 0 2
854 0 0 2 0 2
855 0 0 2 0 2
856 0 0 2 0 2
857 0 0 2 0 2
858 0 0 2 0 2
859 0 0 2 0 2
860 0 0 2 0 2
861 0 0 2 0 2
862 0 0 2 0 2
863 0 0 2 0 2
864 0 0 2 0 2
865 0 0 2 0 2
866 0 0 2 0 2
867 0 0 2 0 2
868 0 0 2 0 2
869 0 0 2 0 2
870 0 0 2 0 2
871 0 0 2 0 2
872 0 0 2 0 2
873 0 0 2 0 2
874 0 0 2 0 2
875 0 0 2 0 2
876 0 0 2 0 2
877 0 0 2 0 2
878 0 0 2 0 2
879 0 0 2 0 2
880 2 0 2 0 2
881 2 0 2 0 2
882 2 0 2 0 2
883 2 0 2 0 2
884 2 0 2 0 2
885 2 0 2 0 2
886 2 0 2 0 2
887 2 0 2 0 2
888 2 0 2 0 2
889 2 0 2 0 2
890 2 0 0 0 2
891 2 0 0 0 2
892 2 0 0 0 2
893 2 0 0 0 2
894 2 0 0 0 2
895 2 0 0 0 2
896 2 0 0 0 2
897 2 0 0 0 2
898 2 0 0 0 2
899 2 0 0 0 2
900 2 0 0 0 2
901 2 0 0 0 2
902 2 0 0 0 2
903 2 0 0 0 2
904 2 0 0 0 2
905 2 0 0 0 2
906 2 0 0 0 2
907 2 0 0 0 2
908 2 0 0 0 2
909 2 0 0 0 2
910 2 0 0 0 0
911 2 0 0 0 0
912 2 0 0 0 0
913 2 0 0 0 0
914 2 0 0 0 0
915 2 0 0 0 0
916 2 0 0 0 0
917 2 0 0 0 0
918 2 0 0 0 0
919 2 0 0 0 0
920 2 0 0 0 0
921 2 0 0 0 0
922 2 0 0 0 0
923 2 0 0 0 0
924 2 0 0 0 0
925 2 0 0 0 0
926 2 0 0 0 0
927 2 0 0 0 0
928 2 0 0 0 0
929 2 0 0 0 0
930 2 0 0 0 0
931 2 0 0 0 0
932 2 0 0 0 0
933 2 0 0 0 0
934 2 0 0 0 0
935 2 0 0 0 0
936 2 0 0 0 0
937 2 0 0 0 0
938 2 0 0 0 0
939 2 0 0 0 0
940 2 0 0 0 0
941 2 0 0 0 0
942 2 0 0 0 0
943 2 0 0 0 0
944 2 0 0 0 0
945 2 0 0 0 0
946 2 0 0 0 0
947 2 0 0 0 0
948 2 0 0 0 0
949 2 0 0 0 0
950 2 0 0 0 0
951 2 0 0 0 0
952 2 0 0 0 0
953 2 0 0 0 0
954 2 0 0 0 0
955 2 0 0 0 0
956 2 0 0 0 0
957 2 0 0 0 0
958 2 0 0 0 0
959 2 0 0 0 0
960 2 0 0 0 0
961 2 0 0 0 0
962 2 0 0 0 0
963 2 0 0 0 0
964 2 0 0 0 0
965 2 0 0 0 0
966 2 0 0 0 0
967 2 0 0 0 0
968 2 0 0 0 0
969 2 0 0 0 0
970 2 0 0 0 0
971 2 0 0 0 0
972 2 0 0 0 0
973 2 0 0 0 0
974 2 0 0 0 0
975 2 0 0 0 0
976 2 0 0 0 0
977 2 0 0 0 0
978 2 0 0 0 0
979 2 0 0 0 0
980 2 0 0 0 0
981 2 0 0 0 0
982 2 0 0 0 0
983 2 0 0 0 0
984 2 0 0 0 0
985 2 0 0 0 0
986 2 0 0 0 0
987 2 0 0 0 0
988 2 0 0 0 0
989 2 0 0 0 0
990 2 0 0 0 0
991 2 0 0 0 0
992 2 0 0 0 0
993 2 0 0 0 0
994 2 0 0 0 0
995 2 0 0 0 0
996 2 0 0 0 0
997 2 0 0 0 0
998 2 0 0 0 0
999 2 0 0 0 0
1000 2 0 0 0 0
1001 2 0 0 0 0
1002 2 0 0 0 0
1003 2 0 0 0 0
1004 2 0 0 0 0
1005 2 0 0 0 0
1006 2 0 0 0 0
1007 2 0 0 0 0
1008 2 0 0 0 0
1009 2 0 0 0 0
1010 2 0 0 0 0
1011 2 0 0 0 0
1012 2 0 0 0 0
1013 2 0 0 0 0
1014 2 0 0 0 0
1015 2 0 0 0 0
1016 2 0 0 0 0
1017 2 0 0 0 0
1018 2 0 0 0 0
1019 2 0 0 0 0
1020 2 0 0 0 0
1021 2 0 0 0 0
1022 2 0 0 0 0
1023 2 0 0 0 0
1024 2 0 0 0 0
1025 2 0 0 0 0
1026 2 0 0 0 0
1027 2 0 0 0 0
1028 2 0 0 0 0
1029 2 0 0 0 0
1030 2 0 0 0 0
1031 2 0 0 0 0
1032 2 0 0 0 0
1033 2 0 0 0 0
1034 2 0 0 0 0
1035 2 0 0 0 0
1036 2 0 0 0 0
1037 2 0 0 0 0
1038 2 0 0 0 0
1039 2 0 0 0 0
1040 2 0 0 0 0
1041 2 0 0 0 0
1042 2 0 0 0 0
1043 2 0 0 0 0
1044 2 0 0 0 0
1045 2 0 0 0 0
1046 2 0 0 0 0
1047 2 0 0 0 0
1048 2 0 0 0 0
1049 2 0 0 0 0
1050 2 0 0 0 0
1051 2 0 0 0 0
1052 2 0 0 0 0
1053 2 0 0 0 0
1054 2 0 0 0 0
1055 2 0 0 0 0
1056 2 0 0 0 0
1057 2 0 0 0 0
1058 2 0 0 0 0
1059 2 0 0 0 0
1060 2 0 0 0 0
1061 2 0 0 0 0
1062 2 0 0 0 0
1063 2 0 0 0 0
1064 2 0 0 0 0
1065 2 0 0 0 0
1066 2 0 0 0 0
1067 2 0 0 0 0
1068 2 0 0 0 0
1069 2 0 0 0 0
1070 2 0 0 0 0
1071 2 0 0 0 0
1072 2 0 0 0 0
1073 2 0 0 0 0
1074 2 0 0 0 0
1075 2 0 0 0 0
1076 2 0 0 0 0
1077 2 0 0 0 0
1078 2 0 0 0 0
1079 2 0 0 0 0
1080 2 0 0 0 0
1081 2 0 0 0 0
1082 2 0 0 0 0
1083 2 0 0 0 0
1084 2 0 0 0 0
1085 2 0 0 0 0
1086 2 0 0 0 0
1087 2 0 0 0 0
1088 2 0 0 0 0
1089 2 0 0 0 0
1090 2 0 0 0 0
1091 2 0 0 0 0
1092 2 0 0 0 0
1093 2 0 0 0 0
1094 2 0 0 0 0
1095 2 0 0 0 0
1096 2 0 0 0 0
1097 2 0 0 0 0
1098 2 0 0 0 0
1099 2 0 0 0 0
1100 2 0 2 0 0
1101 2 0 2 0 0
1102 2 0 2 0 0
1103 2 0 2 0 0
1104 2 0 2 0 0
1105 2 0 2 0 0
1106 2 0 2 0 0
1107 2 0 2 0 0
1108 2 0 2 0 0
1109 2 0 2 0 0
1110 2 0 2 0 0
1111 2 0 2 0 0
1112 2 0 2 0 0
1113 2 0 2 0 0
1114 2 0 2 0 0
1115 2 0 2 0 0
1116 2 0 2 0 0
1117 2 0 2 0 0
1118 2 0 2 0 0
1119 2 0 2 0 0
1120 0 0 2 0 0
1121 0 0 2 0 0
1122 0 0 2 0 0
1123 0 0 2 0 0
1124 0 0 2 0 0
1125 0 0 2 0 0
1126 0 0 2 0 0
1127 0 0 2 0 0
1128 0 0 2 0 0
1129 0 0 2 0 0
1130 0 0 2 0 0
1131 0 0 2 0 0
1132 0 0 2 0 0
1133 0 0 2 0 0
1134 0 0 2 0 0
1135 0 0 2 0 0
1136 0 0 2 0 0
1137 0 0 2 0 0
1138 0 0 2 0 0
1139 0 0 2 0 0
1140 0 0 2 0 0
1141 0 0 2 0 0
1142 0 0 2 0 0
1143 0 0 2 0 0
1144 0 0 2 0 0
1145 0 0 2 0 0
1146 0 0 2 0 0
1147 0 0 2 0 0
1148 0 0 2 0 0
1149 0 0 2 0 0
1150 0 0 2 0 0
1151 0 0 2 0 0
1152 0 0 2 0 0
1153 0 0 2 0 0
1154 0 0 2 0 0
1155 0 0 2 0 0
1156 0 0 2 0 0
1157 0 0 2 0 0
1158 0 0 2 0 0
1159 0 0 2 0 0
1160 0 0 2 0 0
1161 0 0 2 0 0
1162 0 0 2 0 0
1163 0 0 2 0 0
1164 0 0 2 0 0
1165 0 0 2 0 0
1166 0 0 2 0 0
1167 0 0 2 0 0
1168 0 0 2 0 0
1169 0 0 2 0 0
1170 0 0 2 0 0
1171 0 0 2 0 0
1172 0 0 2 0 0
1173 0 0 2 0 0
1174 0 0 2 0 0
1175 0 0 2 0 0
1176 0 0 2 0 0
1177 0 0 2 0 0
1178 0 0 2 0 0
1179 0 0 2 0 0
1180 0 0 2 0 0
1181 0 0 2 0 0
1182 0 0 2 0 0
1183 0 0 2 0 0
1184 0 0 2 0 0
1185 0 0 2 0 0
1186 0 0 2 0 0
1187 0 0 2 0 0
1188 0 0 2 0 0
1189 0 0 2 0 0
1190 0 0 2 0 0
1191 0 0 2 0 0
1192 0 0 2 0 0
1193 0 0 2 0 0
1194 0 0 2 0 0
1195 0 0 2 0 0
1196 0 0 2 0 0
1197 0 0 2 0 0
1198 0 0 2 0 0
1199 0 0 2 0 0
1200 0 0 2 0 0
1201 0 0 2 0 0
1202 0 0 2 0 0
1203 0 0 2 0 0
1204 0 0 2 0 0
1205 0 0 2 0 0
1206 0 0 2 0 0
1207 0 0 2 0 0
1208 0 0 2 0 0
1209 0 0 2 0 0
1210 0 0 2 0 1
1211 0 0 2 0 1
1212 0 0 2 0 1
1213 0 0 2 0 1
1214 0 0 2 0 1
1215 0 0 2 0 1
1216 0 0 2 0 1
1217 0 0 2 0 1
1218 0 0 2 0 1
1219 0 0 2 0 1
1220 0 0 2 0 1
1221 0 0 2 0 1
1222 0 0 2 0 1
1223 0 0 2 0 1
1224 0 0 2 0 1
1225 0 0 2 0 1
1226 0 0 2 0 1
1227 0 0 2 0 1
1228 0 0 2 0 1
1229 0 0 2 0 1
1230 0 0 2 0 1
1231 0 0 2 0 1
1232 0 0 2 0 1
1233 0 0 2 0 1
1234 0 0 2 0 1
1235 0 0 2 0 1
1236 0 0 2 0 1
1237 0 0 2 0 1
1238 0 0 2 0 1
1239 0 0 2 0 1
1240 0 0 2 0 1
1241 0 0 2 0 1
1242 0 0 2 0 1
1243 0 0 2 0 1
1244 0 0 2 0 1
1245 0 0 2 0 1
1246 0 0 2 0 1
1247 0 0 2 0 1
1248 0 0 2 0 1
1249 0 0 2 0 1
1250 0 0 2 0 1
1251 0 0 2 0 1
1252 0 0 2 0 1
1253 0 0 2 0 1
1254 0 0 2 0 1
1255 0 0 2 0 1
1256 0 0 2 0 1
1257 0 0 2 0 1
1258 0 0 2 0 1
1259 0 0 2 0 1
1260 0 0 2 0 2
1261 0 0 2 0 2
1262 0 0 2 0 2
1263 0 0 2 0 2
1264 0 0 2 0 2
1265 0 0 2 0 2
1266 0 0 2 0 2
1267 0 0 2 0 2
1268 0 0 2 0 2
1269 0 0 2 0 2
1270 0 0 2 0 2
1271 0 0 2 0 2
1272 0 0 2 0 2
1273 0 0 2 0 2
1274 0 0 2 0 2
1275 0 0 2 0 2
1276 0 0 2 0 2
1277 0 0 2 0 2
1278 0 0 2 0 2
1279 0 0 2 0 2
1280 0 0 2 0 2
1281 0 0 2 0 2
1282 0 0 2 0 2
1283 0 0 2 0 2
1284 0 0 2 0 2
1285 0 0 2 0 2
1286 0 0 2 0 2
1287 0 0 2 0 2
1288 0 0 2 0 2
1289 0 0 2 0 2
1290 0 0 2 0 2
1291 0 0 2 0 2
1292 0 0 2 0 2
1293 0 0 2 0 2
1294 0 0 2 0 2
1295 0 0 2 0 2
1296 0 0 2 0 2
1297 0 0 2 0 2
1298 0 0 2 0 2
1299 0 0 2 0 2
1300 0 0 2 0 2
1301 0 0 2 0 2
1302 0 0 2 0 2
1303 0 0 2 0 2
1304 0 0 2 0 2
1305 0 0 2 0 2
1306 0 0 2 0 2
1307 0 0 2 0 2
1308 0 0 2 0 2
1309 0 0 2 0 2
1310 0 0 2 0 2
1311 0 0 2 0 2
1312 0 0 2 0 2
1313 0 0 2 0 2
1314 0 0 2 0 2
1315 0 0 2 0 2
1316 0 0 2 0 2
1317 0 0 2 0 2
1318 0 0 2 0 2
1319 0 0 2 0 2
1320 0 0 2 0 2
1321 0 0 2 0 2
1322 0 0 2 0 2
1323 0 0 2 0 2
1324 0 0 2 0 2
1325 0 0 2 0 2
1326 0 0 2 0 2
1327 0 0 2 0 2
1328 0 0 2 0 2
1329 0 0 2 0 2
1330 0 0 2 0 2
1331 0 0 2 0 2
1332 0 0 2 0 2
1333 0 0 2 0 2
1334 0 0 2 0 2
1335 0 0 2 0 2
1336 0 0 2 0 2
1337 0 0 2 0 2
1338 0 0 2 0 2
1339 0 0 2 0 2
1340 0 0 2 0 2
1341 0 0 2 0 2
1342 0 0 2 0 2
1343 0 0 2 0 2
1344 0 0 2 0 2
1345 0 0 2 0 2
1346 0 0 2 0 2
1347 0 0 2 0 2
1348 0 0 2 0 2
1349 0 0 2 0 2
1350 0 0 2 0 2
1351 0 0 2 0 2
1352 0 0 2 0 2
1353 0 0 2 0 2
1354 0 0 2 0 2
1355 0 0 2 0 2
1356 0 0 2 0 2
1357 0 0 2 0 2
1358 0 0 2 0 2
1359 0 0 2 0 2
1360 0 0 2 0 2
1361 0 0 2 0 2
1362 0 0 2 0 2
1363 0 0 2 0 2
1364 0 0 2 0 2
1365 0 0 2 0 2
1366 0 0 2 0 2
1367 0 0 2 0 2
1368 0 0 2 0 2
1369 0 0 2 0 2
1370 0 0 2 0 2
1371 0 0 2 0 2
1372 0 0 2 0 2
1373 0 0 2 0 2
1374 0 0 2 0 2
1375 0 0 2 0 2
1376 0 0 2 0 2
1377 0 0 2 0 2
1378 0 0 2 0 2
1379 0 0 2 0 2
1380 0 0 2 0 2
1381 0 0 2 0 2
1382 0 0 2 0 2
1383 0 0 2 0 2
1384 0 0 2 0 2
1385 0 0 2 0 2
1386 0 0 2 0 2
1387 0 0 2 0 2
1388 0 0 2 0 2
1389 0 0 2 0 2
1390 0 0 2 0 2
1391 0 0 2 0 2
1392 0 0 2 0 2
1393 0 0 2 0 2
1394 0 0 2 0 2
1395 0 0 2 0 2
1396 0 0 2 0 2
1397 0 0 2 0 2
1398 0 0 2 0 2
1399 0 0 2 0 2
1400 2 0 2 0 2
1401 2 0 2 0 2
1402 2 0 2 0 2
1403 2 0 2 0 2
1404 2 0 2 0 2
1405 2 0 2 0 2
1406 2 0 2 0 2
1407 2 0 2 0 2
1408 2 0 2 0 2
1409 2 0 2 0 2
1410 2 0 2 0 2
1411 2 0 2 0 2
1412 2 0 2 0 2
1413 2 0 2 0 2
1414 2 0 2 0 2
1415 2 0 2 0 2
1416 2 0 2 0 2
1417 2 0 2 0 2
1418 2 0 2 0 2
1419 2 0 2 0 2
1420 2 0 0 0 2
1421 2 0 0 0 2
1422 2 0 0 0 2
1423 2 0 0 0 2
1424 2 0 0 0 2
1425 2 0 0 0 2
1426 2 0 0 0 2
1427 2 0 0 0 2
1428 2 0 0 0 2
1429 2 0 0 0 2
1430 2 0 0 0 2
1431 2 0 0 0 2
1432 2 0 0 0 2
1433 2 0 0 0 2
1434 2 0 0 0 2
1435 2 0 0 0 2
1436 2 0 0 0 2
1437 2 0 0 0 2
1438 2 0 0 0 2
1439 2 0 0 0 2
1440 2 0 0 0 2
1441 2 0 0 0 2
1442 2 0 0 0 2
1443 2 0 0 0 2
1444 2 0 0 0 2
1445 2 0 0 0 2
1446 2 0 0 0 2
1447 2 0 0 0 2
1448 2 0 0 0 2
1449 2 0 0 0 2
1450 2 0 0 0 0
1451 2 0 0 0 0
1452 2 0 0 0 0
1453 2 0 0 0 0
1454 2 0 0 0 0
1455 2 0 0 0 0
1456 2 0 0 0 0
1457 2 0 0 0 0
1458 2 0 0 0 0
1459 2 0 0 0 0
1460 2 0 0 0 0
1461 2 0 0 0 0
1462 2 0 0 0 0
1463 2 0 0 0 0
1464 2 0 0 0 0
1465 2 0 0 0 0
1466 2 0 0 0 0
1467 2 0 0 0 0
1468 2 0 0 0 0
1469 2 0 0 0 0
1470 2 0 0 0 0
1471 2 0 0 0 0
1472 2 0 0 0 0
1473 2 0 0 0 0
1474 2 0 0 0 0
1475 2 0 0 0 0
1476 2 0 0 0 0
1477 2 0 0 0 0
1478 2 0 0 0 0
1479 2 0 0 0 0
1480 2 0 0 0 0
1481 2 0 0 0 0
1482 2 0 0 0 0
1483 2 0 0 0 0
1484 2 0 0 0 0
1485 2 0 0 0 0
1486 2 0 0 0 0
1487 2 0 0 0 0
1488 2 0 0 0 0
1489 2 0 0 0 0
1490 2 0 0 0 0
1491 2 0 0 0 0
1492 2 0 0 0 0
1493 2 0 0 0 0
1494 2 0 0 0 0
1495 2 0 0 0 0
1496 2 0 0 0 0
1497 2 0 0 0 0
1498 2 0 0 0 0
1499 2 0 0 0 0
1500 2 0 0 0 0
1501 2 0 0 0 0
1502 2 0 0 0 0
1503 2 0 0 0 0
1504 2 0 0 0 0
1505 2 0 0 0 0
1506 2 0 0 0 0
1507 2 0 0 0 0
1508 2 0 0 0 0
1509 2 0 0 0 0
1510 2 0 0 0 0
1511 2 0 0 0 0
1512 2 0 0 0 0
1513 2 0 0 0 0
1514 2 0 0 0 0
1515 2 0 0 0 0
1516 2 0 0 0 0
1517 2 0 0 0 0
1518 2 0 0 0 0
1519 2 0 0 0 0
1520 2 0 0 0 0
1521 2 0 0 0 0
1522 2 0 0 0 0
1523 2 0 0 0 0
1524 2 0 0 0 0
1525 2 0 0 0 0
1526 2 0 0 0 0
1527 2 0 0 0 0
1528 2 0 0 0 0
1529 2 0 0 0 0
1530 2 0 0 0 0
1531 2 0 0 0 0
1532 2 0 0 0 0
1533 2 0 0 0 0
1534 2 0 0 0 0
1535 2 0 0 0 0
1536 2 0 0 0 0
1537 2 0 0 0 0
1538 2 0 0 0 0
1539 2 0 0 0 0
1540 2 0 0 0 0
1541 2 0 0 0 0
1542 2 0 0 0 0
1543 2 0 0 0 0
1544 2 0 0 0 0
1545 2 0 0 0 0
1546 2 0 0 0 0
1547 2 0 0 0 0
1548 2 0 0 0 0
1549 2 0 0 0 0
1550 2 0 0 0 0
1551 2 0 0 0 0
1552 2 0 0 0 0
1553 2 0 0 0 0
1554 2 0 0 0 0
1555 2 0 0 0 0
1556 2 0 0 0 0
1557 2 0 0 0 0
1558 2 0 0 0 0
1559 2 0 0 0 0
1560 2 0 0 0 0
1561 2 0 0 0 0
1562 2 0 0 0 0
1563 2 0 0 0 0
1564 2 0 0 0 0
1565 2 0 0 0 0
1566 2 0 0 0 0
1567 2 0 0 0 0
1568 2 0 0 0 0
1569 2 0 0 0 0
1570 0 0 2 0 0
1571 0 0 2 0 0
1572 0 0 2 0 0
1573 0 0 2 0 0
1574 0 0 2 0 0
1575 0 0 2 0 0
1576 0 0 2 0 0
1577 0 0 2 0 0
1578 0 0 2 0 0
1579 0 0 2 0 0
1580 0 0 2 0 0
1581 0 0 2 0 0
1582 0 0 2 0 0
1583 0 0 2 0 0
1584 0 0 2 0 0
1585 0 0 2 0 0
1586 0 0 2 0 0
1587 0 0 2 0 0
1588 0 0 2 0 0
1589 0 0 2 0 0
1590 0 0 2 0 0
1591 0 0 2 0 0
1592 0 0 2 0 0
1593 0 0 2 0 0
1594 0 0 2 0 0
1595 0 0 2 0 0
1596 0 0 2 0 0
1597 0 0 2 0 0
1598 0 0 2 0 0
1599 0 0 2 0 0
1600 0 0 2 0 0
1601 0 0 2 0 0
1602 0 0 2 0 0
1603 0 0 2 0 0
1604 0 0 2 0 0
1605 0 0 2 0 0
1606 0 0 2 0 0
1607 0 0 2 0 0
1608 0 0 2 0 0
1609 0 0 2 0 0
1610 0 0 2 0 0
1611 0 0 2 0 0
1612 0 0 2 0 0
1613 0 0 2 0 0
1614 0 0 2 0 0
1615 0 0 2 0 0
1616 0 0 2 0 0
1617 0 0 2 0 0
1618 0 0 2 0 0
1619 0 0 2 0 0
1620 0 0 2 0 0
1621 0 0 2 0 0
1622 0 0 2 0 0
1623 0 0 2 0 0
1624 0 0 2 0 0
1625 0 0 2 0 0
1626 0 0 2 0 0
1627 0 0 2 0 0
1628 0 0 2 0 0
1629 0 0 2 0 0
1630 0 0 2 0 0
1631 0 0 2 0 0
1632 0 0 2 0 0
1633 0 0 2 0 0
1634 0 0 2 0 0
1635 0 0 2 0 0
1636 0 0 2 0 0
1637 0 0 2 0 0
1638 0 0 2 0 0
1639 0 0 2 0 0
1640 0 0 2 0 0
1641 0 0 2 0 0
1642 0 0 2 0 0
1643 0 0 2 0 0
1644 0 0 2 0 0
1645 0 0 2 0 0
1646 0 0 2 0 0
1647 0 0 2 0 0
1648 0 0 2 0 0
1649 0 0 2 0 0
1650 0 0 2 0 0
1651 0 0 2 0 0
1652 0 0 2 0 0
1653 0 0 2 0 0
1654 0 0 2 0 0
1655 0 0 2 0 0
1656 0 0 2 0 0
1657 0 0 2 0 0
1658 0 0 2 0 0
1659 0 0 2 0 0
1660 0 0 2 0 0
1661 0 0 2 0 0
1662 0 0 2 0 0
1663 0 0 2 0 0
1664 0 0 2 0 0
1665 0 0 2 0 0
1666 0 0 2 0 0
1667 0 0 2 0 0
1668 0 0 2 0 0
1669 0 0 2 0 0
1670 0 0 2 0 0
1671 0 0 2 0 0
1672 0 0 2 0 0
1673 0 0 2 0 0
1674 0 0 2 0 0
1675 0 0 2 0 0
1676 0 0 2 0 0
1677 0 0 2 0 0
1678 0 0 2 0 0
1679 0 0 2 0 0
1680 0 0 2 0 1
1681 0 0 2 0 1
1682 0 0 2 0 1
1683 0 0 2 0 1
1684 0 0 2 0 1
1685 0 0 2 0 1
1686 0 0 2 0 1
1687 0 0 2 0 1
1688 0 0 2 0 1
1689 0 0 2 0 1
1690 0 0 2 0 1
1691 0 0 2 0 1
1692 0 0 2 0 1
1693 0 0 2 0 1
1694 0 0 2 0 1
1695 0 0 2 0 1
1696 0 0 2 0 1
1697 0 0 2 0 1
1698 0 0 2 0 1
1699 0 0 2 0 1
1700 0 0 2 0 2
1701 0 0 2 0 2
1702 0 0 2 0 2
1703 0 0 2 0 2
1704 0 0 2 0 2
1705 0 0 2 0 2
1706 0 0 2 0 2
1707 0 0 2 0 2
1708 0 0 2 0 2
1709 0 0 2 0 2
1710 0 0 2 0 2
1711 0 0 2 0 2
1712 0 0 2 0 2
1713 0 0 2 0 2
1714 0 0 2 0 2
1715 0 0 2 0 2
1716 0 0 2 0 2
1717 0 0 2 0 2
1718 0 0 2 0 2
1719 0 0 2 0 2
1720 0 0 2 0 2
1721 0 0 2 0 2
1722 0 0 2 0 2
1723 0 0 2 0 2
1724 0 0 2 0 2
1725 0 0 2 0 2
1726 0 0 2 0 2
1727 0 0 2 0 2
1728 0 0 2 0 2
1729 0 0 2 0 2
1730 0 0 2 0 2
1731 0 0 2 0 2
1732 0 0 2 0 2
1733 0 0 2 0 2
1734 0 0 2 0 2
1735 0 0 2 0 2
1736 0 0 2 0 2
1737 0 0 2 0 2
1738 0 0 2 0 2
1739 0 0 2 0 2
1740 0 0 2 0 2
1741 0 0 2 0 2
1742 0 0 2 0 2
1743 0 0 2 0 2
1744 0 0 2 0 2
1745 0 0 2 0 2
1746 0 0 2 0 2
1747 0 0 2 0 2
1748 0 0 2 0 2
1749 0 0 2 0 2
1750 0 0 2 0 2
1751 0 0 2 0 2
1752 0 0 2 0 2
1753 0 0 2 0 2
1754 0 0 2 0 2
1755 0 0 2 0 2
1756 0 0 2 0 2
1757 0 0 2 0 2
1758 0 0 2 0 2
1759 0 0 2 0 2
1760 0 0 2 0 2
1761 0 0 2 0 2
1762 0 0 2 0 2
1763 0 0 2 0 2
1764 0 0 2 0 2
1765 0 0 2 0 2
1766 0 0 2 0 2
1767 0 0 2 0 2
1768 0 0 2 0 2
1769 0 0 2 0 2
1770 0 0 2 0 2
1771 0 0 2 0 2
1772 0 0 2 0 2
1773 0 0 2 0 2
1774 0 0 2 0 2
1775 0 0 2 0 2
1776 0 0 2 0 2
1777 0 0 2 0 2
1778 0 0 2 0 2
1779 0 0 2 0 2
1780 0 0 2 0 2
1781 0 0 2 0 2
1782 0 0 2 0 2
1783 0 0 2 0 2
1784 0 0 2 0 2
1785 0 0 2 0 2
1786 0 0 2 0 2
1787 0 0 2 0 2
1788 0 0 2 0 2
1789 0 0 2 0 2
1790 0 0 2 0 2
1791 0 0 2 0 2
1792 0 0 2 0 2
1793 0 0 2 0 2
1794 0 0 2 0 2
1795 0 0 2 0 2
1796 0 0 2 0 2
1797 0 0 2 0 2
1798 0 0 2 0 2
1799 0 0 2 0 2
1800 0 0 2 0 2
1801 0 0 2 0 2
1802 0 0 2 0 2
1803 0 0 2 0 2
1804 0 0 2 0 2
1805 0 0 2 0 2
1806 0 0 2 0 2
1807 0 0 2 0 2
1808 0 0 2 0 2
1809 0 0 2 0 2
1810 0 0 2 0 2
1811 0 0 2 0 2
1812 0 0 2 0 2
1813 0 0 2 0 2
1814 0 0 2 0 2
1815 0 0 2 0 2
1816 0 0 2 0 2
1817 0 0 2 0 2
1818 0 0 2 0 2
1819 0 0 2 0 2
1820 0 0 2 0 2
1821 0 0 2 0 2
1822 0 0 2 0 2
1823 0 0 2 0 2
1824 0 0 2 0 2
1825 0 0 2 0 2
1826 0 0 2 0 2
1827 0 0 2 0 2
1828 0 0 2 0 2
1829 0 0 2 0 2
1830 0 0 2 0 2
1831 0 0 2 0 2
1832 0 0 2 0 2
1833 0 0 2 0 2
1834 0 0 2 0 2
1835 0 0 2 0 2
1836 0 0 2 0 2
1837 0 0 2 0 2
1838 0 0 2 0 2
1839 0 0 2 0 2
1840 2 0 2 0 2
1841 2 0 2 0 2
1842 2 0 2 0 2
1843 2 0 2 0 2
1844 2 0 2 0 2
1845 2 0 2 0 2
1846 2 0 2 0 2
1847 2 0 2 0 2
1848 2 0 2 0 2
1849 2 0 2 0 2
1850 2 0 2 0 2
1851 2 0 2 0 2
1852 2 0 2 0 2
1853 2 0 2 0 2
1854 2 0 2 0 2
1855 2 0 2 0 2
1856 2 0 2 0 2
1857 2 0 2 0 2
1858 2 0 2 0 2
1859 2 0 2 0 2
1860 2 0 0 0 2
1861 2 0 0 0 2
1862 2 0 0 0 2
1863 2 0 0 0 2
1864 2 0 0 0 2
1865 2 0 0 0 2
1866 2 0 0 0 2
1867 2 0 0 0 2
1868 2 0 0 0 2
1869 2 0 0 0 2
1870 2 0 0 0 2
1871 2 0 0 0 2
1872 2 0 0 0 2
1873 2 0 0 0 2
1874 2 0 0 0 2
1875 2 0 0 0 2
1876 2 0 0 0 2
1877 2 0 0 0 2
1878 2 0 0 0 2
1879 2 0 0 0 2
1880 2 0 0 0 0
1881 2 0 0 0 0
1882 2 0 0 0 0
1883 2 0 0 0 0
1884 2 0 0 0 0
1885 2 0 0 0 0
1886 2 0 0 0 0
1887 2 0 0 0 0
1888 2 0 0 0 0
1889 2 0 0 0 0
1890 2 0 0 0 0
1891 2 0 0 0 0
1892 2 0 0 0 0
1893 2 0 0 0 0
1894 2 0 0 0 0
1895 2 0 0 0 0
1896 2 0 0 0 0
1897 2 0 0 0 0
1898 2 0 0 0 0
1899 2 0 0 0 0
1900 2 0 0 0 0
1901 2 0 0 0 0
1902 2 0 0 0 0
1903 2 0 0 0 0
1904 2 0 0 0 0
1905 2 0 0 0 0
1906 2 0 0 0 0
1907 2 0 0 0 0
1908 2 0 0 0 0
1909 2 0 0 0 0
1910 2 0 0 0 0
1911 2 0 0 0 0
1912 2 0 0 0 0
1913 2 0 0 0 0
1914 2 0 0 0 0
1915 2 0 0 0 0
1916 2 0 0 0 0
1917 2 0 0 0 0
1918 2 0 0 0 0
1919 2 0 0 0 0
1920 2 0 0 0 0
1921 2 0 0 0 0
1922 2 0 0 0 0
1923 2 0 0 0 0
1924 2 0 0 0 0
1925 2 0 0 0 0
1926 2 0 0 0 0
1927 2 0 0 0 0
1928 2 0 0 0 0
1929 2 0 0 0 0
1930 2 0 0 0 0
1931 2 0 0 0 0
1932 2 0 0 0 0
1933 2 0 0 0 0
1934 2 0 0 0 0
1935 2 0 0 0 0
1936 2 0 0 0 0
1937 2 0 0 0 0
1938 2 0 0 0 0
1939 2 0 0 0 0
1940 2 0 0 0 0
1941 2 0 0 0 0
1942 2 0 0 0 0
1943 2 0 0 0 0
1944 2 0 0 0 0
1945 2 0 0 0 0
1946 2 0 0 0 0
1947 2 0 0 0 0
1948 2 0 0 0 0
1949 2 0 0 0 0
1950 2 0 0 0 0
1951 2 0 0 0 0
1952 2 0 0 0 0
1953 2 0 0 0 0
1954 2 0 0 0 0
1955 2 0 0 0 0
1956 2 0 0 0 0
1957 2 0 0 0 0
1958 2 0 0 0 0
1959 2 0 0 0 0
1960 2 0 0 0 0
1961 2 0 0 0 0
1962 2 0 0 0 0
1963 2 0 0 0 0
1964 2 0 0 0 0
1965 2 0 0 0 0
1966 2 0 0 0 0
1967 2 0 0 0 0
1968 2 0 0 0 0
1969 2 0 0 0 0
1970 2 0 2 0 0
1971 2 0 2 0 0
1972 2 0 2 0 0
1973 2 0 2 0 0
1974 2 0 2 0 0
1975 2 0 2 0 0
1976 2 0 2 0 0
1977 2 0 2 0 0
1978 2 0 2 0 0
1979 2 0 2 0 0
1980 0 0 2 0 0
1981 0 0 2 0 0
1982 0 0 2 0 0
1983 0 0 2 0 0
1984 0 0 2 0 0
1985 0 0 2 0 0
1986 0 0 2 0 0
1987 0 0 2 0 0
1988 0 0 2 0 0
1989 0 0 2 0 0
1990 0 0 2 0 0
1991 0 0 2 0 0
1992 0 0 2 0 0
1993 0 0 2 0 0
1994 0 0 2 0 0
1995 0 0 2 0 0
1996 0 0 2 0 0
1997 0 0 2 0 0
1998 0 0 2 0 0
1999 0 0 2 0 0
2000 0 0 2 0 0
2001 0 0 2 0 0
2002 0 0 2 0 0
2003 0 0 2 0 0
2004 0 0 2 0 0
2005 0 0 2 0 0
2006 0 0 2 0 0
2007 0 0 2 0 0
2008 0 0 2 0 0
2009 0 0 2 0 0
2010 0 0 2 0 0
2011 0 0 2 0 0
2012 0 0 2 0 0
2013 0 0 2 0 0
2014 0 0 2 0 0
2015 0 0 2 0 0
2016 0 0 2 0 0
2017 0 0 2 0 0
2018 0 0 2 0 0
2019 0 0 2 0 0
2020 0 0 2 0 0
2021 0 0 2 0 0
2022 0 0 2 0 0
2023 0 0 2 0 0
2024 0 0 2 0 0
2025 0 0 2 0 0
2026 0 0 2 0 0
2027 0 0 2 0 0
2028 0 0 2 0 0
2029 0 0 2 0 0
2030 0 0 2 0 0
2031 0 0 2 0 0
2032 0 0 2 0 0
2033 0 0 2 0 0
2034 0 0 2 0 0
2035 0 0 2 0 0
2036 0 0 2 0 0
2037 0 0 2 0 0
2038 0 0 2 0 0
2039 0 0 2 0 0
2040 0 0 2 0 0
2041 0 0 2 0 0
2042 0 0 2 0 0
2043 0 0 2 0 0
2044 0 0 2 0 0
2045 0 0 2 0 0
2046 0 0 2 0 0
2047 0 0 2 0 0
2048 0 0 2 0 0
2049 0 0 2 0 0
2050 0 0 2 0 1
2051 0 0 2 0 1
2052 0 0 2 0 1
2053 0 0 2 0 1
2054 0 0 2 0 1
2055 0 0 2 0 1
2056 0 0 2 0 1
2057 0 0 2 0 1
2058 0 0 2 0 1
2059 0 0 2 0 1
2060 0 0 2 0 2
2061 0 0 2 0 2
2062 0 0 2 0 2
2063 0 0 2 0 2
2064 0 0 2 0 2
2065 0 0 2 0 2
2066 0 0 2 0 2
2067 0 0 2 0 2
2068 0 0 2 0 2
2069 0 0 2 0 2
2070 0 0 2 0 2
2071 0 0 2 0 2
2072 0 0 2 0 2
2073 0 0 2 0 2
2074 0 0 2 0 2
2075 0 0 2 0 2
2076 0 0 2 0 2
2077 0 0 2 0 2
2078 0 0 2 0 2
2079 0 0 2 0 2
2080 0 0 2 0 2
2081 0 0 2 0 2
2082 0 0 2 0 2
2083 0 0 2 0 2
2084 0 0 2 0 2
2085 0 0 2 0 2
2086 0 0 2 0 2
2087 0 0 2 0 2
2088 0 0 2 0 2
2089 0 0 2 0 2
2090 0 0 0 0 2
2091 0 0 0 0 2
2092 0 0 0 0 2
2093 0 0 0 0 2
2094 0 0 0 0 2
2095 0 0 0 0 2
2096 0 0 0 0 2
2097 0 0 0 0 2
2098 0 0 0 0 2
2099 0 0 0 0 2
2100 0 0 0 0 2
2101 0 0 0 0 2
2102 0 0 0 0 2
2103 0 0 0 0 2
2104 0 0 0 0 2
2105 0 0 0 0 2
2106 0 0 0 0 2
2107 0 0 0 0 2
2108 0 0 0 0 2
2109 0 0 0 0 2
2110 0 0 0 0 2
2111 0 0 0 0 2
2112 0 0 0 0 2
2113 0 0 0 0 2
2114 0 0 0 0 2
2115 0 0 0 0 2
2116 0 0 0 0 2
2117 0 0 0 0 2
2118 0 0 0 0 2
2119 0 0 0 0 2
2120 0 0 0 0 2
2121 0 0 0 0 2
2122 0 0 0 0 2
2123 0 0 0 0 2
2124 0 0 0 0 2
2125 0 0 0 0 2
2126 0 0 0 0 2
2127 0 0 0 0 2
2128 0 0 0 0 2
2129 0 0 0 0 2
2130 0 0 0 0 2
2131 0 0 0 0 2
2132 0 0 0 0 2
2133 0 0 0 0 2
2134 0 0 0 0 2
2135 0 0 0 0 2
2136 0 0 0 0 2
2137 0 0 0 0 2
2138 0 0 0 0 2
2139 0 0 0 0 2
2140 0 0 0 0 2
2141 0 0 0 0 2
2142 0 0 0 0 2
2143 0 0 0 0 2
2144 0 0 0 0 2
2145 0 0 0 0 2
2146 0 0 0 0 2
2147 0 0 0 0 2
2148 0 0 0 0 2
2149 0 0 0 0 2
2150 0 0 0 0 2
2151 0 0 0 0 2
2152 0 0 0 0 2
2153 0 0 0 0 2
2154 0 0 0 0 2
2155 0 0 0 0 2
2156 0 0 0 0 2
2157 0 0 0 0 2
2158 0 0 0 0 2
2159 0 0 0 0 2
2160 0 0 0 0 2
2161 0 0 0 0 2
2162 0 0 0 0 2
2163 0 0 0 0 2
2164 0 0 0 0 2
2165 0 0 0 0 2
2166 0 0 0 0 2
2167 0 0 0 0 2
2168 0 0 0 0 2
2169 0 0 0 0 2
2170 0 0 0 0 2
2171 0 0 0 0 2
2172 0 0 0 0 2
2173 0 0 0 0 2
2174 0 0 0 0 2
2175 0 0 0 0 2
2176 0 0 0 0 2
2177 0 0 0 0 2
2178 0 0 0 0 2
2179 0 0 0 0 2
2180 0 0 0 0 2
2181 0 0 0 0 2
2182 0 0 0 0 2
2183 0 0 0 0 2
2184 0 0 0 0 2
2185 0 0 0 0 2
2186 0 0 0 0 2
2187 0 0 0 0 2
2188 0 0 0 0 2
2189 0 0 0 0 2
2190 0 0 0 0 2
2191 0 0 0 0 2
2192 0 0 0 0 2
2193 0 0 0 0 2
2194 0 0 0 0 2
2195 0 0 0 0 2
2196 0 0 0 0 2
2197 0 0 0 0 2
2198 0 0 0 0 2
2199 0 0 0 0 2
2200 0 0 0 0 2
2201 0 0 0 0 2
2202 0 0 0 0 2
2203 0 0 0 0 2
2204 0 0 0 0 2
2205 0 0 0 0 2
2206 0 0 0 0 2
2207 0 0 0 0 2
2208 0 0 0 0 2
2209 0 0 0 0 2
2210 0 0 0 0 2
2211 0 0 0 0 2
2212 0 0 0 0 2
2213 0 0 0 0 2
2214 0 0 0 0 2
2215 0 0 0 0 2
2216 0 0 0 0 2
2217 0 0 0 0 2
2218 0 0 0 0 2
2219 0 0 0 0 2
2220 0 0 0 0 2
2221 0 0 0 0 2
2222 0 0 0 0 2
2223 0 0 0 0 2
2224 0 0 0 0 2
2225 0 0 0 0 2
2226 0 0 0 0 2
2227 0 0 0 0 2
2228 0 0 0 0 2
2229 0 0 0 0 2
2230 0 0 0 0 2
2231 0 0 0 0 2
2232 0 0 0 0 2
2233 0 0 0 0 2
2234 0 0 0 0 2
2235 0 0 0 0 2
2236 0 0 0 0 2
2237 0 0 0 0 2
2238 0 0 0 0 2
2239 0 0 0 0 2
2240 0 0 0 0 2
2241 0 0 0 0 2
2242 0 0 0 0 2
2243 0 0 0 0 2
2244 0 0 0 0 2
2245 0 0 0 0 2
2246 0 0 0 0 2
2247 0 0 0 0 2
2248 0 0 0 0 2
2249 0 0 0 0 2
2250 0 0 0 0 2
2251 0 0 0 0 2
2252 0 0 0 0 2
2253 0 0 0 0 2
2254 0 0 0 0 2
2255 0 0 0 0 2
2256 0 0 0 0 2
2257 0 0 0 0 2
2258 0 0 0 0 2
2259 0 0 0 0 2
2260 0 0 0 0 2
2261 0 0 0 0 2
2262 0 0 0 0 2
2263 0 0 0 0 2
2264 0 0 0 0 2
2265 0 0 0 0 2
2266 0 0 0 0 2
2267 0 0 0 0 2
2268 0 0 0 0 2
2269 0 0 0 0 2
2270 0 0 0 0 2
