0 0 0 0 0 0
1 0 0 0 0 0
2 0 0 0 0 0
3 0 0 0 0 0
4 0 0 0 0 0
5 0 0 0 0 0
6 0 0 0 0 0
7 0 0 0 0 0
8 0 0 0 0 0
9 0 0 0 0 0
10 0 0 0 0 0
11 0 0 0 0 0
12 0 0 0 0 0
13 0 0 0 0 0
14 0 0 0 0 0
15 0 0 0 0 0
16 0 0 0 0 0
17 0 0 0 0 0
18 0 0 0 0 0
19 0 0 0 0 0
20 0 0 0 0 0
21 0 0 0 0 0
22 0 0 0 0 0
23 0 0 0 0 0
24 0 0 0 0 0
25 0 0 0 0 0
26 0 0 0 0 0
27 0 0 0 0 0
28 0 0 0 0 0
29 0 0 0 0 0
30 0 0 0 0 0
31 0 0 0 0 0
32 0 0 0 0 0
33 0 0 0 0 0
34 0 0 0 0 0
35 0 0 0 0 0
36 0 0 0 0 0
37 0 0 0 0 0
38 0 0 0 0 0
39 0 0 0 0 0
40 0 0 0 0 0
41 0 0 0 0 0
42 0 0 0 0 0
43 0 0 0 0 0
44 0 0 0 0 0
45 0 0 0 0 0
46 0 0 0 0 0
47 0 0 0 0 0
48 0 0 0 0 0
49 0 0 0 0 0
50 0 0 0 0 0
51 0 0 0 0 0
52 0 0 0 0 0
53 0 0 0 0 0
54 0 0 0 0 0
55 0 0 0 0 0
56 0 0 0 0 0
57 0 0 0 0 0
58 0 0 0 0 0
59 0 0 0 0 0
60 0 0 0 0 0
61 0 0 0 0 0
62 0 0 0 0 0
63 0 0 0 0 0
64 0 0 0 0 0
65 0 0 0 0 0
66 0 0 0 0 0
67 0 0 0 0 0
68 0 0 0 0 0
69 0 0 0 0 0
70 0 0 0 0 0
71 0 0 0 0 0
72 0 0 0 0 0
73 0 0 0 0 0
74 0 0 0 0 0
75 0 0 0 0 0
76 0 0 0 0 0
77 0 0 0 0 0
78 0 0 0 0 0
79 0 0 0 0 0
80 0 0 0 0 0
81 0 0 0 0 0
82 0 0 0 0 0
83 0 0 0 0 0
84 0 0 0 0 0
85 0 0 0 0 0
86 0 0 0 0 0
87 0 0 0 0 0
88 0 0 0 0 0
89 0 0 0 0 0
90 3 0 0 0 0
91 3 0 0 0 0
92 3 0 0 0 0
93 3 0 0 0 0
94 3 0 0 0 0
95 3 0 0 0 0
96 3 0 0 0 0
97 3 0 0 0 0
98 3 0 0 0 0
99 3 0 0 0 0
100 3 0 0 0 1
101 3 0 0 0 1
102 3 0 0 0 1
103 3 0 0 0 1
104 3 0 0 0 1
105 3 0 0 0 1
106 3 0 0 0 1
107 3 0 0 0 1
108 3 0 0 0 1
109 3 0 0 0 1
110 3 0 0 0 1
111 3 0 0 0 1
112 3 0 0 0 1
113 3 0 0 0 1
114 3 0 0 0 1
115 3 0 0 0 1
116 3 0 0 0 1
117 3 0 0 0 1
118 3 0 0 0 1
119 3 0 0 0 1
120 3 0 0 0 1
121 3 0 0 0 1
122 3 0 0 0 1
123 3 0 0 0 1
124 3 0 0 0 1
125 3 0 0 0 1
126 3 0 0 0 1
127 3 0 0 0 1
128 3 0 0 0 1
129 3 0 0 0 1
130 3 0 0 0 1
131 3 0 0 0 1
132 3 0 0 0 1
133 3 0 0 0 1
134 3 0 0 0 1
135 3 0 0 0 1
136 3 0 0 0 1
137 3 0 0 0 1
138 3 0 0 0 1
139 3 0 0 0 1
140 3 0 0 0 1
141 3 0 0 0 1
142 3 0 0 0 1
143 3 0 0 0 1
144 3 0 0 0 1
145 3 0 0 0 1
146 3 0 0 0 1
147 3 0 0 0 1
148 3 0 0 0 1
149 3 0 0 0 1
150 3 0 0 0 1
151 3 0 0 0 1
152 3 0 0 0 1
153 3 0 0 0 1
154 3 0 0 0 1
155 3 0 0 0 1
156 3 0 0 0 1
157 3 0 0 0 1
158 3 0 0 0 1
159 3 0 0 0 1
160 3 0 0 0 1
161 3 0 0 0 1
162 3 0 0 0 1
163 3 0 0 0 1
164 3 0 0 0 1
165 3 0 0 0 1
166 3 0 0 0 1
167 3 0 0 0 1
168 3 0 0 0 1
169 3 0 0 0 1
170 3 0 0 0 1
171 3 0 0 0 1
172 3 0 0 0 1
173 3 0 0 0 1
174 3 0 0 0 1
175 3 0 0 0 1
176 3 0 0 0 1
177 3 0 0 0 1
178 3 0 0 0 1
179 3 0 0 0 1
180 3 0 3 0 1
181 3 0 3 0 1
182 3 0 3 0 1
183 3 0 3 0 1
184 3 0 3 0 1
185 3 0 3 0 1
186 3 0 3 0 1
187 3 0 3 0 1
188 3 0 3 0 1
189 3 0 3 0 1
190 3 0 3 0 1
191 3 0 3 0 1
192 3 0 3 0 1
193 3 0 3 0 1
194 3 0 3 0 1
195 3 0 3 0 1
196 3 0 3 0 1
197 3 0 3 0 1
198 3 0 3 0 1
199 3 0 3 0 1
200 3 0 3 0 1
201 3 0 3 0 1
202 3 0 3 0 1
203 3 0 3 0 1
204 3 0 3 0 1
205 3 0 3 0 1
206 3 0 3 0 1
207 3 0 3 0 1
208 3 0 3 0 1
209 3 0 3 0 1
210 3 0 3 0 1
211 3 0 3 0 1
212 3 0 3 0 1
213 3 0 3 0 1
214 3 0 3 0 1
215 3 0 3 0 1
216 3 0 3 0 1
217 3 0 3 0 1
218 3 0 3 0 1
219 3 0 3 0 1
220 3 0 3 0 1
221 3 0 3 0 1
222 3 0 3 0 1
223 3 0 3 0 1
224 3 0 3 0 1
225 3 0 3 0 1
226 3 0 3 0 1
227 3 0 3 0 1
228 3 0 3 0 1
229 3 0 3 0 1
230 0 0 3 0 1
231 0 0 3 0 1
232 0 0 3 0 1
233 0 0 3 0 1
234 0 0 3 0 1
235 0 0 3 0 1
236 0 0 3 0 1
237 0 0 3 0 1
238 0 0 3 0 1
239 0 0 3 0 1
240 0 0 3 0 1
241 0 0 3 0 1
242 0 0 3 0 1
243 0 0 3 0 1
244 0 0 3 0 1
245 0 0 3 0 1
246 0 0 3 0 1
247 0 0 3 0 1
248 0 0 3 0 1
249 0 0 3 0 1
250 0 0 3 0 0
251 0 0 3 0 0
252 0 0 3 0 0
253 0 0 3 0 0
254 0 0 3 0 0
255 0 0 3 0 0
256 0 0 3 0 0
257 0 0 3 0 0
258 0 0 3 0 0
259 0 0 3 0 0
260 0 0 0 0 0
261 0 0 0 0 0
262 0 0 0 0 0
263 0 0 0 0 0
264 0 0 0 0 0
265 0 0 0 0 0
266 0 0 0 0 0
267 0 0 0 0 0
268 0 0 0 0 0
269 0 0 0 0 0
270 0 0 0 0 0
271 0 0 0 0 0
272 0 0 0 0 0
273 0 0 0 0 0
274 0 0 0 0 0
275 0 0 0 0 0
276 0 0 0 0 0
277 0 0 0 0 0
278 0 0 0 0 0
279 0 0 0 0 0
280 0 0 0 0 0
281 0 0 0 0 0
282 0 0 0 0 0
283 0 0 0 0 0
284 0 0 0 0 0
285 0 0 0 0 0
286 0 0 0 0 0
287 0 0 0 0 0
288 0 0 0 0 0
289 0 0 0 0 0
290 3 0 0 0 0
291 3 0 0 0 0
292 3 0 0 0 0
293 3 0 0 0 0
294 3 0 0 0 0
295 3 0 0 0 0
296 3 0 0 0 0
297 3 0 0 0 0
298 3 0 0 0 0
299 3 0 0 0 0
300 3 0 0 0 0
301 3 0 0 0 0
302 3 0 0 0 0
303 3 0 0 0 0
304 3 0 0 0 0
305 3 0 0 0 0
306 3 0 0 0 0
307 3 0 0 0 0
308 3 0 0 0 0
309 3 0 0 0 0
310 3 0 0 0 0
311 3 0 0 0 0
312 3 0 0 0 0
313 3 0 0 0 0
314 3 0 0 0 0
315 3 0 0 0 0
316 3 0 0 0 0
317 3 0 0 0 0
318 3 0 0 0 0
319 3 0 0 0 0
320 3 0 0 0 0
321 3 0 0 0 0
322 3 0 0 0 0
323 3 0 0 0 0
324 3 0 0 0 0
325 3 0 0 0 0
326 3 0 0 0 0
327 3 0 0 0 0
328 3 0 0 0 0
329 3 0 0 0 0
330 3 0 0 0 0
331 3 0 0 0 0
332 3 0 0 0 0
333 3 0 0 0 0
334 3 0 0 0 0
335 3 0 0 0 0
336 3 0 0 0 0
337 3 0 0 0 0
338 3 0 0 0 0
339 3 0 0 0 0
340 3 0 0 0 0
341 3 0 0 0 0
342 3 0 0 0 0
343 3 0 0 0 0
344 3 0 0 0 0
345 3 0 0 0 0
346 3 0 0 0 0
347 3 0 0 0 0
348 3 0 0 0 0
349 3 0 0 0 0
350 3 0 0 0 0
351 3 0 0 0 0
352 3 0 0 0 0
353 3 0 0 0 0
354 3 0 0 0 0
355 3 0 0 0 0
356 3 0 0 0 0
357 3 0 0 0 0
358 3 0 0 0 0
359 3 0 0 0 0
360 3 0 0 0 0
361 3 0 0 0 0
362 3 0 0 0 0
363 3 0 0 0 0
364 3 0 0 0 0
365 3 0 0 0 0
366 3 0 0 0 0
367 3 0 0 0 0
368 3 0 0 0 0
369 3 0 0 0 0
370 3 0 0 0 0
371 3 0 0 0 0
372 3 0 0 0 0
373 3 0 0 0 0
374 3 0 0 0 0
375 3 0 0 0 0
376 3 0 0 0 0
377 3 0 0 0 0
378 3 0 0 0 0
379 3 0 0 0 0
380 3 0 0 3 0
381 3 0 0 3 0
382 3 0 0 3 0
383 3 0 0 3 0
384 3 0 0 3 0
385 3 0 0 3 0
386 3 0 0 3 0
387 3 0 0 3 0
388 3 0 0 3 0
389 3 0 0 3 0
390 3 0 0 3 0
391 3 0 0 3 0
392 3 0 0 3 0
393 3 0 0 3 0
394 3 0 0 3 0
395 3 0 0 3 0
396 3 0 0 3 0
397 3 0 0 3 0
398 3 0 0 3 0
399 3 0 0 3 0
400 3 0 0 3 0
401 3 0 0 3 0
402 3 0 0 3 0
403 3 0 0 3 0
404 3 0 0 3 0
405 3 0 0 3 0
406 3 0 0 3 0
407 3 0 0 3 0
408 3 0 0 3 0
409 3 0 0 3 0
410 3 0 3 0 0
411 3 0 3 0 0
412 3 0 3 0 0
413 3 0 3 0 0
414 3 0 3 0 0
415 3 0 3 0 0
416 3 0 3 0 0
417 3 0 3 0 0
418 3 0 3 0 0
419 3 0 3 0 0
420 3 0 3 0 0
421 3 0 3 0 0
422 3 0 3 0 0
423 3 0 3 0 0
424 3 0 3 0 0
425 3 0 3 0 0
426 3 0 3 0 0
427 3 0 3 0 0
428 3 0 3 0 0
429 3 0 3 0 0
430 0 0 3 0 0
431 0 0 3 0 0
432 0 0 3 0 0
433 0 0 3 0 0
434 0 0 3 0 0
435 0 0 3 0 0
436 0 0 3 0 0
437 0 0 3 0 0
438 0 0 3 0 0
439 0 0 3 0 0
440 0 0 3 0 0
441 0 0 3 0 0
442 0 0 3 0 0
443 0 0 3 0 0
444 0 0 3 0 0
445 0 0 3 0 0
446 0 0 3 0 0
447 0 0 3 0 0
448 0 0 3 0 0
449 0 0 3 0 0
450 0 0 3 0 0
451 0 0 3 0 0
452 0 0 3 0 0
453 0 0 3 0 0
454 0 0 3 0 0
455 0 0 3 0 0
456 0 0 3 0 0
457 0 0 3 0 0
458 0 0 3 0 0
459 0 0 3 0 0
460 0 0 3 0 0
461 0 0 3 0 0
462 0 0 3 0 0
463 0 0 3 0 0
464 0 0 3 0 0
465 0 0 3 0 0
466 0 0 3 0 0
467 0 0 3 0 0
468 0 0 3 0 0
469 0 0 3 0 0
470 0 0 3 0 0
471 0 0 3 0 0
472 0 0 3 0 0
473 0 0 3 0 0
474 0 0 3 0 0
475 0 0 3 0 0
476 0 0 3 0 0
477 0 0 3 0 0
478 0 0 3 0 0
479 0 0 3 0 0
480 0 0 3 0 0
481 0 0 3 0 0
482 0 0 3 0 0
483 0 0 3 0 0
484 0 0 3 0 0
485 0 0 3 0 0
486 0 0 3 0 0
487 0 0 3 0 0
488 0 0 3 0 0
489 0 0 3 0 0
490 0 3 3 0 0
491 0 3 3 0 0
492 0 3 3 0 0
493 0 3 3 0 0
494 0 3 3 0 0
495 0 3 3 0 0
496 0 3 3 0 0
497 0 3 3 0 0
498 0 3 3 0 0
499 0 3 3 0 0
500 3 0 3 0 0
501 3 0 3 0 0
502 3 0 3 0 0
503 3 0 3 0 0
504 3 0 3 0 0
505 3 0 3 0 0
506 3 0 3 0 0
507 3 0 3 0 0
508 3 0 3 0 0
509 3 0 3 0 0
510 3 0 0 0 0
511 3 0 0 0 0
512 3 0 0 0 0
513 3 0 0 0 0
514 3 0 0 0 0
515 3 0 0 0 0
516 3 0 0 0 0
517 3 0 0 0 0
518 3 0 0 0 0
519 3 0 0 0 0
520 3 0 0 0 0
521 3 0 0 0 0
522 3 0 0 0 0
523 3 0 0 0 0
524 3 0 0 0 0
525 3 0 0 0 0
526 3 0 0 0 0
527 3 0 0 0 0
528 3 0 0 0 0
529 3 0 0 0 0
530 3 0 0 0 0
531 3 0 0 0 0
532 3 0 0 0 0
533 3 0 0 0 0
534 3 0 0 0 0
535 3 0 0 0 0
536 3 0 0 0 0
537 3 0 0 0 0
538 3 0 0 0 0
539 3 0 0 0 0
540 3 0 0 0 0
541 3 0 0 0 0
542 3 0 0 0 0
543 3 0 0 0 0
544 3 0 0 0 0
545 3 0 0 0 0
546 3 0 0 0 0
547 3 0 0 0 0
548 3 0 0 0 0
549 3 0 0 0 0
550 3 0 0 0 0
551 3 0 0 0 0
552 3 0 0 0 0
553 3 0 0 0 0
554 3 0 0 0 0
555 3 0 0 0 0
556 3 0 0 0 0
557 3 0 0 0 0
558 3 0 0 0 0
559 3 0 0 0 0
560 3 0 0 0 0
561 3 0 0 0 0
562 3 0 0 0 0
563 3 0 0 0 0
564 3 0 0 0 0
565 3 0 0 0 0
566 3 0 0 0 0
567 3 0 0 0 0
568 3 0 0 0 0
569 3 0 0 0 0
570 3 0 0 0 0
571 3 0 0 0 0
572 3 0 0 0 0
573 3 0 0 0 0
574 3 0 0 0 0
575 3 0 0 0 0
576 3 0 0 0 0
577 3 0 0 0 0
578 3 0 0 0 0
579 3 0 0 0 0
580 3 0 0 3 1
581 3 0 0 3 1
582 3 0 0 3 1
583 3 0 0 3 1
584 3 0 0 3 1
585 3 0 0 3 1
586 3 0 0 3 1
587 3 0 0 3 1
588 3 0 0 3 1
589 3 0 0 3 1
590 3 0 0 3 1
591 3 0 0 3 1
592 3 0 0 3 1
593 3 0 0 3 1
594 3 0 0 3 1
595 3 0 0 3 1
596 3 0 0 3 1
597 3 0 0 3 1
598 3 0 0 3 1
599 3 0 0 3 1
600 3 0 0 3 1
601 3 0 0 3 1
602 3 0 0 3 1
603 3 0 0 3 1
604 3 0 0 3 1
605 3 0 0 3 1
606 3 0 0 3 1
607 3 0 0 3 1
608 3 0 0 3 1
609 3 0 0 3 1
610 3 0 0 3 1
611 3 0 0 3 1
612 3 0 0 3 1
613 3 0 0 3 1
614 3 0 0 3 1
615 3 0 0 3 1
616 3 0 0 3 1
617 3 0 0 3 1
618 3 0 0 3 1
619 3 0 0 3 1
620 3 0 0 3 1
621 3 0 0 3 1
622 3 0 0 3 1
623 3 0 0 3 1
624 3 0 0 3 1
625 3 0 0 3 1
626 3 0 0 3 1
627 3 0 0 3 1
628 3 0 0 3 1
629 3 0 0 3 1
630 3 0 0 3 1
631 3 0 0 3 1
632 3 0 0 3 1
633 3 0 0 3 1
634 3 0 0 3 1
635 3 0 0 3 1
636 3 0 0 3 1
637 3 0 0 3 1
638 3 0 0 3 1
639 3 0 0 3 1
640 3 0 0 3 1
641 3 0 0 3 1
642 3 0 0 3 1
643 3 0 0 3 1
644 3 0 0 3 1
645 3 0 0 3 1
646 3 0 0 3 1
647 3 0 0 3 1
648 3 0 0 3 1
649 3 0 0 3 1
650 3 0 3 0 1
651 3 0 3 0 1
652 3 0 3 0 1
653 3 0 3 0 1
654 3 0 3 0 1
655 3 0 3 0 1
656 3 0 3 0 1
657 3 0 3 0 1
658 3 0 3 0 1
659 3 0 3 0 1
660 3 0 3 0 1
661 3 0 3 0 1
662 3 0 3 0 1
663 3 0 3 0 1
664 3 0 3 0 1
665 3 0 3 0 1
666 3 0 3 0 1
667 3 0 3 0 1
668 3 0 3 0 1
669 3 0 3 0 1
670 3 0 3 0 1
671 3 0 3 0 1
672 3 0 3 0 1
673 3 0 3 0 1
674 3 0 3 0 1
675 3 0 3 0 1
676 3 0 3 0 1
677 3 0 3 0 1
678 3 0 3 0 1
679 3 0 3 0 1
680 3 0 3 0 1
681 3 0 3 0 1
682 3 0 3 0 1
683 3 0 3 0 1
684 3 0 3 0 1
685 3 0 3 0 1
686 3 0 3 0 1
687 3 0 3 0 1
688 3 0 3 0 1
689 3 0 3 0 1
690 3 0 3 0 2
691 3 0 3 0 2
692 3 0 3 0 2
693 3 0 3 0 2
694 3 0 3 0 2
695 3 0 3 0 2
696 3 0 3 0 2
697 3 0 3 0 2
698 3 0 3 0 2
699 3 0 3 0 2
700 3 0 3 0 2
701 3 0 3 0 2
702 3 0 3 0 2
703 3 0 3 0 2
704 3 0 3 0 2
705 3 0 3 0 2
706 3 0 3 0 2
707 3 0 3 0 2
708 3 0 3 0 2
709 3 0 3 0 2
710 3 0 3 0 2
711 3 0 3 0 2
712 3 0 3 0 2
713 3 0 3 0 2
714 3 0 3 0 2
715 3 0 3 0 2
716 3 0 3 0 2
717 3 0 3 0 2
718 3 0 3 0 2
719 3 0 3 0 2
720 3 0 3 0 2
721 3 0 3 0 2
722 3 0 3 0 2
723 3 0 3 0 2
724 3 0 3 0 2
725 3 0 3 0 2
726 3 0 3 0 2
727 3 0 3 0 2
728 3 0 3 0 2
729 3 0 3 0 2
730 3 0 0 0 2
731 3 0 0 0 2
732 3 0 0 0 2
733 3 0 0 0 2
734 3 0 0 0 2
735 3 0 0 0 2
736 3 0 0 0 2
737 3 0 0 0 2
738 3 0 0 0 2
739 3 0 0 0 2
740 3 0 0 0 2
741 3 0 0 0 2
742 3 0 0 0 2
743 3 0 0 0 2
744 3 0 0 0 2
745 3 0 0 0 2
746 3 0 0 0 2
747 3 0 0 0 2
748 3 0 0 0 2
749 3 0 0 0 2
750 3 0 0 0 2
751 3 0 0 0 2
752 3 0 0 0 2
753 3 0 0 0 2
754 3 0 0 0 2
755 3 0 0 0 2
756 3 0 0 0 2
757 3 0 0 0 2
758 3 0 0 0 2
759 3 0 0 0 2
760 3 0 0 0 2
761 3 0 0 0 2
762 3 0 0 0 2
763 3 0 0 0 2
764 3 0 0 0 2
765 3 0 0 0 2
766 3 0 0 0 2
767 3 0 0 0 2
768 3 0 0 0 2
769 3 0 0 0 2
770 3 0 3 0 2
771 3 0 3 0 2
772 3 0 3 0 2
773 3 0 3 0 2
774 3 0 3 0 2
775 3 0 3 0 2
776 3 0 3 0 2
777 3 0 3 0 2
778 3 0 3 0 2
779 3 0 3 0 2
780 3 0 3 0 2
781 3 0 3 0 2
782 3 0 3 0 2
783 3 0 3 0 2
784 3 0 3 0 2
785 3 0 3 0 2
786 3 0 3 0 2
787 3 0 3 0 2
788 3 0 3 0 2
789 3 0 3 0 2
790 3 0 3 0 2
791 3 0 3 0 2
792 3 0 3 0 2
793 3 0 3 0 2
794 3 0 3 0 2
795 3 0 3 0 2
796 3 0 3 0 2
797 3 0 3 0 2
798 3 0 3 0 2
799 3 0 3 0 2
800 3 0 3 0 2
801 3 0 3 0 2
802 3 0 3 0 2
803 3 0 3 0 2
804 3 0 3 0 2
805 3 0 3 0 2
806 3 0 3 0 2
807 3 0 3 0 2
808 3 0 3 0 2
809 3 0 3 0 2
810 3 0 3 0 2
811 3 0 3 0 2
812 3 0 3 0 2
813 3 0 3 0 2
814 3 0 3 0 2
815 3 0 3 0 2
816 3 0 3 0 2
817 3 0 3 0 2
818 3 0 3 0 2
819 3 0 3 0 2
820 3 0 3 0 2
821 3 0 3 0 2
822 3 0 3 0 2
823 3 0 3 0 2
824 3 0 3 0 2
825 3 0 3 0 2
826 3 0 3 0 2
827 3 0 3 0 2
828 3 0 3 0 2
829 3 0 3 0 2
830 3 0 3 0 3
831 3 0 3 0 3
832 3 0 3 0 3
833 3 0 3 0 3
834 3 0 3 0 3
835 3 0 3 0 3
836 3 0 3 0 3
837 3 0 3 0 3
838 3 0 3 0 3
839 3 0 3 0 3
840 3 0 3 0 3
841 3 0 3 0 3
842 3 0 3 0 3
843 3 0 3 0 3
844 3 0 3 0 3
845 3 0 3 0 3
846 3 0 3 0 3
847 3 0 3 0 3
848 3 0 3 0 3
849 3 0 3 0 3
850 3 0 3 0 3
851 3 0 3 0 3
852 3 0 3 0 3
853 3 0 3 0 3
854 3 0 3 0 3
855 3 0 3 0 3
856 3 0 3 0 3
857 3 0 3 0 3
858 3 0 3 0 3
859 3 0 3 0 3
860 3 0 3 0 3
861 3 0 3 0 3
862 3 0 3 0 3
863 3 0 3 0 3
864 3 0 3 0 3
865 3 0 3 0 3
866 3 0 3 0 3
867 3 0 3 0 3
868 3 0 3 0 3
869 3 0 3 0 3
870 3 0 3 0 3
871 3 0 3 0 3
872 3 0 3 0 3
873 3 0 3 0 3
874 3 0 3 0 3
875 3 0 3 0 3
876 3 0 3 0 3
877 3 0 3 0 3
878 3 0 3 0 3
879 3 0 3 0 3
880 3 0 3 0 3
881 3 0 3 0 3
882 3 0 3 0 3
883 3 0 3 0 3
884 3 0 3 0 3
885 3 0 3 0 3
886 3 0 3 0 3
887 3 0 3 0 3
888 3 0 3 0 3
889 3 0 3 0 3
890 3 0 3 0 3
891 3 0 3 0 3
892 3 0 3 0 3
893 3 0 3 0 3
894 3 0 3 0 3
895 3 0 3 0 3
896 3 0 3 0 3
897 3 0 3 0 3
898 3 0 3 0 3
899 3 0 3 0 3
900 0 0 3 0 3
901 0 0 3 0 3
902 0 0 3 0 3
903 0 0 3 0 3
904 0 0 3 0 3
905 0 0 3 0 3
906 0 0 3 0 3
907 0 0 3 0 3
908 0 0 3 0 3
909 0 0 3 0 3
910 0 0 3 0 3
911 0 0 3 0 3
912 0 0 3 0 3
913 0 0 3 0 3
914 0 0 3 0 3
915 0 0 3 0 3
916 0 0 3 0 3
917 0 0 3 0 3
918 0 0 3 0 3
919 0 0 3 0 3
920 0 0 3 0 3
921 0 0 3 0 3
922 0 0 3 0 3
923 0 0 3 0 3
924 0 0 3 0 3
925 0 0 3 0 3
926 0 0 3 0 3
927 0 0 3 0 3
928 0 0 3 0 3
929 0 0 3 0 3
930 0 0 3 0 3
931 0 0 3 0 3
932 0 0 3 0 3
933 0 0 3 0 3
934 0 0 3 0 3
935 0 0 3 0 3
936 0 0 3 0 3
937 0 0 3 0 3
938 0 0 3 0 3
939 0 0 3 0 3
940 0 3 3 0 3
941 0 3 3 0 3
942 0 3 3 0 3
943 0 3 3 0 3
944 0 3 3 0 3
945 0 3 3 0 3
946 0 3 3 0 3
947 0 3 3 0 3
948 0 3 3 0 3
949 0 3 3 0 3
950 0 3 3 0 3
951 0 3 3 0 3
952 0 3 3 0 3
953 0 3 3 0 3
954 0 3 3 0 3
955 0 3 3 0 3
956 0 3 3 0 3
957 0 3 3 0 3
958 0 3 3 0 3
959 0 3 3 0 3
960 0 3 3 0 3
961 0 3 3 0 3
962 0 3 3 0 3
963 0 3 3 0 3
964 0 3 3 0 3
965 0 3 3 0 3
966 0 3 3 0 3
967 0 3 3 0 3
968 0 3 3 0 3
969 0 3 3 0 3
970 3 0 3 0 3
971 3 0 3 0 3
972 3 0 3 0 3
973 3 0 3 0 3
974 3 0 3 0 3
975 3 0 3 0 3
976 3 0 3 0 3
977 3 0 3 0 3
978 3 0 3 0 3
979 3 0 3 0 3
980 3 0 3 0 3
981 3 0 3 0 3
982 3 0 3 0 3
983 3 0 3 0 3
984 3 0 3 0 3
985 3 0 3 0 3
986 3 0 3 0 3
987 3 0 3 0 3
988 3 0 3 0 3
989 3 0 3 0 3
990 3 0 3 0 3
991 3 0 3 0 3
992 3 0 3 0 3
993 3 0 3 0 3
994 3 0 3 0 3
995 3 0 3 0 3
996 3 0 3 0 3
997 3 0 3 0 3
998 3 0 3 0 3
999 3 0 3 0 3
1000 3 0 3 0 3
1001 3 0 3 0 3
1002 3 0 3 0 3
1003 3 0 3 0 3
1004 3 0 3 0 3
1005 3 0 3 0 3
1006 3 0 3 0 3
1007 3 0 3 0 3
1008 3 0 3 0 3
1009 3 0 3 0 3
1010 0 0 0 0 0
1011 0 0 0 0 0
1012 0 0 0 0 0
1013 0 0 0 0 0
1014 0 0 0 0 0
1015 0 0 0 0 0
1016 0 0 0 0 0
1017 0 0 0 0 0
1018 0 0 0 0 0
1019 0 0 0 0 0
1020 0 0 0 0 0
1021 0 0 0 0 0
1022 0 0 0 0 0
1023 0 0 0 0 0
1024 0 0 0 0 0
1025 0 0 0 0 0
1026 0 0 0 0 0
1027 0 0 0 0 0
1028 0 0 0 0 0
1029 0 0 0 0 0
1030 0 0 0 0 0
1031 0 0 0 0 0
1032 0 0 0 0 0
1033 0 0 0 0 0
1034 0 0 0 0 0
1035 0 0 0 0 0
1036 0 0 0 0 0
1037 0 0 0 0 0
1038 0 0 0 0 0
1039 0 0 0 0 0
1040 0 0 0 0 0
1041 0 0 0 0 0
1042 0 0 0 0 0
1043 0 0 0 0 0
1044 0 0 0 0 0
1045 0 0 0 0 0
1046 0 0 0 0 0
1047 0 0 0 0 0
1048 0 0 0 0 0
1049 0 0 0 0 0
1050 0 0 0 0 0
1051 0 0 0 0 0
1052 0 0 0 0 0
1053 0 0 0 0 0
1054 0 0 0 0 0
1055 0 0 0 0 0
1056 0 0 0 0 0
1057 0 0 0 0 0
1058 0 0 0 0 0
1059 0 0 0 0 0
1060 0 0 0 0 0
1061 0 0 0 0 0
1062 0 0 0 0 0
1063 0 0 0 0 0
1064 0 0 0 0 0
1065 0 0 0 0 0
1066 0 0 0 0 0
1067 0 0 0 0 0
1068 0 0 0 0 0
1069 0 0 0 0 0
1070 0 0 0 0 0
1071 0 0 0 0 0
1072 0 0 0 0 0
1073 0 0 0 0 0
1074 0 0 0 0 0
1075 0 0 0 0 0
1076 0 0 0 0 0
1077 0 0 0 0 0
1078 0 0 0 0 0
1079 0 0 0 0 0
1080 0 0 0 0 0
1081 0 0 0 0 0
1082 0 0 0 0 0
1083 0 0 0 0 0
1084 0 0 0 0 0
1085 0 0 0 0 0
1086 0 0 0 0 0
1087 0 0 0 0 0
1088 0 0 0 0 0
1089 0 0 0 0 0
1090 0 0 0 0 0
1091 0 0 0 0 0
1092 0 0 0 0 0
1093 0 0 0 0 0
1094 0 0 0 0 0
1095 0 0 0 0 0
1096 0 0 0 0 0
1097 0 0 0 0 0
1098 0 0 0 0 0
1099 0 0 0 0 0
1100 0 0 0 0 0
1101 0 0 0 0 0
1102 0 0 0 0 0
1103 0 0 0 0 0
1104 0 0 0 0 0
1105 0 0 0 0 0
1106 0 0 0 0 0
1107 0 0 0 0 0
1108 0 0 0 0 0
1109 0 0 0 0 0
1110 0 0 0 0 0
1111 0 0 0 0 0
1112 0 0 0 0 0
1113 0 0 0 0 0
1114 0 0 0 0 0
1115 0 0 0 0 0
1116 0 0 0 0 0
1117 0 0 0 0 0
1118 0 0 0 0 0
1119 0 0 0 0 0
1120 0 0 0 0 0
1121 0 0 0 0 0
1122 0 0 0 0 0
1123 0 0 0 0 0
1124 0 0 0 0 0
1125 0 0 0 0 0
1126 0 0 0 0 0
1127 0 0 0 0 0
1128 0 0 0 0 0
1129 0 0 0 0 0
1130 0 0 0 0 0
1131 0 0 0 0 0
1132 0 0 0 0 0
1133 0 0 0 0 0
1134 0 0 0 0 0
1135 0 0 0 0 0
1136 0 0 0 0 0
1137 0 0 0 0 0
1138 0 0 0 0 0
1139 0 0 0 0 0
1140 0 0 0 0 0
1141 0 0 0 0 0
1142 0 0 0 0 0
1143 0 0 0 0 0
1144 0 0 0 0 0
1145 0 0 0 0 0
1146 0 0 0 0 0
1147 0 0 0 0 0
1148 0 0 0 0 0
1149 0 0 0 0 0
1150 0 0 0 0 0
1151 0 0 0 0 0
1152 0 0 0 0 0
1153 0 0 0 0 0
1154 0 0 0 0 0
1155 0 0 0 0 0
1156 0 0 0 0 0
1157 0 0 0 0 0
1158 0 0 0 0 0
1159 0 0 0 0 0
1160 0 0 0 0 0
1161 0 0 0 0 0
1162 0 0 0 0 0
1163 0 0 0 0 0
1164 0 0 0 0 0
1165 0 0 0 0 0
1166 0 0 0 0 0
1167 0 0 0 0 0
1168 0 0 0 0 0
1169 0 0 0 0 0
1170 0 0 0 0 0
1171 0 0 0 0 0
1172 0 0 0 0 0
1173 0 0 0 0 0
1174 0 0 0 0 0
1175 0 0 0 0 0
1176 0 0 0 0 0
1177 0 0 0 0 0
1178 0 0 0 0 0
1179 0 0 0 0 0
1180 0 0 0 0 0
1181 0 0 0 0 0
1182 0 0 0 0 0
1183 0 0 0 0 0
1184 0 0 0 0 0
1185 0 0 0 0 0
1186 0 0 0 0 0
1187 0 0 0 0 0
1188 0 0 0 0 0
1189 0 0 0 0 0
1190 0 0 0 0 0
1191 0 0 0 0 0
1192 0 0 0 0 0
1193 0 0 0 0 0
1194 0 0 0 0 0
1195 0 0 0 0 0
1196 0 0 0 0 0
1197 0 0 0 0 0
1198 0 0 0 0 0
1199 0 0 0 0 0
1200 0 0 0 0 0
1201 0 0 0 0 0
1202 0 0 0 0 0
1203 0 0 0 0 0
1204 0 0 0 0 0
1205 0 0 0 0 0
1206 0 0 0 0 0
1207 0 0 0 0 0
1208 0 0 0 0 0
1209 0 0 0 0 0
1210 0 0 0 0 0
1211 0 0 0 0 0
1212 0 0 0 0 0
1213 0 0 0 0 0
1214 0 0 0 0 0
1215 0 0 0 0 0
1216 0 0 0 0 0
1217 0 0 0 0 0
1218 0 0 0 0 0
1219 0 0 0 0 0
1220 0 0 0 0 0
1221 0 0 0 0 0
1222 0 0 0 0 0
1223 0 0 0 0 0
1224 0 0 0 0 0
1225 0 0 0 0 0
1226 0 0 0 0 0
1227 0 0 0 0 0
1228 0 0 0 0 0
1229 0 0 0 0 0
1230 3 0 0 0 0
1231 3 0 0 0 0
1232 3 0 0 0 0
1233 3 0 0 0 0
1234 3 0 0 0 0
1235 3 0 0 0 0
1236 3 0 0 0 0
1237 3 0 0 0 0
1238 3 0 0 0 0
1239 3 0 0 0 0
1240 3 0 0 0 0
1241 3 0 0 0 0
1242 3 0 0 0 0
1243 3 0 0 0 0
1244 3 0 0 0 0
1245 3 0 0 0 0
1246 3 0 0 0 0
1247 3 0 0 0 0
1248 3 0 0 0 0
1249 3 0 0 0 0
1250 3 0 0 0 0
1251 3 0 0 0 0
1252 3 0 0 0 0
1253 3 0 0 0 0
1254 3 0 0 0 0
1255 3 0 0 0 0
1256 3 0 0 0 0
1257 3 0 0 0 0
1258 3 0 0 0 0
1259 3 0 0 0 0
1260 3 0 0 3 0
1261 3 0 0 3 0
1262 3 0 0 3 0
1263 3 0 0 3 0
1264 3 0 0 3 0
1265 3 0 0 3 0
1266 3 0 0 3 0
1267 3 0 0 3 0
1268 3 0 0 3 0
1269 3 0 0 3 0
1270 3 0 3 0 0
1271 3 0 3 0 0
1272 3 0 3 0 0
1273 3 0 3 0 0
1274 3 0 3 0 0
1275 3 0 3 0 0
1276 3 0 3 0 0
1277 3 0 3 0 0
1278 3 0 3 0 0
1279 3 0 3 0 0
1280 3 0 3 0 0
1281 3 0 3 0 0
1282 3 0 3 0 0
1283 3 0 3 0 0
1284 3 0 3 0 0
1285 3 0 3 0 0
1286 3 0 3 0 0
1287 3 0 3 0 0
1288 3 0 3 0 0
1289 3 0 3 0 0
1290 0 3 3 0 0
1291 0 3 3 0 0
1292 0 3 3 0 0
1293 0 3 3 0 0
1294 0 3 3 0 0
1295 0 3 3 0 0
1296 0 3 3 0 0
1297 0 3 3 0 0
1298 0 3 3 0 0
1299 0 3 3 0 0
1300 0 0 3 0 0
1301 0 0 3 0 0
1302 0 0 3 0 0
1303 0 0 3 0 0
1304 0 0 3 0 0
1305 0 0 3 0 0
1306 0 0 3 0 0
1307 0 0 3 0 0
1308 0 0 3 0 0
1309 0 0 3 0 0
1310 0 0 3 0 0
1311 0 0 3 0 0
1312 0 0 3 0 0
1313 0 0 3 0 0
1314 0 0 3 0 0
1315 0 0 3 0 0
1316 0 0 3 0 0
1317 0 0 3 0 0
1318 0 0 3 0 0
1319 0 0 3 0 0
1320 0 0 3 0 0
1321 0 0 3 0 0
1322 0 0 3 0 0
1323 0 0 3 0 0
1324 0 0 3 0 0
1325 0 0 3 0 0
1326 0 0 3 0 0
1327 0 0 3 0 0
1328 0 0 3 0 0
1329 0 0 3 0 0
1330 0 0 3 0 0
1331 0 0 3 0 0
1332 0 0 3 0 0
1333 0 0 3 0 0
1334 0 0 3 0 0
1335 0 0 3 0 0
1336 0 0 3 0 0
1337 0 0 3 0 0
1338 0 0 3 0 0
1339 0 0 3 0 0
1340 0 0 3 0 0
1341 0 0 3 0 0
1342 0 0 3 0 0
1343 0 0 3 0 0
1344 0 0 3 0 0
1345 0 0 3 0 0
1346 0 0 3 0 0
1347 0 0 3 0 0
1348 0 0 3 0 0
1349 0 0 3 0 0
1350 0 0 3 0 0
1351 0 0 3 0 0
1352 0 0 3 0 0
1353 0 0 3 0 0
1354 0 0 3 0 0
1355 0 0 3 0 0
1356 0 0 3 0 0
1357 0 0 3 0 0
1358 0 0 3 0 0
1359 0 0 3 0 0
1360 0 0 3 0 0
1361 0 0 3 0 0
1362 0 0 3 0 0
1363 0 0 3 0 0
1364 0 0 3 0 0
1365 0 0 3 0 0
1366 0 0 3 0 0
1367 0 0 3 0 0
1368 0 0 3 0 0
1369 0 0 3 0 0
1370 3 0 3 0 0
1371 3 0 3 0 0
1372 3 0 3 0 0
1373 3 0 3 0 0
1374 3 0 3 0 0
1375 3 0 3 0 0
1376 3 0 3 0 0
1377 3 0 3 0 0
1378 3 0 3 0 0
1379 3 0 3 0 0
1380 3 0 3 0 0
1381 3 0 3 0 0
1382 3 0 3 0 0
1383 3 0 3 0 0
1384 3 0 3 0 0
1385 3 0 3 0 0
1386 3 0 3 0 0
1387 3 0 3 0 0
1388 3 0 3 0 0
1389 3 0 3 0 0
1390 3 0 3 0 0
1391 3 0 3 0 0
1392 3 0 3 0 0
1393 3 0 3 0 0
1394 3 0 3 0 0
1395 3 0 3 0 0
1396 3 0 3 0 0
1397 3 0 3 0 0
1398 3 0 3 0 0
1399 3 0 3 0 0
1400 3 0 0 0 0
1401 3 0 0 0 0
1402 3 0 0 0 0
1403 3 0 0 0 0
1404 3 0 0 0 0
1405 3 0 0 0 0
1406 3 0 0 0 0
1407 3 0 0 0 0
1408 3 0 0 0 0
1409 3 0 0 0 0
1410 3 0 0 0 0
1411 3 0 0 0 0
1412 3 0 0 0 0
1413 3 0 0 0 0
1414 3 0 0 0 0
1415 3 0 0 0 0
1416 3 0 0 0 0
1417 3 0 0 0 0
1418 3 0 0 0 0
1419 3 0 0 0 0
1420 3 0 0 0 0
1421 3 0 0 0 0
1422 3 0 0 0 0
1423 3 0 0 0 0
1424 3 0 0 0 0
1425 3 0 0 0 0
1426 3 0 0 0 0
1427 3 0 0 0 0
1428 3 0 0 0 0
1429 3 0 0 0 0
1430 3 0 0 3 1
1431 3 0 0 3 1
1432 3 0 0 3 1
1433 3 0 0 3 1
1434 3 0 0 3 1
1435 3 0 0 3 1
1436 3 0 0 3 1
1437 3 0 0 3 1
1438 3 0 0 3 1
1439 3 0 0 3 1
1440 3 0 0 3 1
1441 3 0 0 3 1
1442 3 0 0 3 1
1443 3 0 0 3 1
1444 3 0 0 3 1
1445 3 0 0 3 1
1446 3 0 0 3 1
1447 3 0 0 3 1
1448 3 0 0 3 1
1449 3 0 0 3 1
1450 3 0 0 3 1
1451 3 0 0 3 1
1452 3 0 0 3 1
1453 3 0 0 3 1
1454 3 0 0 3 1
1455 3 0 0 3 1
1456 3 0 0 3 1
1457 3 0 0 3 1
1458 3 0 0 3 1
1459 3 0 0 3 1
1460 3 0 0 3 1
1461 3 0 0 3 1
1462 3 0 0 3 1
1463 3 0 0 3 1
1464 3 0 0 3 1
1465 3 0 0 3 1
1466 3 0 0 3 1
1467 3 0 0 3 1
1468 3 0 0 3 1
1469 3 0 0 3 1
1470 3 0 0 3 1
1471 3 0 0 3 1
1472 3 0 0 3 1
1473 3 0 0 3 1
1474 3 0 0 3 1
1475 3 0 0 3 1
1476 3 0 0 3 1
1477 3 0 0 3 1
1478 3 0 0 3 1
1479 3 0 0 3 1
1480 3 0 0 3 1
1481 3 0 0 3 1
1482 3 0 0 3 1
1483 3 0 0 3 1
1484 3 0 0 3 1
1485 3 0 0 3 1
1486 3 0 0 3 1
1487 3 0 0 3 1
1488 3 0 0 3 1
1489 3 0 0 3 1
1490 3 0 0 3 1
1491 3 0 0 3 1
1492 3 0 0 3 1
1493 3 0 0 3 1
1494 3 0 0 3 1
1495 3 0 0 3 1
1496 3 0 0 3 1
1497 3 0 0 3 1
1498 3 0 0 3 1
1499 3 0 0 3 1
1500 3 0 0 3 1
1501 3 0 0 3 1
1502 3 0 0 3 1
1503 3 0 0 3 1
1504 3 0 0 3 1
1505 3 0 0 3 1
1506 3 0 0 3 1
1507 3 0 0 3 1
1508 3 0 0 3 1
1509 3 0 0 3 1
1510 3 0 0 3 1
1511 3 0 0 3 1
1512 3 0 0 3 1
1513 3 0 0 3 1
1514 3 0 0 3 1
1515 3 0 0 3 1
1516 3 0 0 3 1
1517 3 0 0 3 1
1518 3 0 0 3 1
1519 3 0 0 3 1
1520 3 0 0 3 1
1521 3 0 0 3 1
1522 3 0 0 3 1
1523 3 0 0 3 1
1524 3 0 0 3 1
1525 3 0 0 3 1
1526 3 0 0 3 1
1527 3 0 0 3 1
1528 3 0 0 3 1
1529 3 0 0 3 1
1530 3 0 0 3 1
1531 3 0 0 3 1
1532 3 0 0 3 1
1533 3 0 0 3 1
1534 3 0 0 3 1
1535 3 0 0 3 1
1536 3 0 0 3 1
1537 3 0 0 3 1
1538 3 0 0 3 1
1539 3 0 0 3 1
1540 3 0 0 3 1
1541 3 0 0 3 1
1542 3 0 0 3 1
1543 3 0 0 3 1
1544 3 0 0 3 1
1545 3 0 0 3 1
1546 3 0 0 3 1
1547 3 0 0 3 1
1548 3 0 0 3 1
1549 3 0 0 3 1
1550 3 0 3 0 1
1551 3 0 3 0 1
1552 3 0 3 0 1
1553 3 0 3 0 1
1554 3 0 3 0 1
1555 3 0 3 0 1
1556 3 0 3 0 1
1557 3 0 3 0 1
1558 3 0 3 0 1
1559 3 0 3 0 1
1560 3 0 3 0 1
1561 3 0 3 0 1
1562 3 0 3 0 1
1563 3 0 3 0 1
1564 3 0 3 0 1
1565 3 0 3 0 1
1566 3 0 3 0 1
1567 3 0 3 0 1
1568 3 0 3 0 1
1569 3 0 3 0 1
1570 3 0 3 0 1
1571 3 0 3 0 1
1572 3 0 3 0 1
1573 3 0 3 0 1
1574 3 0 3 0 1
1575 3 0 3 0 1
1576 3 0 3 0 1
1577 3 0 3 0 1
1578 3 0 3 0 1
1579 3 0 3 0 1
1580 3 0 3 0 1
1581 3 0 3 0 1
1582 3 0 3 0 1
1583 3 0 3 0 1
1584 3 0 3 0 1
1585 3 0 3 0 1
1586 3 0 3 0 1
1587 3 0 3 0 1
1588 3 0 3 0 1
1589 3 0 3 0 1
1590 3 0 3 0 1
1591 3 0 3 0 1
1592 3 0 3 0 1
1593 3 0 3 0 1
1594 3 0 3 0 1
1595 3 0 3 0 1
1596 3 0 3 0 1
1597 3 0 3 0 1
1598 3 0 3 0 1
1599 3 0 3 0 1
1600 3 0 3 0 1
1601 3 0 3 0 1
1602 3 0 3 0 1
1603 3 0 3 0 1
1604 3 0 3 0 1
1605 3 0 3 0 1
1606 3 0 3 0 1
1607 3 0 3 0 1
1608 3 0 3 0 1
1609 3 0 3 0 1
1610 3 0 3 0 1
1611 3 0 3 0 1
1612 3 0 3 0 1
1613 3 0 3 0 1
1614 3 0 3 0 1
1615 3 0 3 0 1
1616 3 0 3 0 1
1617 3 0 3 0 1
1618 3 0 3 0 1
1619 3 0 3 0 1
1620 3 0 3 0 1
1621 3 0 3 0 1
1622 3 0 3 0 1
1623 3 0 3 0 1
1624 3 0 3 0 1
1625 3 0 3 0 1
1626 3 0 3 0 1
1627 3 0 3 0 1
1628 3 0 3 0 1
1629 3 0 3 0 1
1630 3 0 3 0 1
1631 3 0 3 0 1
1632 3 0 3 0 1
1633 3 0 3 0 1
1634 3 0 3 0 1
1635 3 0 3 0 1
1636 3 0 3 0 1
1637 3 0 3 0 1
1638 3 0 3 0 1
1639 3 0 3 0 1
1640 3 0 3 0 1
1641 3 0 3 0 1
1642 3 0 3 0 1
1643 3 0 3 0 1
1644 3 0 3 0 1
1645 3 0 3 0 1
1646 3 0 3 0 1
1647 3 0 3 0 1
1648 3 0 3 0 1
1649 3 0 3 0 1
1650 3 0 3 0 2
1651 3 0 3 0 2
1652 3 0 3 0 2
1653 3 0 3 0 2
1654 3 0 3 0 2
1655 3 0 3 0 2
1656 3 0 3 0 2
1657 3 0 3 0 2
1658 3 0 3 0 2
1659 3 0 3 0 2
1660 3 0 0 0 2
1661 3 0 0 0 2
1662 3 0 0 0 2
1663 3 0 0 0 2
1664 3 0 0 0 2
1665 3 0 0 0 2
1666 3 0 0 0 2
1667 3 0 0 0 2
1668 3 0 0 0 2
1669 3 0 0 0 2
1670 3 0 0 0 2
1671 3 0 0 0 2
1672 3 0 0 0 2
1673 3 0 0 0 2
1674 3 0 0 0 2
1675 3 0 0 0 2
1676 3 0 0 0 2
1677 3 0 0 0 2
1678 3 0 0 0 2
1679 3 0 0 0 2
1680 3 0 0 0 2
1681 3 0 0 0 2
1682 3 0 0 0 2
1683 3 0 0 0 2
1684 3 0 0 0 2
1685 3 0 0 0 2
1686 3 0 0 0 2
1687 3 0 0 0 2
1688 3 0 0 0 2
1689 3 0 0 0 2
1690 3 0 0 0 2
1691 3 0 0 0 2
1692 3 0 0 0 2
1693 3 0 0 0 2
1694 3 0 0 0 2
1695 3 0 0 0 2
1696 3 0 0 0 2
1697 3 0 0 0 2
1698 3 0 0 0 2
1699 3 0 0 0 2
1700 3 0 0 0 2
1701 3 0 0 0 2
1702 3 0 0 0 2
1703 3 0 0 0 2
1704 3 0 0 0 2
1705 3 0 0 0 2
1706 3 0 0 0 2
1707 3 0 0 0 2
1708 3 0 0 0 2
1709 3 0 0 0 2
1710 3 0 0 3 2
1711 3 0 0 3 2
1712 3 0 0 3 2
1713 3 0 0 3 2
1714 3 0 0 3 2
1715 3 0 0 3 2
1716 3 0 0 3 2
1717 3 0 0 3 2
1718 3 0 0 3 2
1719 3 0 0 3 2
1720 3 0 0 3 2
1721 3 0 0 3 2
1722 3 0 0 3 2
1723 3 0 0 3 2
1724 3 0 0 3 2
1725 3 0 0 3 2
1726 3 0 0 3 2
1727 3 0 0 3 2
1728 3 0 0 3 2
1729 3 0 0 3 2
1730 3 0 0 3 2
1731 3 0 0 3 2
1732 3 0 0 3 2
1733 3 0 0 3 2
1734 3 0 0 3 2
1735 3 0 0 3 2
1736 3 0 0 3 2
1737 3 0 0 3 2
1738 3 0 0 3 2
1739 3 0 0 3 2
1740 3 0 0 3 2
1741 3 0 0 3 2
1742 3 0 0 3 2
1743 3 0 0 3 2
1744 3 0 0 3 2
1745 3 0 0 3 2
1746 3 0 0 3 2
1747 3 0 0 3 2
1748 3 0 0 3 2
1749 3 0 0 3 2
1750 3 0 0 3 2
1751 3 0 0 3 2
1752 3 0 0 3 2
1753 3 0 0 3 2
1754 3 0 0 3 2
1755 3 0 0 3 2
1756 3 0 0 3 2
1757 3 0 0 3 2
1758 3 0 0 3 2
1759 3 0 0 3 2
1760 3 0 0 0 2
1761 3 0 0 0 2
1762 3 0 0 0 2
1763 3 0 0 0 2
1764 3 0 0 0 2
1765 3 0 0 0 2
1766 3 0 0 0 2
1767 3 0 0 0 2
1768 3 0 0 0 2
1769 3 0 0 0 2
1770 3 0 0 0 2
1771 3 0 0 0 2
1772 3 0 0 0 2
1773 3 0 0 0 2
1774 3 0 0 0 2
1775 3 0 0 0 2
1776 3 0 0 0 2
1777 3 0 0 0 2
1778 3 0 0 0 2
1779 3 0 0 0 2
1780 3 0 0 0 2
1781 3 0 0 0 2
1782 3 0 0 0 2
1783 3 0 0 0 2
1784 3 0 0 0 2
1785 3 0 0 0 2
1786 3 0 0 0 2
1787 3 0 0 0 2
1788 3 0 0 0 2
1789 3 0 0 0 2
1790 3 0 0 3 2
1791 3 0 0 3 2
1792 3 0 0 3 2
1793 3 0 0 3 2
1794 3 0 0 3 2
1795 3 0 0 3 2
1796 3 0 0 3 2
1797 3 0 0 3 2
1798 3 0 0 3 2
1799 3 0 0 3 2
1800 3 0 0 3 2
1801 3 0 0 3 2
1802 3 0 0 3 2
1803 3 0 0 3 2
1804 3 0 0 3 2
1805 3 0 0 3 2
1806 3 0 0 3 2
1807 3 0 0 3 2
1808 3 0 0 3 2
1809 3 0 0 3 2
1810 3 0 0 3 2
1811 3 0 0 3 2
1812 3 0 0 3 2
1813 3 0 0 3 2
1814 3 0 0 3 2
1815 3 0 0 3 2
1816 3 0 0 3 2
1817 3 0 0 3 2
1818 3 0 0 3 2
1819 3 0 0 3 2
1820 3 0 0 3 2
1821 3 0 0 3 2
1822 3 0 0 3 2
1823 3 0 0 3 2
1824 3 0 0 3 2
1825 3 0 0 3 2
1826 3 0 0 3 2
1827 3 0 0 3 2
1828 3 0 0 3 2
1829 3 0 0 3 2
1830 3 0 0 3 2
1831 3 0 0 3 2
1832 3 0 0 3 2
1833 3 0 0 3 2
1834 3 0 0 3 2
1835 3 0 0 3 2
1836 3 0 0 3 2
1837 3 0 0 3 2
1838 3 0 0 3 2
1839 3 0 0 3 2
1840 3 0 0 3 2
1841 3 0 0 3 2
1842 3 0 0 3 2
1843 3 0 0 3 2
1844 3 0 0 3 2
1845 3 0 0 3 2
1846 3 0 0 3 2
1847 3 0 0 3 2
1848 3 0 0 3 2
1849 3 0 0 3 2
1850 3 0 0 3 2
1851 3 0 0 3 2
1852 3 0 0 3 2
1853 3 0 0 3 2
1854 3 0 0 3 2
1855 3 0 0 3 2
1856 3 0 0 3 2
1857 3 0 0 3 2
1858 3 0 0 3 2
1859 3 0 0 3 2
1860 3 0 0 3 2
1861 3 0 0 3 2
1862 3 0 0 3 2
1863 3 0 0 3 2
1864 3 0 0 3 2
1865 3 0 0 3 2
1866 3 0 0 3 2
1867 3 0 0 3 2
1868 3 0 0 3 2
1869 3 0 0 3 2
1870 3 0 0 3 2
1871 3 0 0 3 2
1872 3 0 0 3 2
1873 3 0 0 3 2
1874 3 0 0 3 2
1875 3 0 0 3 2
1876 3 0 0 3 2
1877 3 0 0 3 2
1878 3 0 0 3 2
1879 3 0 0 3 2
1880 3 0 0 3 2
1881 3 0 0 3 2
1882 3 0 0 3 2
1883 3 0 0 3 2
1884 3 0 0 3 2
1885 3 0 0 3 2
1886 3 0 0 3 2
1887 3 0 0 3 2
1888 3 0 0 3 2
1889 3 0 0 3 2
1890 3 0 0 3 2
1891 3 0 0 3 2
1892 3 0 0 3 2
1893 3 0 0 3 2
1894 3 0 0 3 2
1895 3 0 0 3 2
1896 3 0 0 3 2
1897 3 0 0 3 2
1898 3 0 0 3 2
1899 3 0 0 3 2
1900 3 0 0 0 2
1901 3 0 0 0 2
1902 3 0 0 0 2
1903 3 0 0 0 2
1904 3 0 0 0 2
1905 3 0 0 0 2
1906 3 0 0 0 2
1907 3 0 0 0 2
1908 3 0 0 0 2
1909 3 0 0 0 2
1910 3 0 0 3 2
1911 3 0 0 3 2
1912 3 0 0 3 2
1913 3 0 0 3 2
1914 3 0 0 3 2
1915 3 0 0 3 2
1916 3 0 0 3 2
1917 3 0 0 3 2
1918 3 0 0 3 2
1919 3 0 0 3 2
1920 0 0 0 0 2
1921 0 0 0 0 2
1922 0 0 0 0 2
1923 0 0 0 0 2
1924 0 0 0 0 2
1925 0 0 0 0 2
1926 0 0 0 0 2
1927 0 0 0 0 2
1928 0 0 0 0 2
1929 0 0 0 0 2
1930 0 0 0 0 2
1931 0 0 0 0 2
1932 0 0 0 0 2
1933 0 0 0 0 2
1934 0 0 0 0 2
1935 0 0 0 0 2
1936 0 0 0 0 2
1937 0 0 0 0 2
1938 0 0 0 0 2
1939 0 0 0 0 2
1940 0 0 0 0 2
1941 0 0 0 0 2
1942 0 0 0 0 2
1943 0 0 0 0 2
1944 0 0 0 0 2
1945 0 0 0 0 2
1946 0 0 0 0 2
1947 0 0 0 0 2
1948 0 0 0 0 2
1949 0 0 0 0 2
1950 0 0 0 0 2
1951 0 0 0 0 2
1952 0 0 0 0 2
1953 0 0 0 0 2
1954 0 0 0 0 2
1955 0 0 0 0 2
1956 0 0 0 0 2
1957 0 0 0 0 2
1958 0 0 0 0 2
1959 0 0 0 0 2
1960 0 0 0 0 2
1961 0 0 0 0 2
1962 0 0 0 0 2
1963 0 0 0 0 2
1964 0 0 0 0 2
1965 0 0 0 0 2
1966 0 0 0 0 2
1967 0 0 0 0 2
1968 0 0 0 0 2
1969 0 0 0 0 2
1970 0 0 0 0 2
1971 0 0 0 0 2
1972 0 0 0 0 2
1973 0 0 0 0 2
1974 0 0 0 0 2
1975 0 0 0 0 2
1976 0 0 0 0 2
1977 0 0 0 0 2
1978 0 0 0 0 2
1979 0 0 0 0 2
1980 0 3 3 0 2
1981 0 3 3 0 2
1982 0 3 3 0 2
1983 0 3 3 0 2
1984 0 3 3 0 2
1985 0 3 3 0 2
1986 0 3 3 0 2
1987 0 3 3 0 2
1988 0 3 3 0 2
1989 0 3 3 0 2
1990 0 3 3 0 2
1991 0 3 3 0 2
1992 0 3 3 0 2
1993 0 3 3 0 2
1994 0 3 3 0 2
1995 0 3 3 0 2
1996 0 3 3 0 2
1997 0 3 3 0 2
1998 0 3 3 0 2
1999 0 3 3 0 2
2000 0 3 3 0 2
2001 0 3 3 0 2
2002 0 3 3 0 2
2003 0 3 3 0 2
2004 0 3 3 0 2
2005 0 3 3 0 2
2006 0 3 3 0 2
2007 0 3 3 0 2
2008 0 3 3 0 2
2009 0 3 3 0 2
2010 0 3 3 0 2
2011 0 3 3 0 2
2012 0 3 3 0 2
2013 0 3 3 0 2
2014 0 3 3 0 2
2015 0 3 3 0 2
2016 0 3 3 0 2
2017 0 3 3 0 2
2018 0 3 3 0 2
2019 0 3 3 0 2
2020 0 3 3 0 2
2021 0 3 3 0 2
2022 0 3 3 0 2
2023 0 3 3 0 2
2024 0 3 3 0 2
2025 0 3 3 0 2
2026 0 3 3 0 2
2027 0 3 3 0 2
2028 0 3 3 0 2
2029 0 3 3 0 2
2030 0 0 3 0 2
2031 0 0 3 0 2
2032 0 0 3 0 2
2033 0 0 3 0 2
2034 0 0 3 0 2
2035 0 0 3 0 2
2036 0 0 3 0 2
2037 0 0 3 0 2
2038 0 0 3 0 2
2039 0 0 3 0 2
2040 0 0 3 0 2
2041 0 0 3 0 2
2042 0 0 3 0 2
2043 0 0 3 0 2
2044 0 0 3 0 2
2045 0 0 3 0 2
2046 0 0 3 0 2
2047 0 0 3 0 2
2048 0 0 3 0 2
2049 0 0 3 0 2
2050 0 3 3 0 2
2051 0 3 3 0 2
2052 0 3 3 0 2
2053 0 3 3 0 2
2054 0 3 3 0 2
2055 0 3 3 0 2
2056 0 3 3 0 2
2057 0 3 3 0 2
2058 0 3 3 0 2
2059 0 3 3 0 2
2060 0 3 3 0 2
2061 0 3 3 0 2
2062 0 3 3 0 2
2063 0 3 3 0 2
2064 0 3 3 0 2
2065 0 3 3 0 2
2066 0 3 3 0 2
2067 0 3 3 0 2
2068 0 3 3 0 2
2069 0 3 3 0 2
2070 3 0 3 0 2
2071 3 0 3 0 2
2072 3 0 3 0 2
2073 3 0 3 0 2
2074 3 0 3 0 2
2075 3 0 3 0 2
2076 3 0 3 0 2
2077 3 0 3 0 2
2078 3 0 3 0 2
2079 3 0 3 0 2
2080 3 0 3 0 2
2081 3 0 3 0 2
2082 3 0 3 0 2
2083 3 0 3 0 2
2084 3 0 3 0 2
2085 3 0 3 0 2
2086 3 0 3 0 2
2087 3 0 3 0 2
2088 3 0 3 0 2
2089 3 0 3 0 2
2090 3 0 3 0 2
2091 3 0 3 0 2
2092 3 0 3 0 2
2093 3 0 3 0 2
2094 3 0 3 0 2
2095 3 0 3 0 2
2096 3 0 3 0 2
2097 3 0 3 0 2
2098 3 0 3 0 2
2099 3 0 3 0 2
2100 3 0 3 0 2
2101 3 0 3 0 2
2102 3 0 3 0 2
2103 3 0 3 0 2
2104 3 0 3 0 2
2105 3 0 3 0 2
2106 3 0 3 0 2
2107 3 0 3 0 2
2108 3 0 3 0 2
2109 3 0 3 0 2
2110 3 0 3 0 3
2111 3 0 3 0 3
2112 3 0 3 0 3
2113 3 0 3 0 3
2114 3 0 3 0 3
2115 3 0 3 0 3
2116 3 0 3 0 3
2117 3 0 3 0 3
2118 3 0 3 0 3
2119 3 0 3 0 3
2120 3 0 3 0 3
2121 3 0 3 0 3
2122 3 0 3 0 3
2123 3 0 3 0 3
2124 3 0 3 0 3
2125 3 0 3 0 3
2126 3 0 3 0 3
2127 3 0 3 0 3
2128 3 0 3 0 3
2129 3 0 3 0 3
2130 3 0 3 0 3
2131 3 0 3 0 3
2132 3 0 3 0 3
2133 3 0 3 0 3
2134 3 0 3 0 3
2135 3 0 3 0 3
2136 3 0 3 0 3
2137 3 0 3 0 3
2138 3 0 3 0 3
2139 3 0 3 0 3
2140 3 0 3 0 3
2141 3 0 3 0 3
2142 3 0 3 0 3
2143 3 0 3 0 3
2144 3 0 3 0 3
2145 3 0 3 0 3
2146 3 0 3 0 3
2147 3 0 3 0 3
2148 3 0 3 0 3
2149 3 0 3 0 3
2150 3 0 3 0 3
2151 3 0 3 0 3
2152 3 0 3 0 3
2153 3 0 3 0 3
2154 3 0 3 0 3
2155 3 0 3 0 3
2156 3 0 3 0 3
2157 3 0 3 0 3
2158 3 0 3 0 3
2159 3 0 3 0 3
2160 3 0 3 0 3
2161 3 0 3 0 3
2162 3 0 3 0 3
2163 3 0 3 0 3
2164 3 0 3 0 3
2165 3 0 3 0 3
2166 3 0 3 0 3
2167 3 0 3 0 3
2168 3 0 3 0 3
2169 3 0 3 0 3
2170 3 0 3 0 3
2171 3 0 3 0 3
2172 3 0 3 0 3
2173 3 0 3 0 3
2174 3 0 3 0 3
2175 3 0 3 0 3
2176 3 0 3 0 3
2177 3 0 3 0 3
2178 3 0 3 0 3
2179 3 0 3 0 3
2180 3 0 3 0 3
2181 3 0 3 0 3
2182 3 0 3 0 3
2183 3 0 3 0 3
2184 3 0 3 0 3
2185 3 0 3 0 3
2186 3 0 3 0 3
2187 3 0 3 0 3
2188 3 0 3 0 3
2189 3 0 3 0 3
2190 3 0 3 0 3
2191 3 0 3 0 3
2192 3 0 3 0 3
2193 3 0 3 0 3
2194 3 0 3 0 3
2195 3 0 3 0 3
2196 3 0 3 0 3
2197 3 0 3 0 3
2198 3 0 3 0 3
2199 3 0 3 0 3
2200 3 0 3 0 3
2201 3 0 3 0 3
2202 3 0 3 0 3
2203 3 0 3 0 3
2204 3 0 3 0 3
2205 3 0 3 0 3
2206 3 0 3 0 3
2207 3 0 3 0 3
2208 3 0 3 0 3
2209 3 0 3 0 3
2210 3 0 3 0 3
2211 3 0 3 0 3
2212 3 0 3 0 3
2213 3 0 3 0 3
2214 3 0 3 0 3
2215 3 0 3 0 3
2216 3 0 3 0 3
2217 3 0 3 0 3
2218 3 0 3 0 3
2219 3 0 3 0 3
2220 0 0 0 0 0
2221 0 0 0 0 0
2222 0 0 0 0 0
2223 0 0 0 0 0
2224 0 0 0 0 0
2225 0 0 0 0 0
2226 0 0 0 0 0
2227 0 0 0 0 0
2228 0 0 0 0 0
2229 0 0 0 0 0
2230 0 0 0 0 0
2231 0 0 0 0 0
2232 0 0 0 0 0
2233 0 0 0 0 0
2234 0 0 0 0 0
2235 0 0 0 0 0
2236 0 0 0 0 0
2237 0 0 0 0 0
2238 0 0 0 0 0
2239 0 0 0 0 0
2240 0 0 0 0 0
2241 0 0 0 0 0
2242 0 0 0 0 0
2243 0 0 0 0 0
2244 0 0 0 0 0
2245 0 0 0 0 0
2246 0 0 0 0 0
2247 0 0 0 0 0
2248 0 0 0 0 0
2249 0 0 0 0 0
2250 0 0 0 0 0
2251 0 0 0 0 0
2252 0 0 0 0 0
2253 0 0 0 0 0
2254 0 0 0 0 0
2255 0 0 0 0 0
2256 0 0 0 0 0
2257 0 0 0 0 0
2258 0 0 0 0 0
2259 0 0 0 0 0
2260 0 0 0 0 0
2261 0 0 0 0 0
2262 0 0 0 0 0
2263 0 0 0 0 0
2264 0 0 0 0 0
2265 0 0 0 0 0
2266 0 0 0 0 0
2267 0 0 0 0 0
2268 0 0 0 0 0
2269 0 0 0 0 0
2270 0 0 0 0 0
2271 0 0 0 0 0
2272 0 0 0 0 0
2273 0 0 0 0 0
2274 0 0 0 0 0
2275 0 0 0 0 0
2276 0 0 0 0 0
2277 0 0 0 0 0
2278 0 0 0 0 0
2279 0 0 0 0 0
2280 0 0 0 0 0
2281 0 0 0 0 0
2282 0 0 0 0 0
2283 0 0 0 0 0
2284 0 0 0 0 0
2285 0 0 0 0 0
2286 0 0 0 0 0
2287 0 0 0 0 0
2288 0 0 0 0 0
2289 0 0 0 0 0
2290 0 0 0 0 0
2291 0 0 0 0 0
2292 0 0 0 0 0
2293 0 0 0 0 0
2294 0 0 0 0 0
2295 0 0 0 0 0
2296 0 0 0 0 0
2297 0 0 0 0 0
2298 0 0 0 0 0
2299 0 0 0 0 0
2300 0 0 0 0 0
2301 0 0 0 0 0
2302 0 0 0 0 0
2303 0 0 0 0 0
2304 0 0 0 0 0
2305 0 0 0 0 0
2306 0 0 0 0 0
2307 0 0 0 0 0
2308 0 0 0 0 0
2309 0 0 0 0 0
2310 0 0 0 0 0
2311 0 0 0 0 0
2312 0 0 0 0 0
2313 0 0 0 0 0
2314 0 0 0 0 0
2315 0 0 0 0 0
2316 0 0 0 0 0
2317 0 0 0 0 0
2318 0 0 0 0 0
2319 0 0 0 0 0
2320 0 0 0 0 0
2321 0 0 0 0 0
2322 0 0 0 0 0
2323 0 0 0 0 0
2324 0 0 0 0 0
2325 0 0 0 0 0
2326 0 0 0 0 0
2327 0 0 0 0 0
2328 0 0 0 0 0
2329 0 0 0 0 0
2330 0 0 0 0 0
2331 0 0 0 0 0
2332 0 0 0 0 0
2333 0 0 0 0 0
2334 0 0 0 0 0
2335 0 0 0 0 0
2336 0 0 0 0 0
2337 0 0 0 0 0
2338 0 0 0 0 0
2339 0 0 0 0 0
2340 0 0 0 0 0
2341 0 0 0 0 0
2342 0 0 0 0 0
2343 0 0 0 0 0
2344 0 0 0 0 0
2345 0 0 0 0 0
2346 0 0 0 0 0
2347 0 0 0 0 0
2348 0 0 0 0 0
2349 0 0 0 0 0
2350 0 0 0 0 0
2351 0 0 0 0 0
2352 0 0 0 0 0
2353 0 0 0 0 0
2354 0 0 0 0 0
2355 0 0 0 0 0
2356 0 0 0 0 0
2357 0 0 0 0 0
2358 0 0 0 0 0
2359 0 0 0 0 0
2360 0 0 0 0 0
2361 0 0 0 0 0
2362 0 0 0 0 0
2363 0 0 0 0 0
2364 0 0 0 0 0
2365 0 0 0 0 0
2366 0 0 0 0 0
2367 0 0 0 0 0
2368 0 0 0 0 0
2369 0 0 0 0 0
2370 0 0 0 0 0
