0 0 0 0 0 0
1 0 0 0 0 0
2 0 0 0 0 0
3 0 0 0 0 0
4 0 0 0 0 0
5 0 0 0 0 0
6 0 0 0 0 0
7 0 0 0 0 0
8 0 0 0 0 0
9 0 0 0 0 0
10 0 0 0 0 0
11 0 0 0 0 0
12 0 0 0 0 0
13 0 0 0 0 0
14 0 0 0 0 0
15 0 0 0 0 0
16 0 0 0 0 0
17 0 0 0 0 0
18 0 0 0 0 0
19 0 0 0 0 0
20 0 0 0 0 0
21 0 0 0 0 0
22 0 0 0 0 0
23 0 0 0 0 0
24 0 0 0 0 0
25 0 0 0 0 0
26 0 0 0 0 0
27 0 0 0 0 0
28 0 0 0 0 0
29 0 0 0 0 0
30 0 0 0 0 0
31 0 0 0 0 0
32 0 0 0 0 0
33 0 0 0 0 0
34 0 0 0 0 0
35 0 0 0 0 0
36 0 0 0 0 0
37 0 0 0 0 0
38 0 0 0 0 0
39 0 0 0 0 0
40 0 0 0 0 0
41 0 0 0 0 0
42 0 0 0 0 0
43 0 0 0 0 0
44 0 0 0 0 0
45 0 0 0 0 0
46 0 0 0 0 0
47 0 0 0 0 0
48 0 0 0 0 0
49 0 0 0 0 0
50 0 0 3 0 0
51 0 0 3 0 0
52 0 0 3 0 0
53 0 0 3 0 0
54 0 0 3 0 0
55 0 0 3 0 0
56 0 0 3 0 0
57 0 0 3 0 0
58 0 0 3 0 0
59 0 0 3 0 0
60 0 0 3 0 0
61 0 0 3 0 0
62 0 0 3 0 0
63 0 0 3 0 0
64 0 0 3 0 0
65 0 0 3 0 0
66 0 0 3 0 0
67 0 0 3 0 0
68 0 0 3 0 0
69 0 0 3 0 0
70 0 0 3 0 0
71 0 0 3 0 0
72 0 0 3 0 0
73 0 0 3 0 0
74 0 0 3 0 0
75 0 0 3 0 0
76 0 0 3 0 0
77 0 0 3 0 0
78 0 0 3 0 0
79 0 0 3 0 0
80 0 0 3 0 0
81 0 0 3 0 0
82 0 0 3 0 0
83 0 0 3 0 0
84 0 0 3 0 0
85 0 0 3 0 0
86 0 0 3 0 0
87 0 0 3 0 0
88 0 0 3 0 0
89 0 0 3 0 0
90 0 0 3 0 0
91 0 0 3 0 0
92 0 0 3 0 0
93 0 0 3 0 0
94 0 0 3 0 0
95 0 0 3 0 0
96 0 0 3 0 0
97 0 0 3 0 0
98 0 0 3 0 0
99 0 0 3 0 0
100 0 0 3 0 0
101 0 0 3 0 0
102 0 0 3 0 0
103 0 0 3 0 0
104 0 0 3 0 0
105 0 0 3 0 0
106 0 0 3 0 0
107 0 0 3 0 0
108 0 0 3 0 0
109 0 0 3 0 0
110 0 0 3 0 0
111 0 0 3 0 0
112 0 0 3 0 0
113 0 0 3 0 0
114 0 0 3 0 0
115 0 0 3 0 0
116 0 0 3 0 0
117 0 0 3 0 0
118 0 0 3 0 0
119 0 0 3 0 0
120 0 0 3 0 0
121 0 0 3 0 0
122 0 0 3 0 0
123 0 0 3 0 0
124 0 0 3 0 0
125 0 0 3 0 0
126 0 0 3 0 0
127 0 0 3 0 0
128 0 0 3 0 0
129 0 0 3 0 0
130 0 0 3 0 0
131 0 0 3 0 0
132 0 0 3 0 0
133 0 0 3 0 0
134 0 0 3 0 0
135 0 0 3 0 0
136 0 0 3 0 0
137 0 0 3 0 0
138 0 0 3 0 0
139 0 0 3 0 0
140 0 3 3 0 0
141 0 3 3 0 0
142 0 3 3 0 0
143 0 3 3 0 0
144 0 3 3 0 0
145 0 3 3 0 0
146 0 3 3 0 0
147 0 3 3 0 0
148 0 3 3 0 0
149 0 3 3 0 0
150 0 3 3 0 0
151 0 3 3 0 0
152 0 3 3 0 0
153 0 3 3 0 0
154 0 3 3 0 0
155 0 3 3 0 0
156 0 3 3 0 0
157 0 3 3 0 0
158 0 3 3 0 0
159 0 3 3 0 0
160 3 0 3 0 0
161 3 0 3 0 0
162 3 0 3 0 0
163 3 0 3 0 0
164 3 0 3 0 0
165 3 0 3 0 0
166 3 0 3 0 0
167 3 0 3 0 0
168 3 0 3 0 0
169 3 0 3 0 0
170 3 0 3 0 0
171 3 0 3 0 0
172 3 0 3 0 0
173 3 0 3 0 0
174 3 0 3 0 0
175 3 0 3 0 0
176 3 0 3 0 0
177 3 0 3 0 0
178 3 0 3 0 0
179 3 0 3 0 0
180 3 0 3 0 0
181 3 0 3 0 0
182 3 0 3 0 0
183 3 0 3 0 0
184 3 0 3 0 0
185 3 0 3 0 0
186 3 0 3 0 0
187 3 0 3 0 0
188 3 0 3 0 0
189 3 0 3 0 0
190 3 0 3 0 0
191 3 0 3 0 0
192 3 0 3 0 0
193 3 0 3 0 0
194 3 0 3 0 0
195 3 0 3 0 0
196 3 0 3 0 0
197 3 0 3 0 0
198 3 0 3 0 0
199 3 0 3 0 0
200 3 0 3 0 0
201 3 0 3 0 0
202 3 0 3 0 0
203 3 0 3 0 0
204 3 0 3 0 0
205 3 0 3 0 0
206 3 0 3 0 0
207 3 0 3 0 0
208 3 0 3 0 0
209 3 0 3 0 0
210 3 0 0 3 0
211 3 0 0 3 0
212 3 0 0 3 0
213 3 0 0 3 0
214 3 0 0 3 0
215 3 0 0 3 0
216 3 0 0 3 0
217 3 0 0 3 0
218 3 0 0 3 0
219 3 0 0 3 0
220 3 0 0 0 0
221 3 0 0 0 0
222 3 0 0 0 0
223 3 0 0 0 0
224 3 0 0 0 0
225 3 0 0 0 0
226 3 0 0 0 0
227 3 0 0 0 0
228 3 0 0 0 0
229 3 0 0 0 0
230 3 0 0 0 0
231 3 0 0 0 0
232 3 0 0 0 0
233 3 0 0 0 0
234 3 0 0 0 0
235 3 0 0 0 0
236 3 0 0 0 0
237 3 0 0 0 0
238 3 0 0 0 0
239 3 0 0 0 0
240 3 0 0 0 0
241 3 0 0 0 0
242 3 0 0 0 0
243 3 0 0 0 0
244 3 0 0 0 0
245 3 0 0 0 0
246 3 0 0 0 0
247 3 0 0 0 0
248 3 0 0 0 0
249 3 0 0 0 0
250 3 0 0 0 0
251 3 0 0 0 0
252 3 0 0 0 0
253 3 0 0 0 0
254 3 0 0 0 0
255 3 0 0 0 0
256 3 0 0 0 0
257 3 0 0 0 0
258 3 0 0 0 0
259 3 0 0 0 0
260 3 0 0 0 0
261 3 0 0 0 0
262 3 0 0 0 0
263 3 0 0 0 0
264 3 0 0 0 0
265 3 0 0 0 0
266 3 0 0 0 0
267 3 0 0 0 0
268 3 0 0 0 0
269 3 0 0 0 0
270 3 0 0 3 0
271 3 0 0 3 0
272 3 0 0 3 0
273 3 0 0 3 0
274 3 0 0 3 0
275 3 0 0 3 0
276 3 0 0 3 0
277 3 0 0 3 0
278 3 0 0 3 0
279 3 0 0 3 0
280 3 0 0 3 1
281 3 0 0 3 1
282 3 0 0 3 1
283 3 0 0 3 1
284 3 0 0 3 1
285 3 0 0 3 1
286 3 0 0 3 1
287 3 0 0 3 1
288 3 0 0 3 1
289 3 0 0 3 1
290 3 0 0 3 1
291 3 0 0 3 1
292 3 0 0 3 1
293 3 0 0 3 1
294 3 0 0 3 1
295 3 0 0 3 1
296 3 0 0 3 1
297 3 0 0 3 1
298 3 0 0 3 1
299 3 0 0 3 1
300 3 0 0 3 1
301 3 0 0 3 1
302 3 0 0 3 1
303 3 0 0 3 1
304 3 0 0 3 1
305 3 0 0 3 1
306 3 0 0 3 1
307 3 0 0 3 1
308 3 0 0 3 1
309 3 0 0 3 1
310 3 0 0 3 1
311 3 0 0 3 1
312 3 0 0 3 1
313 3 0 0 3 1
314 3 0 0 3 1
315 3 0 0 3 1
316 3 0 0 3 1
317 3 0 0 3 1
318 3 0 0 3 1
319 3 0 0 3 1
320 3 0 0 3 1
321 3 0 0 3 1
322 3 0 0 3 1
323 3 0 0 3 1
324 3 0 0 3 1
325 3 0 0 3 1
326 3 0 0 3 1
327 3 0 0 3 1
328 3 0 0 3 1
329 3 0 0 3 1
330 3 0 0 3 1
331 3 0 0 3 1
332 3 0 0 3 1
333 3 0 0 3 1
334 3 0 0 3 1
335 3 0 0 3 1
336 3 0 0 3 1
337 3 0 0 3 1
338 3 0 0 3 1
339 3 0 0 3 1
340 3 0 0 3 1
341 3 0 0 3 1
342 3 0 0 3 1
343 3 0 0 3 1
344 3 0 0 3 1
345 3 0 0 3 1
346 3 0 0 3 1
347 3 0 0 3 1
348 3 0 0 3 1
349 3 0 0 3 1
350 3 0 0 3 1
351 3 0 0 3 1
352 3 0 0 3 1
353 3 0 0 3 1
354 3 0 0 3 1
355 3 0 0 3 1
356 3 0 0 3 1
357 3 0 0 3 1
358 3 0 0 3 1
359 3 0 0 3 1
360 3 0 0 3 1
361 3 0 0 3 1
362 3 0 0 3 1
363 3 0 0 3 1
364 3 0 0 3 1
365 3 0 0 3 1
366 3 0 0 3 1
367 3 0 0 3 1
368 3 0 0 3 1
369 3 0 0 3 1
370 3 0 0 3 1
371 3 0 0 3 1
372 3 0 0 3 1
373 3 0 0 3 1
374 3 0 0 3 1
375 3 0 0 3 1
376 3 0 0 3 1
377 3 0 0 3 1
378 3 0 0 3 1
379 3 0 0 3 1
380 3 0 0 3 1
381 3 0 0 3 1
382 3 0 0 3 1
383 3 0 0 3 1
384 3 0 0 3 1
385 3 0 0 3 1
386 3 0 0 3 1
387 3 0 0 3 1
388 3 0 0 3 1
389 3 0 0 3 1
390 3 0 0 3 1
391 3 0 0 3 1
392 3 0 0 3 1
393 3 0 0 3 1
394 3 0 0 3 1
395 3 0 0 3 1
396 3 0 0 3 1
397 3 0 0 3 1
398 3 0 0 3 1
399 3 0 0 3 1
400 3 0 0 3 1
401 3 0 0 3 1
402 3 0 0 3 1
403 3 0 0 3 1
404 3 0 0 3 1
405 3 0 0 3 1
406 3 0 0 3 1
407 3 0 0 3 1
408 3 0 0 3 1
409 3 0 0 3 1
410 3 0 0 3 1
411 3 0 0 3 1
412 3 0 0 3 1
413 3 0 0 3 1
414 3 0 0 3 1
415 3 0 0 3 1
416 3 0 0 3 1
417 3 0 0 3 1
418 3 0 0 3 1
419 3 0 0 3 1
420 3 0 0 3 1
421 3 0 0 3 1
422 3 0 0 3 1
423 3 0 0 3 1
424 3 0 0 3 1
425 3 0 0 3 1
426 3 0 0 3 1
427 3 0 0 3 1
428 3 0 0 3 1
429 3 0 0 3 1
430 3 0 0 3 1
431 3 0 0 3 1
432 3 0 0 3 1
433 3 0 0 3 1
434 3 0 0 3 1
435 3 0 0 3 1
436 3 0 0 3 1
437 3 0 0 3 1
438 3 0 0 3 1
439 3 0 0 3 1
440 3 0 0 3 1
441 3 0 0 3 1
442 3 0 0 3 1
443 3 0 0 3 1
444 3 0 0 3 1
445 3 0 0 3 1
446 3 0 0 3 1
447 3 0 0 3 1
448 3 0 0 3 1
449 3 0 0 3 1
450 3 0 0 3 1
451 3 0 0 3 1
452 3 0 0 3 1
453 3 0 0 3 1
454 3 0 0 3 1
455 3 0 0 3 1
456 3 0 0 3 1
457 3 0 0 3 1
458 3 0 0 3 1
459 3 0 0 3 1
460 3 0 0 3 1
461 3 0 0 3 1
462 3 0 0 3 1
463 3 0 0 3 1
464 3 0 0 3 1
465 3 0 0 3 1
466 3 0 0 3 1
467 3 0 0 3 1
468 3 0 0 3 1
469 3 0 0 3 1
470 3 0 3 0 1
471 3 0 3 0 1
472 3 0 3 0 1
473 3 0 3 0 1
474 3 0 3 0 1
475 3 0 3 0 1
476 3 0 3 0 1
477 3 0 3 0 1
478 3 0 3 0 1
479 3 0 3 0 1
480 3 0 3 0 1
481 3 0 3 0 1
482 3 0 3 0 1
483 3 0 3 0 1
484 3 0 3 0 1
485 3 0 3 0 1
486 3 0 3 0 1
487 3 0 3 0 1
488 3 0 3 0 1
489 3 0 3 0 1
490 3 0 3 0 1
491 3 0 3 0 1
492 3 0 3 0 1
493 3 0 3 0 1
494 3 0 3 0 1
495 3 0 3 0 1
496 3 0 3 0 1
497 3 0 3 0 1
498 3 0 3 0 1
499 3 0 3 0 1
500 3 0 3 0 1
501 3 0 3 0 1
502 3 0 3 0 1
503 3 0 3 0 1
504 3 0 3 0 1
505 3 0 3 0 1
506 3 0 3 0 1
507 3 0 3 0 1
508 3 0 3 0 1
509 3 0 3 0 1
510 3 0 3 0 1
511 3 0 3 0 1
512 3 0 3 0 1
513 3 0 3 0 1
514 3 0 3 0 1
515 3 0 3 0 1
516 3 0 3 0 1
517 3 0 3 0 1
518 3 0 3 0 1
519 3 0 3 0 1
520 3 0 3 0 1
521 3 0 3 0 1
522 3 0 3 0 1
523 3 0 3 0 1
524 3 0 3 0 1
525 3 0 3 0 1
526 3 0 3 0 1
527 3 0 3 0 1
528 3 0 3 0 1
529 3 0 3 0 1
530 3 0 3 0 1
531 3 0 3 0 1
532 3 0 3 0 1
533 3 0 3 0 1
534 3 0 3 0 1
535 3 0 3 0 1
536 3 0 3 0 1
537 3 0 3 0 1
538 3 0 3 0 1
539 3 0 3 0 1
540 3 0 3 0 1
541 3 0 3 0 1
542 3 0 3 0 1
543 3 0 3 0 1
544 3 0 3 0 1
545 3 0 3 0 1
546 3 0 3 0 1
547 3 0 3 0 1
548 3 0 3 0 1
549 3 0 3 0 1
550 3 0 3 0 1
551 3 0 3 0 1
552 3 0 3 0 1
553 3 0 3 0 1
554 3 0 3 0 1
555 3 0 3 0 1
556 3 0 3 0 1
557 3 0 3 0 1
558 3 0 3 0 1
559 3 0 3 0 1
560 3 0 3 0 1
561 3 0 3 0 1
562 3 0 3 0 1
563 3 0 3 0 1
564 3 0 3 0 1
565 3 0 3 0 1
566 3 0 3 0 1
567 3 0 3 0 1
568 3 0 3 0 1
569 3 0 3 0 1
570 3 0 3 0 2
571 3 0 3 0 2
572 3 0 3 0 2
573 3 0 3 0 2
574 3 0 3 0 2
575 3 0 3 0 2
576 3 0 3 0 2
577 3 0 3 0 2
578 3 0 3 0 2
579 3 0 3 0 2
580 3 0 3 0 2
581 3 0 3 0 2
582 3 0 3 0 2
583 3 0 3 0 2
584 3 0 3 0 2
585 3 0 3 0 2
586 3 0 3 0 2
587 3 0 3 0 2
588 3 0 3 0 2
589 3 0 3 0 2
590 3 0 3 0 2
591 3 0 3 0 2
592 3 0 3 0 2
593 3 0 3 0 2
594 3 0 3 0 2
595 3 0 3 0 2
596 3 0 3 0 2
597 3 0 3 0 2
598 3 0 3 0 2
599 3 0 3 0 2
600 3 0 3 0 2
601 3 0 3 0 2
602 3 0 3 0 2
603 3 0 3 0 2
604 3 0 3 0 2
605 3 0 3 0 2
606 3 0 3 0 2
607 3 0 3 0 2
608 3 0 3 0 2
609 3 0 3 0 2
610 3 0 3 0 2
611 3 0 3 0 2
612 3 0 3 0 2
613 3 0 3 0 2
614 3 0 3 0 2
615 3 0 3 0 2
616 3 0 3 0 2
617 3 0 3 0 2
618 3 0 3 0 2
619 3 0 3 0 2
620 3 0 3 0 2
621 3 0 3 0 2
622 3 0 3 0 2
623 3 0 3 0 2
624 3 0 3 0 2
625 3 0 3 0 2
626 3 0 3 0 2
627 3 0 3 0 2
628 3 0 3 0 2
629 3 0 3 0 2
630 3 0 3 0 2
631 3 0 3 0 2
632 3 0 3 0 2
633 3 0 3 0 2
634 3 0 3 0 2
635 3 0 3 0 2
636 3 0 3 0 2
637 3 0 3 0 2
638 3 0 3 0 2
639 3 0 3 0 2
640 3 0 3 0 2
641 3 0 3 0 2
642 3 0 3 0 2
643 3 0 3 0 2
644 3 0 3 0 2
645 3 0 3 0 2
646 3 0 3 0 2
647 3 0 3 0 2
648 3 0 3 0 2
649 3 0 3 0 2
650 3 0 3 0 2
651 3 0 3 0 2
652 3 0 3 0 2
653 3 0 3 0 2
654 3 0 3 0 2
655 3 0 3 0 2
656 3 0 3 0 2
657 3 0 3 0 2
658 3 0 3 0 2
659 3 0 3 0 2
660 3 0 3 0 2
661 3 0 3 0 2
662 3 0 3 0 2
663 3 0 3 0 2
664 3 0 3 0 2
665 3 0 3 0 2
666 3 0 3 0 2
667 3 0 3 0 2
668 3 0 3 0 2
669 3 0 3 0 2
670 3 0 3 0 2
671 3 0 3 0 2
672 3 0 3 0 2
673 3 0 3 0 2
674 3 0 3 0 2
675 3 0 3 0 2
676 3 0 3 0 2
677 3 0 3 0 2
678 3 0 3 0 2
679 3 0 3 0 2
680 3 0 3 0 2
681 3 0 3 0 2
682 3 0 3 0 2
683 3 0 3 0 2
684 3 0 3 0 2
685 3 0 3 0 2
686 3 0 3 0 2
687 3 0 3 0 2
688 3 0 3 0 2
689 3 0 3 0 2
690 3 0 3 0 2
691 3 0 3 0 2
692 3 0 3 0 2
693 3 0 3 0 2
694 3 0 3 0 2
695 3 0 3 0 2
696 3 0 3 0 2
697 3 0 3 0 2
698 3 0 3 0 2
699 3 0 3 0 2
700 3 0 3 0 3
701 3 0 3 0 3
702 3 0 3 0 3
703 3 0 3 0 3
704 3 0 3 0 3
705 3 0 3 0 3
706 3 0 3 0 3
707 3 0 3 0 3
708 3 0 3 0 3
709 3 0 3 0 3
710 3 0 3 0 3
711 3 0 3 0 3
712 3 0 3 0 3
713 3 0 3 0 3
714 3 0 3 0 3
715 3 0 3 0 3
716 3 0 3 0 3
717 3 0 3 0 3
718 3 0 3 0 3
719 3 0 3 0 3
720 3 0 3 0 3
721 3 0 3 0 3
722 3 0 3 0 3
723 3 0 3 0 3
724 3 0 3 0 3
725 3 0 3 0 3
726 3 0 3 0 3
727 3 0 3 0 3
728 3 0 3 0 3
729 3 0 3 0 3
730 3 0 3 0 3
731 3 0 3 0 3
732 3 0 3 0 3
733 3 0 3 0 3
734 3 0 3 0 3
735 3 0 3 0 3
736 3 0 3 0 3
737 3 0 3 0 3
738 3 0 3 0 3
739 3 0 3 0 3
740 0 0 3 0 3
741 0 0 3 0 3
742 0 0 3 0 3
743 0 0 3 0 3
744 0 0 3 0 3
745 0 0 3 0 3
746 0 0 3 0 3
747 0 0 3 0 3
748 0 0 3 0 3
749 0 0 3 0 3
750 0 0 3 0 3
751 0 0 3 0 3
752 0 0 3 0 3
753 0 0 3 0 3
754 0 0 3 0 3
755 0 0 3 0 3
756 0 0 3 0 3
757 0 0 3 0 3
758 0 0 3 0 3
759 0 0 3 0 3
760 0 0 3 0 3
761 0 0 3 0 3
762 0 0 3 0 3
763 0 0 3 0 3
764 0 0 3 0 3
765 0 0 3 0 3
766 0 0 3 0 3
767 0 0 3 0 3
768 0 0 3 0 3
769 0 0 3 0 3
770 0 0 3 0 3
771 0 0 3 0 3
772 0 0 3 0 3
773 0 0 3 0 3
774 0 0 3 0 3
775 0 0 3 0 3
776 0 0 3 0 3
777 0 0 3 0 3
778 0 0 3 0 3
779 0 0 3 0 3
780 0 0 3 0 3
781 0 0 3 0 3
782 0 0 3 0 3
783 0 0 3 0 3
784 0 0 3 0 3
785 0 0 3 0 3
786 0 0 3 0 3
787 0 0 3 0 3
788 0 0 3 0 3
789 0 0 3 0 3
790 0 0 3 0 3
791 0 0 3 0 3
792 0 0 3 0 3
793 0 0 3 0 3
794 0 0 3 0 3
795 0 0 3 0 3
796 0 0 3 0 3
797 0 0 3 0 3
798 0 0 3 0 3
799 0 0 3 0 3
800 0 0 3 0 3
801 0 0 3 0 3
802 0 0 3 0 3
803 0 0 3 0 3
804 0 0 3 0 3
805 0 0 3 0 3
806 0 0 3 0 3
807 0 0 3 0 3
808 0 0 3 0 3
809 0 0 3 0 3
810 0 0 3 0 3
811 0 0 3 0 3
812 0 0 3 0 3
813 0 0 3 0 3
814 0 0 3 0 3
815 0 0 3 0 3
816 0 0 3 0 3
817 0 0 3 0 3
818 0 0 3 0 3
819 0 0 3 0 3
820 0 0 3 0 3
821 0 0 3 0 3
822 0 0 3 0 3
823 0 0 3 0 3
824 0 0 3 0 3
825 0 0 3 0 3
826 0 0 3 0 3
827 0 0 3 0 3
828 0 0 3 0 3
829 0 0 3 0 3
830 0 0 3 0 3
831 0 0 3 0 3
832 0 0 3 0 3
833 0 0 3 0 3
834 0 0 3 0 3
835 0 0 3 0 3
836 0 0 3 0 3
837 0 0 3 0 3
838 0 0 3 0 3
839 0 0 3 0 3
840 0 0 3 0 3
841 0 0 3 0 3
842 0 0 3 0 3
843 0 0 3 0 3
844 0 0 3 0 3
845 0 0 3 0 3
846 0 0 3 0 3
847 0 0 3 0 3
848 0 0 3 0 3
849 0 0 3 0 3
850 0 0 3 0 3
851 0 0 3 0 3
852 0 0 3 0 3
853 0 0 3 0 3
854 0 0 3 0 3
855 0 0 3 0 3
856 0 0 3 0 3
857 0 0 3 0 3
858 0 0 3 0 3
859 0 0 3 0 3
860 0 0 3 0 3
861 0 0 3 0 3
862 0 0 3 0 3
863 0 0 3 0 3
864 0 0 3 0 3
865 0 0 3 0 3
866 0 0 3 0 3
867 0 0 3 0 3
868 0 0 3 0 3
869 0 0 3 0 3
870 0 0 3 0 3
871 0 0 3 0 3
872 0 0 3 0 3
873 0 0 3 0 3
874 0 0 3 0 3
875 0 0 3 0 3
876 0 0 3 0 3
877 0 0 3 0 3
878 0 0 3 0 3
879 0 0 3 0 3
880 0 0 3 0 3
881 0 0 3 0 3
882 0 0 3 0 3
883 0 0 3 0 3
884 0 0 3 0 3
885 0 0 3 0 3
886 0 0 3 0 3
887 0 0 3 0 3
888 0 0 3 0 3
889 0 0 3 0 3
890 0 0 3 0 3
891 0 0 3 0 3
892 0 0 3 0 3
893 0 0 3 0 3
894 0 0 3 0 3
895 0 0 3 0 3
896 0 0 3 0 3
897 0 0 3 0 3
898 0 0 3 0 3
899 0 0 3 0 3
900 0 0 3 0 3
901 0 0 3 0 3
902 0 0 3 0 3
903 0 0 3 0 3
904 0 0 3 0 3
905 0 0 3 0 3
906 0 0 3 0 3
907 0 0 3 0 3
908 0 0 3 0 3
909 0 0 3 0 3
910 0 0 3 0 3
911 0 0 3 0 3
912 0 0 3 0 3
913 0 0 3 0 3
914 0 0 3 0 3
915 0 0 3 0 3
916 0 0 3 0 3
917 0 0 3 0 3
918 0 0 3 0 3
919 0 0 3 0 3
920 0 3 3 0 3
921 0 3 3 0 3
922 0 3 3 0 3
923 0 3 3 0 3
924 0 3 3 0 3
925 0 3 3 0 3
926 0 3 3 0 3
927 0 3 3 0 3
928 0 3 3 0 3
929 0 3 3 0 3
930 3 0 3 0 3
931 3 0 3 0 3
932 3 0 3 0 3
933 3 0 3 0 3
934 3 0 3 0 3
935 3 0 3 0 3
936 3 0 3 0 3
937 3 0 3 0 3
938 3 0 3 0 3
939 3 0 3 0 3
940 3 0 3 0 3
941 3 0 3 0 3
942 3 0 3 0 3
943 3 0 3 0 3
944 3 0 3 0 3
945 3 0 3 0 3
946 3 0 3 0 3
947 3 0 3 0 3
948 3 0 3 0 3
949 3 0 3 0 3
950 3 0 3 0 3
951 3 0 3 0 3
952 3 0 3 0 3
953 3 0 3 0 3
954 3 0 3 0 3
955 3 0 3 0 3
956 3 0 3 0 3
957 3 0 3 0 3
958 3 0 3 0 3
959 3 0 3 0 3
960 3 0 3 0 3
961 3 0 3 0 3
962 3 0 3 0 3
963 3 0 3 0 3
964 3 0 3 0 3
965 3 0 3 0 3
966 3 0 3 0 3
967 3 0 3 0 3
968 3 0 3 0 3
969 3 0 3 0 3
970 3 0 3 0 3
971 3 0 3 0 3
972 3 0 3 0 3
973 3 0 3 0 3
974 3 0 3 0 3
975 3 0 3 0 3
976 3 0 3 0 3
977 3 0 3 0 3
978 3 0 3 0 3
979 3 0 3 0 3
980 3 0 3 0 3
981 3 0 3 0 3
982 3 0 3 0 3
983 3 0 3 0 3
984 3 0 3 0 3
985 3 0 3 0 3
986 3 0 3 0 3
987 3 0 3 0 3
988 3 0 3 0 3
989 3 0 3 0 3
990 3 0 3 0 3
991 3 0 3 0 3
992 3 0 3 0 3
993 3 0 3 0 3
994 3 0 3 0 3
995 3 0 3 0 3
996 3 0 3 0 3
997 3 0 3 0 3
998 3 0 3 0 3
999 3 0 3 0 3
1000 3 0 3 0 3
1001 3 0 3 0 3
1002 3 0 3 0 3
1003 3 0 3 0 3
1004 3 0 3 0 3
1005 3 0 3 0 3
1006 3 0 3 0 3
1007 3 0 3 0 3
1008 3 0 3 0 3
1009 3 0 3 0 3
1010 3 0 3 0 3
1011 3 0 3 0 3
1012 3 0 3 0 3
1013 3 0 3 0 3
1014 3 0 3 0 3
1015 3 0 3 0 3
1016 3 0 3 0 3
1017 3 0 3 0 3
1018 3 0 3 0 3
1019 3 0 3 0 3
1020 3 0 3 0 3
1021 3 0 3 0 3
1022 3 0 3 0 3
1023 3 0 3 0 3
1024 3 0 3 0 3
1025 3 0 3 0 3
1026 3 0 3 0 3
1027 3 0 3 0 3
1028 3 0 3 0 3
1029 3 0 3 0 3
1030 3 0 3 0 3
1031 3 0 3 0 3
1032 3 0 3 0 3
1033 3 0 3 0 3
1034 3 0 3 0 3
1035 3 0 3 0 3
1036 3 0 3 0 3
1037 3 0 3 0 3
1038 3 0 3 0 3
1039 3 0 3 0 3
1040 3 0 3 0 3
1041 3 0 3 0 3
1042 3 0 3 0 3
1043 3 0 3 0 3
1044 3 0 3 0 3
1045 3 0 3 0 3
1046 3 0 3 0 3
1047 3 0 3 0 3
1048 3 0 3 0 3
1049 3 0 3 0 3
1050 0 0 0 0 0
1051 0 0 0 0 0
1052 0 0 0 0 0
1053 0 0 0 0 0
1054 0 0 0 0 0
1055 0 0 0 0 0
1056 0 0 0 0 0
1057 0 0 0 0 0
1058 0 0 0 0 0
1059 0 0 0 0 0
1060 0 0 0 0 0
1061 0 0 0 0 0
1062 0 0 0 0 0
1063 0 0 0 0 0
1064 0 0 0 0 0
1065 0 0 0 0 0
1066 0 0 0 0 0
1067 0 0 0 0 0
1068 0 0 0 0 0
1069 0 0 0 0 0
1070 0 0 0 0 0
1071 0 0 0 0 0
1072 0 0 0 0 0
1073 0 0 0 0 0
1074 0 0 0 0 0
1075 0 0 0 0 0
1076 0 0 0 0 0
1077 0 0 0 0 0
1078 0 0 0 0 0
1079 0 0 0 0 0
1080 0 0 0 0 0
1081 0 0 0 0 0
1082 0 0 0 0 0
1083 0 0 0 0 0
1084 0 0 0 0 0
1085 0 0 0 0 0
1086 0 0 0 0 0
1087 0 0 0 0 0
1088 0 0 0 0 0
1089 0 0 0 0 0
1090 0 0 0 0 0
1091 0 0 0 0 0
1092 0 0 0 0 0
1093 0 0 0 0 0
1094 0 0 0 0 0
1095 0 0 0 0 0
1096 0 0 0 0 0
1097 0 0 0 0 0
1098 0 0 0 0 0
1099 0 0 0 0 0
1100 0 0 0 0 0
1101 0 0 0 0 0
1102 0 0 0 0 0
1103 0 0 0 0 0
1104 0 0 0 0 0
1105 0 0 0 0 0
1106 0 0 0 0 0
1107 0 0 0 0 0
1108 0 0 0 0 0
1109 0 0 0 0 0
1110 0 0 0 0 0
1111 0 0 0 0 0
1112 0 0 0 0 0
1113 0 0 0 0 0
1114 0 0 0 0 0
1115 0 0 0 0 0
1116 0 0 0 0 0
1117 0 0 0 0 0
1118 0 0 0 0 0
1119 0 0 0 0 0
1120 0 0 0 0 0
1121 0 0 0 0 0
1122 0 0 0 0 0
1123 0 0 0 0 0
1124 0 0 0 0 0
1125 0 0 0 0 0
1126 0 0 0 0 0
1127 0 0 0 0 0
1128 0 0 0 0 0
1129 0 0 0 0 0
1130 0 0 0 0 0
1131 0 0 0 0 0
1132 0 0 0 0 0
1133 0 0 0 0 0
1134 0 0 0 0 0
1135 0 0 0 0 0
1136 0 0 0 0 0
1137 0 0 0 0 0
1138 0 0 0 0 0
1139 0 0 0 0 0
1140 0 0 0 0 0
1141 0 0 0 0 0
1142 0 0 0 0 0
1143 0 0 0 0 0
1144 0 0 0 0 0
1145 0 0 0 0 0
1146 0 0 0 0 0
1147 0 0 0 0 0
1148 0 0 0 0 0
1149 0 0 0 0 0
1150 0 0 3 0 0
1151 0 0 3 0 0
1152 0 0 3 0 0
1153 0 0 3 0 0
1154 0 0 3 0 0
1155 0 0 3 0 0
1156 0 0 3 0 0
1157 0 0 3 0 0
1158 0 0 3 0 0
1159 0 0 3 0 0
1160 0 0 3 0 0
1161 0 0 3 0 0
1162 0 0 3 0 0
1163 0 0 3 0 0
1164 0 0 3 0 0
1165 0 0 3 0 0
1166 0 0 3 0 0
1167 0 0 3 0 0
1168 0 0 3 0 0
1169 0 0 3 0 0
1170 0 0 3 0 0
1171 0 0 3 0 0
1172 0 0 3 0 0
1173 0 0 3 0 0
1174 0 0 3 0 0
1175 0 0 3 0 0
1176 0 0 3 0 0
1177 0 0 3 0 0
1178 0 0 3 0 0
1179 0 0 3 0 0
1180 0 0 3 0 0
1181 0 0 3 0 0
1182 0 0 3 0 0
1183 0 0 3 0 0
1184 0 0 3 0 0
1185 0 0 3 0 0
1186 0 0 3 0 0
1187 0 0 3 0 0
1188 0 0 3 0 0
1189 0 0 3 0 0
1190 0 0 3 0 0
1191 0 0 3 0 0
1192 0 0 3 0 0
1193 0 0 3 0 0
1194 0 0 3 0 0
1195 0 0 3 0 0
1196 0 0 3 0 0
1197 0 0 3 0 0
1198 0 0 3 0 0
1199 0 0 3 0 0
1200 0 0 3 0 0
1201 0 0 3 0 0
1202 0 0 3 0 0
1203 0 0 3 0 0
1204 0 0 3 0 0
1205 0 0 3 0 0
1206 0 0 3 0 0
1207 0 0 3 0 0
1208 0 0 3 0 0
1209 0 0 3 0 0
1210 0 0 3 0 0
1211 0 0 3 0 0
1212 0 0 3 0 0
1213 0 0 3 0 0
1214 0 0 3 0 0
1215 0 0 3 0 0
1216 0 0 3 0 0
1217 0 0 3 0 0
1218 0 0 3 0 0
1219 0 0 3 0 0
1220 0 0 3 0 0
1221 0 0 3 0 0
1222 0 0 3 0 0
1223 0 0 3 0 0
1224 0 0 3 0 0
1225 0 0 3 0 0
1226 0 0 3 0 0
1227 0 0 3 0 0
1228 0 0 3 0 0
1229 0 0 3 0 0
1230 0 0 3 0 0
1231 0 0 3 0 0
1232 0 0 3 0 0
1233 0 0 3 0 0
1234 0 0 3 0 0
1235 0 0 3 0 0
1236 0 0 3 0 0
1237 0 0 3 0 0
1238 0 0 3 0 0
1239 0 0 3 0 0
1240 0 0 3 0 0
1241 0 0 3 0 0
1242 0 0 3 0 0
1243 0 0 3 0 0
1244 0 0 3 0 0
1245 0 0 3 0 0
1246 0 0 3 0 0
1247 0 0 3 0 0
1248 0 0 3 0 0
1249 0 0 3 0 0
1250 0 0 3 0 0
1251 0 0 3 0 0
1252 0 0 3 0 0
1253 0 0 3 0 0
1254 0 0 3 0 0
1255 0 0 3 0 0
1256 0 0 3 0 0
1257 0 0 3 0 0
1258 0 0 3 0 0
1259 0 0 3 0 0
1260 0 0 3 0 0
1261 0 0 3 0 0
1262 0 0 3 0 0
1263 0 0 3 0 0
1264 0 0 3 0 0
1265 0 0 3 0 0
1266 0 0 3 0 0
1267 0 0 3 0 0
1268 0 0 3 0 0
1269 0 0 3 0 0
1270 0 0 3 0 0
1271 0 0 3 0 0
1272 0 0 3 0 0
1273 0 0 3 0 0
1274 0 0 3 0 0
1275 0 0 3 0 0
1276 0 0 3 0 0
1277 0 0 3 0 0
1278 0 0 3 0 0
1279 0 0 3 0 0
1280 0 0 3 0 0
1281 0 0 3 0 0
1282 0 0 3 0 0
1283 0 0 3 0 0
1284 0 0 3 0 0
1285 0 0 3 0 0
1286 0 0 3 0 0
1287 0 0 3 0 0
1288 0 0 3 0 0
1289 0 0 3 0 0
1290 3 0 3 0 0
1291 3 0 3 0 0
1292 3 0 3 0 0
1293 3 0 3 0 0
1294 3 0 3 0 0
1295 3 0 3 0 0
1296 3 0 3 0 0
1297 3 0 3 0 0
1298 3 0 3 0 0
1299 3 0 3 0 0
1300 3 0 0 0 0
1301 3 0 0 0 0
1302 3 0 0 0 0
1303 3 0 0 0 0
1304 3 0 0 0 0
1305 3 0 0 0 0
1306 3 0 0 0 0
1307 3 0 0 0 0
1308 3 0 0 0 0
1309 3 0 0 0 0
1310 3 0 0 0 0
1311 3 0 0 0 0
1312 3 0 0 0 0
1313 3 0 0 0 0
1314 3 0 0 0 0
1315 3 0 0 0 0
1316 3 0 0 0 0
1317 3 0 0 0 0
1318 3 0 0 0 0
1319 3 0 0 0 0
1320 3 0 0 0 0
1321 3 0 0 0 0
1322 3 0 0 0 0
1323 3 0 0 0 0
1324 3 0 0 0 0
1325 3 0 0 0 0
1326 3 0 0 0 0
1327 3 0 0 0 0
1328 3 0 0 0 0
1329 3 0 0 0 0
1330 3 0 0 0 0
1331 3 0 0 0 0
1332 3 0 0 0 0
1333 3 0 0 0 0
1334 3 0 0 0 0
1335 3 0 0 0 0
1336 3 0 0 0 0
1337 3 0 0 0 0
1338 3 0 0 0 0
1339 3 0 0 0 0
1340 3 0 0 0 0
1341 3 0 0 0 0
1342 3 0 0 0 0
1343 3 0 0 0 0
1344 3 0 0 0 0
1345 3 0 0 0 0
1346 3 0 0 0 0
1347 3 0 0 0 0
1348 3 0 0 0 0
1349 3 0 0 0 0
1350 3 0 0 0 0
1351 3 0 0 0 0
1352 3 0 0 0 0
1353 3 0 0 0 0
1354 3 0 0 0 0
1355 3 0 0 0 0
1356 3 0 0 0 0
1357 3 0 0 0 0
1358 3 0 0 0 0
1359 3 0 0 0 0
1360 3 0 0 0 0
1361 3 0 0 0 0
1362 3 0 0 0 0
1363 3 0 0 0 0
1364 3 0 0 0 0
1365 3 0 0 0 0
1366 3 0 0 0 0
1367 3 0 0 0 0
1368 3 0 0 0 0
1369 3 0 0 0 0
1370 3 0 0 0 0
1371 3 0 0 0 0
1372 3 0 0 0 0
1373 3 0 0 0 0
1374 3 0 0 0 0
1375 3 0 0 0 0
1376 3 0 0 0 0
1377 3 0 0 0 0
1378 3 0 0 0 0
1379 3 0 0 0 0
1380 3 0 0 0 0
1381 3 0 0 0 0
1382 3 0 0 0 0
1383 3 0 0 0 0
1384 3 0 0 0 0
1385 3 0 0 0 0
1386 3 0 0 0 0
1387 3 0 0 0 0
1388 3 0 0 0 0
1389 3 0 0 0 0
1390 3 0 0 0 0
1391 3 0 0 0 0
1392 3 0 0 0 0
1393 3 0 0 0 0
1394 3 0 0 0 0
1395 3 0 0 0 0
1396 3 0 0 0 0
1397 3 0 0 0 0
1398 3 0 0 0 0
1399 3 0 0 0 0
1400 3 0 3 0 0
1401 3 0 3 0 0
1402 3 0 3 0 0
1403 3 0 3 0 0
1404 3 0 3 0 0
1405 3 0 3 0 0
1406 3 0 3 0 0
1407 3 0 3 0 0
1408 3 0 3 0 0
1409 3 0 3 0 0
1410 3 0 3 0 0
1411 3 0 3 0 0
1412 3 0 3 0 0
1413 3 0 3 0 0
1414 3 0 3 0 0
1415 3 0 3 0 0
1416 3 0 3 0 0
1417 3 0 3 0 0
1418 3 0 3 0 0
1419 3 0 3 0 0
1420 3 0 3 0 0
1421 3 0 3 0 0
1422 3 0 3 0 0
1423 3 0 3 0 0
1424 3 0 3 0 0
1425 3 0 3 0 0
1426 3 0 3 0 0
1427 3 0 3 0 0
1428 3 0 3 0 0
1429 3 0 3 0 0
1430 3 0 3 0 0
1431 3 0 3 0 0
1432 3 0 3 0 0
1433 3 0 3 0 0
1434 3 0 3 0 0
1435 3 0 3 0 0
1436 3 0 3 0 0
1437 3 0 3 0 0
1438 3 0 3 0 0
1439 3 0 3 0 0
1440 3 0 3 0 0
1441 3 0 3 0 0
1442 3 0 3 0 0
1443 3 0 3 0 0
1444 3 0 3 0 0
1445 3 0 3 0 0
1446 3 0 3 0 0
1447 3 0 3 0 0
1448 3 0 3 0 0
1449 3 0 3 0 0
1450 3 0 3 0 0
1451 3 0 3 0 0
1452 3 0 3 0 0
1453 3 0 3 0 0
1454 3 0 3 0 0
1455 3 0 3 0 0
1456 3 0 3 0 0
1457 3 0 3 0 0
1458 3 0 3 0 0
1459 3 0 3 0 0
1460 3 0 3 0 0
1461 3 0 3 0 0
1462 3 0 3 0 0
1463 3 0 3 0 0
1464 3 0 3 0 0
1465 3 0 3 0 0
1466 3 0 3 0 0
1467 3 0 3 0 0
1468 3 0 3 0 0
1469 3 0 3 0 0
1470 3 0 3 0 0
1471 3 0 3 0 0
1472 3 0 3 0 0
1473 3 0 3 0 0
1474 3 0 3 0 0
1475 3 0 3 0 0
1476 3 0 3 0 0
1477 3 0 3 0 0
1478 3 0 3 0 0
1479 3 0 3 0 0
1480 3 0 3 0 0
1481 3 0 3 0 0
1482 3 0 3 0 0
1483 3 0 3 0 0
1484 3 0 3 0 0
1485 3 0 3 0 0
1486 3 0 3 0 0
1487 3 0 3 0 0
1488 3 0 3 0 0
1489 3 0 3 0 0
1490 3 0 3 0 0
1491 3 0 3 0 0
1492 3 0 3 0 0
1493 3 0 3 0 0
1494 3 0 3 0 0
1495 3 0 3 0 0
1496 3 0 3 0 0
1497 3 0 3 0 0
1498 3 0 3 0 0
1499 3 0 3 0 0
1500 3 0 3 0 0
1501 3 0 3 0 0
1502 3 0 3 0 0
1503 3 0 3 0 0
1504 3 0 3 0 0
1505 3 0 3 0 0
1506 3 0 3 0 0
1507 3 0 3 0 0
1508 3 0 3 0 0
1509 3 0 3 0 0
1510 3 0 0 0 0
1511 3 0 0 0 0
1512 3 0 0 0 0
1513 3 0 0 0 0
1514 3 0 0 0 0
1515 3 0 0 0 0
1516 3 0 0 0 0
1517 3 0 0 0 0
1518 3 0 0 0 0
1519 3 0 0 0 0
1520 3 0 0 0 0
1521 3 0 0 0 0
1522 3 0 0 0 0
1523 3 0 0 0 0
1524 3 0 0 0 0
1525 3 0 0 0 0
1526 3 0 0 0 0
1527 3 0 0 0 0
1528 3 0 0 0 0
1529 3 0 0 0 0
1530 3 0 0 0 0
1531 3 0 0 0 0
1532 3 0 0 0 0
1533 3 0 0 0 0
1534 3 0 0 0 0
1535 3 0 0 0 0
1536 3 0 0 0 0
1537 3 0 0 0 0
1538 3 0 0 0 0
1539 3 0 0 0 0
1540 3 0 0 0 0
1541 3 0 0 0 0
1542 3 0 0 0 0
1543 3 0 0 0 0
1544 3 0 0 0 0
1545 3 0 0 0 0
1546 3 0 0 0 0
1547 3 0 0 0 0
1548 3 0 0 0 0
1549 3 0 0 0 0
1550 3 0 0 0 0
1551 3 0 0 0 0
1552 3 0 0 0 0
1553 3 0 0 0 0
1554 3 0 0 0 0
1555 3 0 0 0 0
1556 3 0 0 0 0
1557 3 0 0 0 0
1558 3 0 0 0 0
1559 3 0 0 0 0
1560 3 0 0 0 0
1561 3 0 0 0 0
1562 3 0 0 0 0
1563 3 0 0 0 0
1564 3 0 0 0 0
1565 3 0 0 0 0
1566 3 0 0 0 0
1567 3 0 0 0 0
1568 3 0 0 0 0
1569 3 0 0 0 0
1570 3 0 0 0 0
1571 3 0 0 0 0
1572 3 0 0 0 0
1573 3 0 0 0 0
1574 3 0 0 0 0
1575 3 0 0 0 0
1576 3 0 0 0 0
1577 3 0 0 0 0
1578 3 0 0 0 0
1579 3 0 0 0 0
1580 3 0 0 0 0
1581 3 0 0 0 0
1582 3 0 0 0 0
1583 3 0 0 0 0
1584 3 0 0 0 0
1585 3 0 0 0 0
1586 3 0 0 0 0
1587 3 0 0 0 0
1588 3 0 0 0 0
1589 3 0 0 0 0
1590 3 0 3 0 0
1591 3 0 3 0 0
1592 3 0 3 0 0
1593 3 0 3 0 0
1594 3 0 3 0 0
1595 3 0 3 0 0
1596 3 0 3 0 0
1597 3 0 3 0 0
1598 3 0 3 0 0
1599 3 0 3 0 0
1600 3 0 3 0 0
1601 3 0 3 0 0
1602 3 0 3 0 0
1603 3 0 3 0 0
1604 3 0 3 0 0
1605 3 0 3 0 0
1606 3 0 3 0 0
1607 3 0 3 0 0
1608 3 0 3 0 0
1609 3 0 3 0 0
1610 3 0 3 0 0
1611 3 0 3 0 0
1612 3 0 3 0 0
1613 3 0 3 0 0
1614 3 0 3 0 0
1615 3 0 3 0 0
1616 3 0 3 0 0
1617 3 0 3 0 0
1618 3 0 3 0 0
1619 3 0 3 0 0
1620 3 0 3 0 0
1621 3 0 3 0 0
1622 3 0 3 0 0
1623 3 0 3 0 0
1624 3 0 3 0 0
1625 3 0 3 0 0
1626 3 0 3 0 0
1627 3 0 3 0 0
1628 3 0 3 0 0
1629 3 0 3 0 0
1630 3 0 3 0 0
1631 3 0 3 0 0
1632 3 0 3 0 0
1633 3 0 3 0 0
1634 3 0 3 0 0
1635 3 0 3 0 0
1636 3 0 3 0 0
1637 3 0 3 0 0
1638 3 0 3 0 0
1639 3 0 3 0 0
1640 3 0 0 0 0
1641 3 0 0 0 0
1642 3 0 0 0 0
1643 3 0 0 0 0
1644 3 0 0 0 0
1645 3 0 0 0 0
1646 3 0 0 0 0
1647 3 0 0 0 0
1648 3 0 0 0 0
1649 3 0 0 0 0
1650 3 0 0 0 0
1651 3 0 0 0 0
1652 3 0 0 0 0
1653 3 0 0 0 0
1654 3 0 0 0 0
1655 3 0 0 0 0
1656 3 0 0 0 0
1657 3 0 0 0 0
1658 3 0 0 0 0
1659 3 0 0 0 0
1660 3 0 0 0 0
1661 3 0 0 0 0
1662 3 0 0 0 0
1663 3 0 0 0 0
1664 3 0 0 0 0
1665 3 0 0 0 0
1666 3 0 0 0 0
1667 3 0 0 0 0
1668 3 0 0 0 0
1669 3 0 0 0 0
1670 3 0 0 0 0
1671 3 0 0 0 0
1672 3 0 0 0 0
1673 3 0 0 0 0
1674 3 0 0 0 0
1675 3 0 0 0 0
1676 3 0 0 0 0
1677 3 0 0 0 0
1678 3 0 0 0 0
1679 3 0 0 0 0
1680 3 0 0 0 0
1681 3 0 0 0 0
1682 3 0 0 0 0
1683 3 0 0 0 0
1684 3 0 0 0 0
1685 3 0 0 0 0
1686 3 0 0 0 0
1687 3 0 0 0 0
1688 3 0 0 0 0
1689 3 0 0 0 0
1690 3 0 0 0 0
1691 3 0 0 0 0
1692 3 0 0 0 0
1693 3 0 0 0 0
1694 3 0 0 0 0
1695 3 0 0 0 0
1696 3 0 0 0 0
1697 3 0 0 0 0
1698 3 0 0 0 0
1699 3 0 0 0 0
1700 3 0 3 0 0
1701 3 0 3 0 0
1702 3 0 3 0 0
1703 3 0 3 0 0
1704 3 0 3 0 0
1705 3 0 3 0 0
1706 3 0 3 0 0
1707 3 0 3 0 0
1708 3 0 3 0 0
1709 3 0 3 0 0
1710 3 0 0 0 0
1711 3 0 0 0 0
1712 3 0 0 0 0
1713 3 0 0 0 0
1714 3 0 0 0 0
1715 3 0 0 0 0
1716 3 0 0 0 0
1717 3 0 0 0 0
1718 3 0 0 0 0
1719 3 0 0 0 0
1720 3 0 0 0 0
1721 3 0 0 0 0
1722 3 0 0 0 0
1723 3 0 0 0 0
1724 3 0 0 0 0
1725 3 0 0 0 0
1726 3 0 0 0 0
1727 3 0 0 0 0
1728 3 0 0 0 0
1729 3 0 0 0 0
1730 3 0 0 0 0
1731 3 0 0 0 0
1732 3 0 0 0 0
1733 3 0 0 0 0
1734 3 0 0 0 0
1735 3 0 0 0 0
1736 3 0 0 0 0
1737 3 0 0 0 0
1738 3 0 0 0 0
1739 3 0 0 0 0
1740 3 0 3 0 0
1741 3 0 3 0 0
1742 3 0 3 0 0
1743 3 0 3 0 0
1744 3 0 3 0 0
1745 3 0 3 0 0
1746 3 0 3 0 0
1747 3 0 3 0 0
1748 3 0 3 0 0
1749 3 0 3 0 0
1750 3 0 3 0 0
1751 3 0 3 0 0
1752 3 0 3 0 0
1753 3 0 3 0 0
1754 3 0 3 0 0
1755 3 0 3 0 0
1756 3 0 3 0 0
1757 3 0 3 0 0
1758 3 0 3 0 0
1759 3 0 3 0 0
1760 3 0 3 0 0
1761 3 0 3 0 0
1762 3 0 3 0 0
1763 3 0 3 0 0
1764 3 0 3 0 0
1765 3 0 3 0 0
1766 3 0 3 0 0
1767 3 0 3 0 0
1768 3 0 3 0 0
1769 3 0 3 0 0
1770 3 0 3 0 0
1771 3 0 3 0 0
1772 3 0 3 0 0
1773 3 0 3 0 0
1774 3 0 3 0 0
1775 3 0 3 0 0
1776 3 0 3 0 0
1777 3 0 3 0 0
1778 3 0 3 0 0
1779 3 0 3 0 0
1780 3 0 3 0 0
1781 3 0 3 0 0
1782 3 0 3 0 0
1783 3 0 3 0 0
1784 3 0 3 0 0
1785 3 0 3 0 0
1786 3 0 3 0 0
1787 3 0 3 0 0
1788 3 0 3 0 0
1789 3 0 3 0 0
1790 3 0 3 0 0
1791 3 0 3 0 0
1792 3 0 3 0 0
1793 3 0 3 0 0
1794 3 0 3 0 0
1795 3 0 3 0 0
1796 3 0 3 0 0
1797 3 0 3 0 0
1798 3 0 3 0 0
1799 3 0 3 0 0
1800 3 0 3 0 0
1801 3 0 3 0 0
1802 3 0 3 0 0
1803 3 0 3 0 0
1804 3 0 3 0 0
1805 3 0 3 0 0
1806 3 0 3 0 0
1807 3 0 3 0 0
1808 3 0 3 0 0
1809 3 0 3 0 0
1810 3 0 0 0 0
1811 3 0 0 0 0
1812 3 0 0 0 0
1813 3 0 0 0 0
1814 3 0 0 0 0
1815 3 0 0 0 0
1816 3 0 0 0 0
1817 3 0 0 0 0
1818 3 0 0 0 0
1819 3 0 0 0 0
1820 3 0 0 0 0
1821 3 0 0 0 0
1822 3 0 0 0 0
1823 3 0 0 0 0
1824 3 0 0 0 0
1825 3 0 0 0 0
1826 3 0 0 0 0
1827 3 0 0 0 0
1828 3 0 0 0 0
1829 3 0 0 0 0
1830 3 0 0 0 0
1831 3 0 0 0 0
1832 3 0 0 0 0
1833 3 0 0 0 0
1834 3 0 0 0 0
1835 3 0 0 0 0
1836 3 0 0 0 0
1837 3 0 0 0 0
1838 3 0 0 0 0
1839 3 0 0 0 0
1840 3 0 0 0 0
1841 3 0 0 0 0
1842 3 0 0 0 0
1843 3 0 0 0 0
1844 3 0 0 0 0
1845 3 0 0 0 0
1846 3 0 0 0 0
1847 3 0 0 0 0
1848 3 0 0 0 0
1849 3 0 0 0 0
1850 3 0 0 0 0
1851 3 0 0 0 0
1852 3 0 0 0 0
1853 3 0 0 0 0
1854 3 0 0 0 0
1855 3 0 0 0 0
1856 3 0 0 0 0
1857 3 0 0 0 0
1858 3 0 0 0 0
1859 3 0 0 0 0
1860 3 0 0 0 0
1861 3 0 0 0 0
1862 3 0 0 0 0
1863 3 0 0 0 0
1864 3 0 0 0 0
1865 3 0 0 0 0
1866 3 0 0 0 0
1867 3 0 0 0 0
1868 3 0 0 0 0
1869 3 0 0 0 0
1870 3 0 0 0 0
1871 3 0 0 0 0
1872 3 0 0 0 0
1873 3 0 0 0 0
1874 3 0 0 0 0
1875 3 0 0 0 0
1876 3 0 0 0 0
1877 3 0 0 0 0
1878 3 0 0 0 0
1879 3 0 0 0 0
1880 3 0 0 0 0
1881 3 0 0 0 0
1882 3 0 0 0 0
1883 3 0 0 0 0
1884 3 0 0 0 0
1885 3 0 0 0 0
1886 3 0 0 0 0
1887 3 0 0 0 0
1888 3 0 0 0 0
1889 3 0 0 0 0
1890 3 0 0 0 0
1891 3 0 0 0 0
1892 3 0 0 0 0
1893 3 0 0 0 0
1894 3 0 0 0 0
1895 3 0 0 0 0
1896 3 0 0 0 0
1897 3 0 0 0 0
1898 3 0 0 0 0
1899 3 0 0 0 0
1900 3 0 0 3 1
1901 3 0 0 3 1
1902 3 0 0 3 1
1903 3 0 0 3 1
1904 3 0 0 3 1
1905 3 0 0 3 1
1906 3 0 0 3 1
1907 3 0 0 3 1
1908 3 0 0 3 1
1909 3 0 0 3 1
1910 3 0 0 3 1
1911 3 0 0 3 1
1912 3 0 0 3 1
1913 3 0 0 3 1
1914 3 0 0 3 1
1915 3 0 0 3 1
1916 3 0 0 3 1
1917 3 0 0 3 1
1918 3 0 0 3 1
1919 3 0 0 3 1
1920 3 0 0 3 1
1921 3 0 0 3 1
1922 3 0 0 3 1
1923 3 0 0 3 1
1924 3 0 0 3 1
1925 3 0 0 3 1
1926 3 0 0 3 1
1927 3 0 0 3 1
1928 3 0 0 3 1
1929 3 0 0 3 1
1930 3 0 0 3 1
1931 3 0 0 3 1
1932 3 0 0 3 1
1933 3 0 0 3 1
1934 3 0 0 3 1
1935 3 0 0 3 1
1936 3 0 0 3 1
1937 3 0 0 3 1
1938 3 0 0 3 1
1939 3 0 0 3 1
1940 3 0 0 0 1
1941 3 0 0 0 1
1942 3 0 0 0 1
1943 3 0 0 0 1
1944 3 0 0 0 1
1945 3 0 0 0 1
1946 3 0 0 0 1
1947 3 0 0 0 1
1948 3 0 0 0 1
1949 3 0 0 0 1
1950 3 0 0 0 1
1951 3 0 0 0 1
1952 3 0 0 0 1
1953 3 0 0 0 1
1954 3 0 0 0 1
1955 3 0 0 0 1
1956 3 0 0 0 1
1957 3 0 0 0 1
1958 3 0 0 0 1
1959 3 0 0 0 1
1960 3 0 0 0 1
1961 3 0 0 0 1
1962 3 0 0 0 1
1963 3 0 0 0 1
1964 3 0 0 0 1
1965 3 0 0 0 1
1966 3 0 0 0 1
1967 3 0 0 0 1
1968 3 0 0 0 1
1969 3 0 0 0 1
1970 3 0 0 0 1
1971 3 0 0 0 1
1972 3 0 0 0 1
1973 3 0 0 0 1
1974 3 0 0 0 1
1975 3 0 0 0 1
1976 3 0 0 0 1
1977 3 0 0 0 1
1978 3 0 0 0 1
1979 3 0 0 0 1
1980 3 0 0 0 1
1981 3 0 0 0 1
1982 3 0 0 0 1
1983 3 0 0 0 1
1984 3 0 0 0 1
1985 3 0 0 0 1
1986 3 0 0 0 1
1987 3 0 0 0 1
1988 3 0 0 0 1
1989 3 0 0 0 1
1990 3 0 0 0 1
1991 3 0 0 0 1
1992 3 0 0 0 1
1993 3 0 0 0 1
1994 3 0 0 0 1
1995 3 0 0 0 1
1996 3 0 0 0 1
1997 3 0 0 0 1
1998 3 0 0 0 1
1999 3 0 0 0 1
2000 3 0 0 0 1
2001 3 0 0 0 1
2002 3 0 0 0 1
2003 3 0 0 0 1
2004 3 0 0 0 1
2005 3 0 0 0 1
2006 3 0 0 0 1
2007 3 0 0 0 1
2008 3 0 0 0 1
2009 3 0 0 0 1
2010 3 0 0 0 1
2011 3 0 0 0 1
2012 3 0 0 0 1
2013 3 0 0 0 1
2014 3 0 0 0 1
2015 3 0 0 0 1
2016 3 0 0 0 1
2017 3 0 0 0 1
2018 3 0 0 0 1
2019 3 0 0 0 1
2020 3 0 0 3 1
2021 3 0 0 3 1
2022 3 0 0 3 1
2023 3 0 0 3 1
2024 3 0 0 3 1
2025 3 0 0 3 1
2026 3 0 0 3 1
2027 3 0 0 3 1
2028 3 0 0 3 1
2029 3 0 0 3 1
2030 3 0 0 3 1
2031 3 0 0 3 1
2032 3 0 0 3 1
2033 3 0 0 3 1
2034 3 0 0 3 1
2035 3 0 0 3 1
2036 3 0 0 3 1
2037 3 0 0 3 1
2038 3 0 0 3 1
2039 3 0 0 3 1
2040 3 0 0 3 1
2041 3 0 0 3 1
2042 3 0 0 3 1
2043 3 0 0 3 1
2044 3 0 0 3 1
2045 3 0 0 3 1
2046 3 0 0 3 1
2047 3 0 0 3 1
2048 3 0 0 3 1
2049 3 0 0 3 1
2050 3 0 0 3 1
2051 3 0 0 3 1
2052 3 0 0 3 1
2053 3 0 0 3 1
2054 3 0 0 3 1
2055 3 0 0 3 1
2056 3 0 0 3 1
2057 3 0 0 3 1
2058 3 0 0 3 1
2059 3 0 0 3 1
2060 3 0 0 3 1
2061 3 0 0 3 1
2062 3 0 0 3 1
2063 3 0 0 3 1
2064 3 0 0 3 1
2065 3 0 0 3 1
2066 3 0 0 3 1
2067 3 0 0 3 1
2068 3 0 0 3 1
2069 3 0 0 3 1
2070 3 0 0 3 1
2071 3 0 0 3 1
2072 3 0 0 3 1
2073 3 0 0 3 1
2074 3 0 0 3 1
2075 3 0 0 3 1
2076 3 0 0 3 1
2077 3 0 0 3 1
2078 3 0 0 3 1
2079 3 0 0 3 1
2080 3 0 0 3 1
2081 3 0 0 3 1
2082 3 0 0 3 1
2083 3 0 0 3 1
2084 3 0 0 3 1
2085 3 0 0 3 1
2086 3 0 0 3 1
2087 3 0 0 3 1
2088 3 0 0 3 1
2089 3 0 0 3 1
2090 3 0 0 3 1
2091 3 0 0 3 1
2092 3 0 0 3 1
2093 3 0 0 3 1
2094 3 0 0 3 1
2095 3 0 0 3 1
2096 3 0 0 3 1
2097 3 0 0 3 1
2098 3 0 0 3 1
2099 3 0 0 3 1
2100 3 0 0 3 1
2101 3 0 0 3 1
2102 3 0 0 3 1
2103 3 0 0 3 1
2104 3 0 0 3 1
2105 3 0 0 3 1
2106 3 0 0 3 1
2107 3 0 0 3 1
2108 3 0 0 3 1
2109 3 0 0 3 1
2110 3 0 0 3 1
2111 3 0 0 3 1
2112 3 0 0 3 1
2113 3 0 0 3 1
2114 3 0 0 3 1
2115 3 0 0 3 1
2116 3 0 0 3 1
2117 3 0 0 3 1
2118 3 0 0 3 1
2119 3 0 0 3 1
2120 3 0 0 3 1
2121 3 0 0 3 1
2122 3 0 0 3 1
2123 3 0 0 3 1
2124 3 0 0 3 1
2125 3 0 0 3 1
2126 3 0 0 3 1
2127 3 0 0 3 1
2128 3 0 0 3 1
2129 3 0 0 3 1
2130 3 0 0 3 1
2131 3 0 0 3 1
2132 3 0 0 3 1
2133 3 0 0 3 1
2134 3 0 0 3 1
2135 3 0 0 3 1
2136 3 0 0 3 1
2137 3 0 0 3 1
2138 3 0 0 3 1
2139 3 0 0 3 1
2140 3 0 0 3 1
2141 3 0 0 3 1
2142 3 0 0 3 1
2143 3 0 0 3 1
2144 3 0 0 3 1
2145 3 0 0 3 1
2146 3 0 0 3 1
2147 3 0 0 3 1
2148 3 0 0 3 1
2149 3 0 0 3 1
2150 3 0 0 3 1
2151 3 0 0 3 1
2152 3 0 0 3 1
2153 3 0 0 3 1
2154 3 0 0 3 1
2155 3 0 0 3 1
2156 3 0 0 3 1
2157 3 0 0 3 1
2158 3 0 0 3 1
2159 3 0 0 3 1
2160 3 0 0 3 1
2161 3 0 0 3 1
2162 3 0 0 3 1
2163 3 0 0 3 1
2164 3 0 0 3 1
2165 3 0 0 3 1
2166 3 0 0 3 1
2167 3 0 0 3 1
2168 3 0 0 3 1
2169 3 0 0 3 1
2170 3 0 0 3 1
2171 3 0 0 3 1
2172 3 0 0 3 1
2173 3 0 0 3 1
2174 3 0 0 3 1
2175 3 0 0 3 1
2176 3 0 0 3 1
2177 3 0 0 3 1
2178 3 0 0 3 1
2179 3 0 0 3 1
2180 3 0 0 3 1
2181 3 0 0 3 1
2182 3 0 0 3 1
2183 3 0 0 3 1
2184 3 0 0 3 1
2185 3 0 0 3 1
2186 3 0 0 3 1
2187 3 0 0 3 1
2188 3 0 0 3 1
2189 3 0 0 3 1
2190 3 0 0 3 1
2191 3 0 0 3 1
2192 3 0 0 3 1
2193 3 0 0 3 1
2194 3 0 0 3 1
2195 3 0 0 3 1
2196 3 0 0 3 1
2197 3 0 0 3 1
2198 3 0 0 3 1
2199 3 0 0 3 1
2200 3 0 0 3 1
2201 3 0 0 3 1
2202 3 0 0 3 1
2203 3 0 0 3 1
2204 3 0 0 3 1
2205 3 0 0 3 1
2206 3 0 0 3 1
2207 3 0 0 3 1
2208 3 0 0 3 1
2209 3 0 0 3 1
2210 3 0 0 3 1
2211 3 0 0 3 1
2212 3 0 0 3 1
2213 3 0 0 3 1
2214 3 0 0 3 1
2215 3 0 0 3 1
2216 3 0 0 3 1
2217 3 0 0 3 1
2218 3 0 0 3 1
2219 3 0 0 3 1
2220 3 0 0 3 1
2221 3 0 0 3 1
2222 3 0 0 3 1
2223 3 0 0 3 1
2224 3 0 0 3 1
2225 3 0 0 3 1
2226 3 0 0 3 1
2227 3 0 0 3 1
2228 3 0 0 3 1
2229 3 0 0 3 1
2230 3 0 0 3 1
2231 3 0 0 3 1
2232 3 0 0 3 1
2233 3 0 0 3 1
2234 3 0 0 3 1
2235 3 0 0 3 1
2236 3 0 0 3 1
2237 3 0 0 3 1
2238 3 0 0 3 1
2239 3 0 0 3 1
2240 3 0 0 3 1
2241 3 0 0 3 1
2242 3 0 0 3 1
2243 3 0 0 3 1
2244 3 0 0 3 1
2245 3 0 0 3 1
2246 3 0 0 3 1
2247 3 0 0 3 1
2248 3 0 0 3 1
2249 3 0 0 3 1
2250 3 0 0 3 1
2251 3 0 0 3 1
2252 3 0 0 3 1
2253 3 0 0 3 1
2254 3 0 0 3 1
2255 3 0 0 3 1
2256 3 0 0 3 1
2257 3 0 0 3 1
2258 3 0 0 3 1
2259 3 0 0 3 1
2260 3 0 3 0 1
2261 3 0 3 0 1
2262 3 0 3 0 1
2263 3 0 3 0 1
2264 3 0 3 0 1
2265 3 0 3 0 1
2266 3 0 3 0 1
2267 3 0 3 0 1
2268 3 0 3 0 1
2269 3 0 3 0 1
2270 3 0 3 0 1
2271 3 0 3 0 1
2272 3 0 3 0 1
2273 3 0 3 0 1
2274 3 0 3 0 1
2275 3 0 3 0 1
2276 3 0 3 0 1
2277 3 0 3 0 1
2278 3 0 3 0 1
2279 3 0 3 0 1
2280 3 0 3 0 1
2281 3 0 3 0 1
2282 3 0 3 0 1
2283 3 0 3 0 1
2284 3 0 3 0 1
2285 3 0 3 0 1
2286 3 0 3 0 1
2287 3 0 3 0 1
2288 3 0 3 0 1
2289 3 0 3 0 1
2290 3 0 3 0 1
2291 3 0 3 0 1
2292 3 0 3 0 1
2293 3 0 3 0 1
2294 3 0 3 0 1
2295 3 0 3 0 1
2296 3 0 3 0 1
2297 3 0 3 0 1
2298 3 0 3 0 1
2299 3 0 3 0 1
2300 3 0 3 0 1
2301 3 0 3 0 1
2302 3 0 3 0 1
2303 3 0 3 0 1
2304 3 0 3 0 1
2305 3 0 3 0 1
2306 3 0 3 0 1
2307 3 0 3 0 1
2308 3 0 3 0 1
2309 3 0 3 0 1
2310 3 0 3 0 1
2311 3 0 3 0 1
2312 3 0 3 0 1
2313 3 0 3 0 1
2314 3 0 3 0 1
2315 3 0 3 0 1
2316 3 0 3 0 1
2317 3 0 3 0 1
2318 3 0 3 0 1
2319 3 0 3 0 1
2320 3 0 3 0 1
2321 3 0 3 0 1
2322 3 0 3 0 1
2323 3 0 3 0 1
2324 3 0 3 0 1
2325 3 0 3 0 1
2326 3 0 3 0 1
2327 3 0 3 0 1
2328 3 0 3 0 1
2329 3 0 3 0 1
2330 3 0 3 0 1
2331 3 0 3 0 1
2332 3 0 3 0 1
2333 3 0 3 0 1
2334 3 0 3 0 1
2335 3 0 3 0 1
2336 3 0 3 0 1
2337 3 0 3 0 1
2338 3 0 3 0 1
2339 3 0 3 0 1
2340 3 0 3 0 2
2341 3 0 3 0 2
2342 3 0 3 0 2
2343 3 0 3 0 2
2344 3 0 3 0 2
2345 3 0 3 0 2
2346 3 0 3 0 2
2347 3 0 3 0 2
2348 3 0 3 0 2
2349 3 0 3 0 2
2350 3 0 3 0 2
2351 3 0 3 0 2
2352 3 0 3 0 2
2353 3 0 3 0 2
2354 3 0 3 0 2
2355 3 0 3 0 2
2356 3 0 3 0 2
2357 3 0 3 0 2
2358 3 0 3 0 2
2359 3 0 3 0 2
2360 3 0 3 0 2
2361 3 0 3 0 2
2362 3 0 3 0 2
2363 3 0 3 0 2
2364 3 0 3 0 2
2365 3 0 3 0 2
2366 3 0 3 0 2
2367 3 0 3 0 2
2368 3 0 3 0 2
2369 3 0 3 0 2
2370 3 0 3 0 2
2371 3 0 3 0 2
2372 3 0 3 0 2
2373 3 0 3 0 2
2374 3 0 3 0 2
2375 3 0 3 0 2
2376 3 0 3 0 2
2377 3 0 3 0 2
2378 3 0 3 0 2
2379 3 0 3 0 2
2380 3 0 3 0 2
2381 3 0 3 0 2
2382 3 0 3 0 2
2383 3 0 3 0 2
2384 3 0 3 0 2
2385 3 0 3 0 2
2386 3 0 3 0 2
2387 3 0 3 0 2
2388 3 0 3 0 2
2389 3 0 3 0 2
2390 3 0 3 0 2
2391 3 0 3 0 2
2392 3 0 3 0 2
2393 3 0 3 0 2
2394 3 0 3 0 2
2395 3 0 3 0 2
2396 3 0 3 0 2
2397 3 0 3 0 2
2398 3 0 3 0 2
2399 3 0 3 0 2
2400 3 0 3 0 2
2401 3 0 3 0 2
2402 3 0 3 0 2
2403 3 0 3 0 2
2404 3 0 3 0 2
2405 3 0 3 0 2
2406 3 0 3 0 2
2407 3 0 3 0 2
2408 3 0 3 0 2
2409 3 0 3 0 2
2410 3 0 3 0 2
2411 3 0 3 0 2
2412 3 0 3 0 2
2413 3 0 3 0 2
2414 3 0 3 0 2
2415 3 0 3 0 2
2416 3 0 3 0 2
2417 3 0 3 0 2
2418 3 0 3 0 2
2419 3 0 3 0 2
2420 3 0 3 0 3
2421 3 0 3 0 3
2422 3 0 3 0 3
2423 3 0 3 0 3
2424 3 0 3 0 3
2425 3 0 3 0 3
2426 3 0 3 0 3
2427 3 0 3 0 3
2428 3 0 3 0 3
2429 3 0 3 0 3
2430 3 0 3 0 3
2431 3 0 3 0 3
2432 3 0 3 0 3
2433 3 0 3 0 3
2434 3 0 3 0 3
2435 3 0 3 0 3
2436 3 0 3 0 3
2437 3 0 3 0 3
2438 3 0 3 0 3
2439 3 0 3 0 3
2440 3 0 3 0 3
2441 3 0 3 0 3
2442 3 0 3 0 3
2443 3 0 3 0 3
2444 3 0 3 0 3
2445 3 0 3 0 3
2446 3 0 3 0 3
2447 3 0 3 0 3
2448 3 0 3 0 3
2449 3 0 3 0 3
2450 3 0 3 0 3
2451 3 0 3 0 3
2452 3 0 3 0 3
2453 3 0 3 0 3
2454 3 0 3 0 3
2455 3 0 3 0 3
2456 3 0 3 0 3
2457 3 0 3 0 3
2458 3 0 3 0 3
2459 3 0 3 0 3
2460 3 0 3 0 3
2461 3 0 3 0 3
2462 3 0 3 0 3
2463 3 0 3 0 3
2464 3 0 3 0 3
2465 3 0 3 0 3
2466 3 0 3 0 3
2467 3 0 3 0 3
2468 3 0 3 0 3
2469 3 0 3 0 3
2470 3 0 3 0 3
2471 3 0 3 0 3
2472 3 0 3 0 3
2473 3 0 3 0 3
2474 3 0 3 0 3
2475 3 0 3 0 3
2476 3 0 3 0 3
2477 3 0 3 0 3
2478 3 0 3 0 3
2479 3 0 3 0 3
2480 3 0 3 0 3
2481 3 0 3 0 3
2482 3 0 3 0 3
2483 3 0 3 0 3
2484 3 0 3 0 3
2485 3 0 3 0 3
2486 3 0 3 0 3
2487 3 0 3 0 3
2488 3 0 3 0 3
2489 3 0 3 0 3
2490 3 0 3 0 3
2491 3 0 3 0 3
2492 3 0 3 0 3
2493 3 0 3 0 3
2494 3 0 3 0 3
2495 3 0 3 0 3
2496 3 0 3 0 3
2497 3 0 3 0 3
2498 3 0 3 0 3
2499 3 0 3 0 3
2500 0 0 0 0 3
2501 0 0 0 0 3
2502 0 0 0 0 3
2503 0 0 0 0 3
2504 0 0 0 0 3
2505 0 0 0 0 3
2506 0 0 0 0 3
2507 0 0 0 0 3
2508 0 0 0 0 3
2509 0 0 0 0 3
2510 0 0 0 0 0
2511 0 0 0 0 0
2512 0 0 0 0 0
2513 0 0 0 0 0
2514 0 0 0 0 0
2515 0 0 0 0 0
2516 0 0 0 0 0
2517 0 0 0 0 0
2518 0 0 0 0 0
2519 0 0 0 0 0
2520 0 0 0 0 0
2521 0 0 0 0 0
2522 0 0 0 0 0
2523 0 0 0 0 0
2524 0 0 0 0 0
2525 0 0 0 0 0
2526 0 0 0 0 0
2527 0 0 0 0 0
2528 0 0 0 0 0
2529 0 0 0 0 0
2530 0 0 0 0 0
2531 0 0 0 0 0
2532 0 0 0 0 0
2533 0 0 0 0 0
2534 0 0 0 0 0
2535 0 0 0 0 0
2536 0 0 0 0 0
2537 0 0 0 0 0
2538 0 0 0 0 0
2539 0 0 0 0 0
2540 0 0 0 0 0
2541 0 0 0 0 0
2542 0 0 0 0 0
2543 0 0 0 0 0
2544 0 0 0 0 0
2545 0 0 0 0 0
2546 0 0 0 0 0
2547 0 0 0 0 0
2548 0 0 0 0 0
2549 0 0 0 0 0
2550 0 0 0 0 0
2551 0 0 0 0 0
2552 0 0 0 0 0
2553 0 0 0 0 0
2554 0 0 0 0 0
2555 0 0 0 0 0
2556 0 0 0 0 0
2557 0 0 0 0 0
2558 0 0 0 0 0
2559 0 0 0 0 0
2560 0 0 0 0 0
2561 0 0 0 0 0
2562 0 0 0 0 0
2563 0 0 0 0 0
2564 0 0 0 0 0
2565 0 0 0 0 0
2566 0 0 0 0 0
2567 0 0 0 0 0
2568 0 0 0 0 0
2569 0 0 0 0 0
2570 0 0 0 0 0
2571 0 0 0 0 0
2572 0 0 0 0 0
2573 0 0 0 0 0
2574 0 0 0 0 0
2575 0 0 0 0 0
2576 0 0 0 0 0
2577 0 0 0 0 0
2578 0 0 0 0 0
2579 0 0 0 0 0
2580 0 0 0 0 0
2581 0 0 0 0 0
2582 0 0 0 0 0
2583 0 0 0 0 0
2584 0 0 0 0 0
2585 0 0 0 0 0
2586 0 0 0 0 0
2587 0 0 0 0 0
2588 0 0 0 0 0
2589 0 0 0 0 0
2590 0 0 0 0 0
2591 0 0 0 0 0
2592 0 0 0 0 0
2593 0 0 0 0 0
2594 0 0 0 0 0
2595 0 0 0 0 0
2596 0 0 0 0 0
2597 0 0 0 0 0
2598 0 0 0 0 0
2599 0 0 0 0 0
2600 0 0 0 0 0
2601 0 0 0 0 0
2602 0 0 0 0 0
2603 0 0 0 0 0
2604 0 0 0 0 0
2605 0 0 0 0 0
2606 0 0 0 0 0
2607 0 0 0 0 0
2608 0 0 0 0 0
2609 0 0 0 0 0
2610 0 0 0 0 0
2611 0 0 0 0 0
2612 0 0 0 0 0
2613 0 0 0 0 0
2614 0 0 0 0 0
2615 0 0 0 0 0
2616 0 0 0 0 0
2617 0 0 0 0 0
2618 0 0 0 0 0
2619 0 0 0 0 0
2620 0 0 0 0 0
2621 0 0 0 0 0
2622 0 0 0 0 0
2623 0 0 0 0 0
2624 0 0 0 0 0
2625 0 0 0 0 0
2626 0 0 0 0 0
2627 0 0 0 0 0
2628 0 0 0 0 0
2629 0 0 0 0 0
2630 0 0 0 0 0
2631 0 0 0 0 0
2632 0 0 0 0 0
2633 0 0 0 0 0
2634 0 0 0 0 0
2635 0 0 0 0 0
2636 0 0 0 0 0
2637 0 0 0 0 0
2638 0 0 0 0 0
2639 0 0 0 0 0
2640 0 0 0 0 0
2641 0 0 0 0 0
2642 0 0 0 0 0
2643 0 0 0 0 0
2644 0 0 0 0 0
2645 0 0 0 0 0
2646 0 0 0 0 0
2647 0 0 0 0 0
2648 0 0 0 0 0
2649 0 0 0 0 0
2650 0 0 0 0 0
2651 0 0 0 0 0
2652 0 0 0 0 0
2653 0 0 0 0 0
2654 0 0 0 0 0
2655 0 0 0 0 0
2656 0 0 0 0 0
2657 0 0 0 0 0
2658 0 0 0 0 0
2659 0 0 0 0 0
2660 0 0 0 0 0
