37 0 0 0 0 0
52 0 3 0 0 0
67 0 0 0 0 0
82 0 0 0 0 0
97 0 0 0 0 0
112 0 3 0 0 0
127 3 0 3 0 0
142 3 0 0 0 0
157 3 0 0 0 0
160 3 0 0 0 0
175 3 0 3 0 0
190 3 0 0 0 0
205 3 0 0 0 0
220 3 0 0 3 0
235 0 3 0 3 0
252 3 0 0 0 0
255 3 0 0 0 0
270 0 3 0 3 0
285 0 3 0 3 0
300 0 3 3 0 0
307 0 3 3 0 0
310 0 3 3 0 0
325 0 3 3 0 0
340 0 3 3 0 0
355 0 3 3 0 0
370 3 0 0 0 0
385 0 0 0 0 0
400 3 0 0 0 0
415 3 0 0 0 0
430 0 3 0 3 0
445 0 0 0 0 0
460 0 3 0 0 0
475 0 0 0 0 0
490 0 0 0 0 0
505 0 0 0 0 0
520 0 3 0 3 0
535 0 3 0 3 0
550 0 3 0 3 0
565 0 0 0 0 0
580 0 0 0 0 0
595 0 0 0 0 0
610 0 3 0 0 0
625 0 0 0 0 0
640 3 0 0 0 0
657 0 3 0 0 0
660 0 0 0 0 0
675 0 0 0 3 0
690 0 0 0 0 0
705 0 3 0 0 0
720 0 3 0 0 0
735 0 3 0 0 0
750 0 3 0 0 0
765 3 0 0 0 0
780 3 0 0 3 0
795 3 0 0 0 0
814 3 0 0 0 0
817 0 0 0 0 0
832 3 0 0 0 0
847 3 0 3 0 0
862 3 0 3 0 0
877 3 0 3 0 0
892 0 0 3 0 0
907 0 0 0 0 0
922 3 0 3 0 0
937 3 0 3 0 0
952 3 0 0 3 0
967 3 0 0 0 0
982 3 0 0 3 0
1000 3 0 0 3 0
1003 3 0 0 3 0
1015 3 0 0 3 0
1021 3 0 3 0 0
1024 3 0 0 0 0
1039 3 0 3 0 0
1054 3 0 3 0 0
1069 3 0 0 0 0
1084 0 0 0 0 0
1099 3 0 0 0 0
1114 0 0 0 0 0
1129 3 0 0 0 0
1144 3 0 3 0 0
1159 3 0 3 0 0
1174 0 0 3 0 0
1189 0 0 0 0 0
1197 0 0 0 0 0
1200 0 0 0 3 0
1215 0 0 0 0 0
1230 0 0 0 0 0
1245 0 0 0 0 0
1258 0 0 0 0 0
