20 0 0 0 0 0
35 0 0 0 3 0
50 0 3 0 0 0
65 0 3 0 3 0
80 0 3 0 3 0
92 0 3 3 0 0
95 0 3 3 0 0
110 0 0 3 0 0
125 0 0 3 0 0
140 0 0 3 0 0
155 0 0 3 0 0
170 0 3 3 0 0
185 0 3 3 0 0
200 3 0 0 3 0
215 3 0 0 3 0
230 3 0 0 0 0
246 3 0 0 0 0
249 3 0 0 0 0
264 0 0 3 0 0
279 0 0 3 0 0
294 3 0 3 0 0
309 3 0 3 0 0
324 3 0 3 0 0
339 0 0 3 0 0
354 3 0 3 0 0
369 0 0 0 0 0
384 0 0 0 0 0
399 0 0 0 0 0
414 0 0 3 0 0
429 0 0 0 3 0
439 0 0 0 3 0
442 3 0 0 3 0
457 3 0 0 3 0
472 3 0 0 3 0
487 0 0 0 0 0
502 3 0 0 3 0
517 3 0 0 3 0
532 3 0 0 3 0
547 3 0 3 0 0
562 3 0 0 3 0
577 0 0 0 3 0
592 3 0 0 0 0
607 3 0 0 0 0
622 3 0 0 0 0
637 0 0 3 0 0
652 3 0 3 0 0
667 3 0 0 0 0
682 0 0 3 0 0
697 3 0 3 0 0
712 3 0 0 0 0
727 3 0 3 0 0
742 3 0 3 0 0
757 3 0 0 0 0
772 3 0 0 0 0
787 0 0 0 0 0
802 3 0 0 0 0
817 0 0 3 0 0
832 3 0 3 0 0
847 3 0 3 0 0
862 3 0 3 0 0
877 3 0 3 0 0
892 3 0 3 0 0
907 0 0 0 0 0
922 0 0 0 0 0
937 3 0 3 0 0
952 3 0 0 0 0
967 0 0 0 0 0
982 0 0 0 0 0
997 0 0 0 0 0
1012 3 0 0 0 0
1027 0 0 3 0 0
1042 0 0 3 0 0
1057 0 0 0 3 0
1072 0 0 0 0 0
1087 0 0 0 0 0
1102 0 0 0 3 0
1117 0 0 3 0 0
1132 0 0 3 0 0
1147 0 0 0 0 0
1162 0 0 0 3 0
1177 0 0 0 0 0
1192 0 0 3 0 0
1207 0 0 3 0 0
1222 0 0 0 0 0
1237 0 0 0 3 0
1252 0 0 0 3 0
1268 0 0 3 0 0
1271 3 0 0 0 0
1286 3 0 3 0 0
1301 3 0 0 0 0
1316 3 0 0 0 0
1331 0 0 0 0 0
1346 3 0 3 0 0
1361 0 0 3 0 0
1376 0 0 3 0 0
1391 0 0 3 0 0
1406 0 0 3 0 0
1421 0 0 0 0 0
1436 0 0 0 0 0
1447 0 0 0 0 0
1450 0 0 0 0 0
1465 0 0 0 0 0
1480 0 3 0 3 0
1495 0 0 0 0 0
1510 0 0 0 0 0
1522 0 3 0 0 0
1525 0 0 3 0 0
1540 0 3 3 0 0
1555 0 0 3 0 0
1570 0 0 3 0 0
1585 0 3 3 0 0
1600 0 3 3 0 0
1615 3 0 0 0 0
1630 0 0 0 0 0
1645 3 0 0 0 0
1660 3 0 0 0 0
1675 0 0 0 0 0
1690 0 0 3 0 0
1697 0 0 3 0 0
1700 0 0 3 0 0
1715 3 0 3 0 0
1730 0 0 3 0 0
1745 0 0 3 0 0
1760 0 0 3 0 0
1775 0 0 0 0 0
1790 0 0 0 0 0
1805 0 0 0 0 0
1820 3 0 3 0 0
1835 0 0 0 0 0
1850 3 0 0 3 0
1853 0 0 0 3 0
1868 3 0 0 3 0
1883 3 0 0 3 0
1898 0 0 0 3 0
1913 0 0 0 3 0
1928 0 0 0 3 0
1945 0 0 3 0 0
1948 0 0 3 0 0
1963 0 0 3 0 0
1978 0 0 3 0 0
1993 0 0 3 0 0
2008 0 0 3 0 0
2023 0 0 3 0 0
2038 0 0 3 0 0
2053 0 0 3 0 0
2068 0 0 3 0 0
2083 0 0 0 3 0
2086 0 0 0 3 0
2101 0 0 0 3 0
2116 0 0 0 0 0
2131 0 0 0 0 0
2146 0 0 0 0 0
2161 3 0 0 0 0
2176 3 0 0 0 0
2191 3 0 0 0 0
2206 3 0 0 0 0
2221 3 0 0 0 0
2236 3 0 0 0 0
2243 3 0 0 0 0
