40 0 0 0 0 0
55 0 0 0 0 0
70 0 0 0 0 0
85 0 0 0 0 0
100 0 0 0 0 0
115 0 0 0 0 0
130 0 0 0 0 0
145 0 0 0 0 0
157 0 0 0 0 0
160 0 0 3 0 0
175 0 0 3 0 0
190 0 3 0 0 0
205 0 3 3 0 0
220 0 3 0 0 0
235 3 0 0 3 0
250 3 0 0 0 0
263 0 0 0 0 0
266 3 0 0 0 0
278 0 0 0 0 0
290 0 0 0 0 0
295 3 0 0 0 0
298 3 0 0 0 0
313 0 0 0 3 0
328 0 0 0 3 0
343 0 0 3 0 0
348 0 0 3 0 0
351 3 0 0 0 0
366 3 0 3 0 0
381 3 0 3 0 0
396 0 0 3 0 0
411 0 0 3 0 0
426 0 0 0 0 0
441 0 0 3 0 0
456 0 0 3 0 0
471 0 0 3 0 0
486 0 0 3 0 0
501 0 0 3 0 0
519 0 3 0 3 0
522 0 0 0 0 0
537 0 0 0 0 0
552 0 0 0 0 0
567 0 3 0 0 0
582 0 3 0 0 0
597 0 0 0 0 0
609 0 0 3 0 0
612 0 3 3 0 0
627 0 0 0 0 0
642 0 0 3 0 0
657 0 0 3 0 0
672 0 3 3 0 0
687 3 0 0 3 0
702 3 0 0 0 0
717 3 0 0 3 0
729 3 0 0 0 0
732 3 0 0 0 0
747 3 0 3 0 0
762 3 0 0 3 0
777 3 0 0 3 0
792 3 0 0 3 0
807 3 0 0 3 0
822 3 0 0 0 0
837 0 0 0 0 0
852 0 0 0 0 0
869 3 0 0 3 0
872 3 0 0 3 0
887 3 0 0 3 0
902 3 0 0 3 0
917 3 0 0 0 0
932 3 0 0 0 0
947 3 0 0 3 0
962 3 0 0 3 0
972 3 0 0 3 0
975 3 0 0 0 0
990 3 0 3 0 0
1005 3 0 3 0 0
1020 3 0 3 0 0
1035 3 0 3 0 0
1050 3 0 3 0 0
1065 0 0 0 0 0
1080 0 0 3 0 0
1095 0 0 3 0 0
1110 0 0 3 0 0
1125 0 0 3 0 0
1140 0 0 3 0 0
1155 0 0 3 0 0
1170 0 0 3 0 0
1187 0 0 0 3 0
1190 0 0 0 3 0
1205 0 3 0 0 0
1220 0 3 0 0 0
1235 0 0 0 0 0
1250 0 0 0 0 0
1265 0 0 0 0 0
1280 0 0 0 0 0
1298 0 0 0 0 0
