28 0 0 0 0 0
43 0 0 0 0 0
58 0 0 0 0 0
73 0 0 0 0 0
88 0 0 0 0 0
107 0 0 3 0 0
110 0 0 3 0 0
125 0 0 0 0 0
140 0 0 0 0 0
155 0 3 0 0 0
170 3 0 0 3 0
185 3 0 0 3 0
200 3 0 0 3 0
214 3 0 0 0 0
217 3 0 3 0 0
232 3 0 3 0 0
247 0 0 0 0 0
260 3 0 0 0 0
263 3 0 0 3 0
278 3 0 0 3 0
293 3 0 0 3 0
311 3 0 3 0 0
314 3 0 3 0 0
329 3 0 3 0 0
344 0 0 3 0 0
359 3 0 3 0 0
374 0 0 3 0 0
389 0 0 3 0 0
404 0 0 0 3 0
409 0 3 0 0 0
412 0 0 0 0 0
427 0 0 0 0 0
442 0 0 0 0 0
457 0 0 0 0 0
472 0 0 0 0 0
486 0 0 3 0 0
489 0 0 3 0 0
504 0 0 0 0 0
519 0 0 3 0 0
534 0 3 0 0 0
549 0 3 0 0 0
564 3 0 0 0 0
579 3 0 0 3 0
594 3 0 3 0 0
608 3 0 0 0 0
611 0 0 0 0 0
626 3 0 0 0 0
641 3 0 3 0 0
656 3 0 3 0 0
671 0 0 0 0 0
684 3 0 0 0 0
687 3 0 0 0 0
702 0 0 0 3 0
717 0 0 0 3 0
732 3 0 0 3 0
747 3 0 0 3 0
763 3 0 0 0 0
766 3 0 0 0 0
781 3 0 0 0 0
796 3 0 3 0 0
811 0 0 3 0 0
826 0 0 3 0 0
841 0 0 3 0 0
857 0 3 0 3 0
860 0 0 0 3 0
875 0 0 0 0 0
890 0 0 3 0 0
905 0 0 0 0 0
920 0 0 0 0 0
934 0 0 0 0 0
