6 0 0 0 0 0
21 0 3 0 3 0
36 0 0 0 0 0
51 0 0 0 0 0
66 0 3 3 0 0
81 0 0 3 0 0
96 0 0 3 0 0
112 0 0 3 0 0
115 0 0 3 0 0
130 0 0 3 0 0
145 0 3 3 0 0
160 0 3 3 0 0
175 0 3 3 0 0
190 0 3 3 0 0
205 0 3 3 0 0
220 3 0 3 0 0
235 0 0 0 3 0
250 0 0 0 3 0
265 0 0 0 3 0
280 0 3 3 0 0
295 0 3 3 0 0
310 0 3 3 0 0
325 0 0 3 0 0
340 0 0 3 0 0
355 0 0 3 0 0
370 3 0 3 0 0
385 0 0 0 3 0
400 0 0 0 3 0
415 0 0 0 0 0
421 0 0 0 0 0
424 0 0 0 0 0
439 3 0 3 0 0
454 0 0 3 0 0
469 3 0 3 0 0
484 3 0 3 0 0
499 3 0 3 0 0
514 3 0 3 0 0
529 3 0 0 0 0
544 0 0 0 0 0
559 3 0 0 0 0
574 0 0 3 0 0
589 3 0 3 0 0
604 3 0 3 0 0
619 0 0 3 0 0
634 3 0 0 0 0
649 3 0 0 0 0
664 3 0 3 0 0
679 0 0 3 0 0
694 0 0 3 0 0
711 0 0 0 3 0
714 0 0 0 3 0
729 0 0 0 3 0
744 3 0 0 3 0
759 3 0 0 3 0
774 0 0 0 3 0
789 0 0 0 3 0
804 0 0 3 0 0
807 3 0 3 0 0
822 0 0 0 0 0
837 0 0 0 0 0
852 3 0 0 0 0
867 0 0 0 0 0
882 0 0 0 0 0
897 0 0 0 0 0
912 0 0 0 0 0
927 0 0 0 0 0
942 0 3 0 0 0
957 0 3 0 0 0
972 0 3 0 0 0
987 0 0 0 0 0
1002 0 0 3 0 0
1017 0 0 3 0 0
1032 3 0 3 0 0
1047 0 0 3 0 0
1062 0 0 3 0 0
1077 0 0 3 0 0
1092 0 0 3 0 0
1107 0 0 3 0 0
1122 0 0 0 0 0
1137 0 0 0 0 0
1152 0 3 0 0 0
1167 0 0 0 0 0
1182 0 3 0 0 0
1197 0 0 0 0 0
1212 0 3 0 0 0
1227 3 0 0 0 0
1242 3 0 0 0 0
1257 3 0 0 0 0
1272 3 0 0 3 0
1287 3 0 0 0 0
1302 3 0 0 0 0
1317 3 0 0 0 0
1332 3 0 0 0 0
1347 0 3 0 0 0
1362 0 0 0 0 0
1365 0 0 0 3 0
1380 0 0 0 0 0
1395 0 0 0 3 0
1410 0 0 0 0 0
1425 0 0 0 0 0
1440 0 0 0 0 0
1455 0 0 3 0 0
1470 0 0 3 0 0
1485 0 0 3 0 0
1500 0 0 0 0 0
1515 0 3 3 0 0
1530 0 0 3 0 0
1545 0 3 3 0 0
1560 0 3 3 0 0
1575 3 0 0 3 0
1590 3 0 0 3 0
1605 3 0 0 0 0
1624 3 0 3 0 0
1627 3 0 3 0 0
1642 3 0 0 0 0
1657 3 0 3 0 0
1672 3 0 3 0 0
1687 3 0 3 0 0
1702 3 0 0 0 0
1717 3 0 3 0 0
1732 3 0 3 0 0
1747 3 0 3 0 0
1762 3 0 3 0 0
1777 3 0 3 0 0
1792 3 0 3 0 0
1807 3 0 0 0 0
1822 3 0 3 0 0
1837 3 0 0 0 0
1851 3 0 0 0 0
1854 3 0 0 3 0
1869 3 0 0 3 0
1884 3 0 0 0 0
1899 3 0 0 3 0
1914 0 0 0 3 0
1929 0 0 0 3 0
1944 0 0 0 3 0
1959 0 0 0 3 0
1974 0 0 0 3 0
1983 0 0 3 0 0
1986 3 0 3 0 0
2001 0 0 3 0 0
2016 0 0 0 0 0
2031 3 0 0 0 0
2046 3 0 0 0 0
2061 3 0 0 0 0
2076 3 0 0 0 0
2091 3 0 0 0 0
2106 0 0 0 0 0
2121 0 0 3 0 0
2136 0 0 3 0 0
2151 0 0 3 0 0
2166 0 0 3 0 0
2181 0 0 3 0 0
2196 0 0 3 0 0
2211 0 0 0 3 0
2223 0 0 0 0 0
2226 0 0 0 0 0
2241 0 0 0 0 0
2256 0 0 0 0 0
2271 0 0 0 0 0
2286 0 0 0 0 0
2301 0 0 0 0 0
2316 0 0 0 0 0
2331 0 0 0 0 0
2348 0 0 0 0 0
