23 0 0 0 0 0
38 0 3 0 0 0
53 0 0 0 0 0
68 0 0 0 0 0
83 0 3 0 0 0
98 0 3 0 0 0
113 0 3 0 0 0
128 0 3 0 3 0
143 0 3 3 0 0
158 0 0 3 0 0
173 0 0 3 0 0
188 0 0 0 0 0
203 0 0 3 0 0
218 0 0 0 3 0
233 0 0 0 0 0
248 0 0 0 3 0
255 3 0 0 0 0
258 3 0 0 0 0
273 3 0 3 0 0
288 3 0 0 3 0
303 0 0 0 3 0
318 0 0 0 3 0
323 0 0 0 3 0
326 0 0 0 3 0
341 0 0 0 0 0
356 0 0 0 3 0
370 0 0 3 0 0
373 0 0 3 0 0
388 0 0 3 0 0
403 0 0 3 0 0
418 0 0 3 0 0
433 0 0 0 0 0
448 0 0 3 0 0
463 3 0 3 0 0
478 0 0 3 0 0
493 0 0 3 0 0
508 0 0 3 0 0
523 0 0 3 0 0
538 0 0 0 3 0
553 0 0 0 0 0
565 0 0 0 0 0
568 0 0 0 3 0
583 0 0 0 0 0
598 0 3 0 0 0
613 0 0 0 0 0
628 0 0 0 0 0
643 0 0 0 0 0
658 0 0 0 0 0
673 0 3 0 0 0
688 0 0 0 0 0
703 3 0 0 0 0
718 0 0 0 0 0
733 0 0 0 0 0
748 0 3 0 3 0
763 0 3 0 3 0
778 0 3 0 3 0
793 0 3 0 3 0
808 0 3 0 3 0
823 0 3 0 3 0
838 0 3 3 0 0
853 0 3 0 3 0
868 0 3 0 3 0
883 0 3 3 0 0
898 0 3 0 0 0
913 0 0 0 3 0
928 0 3 0 0 0
943 0 3 0 0 0
958 0 0 0 0 0
973 0 3 0 0 0
988 0 3 0 0 0
1003 0 3 0 0 0
1016 3 0 0 0 0
1019 0 0 0 0 0
1034 0 0 0 3 0
1049 0 0 0 0 0
1064 0 0 0 0 0
1079 0 0 0 0 0
1082 0 0 0 0 0
1097 0 0 0 3 0
1112 0 0 0 3 0
1127 0 0 0 3 0
1142 0 0 0 3 0
1157 0 0 0 3 0
1173 0 0 0 3 0
1176 0 0 0 0 0
1191 0 0 0 0 0
1206 0 0 3 0 0
1221 0 0 0 0 0
1236 0 0 0 0 0
1251 0 0 0 0 0
1266 0 0 0 0 0
1281 0 0 3 0 0
1296 0 0 3 0 0
1311 0 0 0 3 0
1326 0 0 0 3 0
1341 0 0 3 0 0
1356 0 0 3 0 0
1371 0 0 3 0 0
1386 0 0 3 0 0
1401 0 0 3 0 0
1416 0 0 3 0 0
1431 0 3 3 0 0
1446 0 3 3 0 0
1461 0 3 3 0 0
1476 3 0 3 0 0
1491 3 0 3 0 0
1506 3 0 3 0 0
1521 3 0 3 0 0
1536 0 3 0 3 0
1551 0 3 0 3 0
1557 0 3 0 0 0
1560 0 0 0 0 0
1575 0 0 0 0 0
1590 0 0 0 0 0
1605 0 0 0 0 0
1620 0 0 0 0 0
1634 0 0 0 0 0
