25 0 0 0 0 0
40 0 0 0 0 0
55 0 0 0 0 0
70 0 0 0 0 0
85 0 0 0 0 0
91 0 0 3 0 0
94 0 0 3 0 0
109 0 0 3 0 0
124 0 3 3 0 0
139 0 3 3 0 0
154 3 0 0 3 0
169 0 0 0 3 0
184 3 0 0 3 0
199 0 0 0 0 0
209 0 0 3 0 0
212 0 0 0 0 0
227 0 0 3 0 0
242 0 0 3 0 0
257 0 0 0 0 0
272 3 0 0 0 0
287 3 0 0 0 0
298 3 0 0 0 0
301 3 0 0 0 0
316 3 0 0 3 0
331 3 0 0 0 0
346 3 0 0 3 0
357 3 0 0 0 0
360 3 0 3 0 0
375 3 0 3 0 0
390 0 0 0 0 0
405 0 0 0 0 0
420 0 0 3 0 0
435 0 0 3 0 0
450 0 0 3 0 0
465 0 3 0 3 0
477 0 0 0 3 0
480 0 0 0 3 0
495 0 0 0 3 0
510 0 3 0 0 0
525 0 3 0 0 0
540 0 3 0 0 0
549 0 3 3 0 0
552 0 3 3 0 0
567 0 3 0 0 0
582 0 3 0 0 0
597 0 3 0 0 0
612 0 3 3 0 0
627 0 3 3 0 0
642 0 3 3 0 0
657 0 3 3 0 0
672 3 0 0 0 0
687 3 0 0 0 0
702 3 0 0 0 0
717 0 0 0 0 0
727 3 0 3 0 0
730 3 0 3 0 0
745 3 0 0 0 0
760 3 0 3 0 0
775 0 0 0 0 0
790 3 0 0 3 0
805 3 0 0 3 0
820 0 3 0 0 0
835 0 3 0 0 0
850 0 3 0 0 0
865 0 3 0 0 0
880 0 3 0 0 0
895 0 3 0 0 0
910 0 3 0 0 0
925 3 0 0 0 0
940 0 0 3 0 0
955 3 0 3 0 0
970 3 0 3 0 0
985 0 0 0 0 0
1000 0 0 0 0 0
1010 0 0 0 0 0
1013 3 0 0 0 0
1028 0 0 0 0 0
1043 0 0 0 0 0
1058 0 0 0 0 0
1061 0 0 3 0 0
1076 0 0 0 0 0
1091 0 0 0 0 0
1106 0 0 3 0 0
1121 0 0 3 0 0
1136 3 0 3 0 0
1149 0 0 0 3 0
1152 0 0 0 3 0
1167 0 0 0 0 0
1182 0 0 0 0 0
1197 3 0 0 0 0
1212 0 0 0 0 0
1218 0 3 0 0 0
