20 0 0 0 0 0
35 0 0 0 3 0
50 0 0 0 3 0
65 0 0 0 0 0
81 0 0 3 0 0
84 0 0 3 0 0
99 0 3 3 0 0
114 0 3 3 0 0
129 0 3 3 0 0
144 0 3 3 0 0
159 0 0 3 0 0
174 3 0 3 0 0
189 3 0 0 0 0
204 3 0 0 0 0
221 3 0 0 0 0
224 3 0 0 0 0
239 3 0 0 0 0
254 3 0 3 0 0
269 3 0 3 0 0
284 0 0 3 0 0
299 3 0 0 0 0
307 3 0 0 0 0
310 3 0 0 0 0
325 3 0 0 3 0
340 3 0 0 3 0
355 3 0 0 3 0
370 3 0 0 3 0
383 3 0 3 0 0
386 3 0 0 0 0
401 3 0 0 0 0
416 3 0 3 0 0
431 0 0 3 0 0
446 0 0 3 0 0
461 3 0 3 0 0
476 0 0 3 0 0
491 3 0 3 0 0
506 0 0 0 3 0
521 0 0 0 3 0
528 0 0 0 3 0
531 0 0 0 3 0
546 0 0 0 0 0
561 0 0 0 0 0
576 0 0 0 0 0
592 0 0 0 0 0
595 0 0 3 0 0
610 0 0 3 0 0
625 0 3 3 0 0
640 0 3 3 0 0
655 3 0 3 0 0
670 3 0 0 3 0
685 3 0 0 0 0
701 3 0 0 0 0
704 3 0 0 0 0
719 0 0 3 0 0
734 3 0 3 0 0
749 0 0 0 0 0
764 0 0 0 0 0
770 3 0 0 0 0
773 3 0 0 0 0
788 3 0 0 3 0
803 0 0 0 3 0
818 3 0 0 3 0
833 3 0 0 3 0
848 3 0 3 0 0
858 3 0 3 0 0
861 3 0 3 0 0
876 3 0 0 0 0
891 3 0 0 0 0
906 3 0 0 0 0
921 0 0 0 0 0
936 3 0 0 0 0
951 3 0 3 0 0
966 3 0 0 0 0
981 3 0 3 0 0
996 3 0 3 0 0
1011 3 0 0 0 0
1026 0 3 0 3 0
1031 0 3 0 3 0
1034 0 0 0 3 0
1049 0 0 3 0 0
1064 0 0 3 0 0
1079 0 0 3 0 0
1094 0 0 3 0 0
1109 0 0 3 0 0
1115 0 0 3 0 0
