55 0 0 0 0 0
70 0 0 0 0 0
85 0 3 0 0 0
100 0 0 0 0 0
115 0 0 0 0 0
130 3 0 0 0 0
145 0 0 0 0 0
160 0 0 0 0 0
175 0 0 0 0 0
190 0 0 0 0 0
205 0 0 0 0 0
220 0 0 0 0 0
235 3 0 0 0 0
250 3 0 0 0 0
265 3 0 0 0 0
280 3 0 0 0 0
295 3 0 0 0 0
310 3 0 0 0 0
316 3 0 0 0 0
319 3 0 0 0 0
334 3 0 3 0 0
349 3 0 3 0 0
364 3 0 3 0 0
379 3 0 3 0 0
394 3 0 3 0 0
409 3 0 3 0 0
424 3 0 0 0 0
439 3 0 0 0 0
454 3 0 0 0 0
469 3 0 0 0 0
484 3 0 3 0 0
499 3 0 3 0 0
514 0 0 3 0 0
529 0 0 3 0 0
544 0 0 3 0 0
559 3 0 0 3 0
574 3 0 0 3 0
583 3 0 0 3 0
586 0 0 0 3 0
601 3 0 0 3 0
616 0 0 0 0 0
631 3 0 0 3 0
643 0 0 3 0 0
646 0 0 3 0 0
661 3 0 3 0 0
676 0 0 3 0 0
691 3 0 0 0 0
706 3 0 0 0 0
721 3 0 0 0 0
736 3 0 3 0 0
751 3 0 3 0 0
766 3 0 3 0 0
781 0 3 0 0 0
796 0 3 0 0 0
806 0 0 0 0 0
809 0 0 0 0 0
824 0 3 0 0 0
839 0 0 0 0 0
854 0 3 0 0 0
869 0 3 0 0 0
884 0 3 0 0 0
899 3 0 0 0 0
914 0 3 0 0 0
929 3 0 0 0 0
944 0 3 0 0 0
959 0 3 0 0 0
974 3 0 0 0 0
989 3 0 0 0 0
1004 3 0 0 0 0
1019 0 0 0 0 0
1034 0 0 0 3 0
1049 3 0 0 3 0
1064 3 0 0 3 0
1079 3 0 0 3 0
1094 3 0 0 0 0
1109 3 0 0 3 0
1124 3 0 0 3 0
1139 3 0 0 3 0
1154 3 0 0 0 0
1169 0 0 0 0 0
1184 0 0 0 3 0
1199 3 0 0 0 0
1214 3 0 0 0 0
1229 3 0 0 0 0
1244 3 0 0 0 0
1259 3 0 0 0 0
1266 3 0 0 0 0
1269 0 0 0 0 0
1284 0 0 3 0 0
1299 0 0 3 0 0
1314 3 0 0 0 0
1329 3 0 0 0 0
1344 3 0 3 0 0
1359 3 0 0 0 0
1374 3 0 0 0 0
1389 3 0 0 0 0
1404 3 0 3 0 0
1419 3 0 3 0 0
1434 3 0 0 3 0
1449 3 0 0 3 0
1452 3 0 0 3 0
1467 3 0 0 3 0
1482 3 0 0 3 0
1497 3 0 0 3 0
1512 0 0 0 3 0
1527 3 0 3 0 0
1537 3 0 3 0 0
1540 3 0 3 0 0
1555 3 0 0 0 0
1570 3 0 0 0 0
1585 3 0 0 0 0
1600 0 0 0 0 0
1615 0 0 0 0 0
1630 0 0 0 0 0
1635 0 0 0 0 0
1790 0 3 0 0 0
1802 0 0 3 0 0
1818 0 0 0 3 0
