193 3 0 3 0 0
208 3 0 3 0 0
223 3 0 3 0 0
238 3 0 3 0 0
253 3 0 3 0 0
268 3 0 3 0 0
283 0 0 3 0 0
298 0 0 3 0 0
313 3 0 0 3 0
328 3 0 0 3 0
337 3 0 0 3 0
340 0 0 0 3 0
355 0 0 0 3 0
370 0 0 0 3 0
385 0 0 0 3 0
400 0 0 0 3 0
415 3 0 0 3 0
430 3 0 0 3 0
445 3 0 0 0 0
460 3 0 0 3 0
475 3 0 3 0 0
490 3 0 0 3 0
505 3 0 0 3 0
520 3 0 0 3 0
535 3 0 0 3 0
550 3 0 0 3 0
565 3 0 0 3 0
580 3 0 0 3 0
595 3 0 0 3 0
610 3 0 0 3 0
625 3 0 0 3 0
640 3 0 0 3 0
655 3 0 0 3 0
668 3 0 0 3 0
671 3 0 0 3 0
686 3 0 3 0 0
701 3 0 3 0 0
716 3 0 3 0 0
731 3 0 3 0 0
746 3 0 0 0 0
761 3 0 0 0 0
776 0 0 3 0 0
791 0 0 3 0 0
806 0 0 3 0 0
821 0 0 3 0 0
836 0 0 3 0 0
851 0 3 0 3 0
859 0 3 0 3 0
862 0 0 0 3 0
877 0 0 0 0 0
892 0 0 0 0 0
907 0 0 0 3 0
922 0 0 0 3 0
937 0 0 3 0 0
952 0 3 3 0 0
967 0 3 3 0 0
982 0 3 3 0 0
997 0 3 3 0 0
1012 3 0 0 3 0
1027 3 0 0 0 0
1042 3 0 0 0 0
1055 3 0 0 0 0
1058 3 0 0 0 0
1073 3 0 3 0 0
1088 3 0 3 0 0
1103 3 0 3 0 0
1118 0 0 0 0 0
1133 0 0 0 3 0
1146 0 0 0 3 0
1149 0 0 0 3 0
1164 0 0 0 3 0
1179 3 0 0 3 0
1194 3 0 0 3 0
1209 0 0 0 3 0
1224 3 0 0 3 0
1239 3 0 0 0 0
1254 3 0 0 0 0
1269 3 0 0 0 0
1284 3 0 0 3 0
1303 3 0 3 0 0
1306 3 0 3 0 0
1321 3 0 3 0 0
1336 3 0 3 0 0
1351 3 0 0 0 0
1366 3 0 3 0 0
1381 0 0 3 0 0
1396 0 0 3 0 0
1411 0 0 3 0 0
1426 0 0 0 0 0
1441 0 0 3 0 0
1456 0 0 3 0 0
1467 0 0 0 3 0
1470 0 0 0 3 0
1485 0 0 0 0 0
1500 0 0 0 0 0
1515 0 0 0 0 0
1530 0 0 0 0 0
1545 0 0 0 0 0
1560 0 0 0 0 0
1568 0 0 0 0 0
