1 0 0 0 0 0
16 0 0 0 0 0
31 0 0 0 0 0
46 0 0 0 0 0
59 0 0 0 0 0
62 0 0 0 0 0
77 0 3 3 0 0
92 0 3 3 0 0
107 0 3 3 0 0
122 0 3 3 0 0
137 0 3 3 0 0
152 0 0 0 3 0
167 3 0 0 0 0
183 3 0 0 0 0
186 0 0 0 0 0
198 3 0 3 0 0
210 3 0 0 3 0
219 3 0 0 3 0
222 3 0 0 3 0
237 3 0 0 3 0
252 3 0 0 3 0
268 3 0 3 0 0
271 3 0 3 0 0
286 3 0 3 0 0
301 3 0 3 0 0
316 3 0 3 0 0
331 0 0 3 0 0
346 0 0 3 0 0
361 0 0 3 0 0
376 0 0 3 0 0
391 0 0 3 0 0
406 0 0 3 0 0
421 0 0 0 3 0
438 0 0 0 0 0
441 0 0 0 0 0
456 0 0 0 0 0
471 0 0 0 3 0
486 0 0 0 0 0
501 0 0 0 0 0
514 0 0 3 0 0
517 0 3 3 0 0
532 0 3 3 0 0
547 0 3 3 0 0
562 0 3 3 0 0
577 0 3 0 3 0
592 0 3 0 3 0
607 3 0 0 3 0
622 3 0 0 3 0
636 3 0 0 3 0
639 3 0 0 3 0
654 3 0 0 3 0
669 3 0 0 3 0
674 3 0 0 3 0
677 3 0 0 3 0
692 3 0 0 0 0
707 3 0 0 3 0
722 3 0 0 3 0
732 3 0 3 0 0
735 3 0 3 0 0
750 3 0 3 0 0
765 3 0 3 0 0
780 3 0 0 0 0
795 0 0 3 0 0
810 0 0 3 0 0
825 0 0 0 0 0
840 0 0 3 0 0
855 0 0 0 0 0
870 0 0 3 0 0
885 0 0 3 0 0
900 0 0 3 0 0
915 0 0 3 0 0
930 0 0 0 3 0
941 0 0 0 3 0
944 0 0 0 3 0
959 0 0 0 0 0
974 0 0 0 0 0
989 0 0 0 0 0
1004 0 0 0 3 0
1019 0 0 0 3 0
1034 0 0 0 3 0
1043 0 3 0 0 0
