41 0 0 0 0 0
56 0 0 0 0 0
71 0 0 0 3 0
86 0 0 0 3 0
101 0 0 0 0 0
116 0 0 0 0 0
131 0 0 0 0 0
146 0 0 0 0 0
161 0 3 3 0 0
168 0 0 3 0 0
171 0 0 3 0 0
186 0 3 3 0 0
201 0 0 0 3 0
216 3 0 0 0 0
235 3 0 0 0 0
238 3 0 0 0 0
253 3 0 0 0 0
268 3 0 0 0 0
283 3 0 3 0 0
298 3 0 0 3 0
308 3 0 0 0 0
311 3 0 0 3 0
326 3 0 0 3 0
341 3 0 3 0 0
356 3 0 3 0 0
371 0 0 3 0 0
386 0 0 3 0 0
401 3 0 3 0 0
416 0 0 0 0 0
431 0 0 3 0 0
446 3 0 3 0 0
461 3 0 3 0 0
476 0 0 3 0 0
491 0 0 3 0 0
506 0 0 3 0 0
521 0 0 0 0 0
536 3 0 3 0 0
551 3 0 3 0 0
566 3 0 3 0 0
581 3 0 0 3 0
596 3 0 0 3 0
611 3 0 0 3 0
622 0 0 3 0 0
625 3 0 3 0 0
640 0 0 3 0 0
655 0 0 0 0 0
670 3 0 0 0 0
685 3 0 0 0 0
700 3 0 0 0 0
715 3 0 0 0 0
732 0 3 0 3 0
735 0 0 0 0 0
750 0 0 0 0 0
765 0 0 0 3 0
780 0 0 0 0 0
795 0 0 0 0 0
810 0 3 0 0 0
829 0 0 0 0 0
832 0 0 0 0 0
847 0 0 3 0 0
862 0 0 3 0 0
877 0 3 3 0 0
892 0 0 3 0 0
907 0 0 3 0 0
922 0 3 0 0 0
937 0 0 0 0 0
952 3 0 0 3 0
967 0 0 0 3 0
982 3 0 3 0 0
987 0 0 3 0 0
990 0 0 3 0 0
1005 3 0 3 0 0
1020 3 0 0 0 0
1035 3 0 3 0 0
1050 0 0 0 0 0
1065 0 0 3 0 0
1080 0 0 3 0 0
1095 3 0 0 0 0
1110 0 0 0 0 0
1118 0 0 0 0 0
1121 0 0 0 0 0
1136 0 0 0 3 0
1151 0 0 0 3 0
1166 0 0 0 0 0
1172 0 0 0 0 0
1175 0 0 3 0 0
1190 0 0 3 0 0
1205 0 0 3 0 0
1220 3 0 0 0 0
1235 3 0 0 0 0
1250 3 0 0 0 0
1265 3 0 0 0 0
1274 0 3 0 0 0
1277 0 0 0 0 0
1292 0 0 0 0 0
1307 0 0 0 0 0
1322 0 0 0 0 0
1337 0 0 0 0 0
1346 0 0 0 0 0
