175 0 0 0 0 0
190 0 0 0 0 0
205 0 0 0 0 0
220 0 0 0 0 0
235 0 0 0 0 0
250 0 3 0 0 0
265 0 3 0 0 0
280 0 3 0 0 0
295 0 3 0 0 0
310 0 3 0 0 0
325 0 3 0 3 0
340 0 3 0 3 0
355 0 3 0 3 0
370 0 0 3 0 0
385 0 0 3 0 0
400 0 0 3 0 0
415 0 0 3 0 0
430 3 0 0 3 0
445 3 0 0 3 0
460 0 0 0 0 0
466 0 0 0 0 0
469 0 0 0 0 0
484 0 0 0 3 0
499 3 0 0 3 0
514 0 0 0 3 0
529 0 0 0 3 0
536 0 0 0 3 0
539 3 0 0 3 0
554 0 3 0 3 0
569 0 3 0 3 0
584 0 3 0 3 0
599 0 3 3 0 0
610 3 0 3 0 0
613 3 0 3 0 0
628 3 0 0 0 0
643 3 0 3 0 0
658 3 0 0 0 0
673 3 0 0 3 0
688 3 0 0 0 0
703 0 3 0 0 0
718 0 3 0 3 0
733 0 3 0 3 0
748 0 3 0 0 0
763 0 3 0 3 0
778 0 3 0 0 0
793 0 3 0 3 0
808 0 3 3 0 0
823 0 3 0 0 0
838 0 3 0 0 0
853 3 0 0 0 0
868 3 0 0 0 0
883 3 0 0 0 0
898 3 0 0 0 0
913 3 0 0 0 0
928 3 0 0 0 0
943 3 0 0 3 0
958 3 0 0 0 0
973 0 3 0 0 0
988 0 3 3 0 0
1003 0 3 3 0 0
1018 0 0 3 0 0
1033 0 0 3 0 0
1048 3 0 3 0 0
1063 3 0 3 0 0
1078 0 0 0 0 0
1093 0 0 0 0 0
1108 0 0 0 3 0
1123 0 0 0 0 0
1136 0 0 0 0 0
1139 0 0 0 0 0
1154 0 0 0 0 0
1169 0 3 0 0 0
1184 0 0 0 0 0
1199 0 0 0 0 0
1214 3 0 0 0 0
1229 3 0 0 0 0
1244 3 0 0 0 0
1259 3 0 0 3 0
1274 0 3 3 0 0
1289 0 0 3 0 0
1304 0 0 3 0 0
1319 0 0 3 0 0
1334 0 3 3 0 0
1349 0 3 0 0 0
1364 3 0 3 0 0
1379 0 3 0 0 0
1394 0 0 0 0 0
1409 0 0 3 0 0
1424 0 3 0 0 0
1439 0 3 0 0 0
1454 0 0 0 0 0
1469 0 3 0 0 0
1484 0 3 0 0 0
1499 0 3 3 0 0
1514 3 0 3 0 0
1529 3 0 0 0 0
1544 3 0 0 0 0
1559 3 0 0 3 0
1574 0 3 3 0 0
1589 0 3 3 0 0
1604 0 0 3 0 0
1619 0 0 0 0 0
1634 0 3 0 0 0
1649 3 0 0 0 0
1664 3 0 0 0 0
1679 3 0 0 0 0
1687 3 0 0 0 0
1690 3 0 0 0 0
1705 0 0 3 0 0
1720 0 0 0 0 0
1735 0 3 0 3 0
1749 0 0 0 3 0
1752 0 0 0 3 0
1767 0 0 0 3 0
1782 0 0 0 3 0
1797 0 0 0 0 0
1812 0 0 0 0 0
1827 0 0 0 0 0
1842 0 0 0 0 0
1857 0 0 0 0 0
1872 0 0 0 3 0
1887 0 0 0 3 0
1902 0 0 3 0 0
1913 0 0 3 0 0
1916 0 0 0 0 0
1931 0 0 3 0 0
1946 0 0 3 0 0
1961 0 0 0 0 0
1976 0 0 0 0 0
1991 0 0 3 0 0
2006 0 0 3 0 0
2021 0 0 3 0 0
2036 0 0 3 0 0
2051 0 0 3 0 0
2066 0 0 3 0 0
2081 0 0 3 0 0
2096 0 0 3 0 0
2111 0 0 3 0 0
2126 0 0 3 0 0
2141 0 0 3 0 0
2156 0 0 3 0 0
2171 0 0 3 0 0
2186 0 0 3 0 0
2201 0 0 3 0 0
2216 0 0 3 0 0
2231 0 0 3 0 0
2246 0 0 0 3 0
2261 0 0 0 3 0
2273 0 0 0 3 0
2276 0 0 0 3 0
2291 0 0 0 0 0
2306 0 0 0 0 0
2321 0 0 0 0 0
2336 0 0 0 0 0
2351 0 0 0 0 0
2359 0 0 0 0 0
