8 0 0 0 0 0
23 0 3 0 3 0
38 0 0 0 0 0
53 0 3 0 0 0
68 0 0 0 0 0
83 0 0 0 0 0
98 3 0 0 0 0
113 3 0 0 0 0
130 3 0 0 0 0
133 0 0 0 0 0
148 3 0 3 0 0
163 3 0 0 0 0
178 0 0 3 0 0
193 0 0 3 0 0
208 3 0 0 0 0
223 3 0 3 0 0
228 3 0 3 0 0
231 3 0 3 0 0
246 3 0 3 0 0
261 3 0 0 3 0
276 0 3 0 3 0
291 0 3 0 3 0
306 0 0 0 0 0
311 0 0 3 0 0
314 0 0 3 0 0
329 0 3 3 0 0
344 0 3 3 0 0
359 0 3 0 0 0
374 0 3 3 0 0
389 0 3 3 0 0
404 0 3 0 0 0
419 0 3 0 0 0
434 0 3 3 0 0
449 0 0 3 0 0
464 0 0 3 0 0
479 0 0 3 0 0
494 0 3 3 0 0
509 3 0 3 0 0
524 0 0 3 0 0
539 0 0 0 3 0
554 0 0 0 0 0
569 0 0 0 3 0
584 0 0 0 0 0
599 0 0 0 0 0
614 0 0 0 3 0
629 0 0 0 0 0
644 0 0 0 0 0
659 0 0 0 0 0
674 0 0 0 0 0
689 0 3 0 0 0
704 3 0 0 0 0
719 3 0 0 0 0
734 0 3 0 0 0
741 0 3 0 0 0
744 0 0 0 0 0
759 0 0 0 0 0
774 0 0 0 0 0
789 0 3 0 0 0
804 0 3 0 0 0
819 0 0 0 0 0
834 0 0 0 0 0
841 0 0 0 0 0
844 0 0 0 0 0
859 3 0 0 0 0
874 3 0 0 0 0
889 3 0 0 0 0
904 0 0 3 0 0
919 3 0 0 0 0
934 0 0 0 0 0
952 3 0 3 0 0
955 3 0 3 0 0
970 3 0 3 0 0
985 3 0 3 0 0
1000 3 0 3 0 0
1015 3 0 0 3 0
1030 3 0 0 0 0
1045 3 0 0 0 0
1060 3 0 0 0 0
1075 3 0 0 0 0
1090 3 0 0 0 0
1105 3 0 0 0 0
1108 3 0 0 0 0
1123 3 0 3 0 0
1138 3 0 3 0 0
1153 3 0 3 0 0
1168 0 0 3 0 0
1183 3 0 3 0 0
1198 0 0 0 0 0
1213 3 0 0 0 0
1228 3 0 3 0 0
1243 3 0 0 0 0
1258 3 0 0 0 0
1273 0 0 0 3 0
1284 0 0 0 0 0
1287 0 0 0 0 0
1302 0 0 0 3 0
1317 0 0 3 0 0
1332 0 0 3 0 0
1347 0 0 0 0 0
1353 0 0 0 0 0
