1 0 3 3 0 0
13 3 0 0 3 0
25 0 3 0 0 0
32 3 0 0 0 0
35 3 0 0 0 0
50 3 0 3 0 0
65 0 0 0 3 0
84 3 0 0 3 0
87 3 0 0 3 0
102 3 0 0 3 0
117 3 0 0 3 0
131 3 0 3 0 0
134 3 0 3 0 0
149 3 0 3 0 0
164 3 0 0 0 0
179 0 0 0 3 0
194 0 0 0 0 0
209 0 0 3 0 0
224 3 0 0 0 0
239 0 0 0 0 0
254 0 0 0 0 0
269 0 0 0 0 0
284 0 0 0 0 0
299 0 0 0 0 0
314 3 0 0 0 0
329 0 0 0 0 0
344 0 0 0 0 0
352 0 0 0 0 0
355 0 0 0 0 0
370 0 0 0 0 0
385 0 0 0 3 0
400 0 0 0 3 0
413 0 0 3 0 0
416 0 0 3 0 0
431 0 0 3 0 0
446 0 3 3 0 0
461 3 0 0 3 0
475 3 0 0 0 0
478 3 0 0 0 0
493 3 0 3 0 0
508 3 0 3 0 0
523 0 3 3 0 0
538 3 0 3 0 0
553 3 0 0 3 0
568 3 0 0 3 0
583 3 0 0 0 0
589 0 0 0 0 0
592 3 0 0 3 0
607 0 3 0 3 0
622 0 3 0 3 0
637 0 3 0 3 0
652 0 3 0 0 0
667 0 3 0 0 0
682 0 0 0 0 0
697 0 0 0 0 0
707 0 0 0 0 0
710 0 3 0 0 0
725 0 3 3 0 0
740 3 0 0 0 0
755 3 0 3 0 0
770 3 0 3 0 0
785 3 0 0 0 0
800 3 0 3 0 0
815 3 0 3 0 0
830 0 3 0 0 0
839 0 3 0 3 0
842 0 3 0 0 0
857 0 0 0 0 0
872 0 0 0 0 0
887 0 0 0 0 0
894 0 0 0 0 0
