45 0 0 3 0 0
60 0 0 3 0 0
75 0 3 3 0 0
83 0 3 3 0 0
86 0 3 3 0 0
101 0 3 3 0 0
116 0 3 3 0 0
131 0 3 3 0 0
146 0 3 3 0 0
161 3 0 0 0 0
176 3 0 0 0 0
183 3 0 3 0 0
186 3 0 3 0 0
201 3 0 3 0 0
216 3 0 3 0 0
231 3 0 3 0 0
246 3 0 0 0 0
261 3 0 0 0 0
276 3 0 0 3 0
289 3 0 0 3 0
292 3 0 0 3 0
307 3 0 0 3 0
322 3 0 0 3 0
337 3 0 0 3 0
352 3 0 0 3 0
367 3 0 3 0 0
370 3 0 3 0 0
385 3 0 3 0 0
400 3 0 3 0 0
415 3 0 3 0 0
430 3 0 3 0 0
445 3 0 3 0 0
460 3 0 3 0 0
475 3 0 0 0 0
490 3 0 0 0 0
505 3 0 0 0 0
520 3 0 0 0 0
535 3 0 3 0 0
550 3 0 3 0 0
565 0 0 3 0 0
580 3 0 3 0 0
595 3 0 0 0 0
610 0 0 0 0 0
625 3 0 0 0 0
640 0 0 0 3 0
655 0 0 0 0 0
670 0 0 3 0 0
685 0 0 0 0 0
700 0 0 0 0 0
715 0 3 0 0 0
730 0 0 0 0 0
745 0 0 0 0 0
760 0 0 0 3 0
775 0 3 0 0 0
781 0 3 0 0 0
784 0 3 0 0 0
799 0 3 0 0 0
814 0 3 0 0 0
829 0 3 0 0 0
844 0 3 0 0 0
859 0 3 0 0 0
874 0 3 0 0 0
889 0 3 0 0 0
904 0 0 0 0 0
919 0 3 0 0 0
934 0 3 0 3 0
949 0 3 0 0 0
964 0 3 0 0 0
979 3 0 0 0 0
994 0 3 0 0 0
1009 0 3 0 0 0
1024 0 0 3 0 0
1039 0 3 0 0 0
1054 0 3 3 0 0
1069 0 3 0 3 0
1084 0 3 3 0 0
1099 0 3 3 0 0
1114 0 0 3 0 0
1129 0 3 3 0 0
1144 3 0 0 0 0
1159 3 0 0 0 0
1174 3 0 0 0 0
1189 3 0 3 0 0
1204 0 3 0 0 0
1219 0 3 3 0 0
1234 0 3 3 0 0
1249 0 3 0 0 0
1257 0 3 0 0 0
1260 0 3 3 0 0
1275 0 3 3 0 0
1290 0 3 3 0 0
1305 0 3 0 3 0
1320 0 3 0 3 0
1327 0 3 0 3 0
1330 0 3 0 3 0
1345 0 3 0 3 0
1360 0 3 0 3 0
1375 0 3 0 3 0
1390 0 3 0 3 0
1405 0 3 0 3 0
1420 0 3 0 0 0
1435 0 3 0 0 0
1450 0 3 0 0 0
1465 0 3 0 3 0
1480 0 3 3 0 0
1485 0 3 3 0 0
1488 0 3 3 0 0
1503 0 3 3 0 0
1518 0 3 3 0 0
1533 0 3 0 0 0
1548 0 0 3 0 0
1563 0 0 3 0 0
1578 0 3 3 0 0
1593 0 0 3 0 0
1608 0 0 0 0 0
1624 0 0 0 0 0
1627 0 0 0 3 0
1642 0 0 0 3 0
1657 0 0 0 0 0
1672 0 0 0 0 0
1687 0 0 0 0 0
1702 0 0 0 0 0
1717 0 0 0 0 0
1733 0 0 0 0 0
