40 0 0 0 0 0
55 0 0 0 0 0
70 0 3 0 0 0
85 0 3 0 0 0
100 0 3 0 0 0
115 0 3 0 0 0
133 0 3 0 0 0
136 0 3 0 0 0
151 0 3 3 0 0
166 0 0 3 0 0
181 0 0 0 3 0
196 0 3 0 3 0
211 0 3 0 3 0
226 0 3 0 3 0
241 3 0 0 0 0
256 3 0 0 0 0
268 3 0 0 0 0
271 3 0 0 0 0
286 0 0 3 0 0
301 3 0 0 0 0
316 3 0 3 0 0
331 3 0 3 0 0
346 3 0 0 0 0
361 0 3 0 3 0
366 0 3 0 3 0
369 0 3 0 3 0
384 0 3 0 0 0
399 0 3 0 3 0
414 0 3 0 3 0
432 0 3 3 0 0
435 0 0 3 0 0
450 0 3 0 0 0
465 0 3 3 0 0
480 0 3 3 0 0
495 3 0 3 0 0
510 3 0 3 0 0
525 0 0 3 0 0
540 0 0 3 0 0
555 0 0 3 0 0
570 0 0 3 0 0
585 0 0 3 0 0
600 0 3 0 3 0
612 0 0 0 0 0
615 0 3 0 0 0
630 0 0 0 0 0
645 0 0 0 0 0
660 0 0 0 0 0
675 0 0 0 0 0
690 0 0 0 0 0
705 0 0 0 0 0
715 0 0 0 0 0
718 0 0 3 0 0
733 0 0 3 0 0
748 0 0 3 0 0
763 0 3 3 0 0
778 0 0 3 0 0
793 0 3 3 0 0
808 3 0 0 3 0
823 3 0 0 0 0
842 3 0 0 0 0
845 3 0 0 0 0
860 3 0 3 0 0
875 3 0 0 0 0
890 3 0 0 0 0
905 3 0 3 0 0
920 3 0 3 0 0
935 3 0 0 0 0
954 3 0 0 3 0
957 3 0 0 3 0
972 3 0 0 3 0
987 3 0 0 3 0
1002 3 0 3 0 0
1008 3 0 3 0 0
1011 3 0 3 0 0
1026 3 0 3 0 0
1041 3 0 0 0 0
1056 3 0 3 0 0
1071 0 0 3 0 0
1086 0 0 3 0 0
1101 0 0 3 0 0
1116 0 0 3 0 0
1131 0 0 3 0 0
1146 0 0 0 3 0
1155 0 0 0 3 0
1158 0 0 0 3 0
1173 0 0 0 0 0
1188 0 0 0 0 0
1203 0 0 0 0 0
1218 0 0 0 0 0
1233 0 0 0 0 0
1248 0 0 0 0 0
1255 0 0 0 0 0
