89 0 0 0 0 0
104 0 0 0 0 0
119 0 0 0 0 0
134 0 0 0 3 0
149 0 0 0 0 0
164 0 0 0 0 0
179 0 0 0 0 0
194 0 0 0 0 0
209 0 0 0 0 0
224 0 0 0 0 0
239 0 0 0 0 0
254 0 0 0 0 0
269 0 0 0 0 0
284 0 0 0 0 0
299 0 0 0 0 0
314 0 0 0 0 0
329 0 0 0 0 0
344 0 0 0 0 0
349 0 0 0 0 0
352 0 0 0 0 0
367 0 0 0 0 0
382 3 0 3 0 0
397 3 0 3 0 0
412 0 0 0 0 0
427 3 0 0 3 0
438 3 0 0 3 0
441 3 0 0 3 0
456 3 0 0 3 0
471 3 0 0 3 0
486 3 0 0 3 0
501 3 0 0 3 0
516 3 0 0 3 0
531 3 0 0 3 0
546 3 0 0 3 0
561 3 0 0 3 0
576 3 0 0 0 0
591 3 0 0 3 0
606 3 0 3 0 0
621 0 0 0 0 0
636 3 0 0 0 0
651 0 0 0 0 0
666 3 0 0 3 0
681 3 0 0 3 0
696 3 0 0 0 0
711 3 0 0 0 0
726 3 0 0 3 0
741 3 0 0 3 0
756 3 0 0 3 0
771 3 0 0 3 0
786 3 0 0 0 0
801 3 0 0 0 0
816 3 0 0 0 0
831 3 0 0 3 0
846 3 0 0 3 0
861 3 0 0 3 0
876 0 0 0 0 0
891 0 0 0 0 0
906 3 0 3 0 0
921 3 0 0 3 0
936 3 0 0 3 0
951 3 0 0 3 0
966 3 0 0 0 0
981 3 0 0 0 0
996 3 0 0 0 0
1011 3 0 0 3 0
1026 3 0 0 3 0
1041 0 0 0 0 0
1056 3 0 0 3 0
1071 3 0 0 3 0
1086 3 0 0 3 0
1101 3 0 0 3 0
1116 3 0 0 0 0
1131 3 0 0 0 0
1146 3 0 0 0 0
1161 3 0 0 0 0
1176 3 0 3 0 0
1187 3 0 3 0 0
1190 3 0 3 0 0
1205 3 0 3 0 0
1220 3 0 3 0 0
1235 0 0 0 0 0
1250 3 0 3 0 0
1265 3 0 3 0 0
1280 3 0 3 0 0
1295 3 0 3 0 0
1310 3 0 3 0 0
1325 0 3 0 3 0
1340 0 0 0 0 0
1343 0 0 0 0 0
1358 0 0 0 0 0
1373 0 0 0 3 0
1388 0 3 0 3 0
1403 0 3 0 3 0
1418 0 0 0 3 0
1433 0 0 0 3 0
1448 0 3 0 3 0
1463 0 0 0 0 0
1478 0 0 0 0 0
1493 0 0 0 0 0
1508 0 0 0 0 0
1523 0 0 0 0 0
1538 0 0 0 0 0
1553 0 0 0 0 0
1568 0 0 0 0 0
1583 0 0 0 0 0
1598 0 0 0 0 0
1613 0 0 0 0 0
1628 0 0 0 0 0
1643 0 0 0 0 0
1658 0 0 0 0 0
1673 0 0 0 0 0
1688 0 0 0 3 0
1702 3 0 0 3 0
1705 3 0 0 3 0
1720 3 0 3 0 0
1735 3 0 3 0 0
1750 3 0 3 0 0
1765 3 0 0 3 0
1780 3 0 0 3 0
1797 3 0 0 3 0
1800 3 0 0 3 0
1815 3 0 0 3 0
1830 0 0 0 3 0
1845 3 0 0 3 0
1860 3 0 0 3 0
1875 0 0 0 0 0
1890 3 0 0 3 0
1905 3 0 0 3 0
1920 3 0 0 3 0
1935 3 0 0 3 0
1950 3 0 0 3 0
1965 3 0 0 3 0
1980 3 0 0 3 0
1995 3 0 0 3 0
2010 0 0 0 0 0
2025 3 0 0 0 0
2040 3 0 0 3 0
2055 3 0 0 3 0
2070 0 0 0 0 0
2085 0 0 0 0 0
2100 3 0 3 0 0
2115 3 0 0 0 0
2130 3 0 0 0 0
2145 0 0 0 0 0
2160 0 0 0 0 0
2175 3 0 0 3 0
2190 3 0 0 3 0
2205 3 0 3 0 0
2220 3 0 3 0 0
2233 3 0 3 0 0
2236 3 0 3 0 0
2251 3 0 3 0 0
2266 3 0 3 0 0
2281 3 0 3 0 0
2296 3 0 0 0 0
2311 3 0 3 0 0
2326 3 0 0 0 0
2341 3 0 3 0 0
2356 3 0 3 0 0
2371 3 0 3 0 0
2386 3 0 3 0 0
2401 3 0 3 0 0
2416 3 0 3 0 0
2431 3 0 3 0 0
2446 3 0 3 0 0
2461 3 0 3 0 0
2476 3 0 3 0 0
2491 3 0 3 0 0
2502 0 3 0 3 0
2505 0 3 0 0 0
2520 0 0 0 0 0
2535 3 0 0 3 0
2550 3 0 0 3 0
2565 3 0 0 0 0
2580 3 0 0 0 0
2598 3 0 0 0 0
