1 0 3 3 0 0
16 0 3 3 0 0
31 3 0 0 0 0
50 3 0 0 0 0
53 3 0 0 0 0
68 3 0 3 0 0
83 3 0 0 0 0
98 0 0 0 0 0
113 3 0 3 0 0
127 3 0 0 3 0
130 3 0 0 3 0
145 3 0 0 3 0
160 3 0 0 0 0
175 3 0 0 0 0
190 3 0 0 0 0
205 3 0 0 0 0
220 3 0 0 0 0
236 3 0 0 0 0
239 3 0 3 0 0
254 3 0 3 0 0
269 3 0 0 0 0
284 0 0 0 0 0
299 3 0 0 0 0
314 3 0 0 0 0
329 0 0 0 0 0
344 0 0 3 0 0
359 0 0 3 0 0
374 3 0 3 0 0
389 0 0 0 3 0
398 0 3 0 0 0
401 0 0 0 0 0
416 0 0 0 0 0
431 0 0 0 3 0
446 0 0 0 3 0
460 0 0 3 0 0
463 0 0 3 0 0
478 0 0 3 0 0
493 0 3 0 0 0
508 0 3 3 0 0
523 3 0 0 0 0
538 3 0 0 0 0
541 3 0 0 0 0
556 3 0 3 0 0
571 0 0 3 0 0
586 3 0 0 3 0
595 3 0 0 3 0
598 3 0 0 3 0
613 3 0 0 3 0
628 3 0 0 0 0
643 0 0 0 0 0
649 3 0 0 0 0
652 0 0 0 0 0
667 3 0 0 0 0
682 3 0 0 3 0
697 3 0 0 3 0
712 3 0 0 0 0
727 3 0 0 3 0
742 3 0 0 0 0
757 3 0 0 0 0
772 3 0 0 0 0
787 3 0 0 3 0
802 3 0 0 0 0
817 3 0 0 3 0
832 3 0 0 0 0
847 0 0 3 0 0
862 3 0 3 0 0
877 0 0 3 0 0
892 3 0 3 0 0
907 3 0 3 0 0
917 0 0 0 3 0
920 0 0 0 3 0
935 0 0 0 0 0
950 3 0 3 0 0
965 3 0 0 0 0
982 3 0 0 0 0
