60 0 0 0 0 0
75 0 0 0 0 0
90 0 0 0 0 0
105 0 0 0 0 0
121 0 0 0 0 0
124 0 0 0 0 0
139 0 0 3 0 0
154 0 3 0 3 0
169 0 3 0 3 0
184 0 3 0 3 0
199 0 3 0 3 0
214 0 3 0 0 0
229 3 0 0 3 0
244 3 0 0 0 0
263 3 0 0 0 0
266 3 0 0 0 0
281 3 0 3 0 0
296 3 0 3 0 0
311 3 0 3 0 0
326 3 0 3 0 0
341 3 0 0 3 0
359 3 0 0 3 0
362 3 0 0 0 0
377 0 0 0 3 0
392 0 0 0 3 0
407 0 3 0 3 0
422 0 3 3 0 0
427 0 3 3 0 0
430 0 3 3 0 0
445 3 0 3 0 0
460 3 0 0 0 0
475 3 0 0 0 0
490 3 0 3 0 0
505 0 0 3 0 0
520 0 0 3 0 0
535 0 0 3 0 0
550 0 0 3 0 0
565 0 0 3 0 0
580 0 0 3 0 0
595 0 0 3 0 0
610 0 0 0 3 0
625 0 3 0 3 0
638 0 3 0 3 0
641 0 3 0 0 0
656 0 0 0 0 0
671 0 0 0 3 0
686 0 0 0 0 0
701 0 0 0 3 0
716 0 0 0 0 0
731 0 0 0 3 0
746 0 0 0 3 0
761 0 0 0 3 0
776 0 0 3 0 0
783 0 0 3 0 0
786 0 0 0 0 0
801 0 0 0 3 0
816 0 0 0 3 0
831 0 0 0 3 0
846 0 3 0 3 0
861 0 3 0 3 0
876 3 0 0 3 0
891 3 0 0 3 0
906 3 0 0 0 0
921 3 0 0 0 0
931 3 0 0 0 0
934 3 0 0 0 0
949 3 0 3 0 0
964 3 0 3 0 0
979 3 0 3 0 0
994 3 0 0 3 0
1009 3 0 0 0 0
1016 3 0 0 0 0
1019 3 0 0 3 0
1034 0 0 0 3 0
1049 0 3 0 3 0
1064 0 3 0 3 0
1079 0 3 0 3 0
1091 0 3 3 0 0
1094 0 3 3 0 0
1109 0 0 3 0 0
1124 3 0 3 0 0
1139 3 0 0 0 0
1154 3 0 3 0 0
1169 0 0 3 0 0
1184 0 0 3 0 0
1199 0 0 0 0 0
1214 0 0 0 0 0
1229 0 0 0 0 0
1244 0 3 0 0 0
1263 0 0 0 0 0
1266 0 0 0 0 0
1281 0 0 0 0 0
1296 0 0 0 0 0
1311 0 0 0 0 0
1326 0 0 0 0 0
1341 0 0 0 0 0
1356 0 0 0 0 0
1361 0 0 0 0 0
