1 0 0 0 3 0
16 0 0 0 0 0
31 0 0 0 3 0
46 0 0 0 3 0
61 0 0 3 0 0
76 0 0 3 0 0
89 0 0 3 0 0
92 0 0 3 0 0
107 0 0 3 0 0
122 0 0 0 0 0
137 0 3 0 0 0
152 3 0 0 0 0
167 3 0 0 3 0
182 3 0 0 3 0
197 3 0 0 3 0
212 3 0 0 3 0
227 3 0 0 3 0
242 3 0 0 0 0
252 0 0 0 0 0
255 0 0 0 0 0
270 0 0 0 0 0
285 0 0 0 0 0
300 0 0 3 0 0
315 3 0 3 0 0
330 3 0 3 0 0
345 3 0 0 0 0
360 3 0 3 0 0
375 0 0 3 0 0
390 3 0 3 0 0
405 3 0 0 3 0
414 0 0 0 3 0
417 0 0 0 3 0
432 0 0 0 3 0
447 0 0 0 0 0
462 3 0 0 0 0
477 0 0 3 0 0
483 0 0 3 0 0
486 0 0 3 0 0
501 0 0 3 0 0
516 3 0 0 0 0
531 3 0 0 0 0
546 0 0 3 0 0
561 0 0 0 0 0
576 0 0 3 0 0
591 0 0 0 0 0
606 0 0 3 0 0
621 0 0 3 0 0
636 0 0 3 0 0
651 0 0 3 0 0
666 0 0 3 0 0
681 0 0 3 0 0
696 0 0 3 0 0
711 3 0 3 0 0
726 0 0 3 0 0
741 0 0 3 0 0
756 0 0 3 0 0
771 0 0 3 0 0
786 0 0 3 0 0
801 0 3 3 0 0
816 0 3 3 0 0
831 0 3 3 0 0
846 3 0 3 0 0
861 0 0 3 0 0
876 0 3 3 0 0
891 0 3 3 0 0
906 0 3 3 0 0
921 0 3 3 0 0
936 3 0 3 0 0
951 3 0 3 0 0
966 3 0 3 0 0
981 3 0 3 0 0
996 0 0 3 0 0
1011 3 0 3 0 0
1026 0 0 3 0 0
1041 0 0 0 3 0
1048 0 0 0 3 0
1051 0 0 0 3 0
1066 0 0 0 0 0
1081 0 0 0 0 0
1096 0 0 0 0 0
1111 0 0 0 3 0
1126 0 0 0 3 0
1141 0 0 0 3 0
1156 0 3 0 0 0
1171 0 0 3 0 0
1187 0 3 3 0 0
1190 0 0 3 0 0
1205 0 0 3 0 0
1220 0 0 3 0 0
1235 0 3 3 0 0
1250 0 3 3 0 0
1265 0 3 3 0 0
1280 3 0 0 3 0
1295 3 0 0 3 0
1310 3 0 0 0 0
1325 3 0 0 0 0
1340 3 0 0 0 0
1355 3 0 0 0 0
1370 3 0 0 3 0
1385 3 0 0 0 0
1400 3 0 3 0 0
1415 3 0 3 0 0
1430 3 0 3 0 0
1445 3 0 3 0 0
1460 3 0 3 0 0
1475 3 0 0 0 0
1490 0 0 0 0 0
1505 3 0 0 0 0
1520 3 0 0 3 0
1535 3 0 0 0 0
1550 3 0 0 3 0
1565 3 0 0 3 0
1580 0 3 3 0 0
1595 0 3 3 0 0
1610 0 3 3 0 0
1625 3 0 3 0 0
1640 3 0 0 3 0
1655 3 0 0 0 0
1670 3 0 0 0 0
1685 3 0 0 0 0
1700 3 0 0 3 0
1715 3 0 0 0 0
1730 3 0 0 3 0
1745 3 0 3 0 0
1760 3 0 3 0 0
1775 3 0 3 0 0
1790 3 0 3 0 0
1805 0 0 0 0 0
1820 3 0 0 0 0
1835 3 0 0 0 0
1850 3 0 3 0 0
1865 3 0 0 0 0
1868 3 0 0 0 0
1883 3 0 3 0 0
1898 3 0 3 0 0
1913 3 0 3 0 0
1928 3 0 3 0 0
1943 3 0 3 0 0
1958 3 0 3 0 0
1973 3 0 3 0 0
1988 3 0 3 0 0
2003 3 0 3 0 0
2018 0 0 3 0 0
2033 0 0 3 0 0
2048 0 0 3 0 0
2063 3 0 3 0 0
2078 0 0 3 0 0
2093 0 0 0 0 0
2108 3 0 3 0 0
2120 0 0 0 0 0
2123 0 0 0 0 0
2138 0 0 0 0 0
2153 0 0 0 3 0
2168 3 0 0 3 0
2183 3 0 0 3 0
2198 3 0 0 3 0
2213 3 0 0 3 0
2228 3 0 0 3 0
2243 3 0 0 3 0
2252 3 0 3 0 0
2255 3 0 3 0 0
2270 3 0 0 0 0
2285 3 0 0 0 0
2300 3 0 3 0 0
2315 3 0 3 0 0
2330 3 0 3 0 0
2345 3 0 3 0 0
2360 3 0 3 0 0
2375 0 0 3 0 0
2390 0 0 3 0 0
2405 0 0 3 0 0
2420 0 0 3 0 0
2435 0 0 3 0 0
2450 0 0 3 0 0
2465 0 0 3 0 0
2480 0 0 3 0 0
2496 0 0 0 3 0
2499 0 0 0 3 0
2514 0 0 0 0 0
2529 0 0 0 0 0
2544 0 0 0 0 0
2559 0 0 0 0 0
2574 0 0 0 0 0
2589 0 0 0 0 0
2604 0 0 0 0 0
2610 0 0 0 0 0
