1 0 0 0 0 0
16 0 0 0 0 0
31 0 0 0 0 0
38 0 0 0 0 0
41 0 0 0 0 0
56 0 0 3 0 0
71 0 3 3 0 0
86 0 3 3 0 0
101 0 3 3 0 0
116 0 3 3 0 0
131 0 3 3 0 0
146 0 3 3 0 0
161 0 3 3 0 0
176 0 3 3 0 0
191 0 3 3 0 0
206 0 3 3 0 0
221 3 0 0 3 0
236 3 0 0 3 0
251 3 0 0 0 0
259 3 0 3 0 0
262 3 0 0 0 0
277 3 0 3 0 0
292 3 0 3 0 0
307 3 0 3 0 0
322 3 0 3 0 0
337 3 0 3 0 0
352 3 0 3 0 0
370 3 0 0 3 0
373 3 0 0 3 0
388 3 0 0 3 0
403 3 0 0 0 0
418 3 0 0 3 0
433 3 0 0 3 0
448 3 0 0 0 0
456 3 0 3 0 0
459 3 0 0 0 0
474 3 0 0 0 0
489 3 0 0 0 0
504 3 0 3 0 0
519 3 0 3 0 0
534 3 0 3 0 0
549 3 0 3 0 0
564 3 0 3 0 0
579 3 0 3 0 0
594 0 3 0 3 0
613 0 3 0 3 0
616 0 3 0 3 0
631 0 0 0 0 0
646 0 0 0 3 0
661 0 0 0 3 0
676 0 0 0 3 0
691 0 0 0 3 0
706 0 0 3 0 0
721 0 3 3 0 0
736 0 3 3 0 0
751 0 0 3 0 0
766 0 0 3 0 0
781 0 0 3 0 0
796 0 3 3 0 0
811 0 3 3 0 0
826 0 3 3 0 0
841 0 3 3 0 0
856 3 0 0 3 0
871 3 0 0 0 0
888 3 0 0 0 0
891 3 0 0 0 0
906 3 0 3 0 0
921 3 0 3 0 0
936 3 0 3 0 0
951 3 0 3 0 0
969 3 0 0 3 0
972 3 0 0 3 0
987 3 0 0 3 0
1002 3 0 0 3 0
1017 3 0 0 3 0
1032 3 0 0 3 0
1047 3 0 0 3 0
1058 3 0 0 3 0
1061 3 0 3 0 0
1076 3 0 3 0 0
1091 3 0 0 0 0
1106 3 0 0 0 0
1121 3 0 0 0 0
1136 0 0 3 0 0
1151 0 0 3 0 0
1166 0 0 3 0 0
1181 0 0 3 0 0
1196 0 0 3 0 0
1211 0 0 0 3 0
1217 0 0 0 0 0
1220 0 0 0 0 0
1235 0 0 0 0 0
1250 0 0 0 0 0
1265 0 0 0 0 0
1280 0 0 0 0 0
1298 0 0 0 0 0
