80 0 0 0 0 0
95 0 3 0 0 0
110 0 3 0 0 0
125 0 3 0 0 0
140 0 3 0 0 0
155 3 0 0 0 0
170 0 3 0 0 0
185 0 3 0 0 0
200 0 3 0 3 0
215 0 3 0 3 0
230 0 3 3 0 0
245 0 0 3 0 0
260 0 0 3 0 0
275 0 3 3 0 0
290 0 3 3 0 0
305 0 3 3 0 0
320 0 3 0 3 0
335 0 3 0 3 0
350 0 0 0 0 0
357 0 3 0 0 0
360 0 3 0 0 0
375 0 3 3 0 0
390 0 3 3 0 0
405 0 3 0 3 0
420 0 3 0 3 0
437 0 0 0 0 0
440 0 0 0 3 0
455 0 3 0 0 0
470 0 3 0 3 0
485 0 0 0 0 0
500 0 3 0 3 0
515 0 3 0 3 0
530 0 3 0 0 0
545 0 3 0 0 0
560 0 3 0 0 0
575 0 3 0 0 0
590 0 3 0 3 0
605 0 3 0 0 0
620 0 3 0 3 0
635 0 3 3 0 0
650 0 3 0 3 0
665 0 0 0 3 0
680 0 0 0 3 0
695 0 0 0 0 0
710 0 0 0 0 0
725 0 0 0 3 0
740 0 0 3 0 0
755 0 0 3 0 0
770 0 0 3 0 0
785 0 0 3 0 0
800 0 0 3 0 0
815 0 0 3 0 0
830 0 0 3 0 0
845 0 0 0 3 0
860 0 0 0 3 0
875 0 0 0 0 0
890 0 0 0 3 0
905 0 0 0 0 0
920 0 0 0 3 0
935 0 0 0 3 0
950 0 0 0 0 0
965 0 0 0 0 0
980 0 0 0 0 0
995 0 0 0 0 0
1010 0 0 0 0 0
1025 0 0 0 0 0
1040 0 0 0 0 0
1055 0 3 0 0 0
1070 0 0 0 0 0
1085 0 0 0 0 0
1100 0 0 0 0 0
1115 0 0 0 3 0
1130 0 0 0 3 0
1145 0 0 0 0 0
1160 0 0 0 0 0
1175 0 0 0 0 0
1190 0 0 0 0 0
1205 0 0 0 0 0
1220 0 0 0 0 0
1235 0 0 0 0 0
1250 0 0 0 0 0
1265 0 3 0 0 0
1281 0 0 0 0 0
1284 0 0 0 0 0
1299 0 0 0 0 0
1314 0 3 0 0 0
1329 0 3 0 0 0
1344 0 0 0 0 0
1359 0 3 0 0 0
1374 0 3 0 0 0
1389 0 3 0 0 0
1404 0 3 0 0 0
1419 0 3 0 0 0
1434 0 3 3 0 0
1449 0 0 3 0 0
1464 0 0 3 0 0
1479 0 0 3 0 0
1494 0 0 3 0 0
1509 0 3 0 3 0
1527 0 0 0 0 0
1530 3 0 0 0 0
1545 0 3 3 0 0
1560 0 3 0 3 0
1575 0 0 0 0 0
1590 0 0 0 3 0
1603 0 0 0 3 0
1606 0 0 0 3 0
1621 0 3 0 3 0
1636 0 0 0 3 0
1651 0 3 0 0 0
1666 0 0 0 3 0
1681 0 3 3 0 0
1684 0 3 0 0 0
1699 0 0 3 0 0
1714 0 0 3 0 0
1729 0 3 0 0 0
1744 0 0 3 0 0
1759 0 0 3 0 0
1774 0 0 0 3 0
1789 0 0 0 0 0
1804 0 0 0 0 0
1819 0 0 0 0 0
1834 0 0 0 3 0
1849 0 0 0 3 0
1864 0 0 0 3 0
1879 0 0 3 0 0
1894 0 0 0 0 0
1909 0 0 0 0 0
1924 0 0 0 0 0
1939 0 0 0 0 0
1954 0 0 0 0 0
1969 0 0 3 0 0
1984 0 0 0 3 0
1999 0 0 0 0 0
2014 0 0 0 0 0
2029 0 0 0 3 0
2044 0 0 0 0 0
2059 0 0 0 3 0
2074 0 0 0 3 0
2089 0 0 0 3 0
2104 0 0 0 3 0
2119 0 0 0 3 0
2134 0 0 3 0 0
2149 0 0 3 0 0
2164 0 0 0 0 0
2179 0 0 3 0 0
2194 0 0 0 0 0
2209 0 0 3 0 0
2224 0 0 3 0 0
2239 0 0 3 0 0
2254 0 0 3 0 0
2269 0 0 3 0 0
2284 0 0 0 3 0
2303 0 0 0 0 0
2306 0 0 0 0 0
2321 0 3 0 0 0
2336 0 0 0 3 0
2351 0 0 0 0 0
2366 0 0 0 0 0
2381 0 3 0 0 0
2396 0 3 0 0 0
2411 0 3 0 0 0
2424 0 3 0 0 0
2427 0 3 0 0 0
2442 0 3 0 3 0
2457 0 3 0 0 0
2472 0 3 0 0 0
2487 0 0 0 0 0
2502 0 0 0 0 0
2509 0 0 0 3 0
2512 0 0 0 3 0
2527 0 0 0 3 0
2542 0 0 0 3 0
2557 0 0 0 3 0
2572 0 0 0 0 0
2587 0 3 0 0 0
2602 0 3 0 0 0
2617 0 0 0 0 0
2620 0 3 0 0 0
2635 0 3 3 0 0
2650 0 3 3 0 0
2665 0 3 0 0 0
2680 0 3 0 0 0
2695 0 3 0 0 0
2710 0 3 0 0 0
2725 0 3 0 0 0
2740 0 3 0 3 0
2755 0 3 0 3 0
2770 0 3 0 0 0
2785 0 3 0 0 0
2800 0 3 0 3 0
2815 0 3 0 0 0
2830 0 3 0 0 0
2845 0 3 0 3 0
2860 0 3 0 0 0
2875 0 3 0 0 0
2890 0 3 0 0 0
2905 0 3 0 0 0
2920 0 3 0 0 0
2935 0 3 0 0 0
2950 0 3 0 3 0
2965 0 3 0 0 0
2980 0 3 0 0 0
2995 0 3 0 3 0
3010 0 3 0 3 0
3025 0 3 0 3 0
3040 0 3 0 3 0
3055 0 0 0 3 0
3070 0 0 0 3 0
3085 0 0 0 3 0
3100 0 3 0 3 0
3115 0 0 0 3 0
3130 0 0 3 0 0
3145 0 0 3 0 0
3160 0 0 3 0 0
3175 0 0 3 0 0
3190 0 0 3 0 0
3205 0 0 3 0 0
3220 0 0 3 0 0
3235 0 3 3 0 0
3250 0 0 3 0 0
3256 0 0 3 0 0
3259 0 0 3 0 0
3274 0 0 3 0 0
3289 0 3 3 0 0
3304 0 3 3 0 0
3319 0 0 0 3 0
3334 0 0 0 0 0
3340 0 0 0 0 0
3343 0 0 0 0 0
3358 0 3 3 0 0
3373 0 0 0 3 0
3388 0 0 0 3 0
3403 0 0 0 3 0
3420 0 0 0 0 0
3423 0 0 0 3 0
3438 0 0 0 3 0
3453 0 0 3 0 0
3469 0 0 3 0 0
3472 0 0 3 0 0
3487 0 0 3 0 0
3502 0 0 3 0 0
3517 0 0 3 0 0
3532 0 0 0 0 0
3547 0 0 0 3 0
3562 0 0 0 3 0
3577 0 0 0 0 0
3592 0 0 0 0 0
3607 0 0 0 0 0
3622 0 0 0 0 0
3637 0 0 3 0 0
3652 0 0 3 0 0
3667 0 0 3 0 0
3682 0 0 3 0 0
3697 0 0 3 0 0
3712 0 0 3 0 0
3727 0 0 0 3 0
3742 0 0 0 3 0
3752 0 0 0 3 0
3755 0 0 0 3 0
3770 0 0 0 0 0
3785 0 0 3 0 0
3800 0 0 0 0 0
3815 0 0 0 0 0
3830 0 0 0 0 0
3845 0 0 0 0 0
3851 0 0 0 0 0
