13 0 0 0 0 0
28 0 0 0 3 0
43 0 0 0 3 0
58 0 3 0 3 0
73 0 3 0 3 0
88 0 3 0 3 0
103 0 3 0 3 0
118 0 0 0 3 0
133 3 0 0 3 0
148 0 0 0 0 0
163 0 0 0 3 0
178 0 0 0 0 0
183 0 0 0 3 0
186 0 0 0 3 0
201 0 3 0 3 0
216 0 3 0 3 0
231 3 0 0 0 0
246 0 3 0 3 0
252 0 3 0 3 0
255 0 3 0 3 0
270 0 0 0 3 0
285 0 0 0 3 0
300 0 3 3 0 0
312 0 3 3 0 0
315 0 0 3 0 0
330 0 3 3 0 0
345 0 3 3 0 0
360 0 3 3 0 0
375 0 3 3 0 0
390 0 3 3 0 0
393 0 3 3 0 0
408 0 0 0 0 0
423 0 3 3 0 0
438 0 0 3 0 0
453 0 3 3 0 0
468 0 3 3 0 0
483 0 0 3 0 0
498 0 0 0 0 0
513 0 0 0 0 0
528 0 0 0 0 0
543 0 0 0 3 0
558 0 0 0 3 0
573 0 0 0 3 0
588 3 0 0 3 0
603 0 0 0 3 0
614 3 0 0 3 0
617 0 0 0 0 0
632 0 0 0 0 0
647 0 0 0 0 0
662 0 0 0 0 0
677 0 3 0 0 0
692 0 3 0 0 0
707 0 3 0 0 0
722 0 3 0 0 0
737 0 0 0 0 0
752 0 3 0 0 0
767 0 0 0 0 0
784 0 0 0 0 0
787 0 0 0 3 0
802 0 0 3 0 0
817 0 3 0 3 0
832 0 3 0 0 0
847 0 3 0 0 0
862 0 3 0 0 0
867 0 0 3 0 0
870 0 3 3 0 0
885 0 0 3 0 0
900 0 3 3 0 0
918 0 0 3 0 0
921 0 3 3 0 0
936 3 0 0 3 0
951 0 3 0 3 0
966 3 0 0 3 0
976 0 0 0 3 0
979 3 0 0 3 0
994 3 0 0 0 0
1009 3 0 0 3 0
1024 0 0 0 0 0
1039 3 0 0 0 0
1054 3 0 0 3 0
1069 3 0 0 0 0
1084 0 0 3 0 0
1099 0 0 0 0 0
1114 0 3 0 0 0
1129 0 0 0 0 0
1144 0 3 3 0 0
1159 0 3 0 0 0
1174 0 3 0 0 0
1189 0 3 0 3 0
1204 0 0 3 0 0
1219 0 0 3 0 0
1234 0 3 3 0 0
1245 0 3 3 0 0
1248 0 0 0 0 0
1263 0 3 0 0 0
1278 0 3 0 0 0
1293 0 0 0 0 0
1298 0 0 0 0 0
