1 0 3 3 0 0
16 3 0 0 3 0
31 3 0 0 0 0
40 3 0 0 0 0
43 3 0 0 0 0
58 3 0 0 0 0
73 3 0 0 0 0
88 3 0 0 0 0
103 3 0 0 0 0
111 0 0 0 0 0
114 3 0 0 3 0
129 3 0 0 3 0
144 3 0 0 3 0
159 3 0 3 0 0
174 3 0 0 0 0
189 3 0 0 0 0
204 3 0 3 0 0
219 0 0 0 0 0
234 3 0 3 0 0
249 3 0 0 0 0
264 3 0 3 0 0
279 3 0 0 0 0
294 3 0 3 0 0
309 3 0 0 0 0
324 0 0 0 3 0
339 0 0 0 0 0
354 0 0 0 0 0
369 3 0 0 3 0
384 3 0 0 3 0
398 0 0 0 0 0
401 0 0 0 0 0
416 0 0 0 0 0
431 3 0 0 0 0
446 0 0 0 0 0
461 0 0 0 0 0
476 3 0 0 0 0
491 3 0 0 0 0
506 3 0 0 0 0
521 3 0 0 0 0
536 0 0 0 0 0
551 0 0 0 0 0
566 3 0 0 0 0
581 3 0 0 0 0
600 0 3 0 0 0
603 0 0 0 0 0
618 0 0 0 0 0
633 0 0 0 0 0
648 0 0 0 0 0
663 0 0 0 0 0
680 0 0 3 0 0
683 0 0 3 0 0
698 0 3 3 0 0
713 0 3 3 0 0
728 3 0 0 3 0
743 3 0 0 0 0
758 3 0 0 0 0
773 0 0 0 0 0
788 0 0 0 0 0
803 0 3 0 0 0
818 0 3 0 0 0
833 0 3 3 0 0
848 0 3 3 0 0
863 0 3 3 0 0
878 3 0 0 0 0
889 3 0 0 0 0
892 3 0 0 0 0
907 0 0 0 0 0
922 0 0 0 0 0
937 3 0 3 0 0
952 0 3 0 0 0
967 0 0 0 0 0
982 0 0 0 0 0
997 3 0 3 0 0
1012 3 0 3 0 0
1027 0 0 0 0 0
1042 3 0 0 0 0
1057 3 0 0 0 0
1072 3 0 3 0 0
1087 3 0 3 0 0
1102 0 0 0 0 0
1117 0 0 0 3 0
1130 0 0 0 3 0
1133 0 0 0 3 0
1148 0 0 0 3 0
1163 0 0 0 3 0
1178 0 0 0 3 0
1193 0 0 0 0 0
1208 0 0 0 0 0
1223 0 0 0 0 0
1238 0 0 0 3 0
1253 0 0 0 3 0
1268 0 0 0 0 0
1283 3 0 3 0 0
1289 0 0 0 0 0
1292 3 0 0 0 0
1307 0 0 3 0 0
1322 3 0 0 0 0
1337 3 0 0 0 0
1352 3 0 0 0 0
1367 3 0 0 0 0
1382 3 0 0 0 0
1397 3 0 0 0 0
1412 3 0 0 0 0
1427 3 0 0 0 0
1442 3 0 0 0 0
1457 3 0 0 0 0
1472 3 0 0 0 0
1487 3 0 0 0 0
1502 3 0 0 0 0
1517 3 0 0 0 0
1532 0 0 0 0 0
1547 3 0 0 0 0
1562 3 0 0 0 0
1577 3 0 0 3 0
1592 3 0 0 0 0
1607 3 0 0 0 0
1622 0 0 0 0 0
1637 3 0 0 0 0
1652 3 0 3 0 0
1667 0 0 3 0 0
1682 3 0 3 0 0
1697 3 0 3 0 0
1712 3 0 3 0 0
1728 0 0 0 3 0
1731 0 3 0 3 0
1746 0 0 0 0 0
1761 0 0 0 0 0
1776 0 0 0 0 0
1790 0 0 0 0 0
