1 0 0 0 0 0
16 0 0 0 0 0
31 0 0 0 0 0
46 0 0 0 0 0
61 0 0 3 0 0
76 0 0 3 0 0
91 0 0 3 0 0
101 0 3 3 0 0
104 0 3 3 0 0
119 0 3 3 0 0
134 0 3 3 0 0
149 0 0 3 0 0
164 0 3 3 0 0
179 0 3 3 0 0
194 3 0 0 0 0
209 0 0 0 3 0
224 0 0 0 3 0
239 0 0 0 0 0
258 0 0 0 0 0
261 0 0 0 0 0
276 3 0 3 0 0
291 3 0 3 0 0
306 3 0 3 0 0
321 3 0 3 0 0
336 3 0 3 0 0
351 3 0 3 0 0
366 3 0 3 0 0
381 0 0 3 0 0
396 3 0 0 0 0
411 3 0 0 3 0
416 3 0 0 3 0
419 0 0 0 3 0
434 0 0 0 3 0
449 0 0 0 3 0
464 0 0 0 3 0
479 0 0 3 0 0
490 0 0 3 0 0
493 0 0 0 0 0
508 0 0 3 0 0
523 0 0 3 0 0
538 0 0 3 0 0
553 0 0 0 0 0
568 0 0 0 0 0
583 0 0 3 0 0
598 0 0 0 0 0
613 0 0 3 0 0
628 0 0 3 0 0
643 0 0 3 0 0
658 0 0 3 0 0
673 0 0 3 0 0
688 0 0 3 0 0
703 0 0 0 3 0
718 0 0 0 0 0
736 0 0 0 0 0
739 0 0 0 0 0
754 0 0 0 3 0
769 0 0 0 3 0
784 0 0 0 3 0
799 0 0 3 0 0
814 0 0 0 3 0
829 0 0 0 3 0
844 0 0 3 0 0
861 0 0 3 0 0
864 0 3 3 0 0
879 0 3 3 0 0
894 0 3 3 0 0
909 0 3 3 0 0
924 0 3 3 0 0
939 0 3 3 0 0
954 0 3 3 0 0
969 0 3 3 0 0
984 0 3 3 0 0
999 0 3 3 0 0
1014 0 3 3 0 0
1029 0 3 3 0 0
1044 3 0 0 3 0
1059 3 0 0 0 0
1074 3 0 0 0 0
1089 3 0 0 0 0
1104 3 0 0 3 0
1119 3 0 0 3 0
1134 0 3 3 0 0
1149 0 3 3 0 0
1164 0 3 3 0 0
1179 3 0 0 3 0
1194 3 0 0 0 0
1202 3 0 0 0 0
1205 0 0 0 0 0
1220 3 0 3 0 0
1235 3 0 3 0 0
1250 0 0 3 0 0
1265 0 0 3 0 0
1280 3 0 0 0 0
1295 0 0 0 0 0
1310 3 0 0 0 0
1325 3 0 0 0 0
1340 3 0 0 0 0
1355 0 0 0 0 0
1370 0 0 0 0 0
1385 3 0 0 0 0
1397 0 0 0 3 0
1400 0 0 0 3 0
1415 0 0 0 0 0
1430 0 0 0 3 0
1445 0 0 0 0 0
1460 0 0 0 0 0
1475 0 0 0 0 0
1490 3 0 0 0 0
1505 0 0 0 3 0
1520 0 0 0 3 0
1535 0 0 0 0 0
1550 0 0 0 0 0
1565 0 0 0 3 0
1580 0 0 0 0 0
1595 0 0 0 0 0
1610 0 0 0 0 0
1625 0 0 0 3 0
1640 0 0 0 0 0
1655 0 0 3 0 0
1658 0 0 0 0 0
1673 0 0 0 0 0
1688 0 0 0 0 0
1703 0 0 0 0 0
1718 0 0 0 0 0
1733 0 0 0 0 0
1748 0 0 0 0 0
1763 0 0 3 0 0
1778 0 0 3 0 0
1793 0 0 3 0 0
1808 0 0 3 0 0
1823 0 0 3 0 0
1838 0 0 3 0 0
1849 0 0 0 3 0
1852 0 0 0 0 0
1867 0 0 0 0 0
1882 0 0 0 0 0
1897 0 0 0 0 0
1912 0 0 0 0 0
1927 0 0 0 0 0
1942 3 0 0 0 0
1957 3 0 0 0 0
1973 3 0 0 0 0
