0 03031 03300 30000 03000 -0.19 -0.25 -0.19 -0.27 .02 .00 .05 -0.03
1 03031 03300 30000 03000 -0.19 -0.25 -0.19 -0.27 .02 .00 .05 -0.03
2 03031 03300 30000 03000 -0.19 -0.25 -0.19 -0.27 .02 .00 .05 -0.03
3 03031 03300 30000 03000 -0.19 -0.25 -0.19 -0.27 .02 .00 .05 -0.03
4 03031 03300 30000 03000 -0.19 -0.25 -0.19 -0.27 .02 .00 .05 -0.03
5 03031 03300 30000 03000 -0.19 -0.25 -0.19 -0.27 .02 .00 .05 -0.03
6 03031 03300 30000 03000 -0.19 -0.25 -0.19 -0.27 .02 .00 .05 -0.03
7 03031 03300 30000 03000 -0.19 -0.25 -0.19 -0.27 .02 .00 .05 -0.03
8 03031 03300 30000 03000 -0.19 -0.25 -0.19 -0.27 .02 .00 .05 -0.03
9 03031 03300 30000 03000 -0.19 -0.25 -0.19 -0.27 .02 .00 .05 -0.03
10 30301 30300 30000 30300 .53 .60 .68 .49 .63 .71 .76 .61
11 30301 30300 30000 30300 .53 .60 .68 .49 .63 .71 .76 .61
12 30301 30300 30000 30300 .53 .60 .68 .49 .63 .71 .76 .61
13 30301 30300 30000 30300 .53 .60 .68 .49 .63 .71 .76 .61
14 30301 30300 30000 30300 .53 .60 .68 .49 .63 .71 .76 .61
15 30301 30300 30000 30300 .53 .60 .68 .49 .63 .71 .76 .61
16 30301 30300 30000 30300 .53 .60 .68 .49 .63 .71 .76 .61
17 30301 30300 30000 30300 .53 .60 .68 .49 .63 .71 .76 .61
18 30301 30300 30000 30300 .53 .60 .68 .49 .63 .71 .76 .61
19 30301 30300 30000 30300 .53 .60 .68 .49 .63 .71 .76 .61
20 30001 30000 30000 30000 .70 .80 .96 .69 .76 .84 .97 .75
21 30001 30000 30000 30000 .70 .80 .96 .69 .76 .84 .97 .75
22 30001 30000 30000 30000 .70 .80 .96 .69 .76 .84 .97 .75
23 30001 30000 30000 30000 .70 .80 .96 .69 .76 .84 .97 .75
24 30001 30000 30000 30000 .70 .80 .96 .69 .76 .84 .97 .75
25 30001 30000 30000 30000 .70 .80 .96 .69 .76 .84 .97 .75
26 30001 30000 30000 30000 .70 .80 .96 .69 .76 .84 .97 .75
27 30001 30000 30000 30000 .70 .80 .96 .69 .76 .84 .97 .75
28 30001 30000 30000 30000 .70 .80 .96 .69 .76 .84 .97 .75
29 30001 30000 30000 30000 .70 .80 .96 .69 .76 .84 .97 .75
30 30001 30000 30000 30000 .70 .80 .96 .69 .76 .84 .97 .75
31 30001 30000 30000 30000 .70 .80 .96 .69 .76 .84 .97 .75
32 30001 30000 30000 30000 .70 .80 .96 .69 .76 .84 .97 .75
33 30001 30000 30000 30000 .70 .80 .96 .69 .76 .84 .97 .75
34 30001 30000 30000 30000 .70 .80 .96 .69 .76 .84 .97 .75
35 30001 30000 30000 30000 .70 .80 .96 .69 .76 .84 .97 .75
36 30001 30000 30000 30000 .70 .80 .96 .69 .76 .84 .97 .75
37 30001 30000 30000 30000 .70 .80 .96 .69 .76 .84 .97 .75
38 30001 30000 30000 30000 .70 .80 .96 .69 .76 .84 .97 .75
39 30001 30000 30000 30000 .70 .80 .96 .69 .76 .84 .97 .75
40 30031 30030 30030 30030 .77 .91 .97 .76 .82 .93 .98 .81
41 30031 30030 30030 30030 .77 .91 .97 .76 .82 .93 .98 .81
42 30031 30030 30030 30030 .77 .91 .97 .76 .82 .93 .98 .81
43 30031 30030 30030 30030 .77 .91 .97 .76 .82 .93 .98 .81
44 30031 30030 30030 30030 .77 .91 .97 .76 .82 .93 .98 .81
45 30031 30030 30030 30030 .77 .91 .97 .76 .82 .93 .98 .81
46 30031 30030 30030 30030 .77 .91 .97 .76 .82 .93 .98 .81
47 30031 30030 30030 30030 .77 .91 .97 .76 .82 .93 .98 .81
48 30031 30030 30030 30030 .77 .91 .97 .76 .82 .93 .98 .81
49 30031 30030 30030 30030 .77 .91 .97 .76 .82 .93 .98 .81
50 30031 30030 30030 30030 .77 .91 .97 .76 .82 .93 .98 .81
51 30031 30030 30030 30030 .77 .91 .97 .76 .82 .93 .98 .81
52 30031 30030 30030 30030 .77 .91 .97 .76 .82 .93 .98 .81
53 30031 30030 30030 30030 .77 .91 .97 .76 .82 .93 .98 .81
54 30031 30030 30030 30030 .77 .91 .97 .76 .82 .93 .98 .81
55 30031 30030 30030 30030 .77 .91 .97 .76 .82 .93 .98 .81
56 30031 30030 30030 30030 .77 .91 .97 .76 .82 .93 .98 .81
57 30031 30030 30030 30030 .77 .91 .97 .76 .82 .93 .98 .81
58 30031 30030 30030 30030 .77 .91 .97 .76 .82 .93 .98 .81
59 30031 30030 30030 30030 .77 .91 .97 .76 .82 .93 .98 .81
60 30031 30031 30001 30031 .80 .68 .68 .77 .85 .76 .76 .82
61 30031 30031 30001 30031 .80 .68 .68 .77 .85 .76 .76 .82
62 30031 30031 30001 30031 .80 .68 .68 .77 .85 .76 .76 .82
63 30031 30031 30001 30031 .80 .68 .68 .77 .85 .76 .76 .82
64 30031 30031 30001 30031 .80 .68 .68 .77 .85 .76 .76 .82
65 30031 30031 30001 30031 .80 .68 .68 .77 .85 .76 .76 .82
66 30031 30031 30001 30031 .80 .68 .68 .77 .85 .76 .76 .82
67 30031 30031 30001 30031 .80 .68 .68 .77 .85 .76 .76 .82
68 30031 30031 30001 30031 .80 .68 .68 .77 .85 .76 .76 .82
69 30031 30031 30001 30031 .80 .68 .68 .77 .85 .76 .76 .82
70 30031 30031 30001 30031 .80 .68 .68 .77 .85 .76 .76 .82
71 30031 30031 30001 30031 .80 .68 .68 .77 .85 .76 .76 .82
72 30031 30031 30001 30031 .80 .68 .68 .77 .85 .76 .76 .82
73 30031 30031 30001 30031 .80 .68 .68 .77 .85 .76 .76 .82
74 30031 30031 30001 30031 .80 .68 .68 .77 .85 .76 .76 .82
75 30031 30031 30001 30031 .80 .68 .68 .77 .85 .76 .76 .82
76 30031 30031 30001 30031 .80 .68 .68 .77 .85 .76 .76 .82
77 30031 30031 30001 30031 .80 .68 .68 .77 .85 .76 .76 .82
78 30031 30031 30001 30031 .80 .68 .68 .77 .85 .76 .76 .82
79 30031 30031 30001 30031 .80 .68 .68 .77 .85 .76 .76 .82
80 30031 30031 30001 30031 .80 .68 .68 .77 .85 .76 .76 .82
81 30031 30031 30001 30031 .80 .68 .68 .77 .85 .76 .76 .82
82 30031 30031 30001 30031 .80 .68 .68 .77 .85 .76 .76 .82
83 30031 30031 30001 30031 .80 .68 .68 .77 .85 .76 .76 .82
84 30031 30031 30001 30031 .80 .68 .68 .77 .85 .76 .76 .82
85 30031 30031 30001 30031 .80 .68 .68 .77 .85 .76 .76 .82
86 30031 30031 30001 30031 .80 .68 .68 .77 .85 .76 .76 .82
87 30031 30031 30001 30031 .80 .68 .68 .77 .85 .76 .76 .82
88 30031 30031 30001 30031 .80 .68 .68 .77 .85 .76 .76 .82
89 30031 30031 30001 30031 .80 .68 .68 .77 .85 .76 .76 .82
90 30001 30031 30031 30031 .80 .68 .68 .77 .85 .76 .76 .82
91 30001 30031 30031 30031 .80 .68 .68 .77 .85 .76 .76 .82
92 30001 30031 30031 30031 .80 .68 .68 .77 .85 .76 .76 .82
93 30001 30031 30031 30031 .80 .68 .68 .77 .85 .76 .76 .82
94 30001 30031 30031 30031 .80 .68 .68 .77 .85 .76 .76 .82
95 30001 30031 30031 30031 .80 .68 .68 .77 .85 .76 .76 .82
96 30001 30031 30031 30031 .80 .68 .68 .77 .85 .76 .76 .82
97 30001 30031 30031 30031 .80 .68 .68 .77 .85 .76 .76 .82
98 30001 30031 30031 30031 .80 .68 .68 .77 .85 .76 .76 .82
99 30001 30031 30031 30031 .80 .68 .68 .77 .85 .76 .76 .82
100 30001 30031 30031 30031 .80 .68 .68 .77 .85 .76 .76 .82
101 30001 30031 30031 30031 .80 .68 .68 .77 .85 .76 .76 .82
102 30001 30031 30031 30031 .80 .68 .68 .77 .85 .76 .76 .82
103 30001 30031 30031 30031 .80 .68 .68 .77 .85 .76 .76 .82
104 30001 30031 30031 30031 .80 .68 .68 .77 .85 .76 .76 .82
105 30001 30031 30031 30031 .80 .68 .68 .77 .85 .76 .76 .82
106 30001 30031 30031 30031 .80 .68 .68 .77 .85 .76 .76 .82
107 30001 30031 30031 30031 .80 .68 .68 .77 .85 .76 .76 .82
108 30001 30031 30031 30031 .80 .68 .68 .77 .85 .76 .76 .82
109 30001 30031 30031 30031 .80 .68 .68 .77 .85 .76 .76 .82
110 30001 30031 30301 30001 .61 .37 .36 .53 .69 .51 .49 .64
111 30001 30031 30301 30001 .61 .37 .36 .53 .69 .51 .49 .64
112 30001 30031 30301 30001 .61 .37 .36 .53 .69 .51 .49 .64
113 30001 30031 30301 30001 .61 .37 .36 .53 .69 .51 .49 .64
114 30001 30031 30301 30001 .61 .37 .36 .53 .69 .51 .49 .64
115 30001 30031 30301 30001 .61 .37 .36 .53 .69 .51 .49 .64
116 30001 30031 30301 30001 .61 .37 .36 .53 .69 .51 .49 .64
117 30001 30031 30301 30001 .61 .37 .36 .53 .69 .51 .49 .64
118 30001 30031 30301 30001 .61 .37 .36 .53 .69 .51 .49 .64
119 30001 30031 30301 30001 .61 .37 .36 .53 .69 .51 .49 .64
120 30031 30031 30301 30031 .61 .38 .39 .52 .70 .52 .54 .63
121 30031 30031 30301 30031 .61 .38 .39 .52 .70 .52 .54 .63
122 30031 30031 30301 30031 .61 .38 .39 .52 .70 .52 .54 .63
123 30031 30031 30301 30031 .61 .38 .39 .52 .70 .52 .54 .63
124 30031 30031 30301 30031 .61 .38 .39 .52 .70 .52 .54 .63
125 30031 30031 30301 30031 .61 .38 .39 .52 .70 .52 .54 .63
126 30031 30031 30301 30031 .61 .38 .39 .52 .70 .52 .54 .63
127 30031 30031 30301 30031 .61 .38 .39 .52 .70 .52 .54 .63
128 30031 30031 30301 30031 .61 .38 .39 .52 .70 .52 .54 .63
129 30031 30031 30301 30031 .61 .38 .39 .52 .70 .52 .54 .63
130 30301 30031 30301 30301 .61 .38 .39 .52 .70 .52 .54 .63
131 30301 30031 30301 30301 .61 .38 .39 .52 .70 .52 .54 .63
132 30301 30031 30301 30301 .61 .38 .39 .52 .70 .52 .54 .63
133 30301 30031 30301 30301 .61 .38 .39 .52 .70 .52 .54 .63
134 30301 30031 30301 30301 .61 .38 .39 .52 .70 .52 .54 .63
135 30301 30031 30301 30301 .61 .38 .39 .52 .70 .52 .54 .63
136 30301 30031 30301 30301 .61 .38 .39 .52 .70 .52 .54 .63
137 30301 30031 30301 30301 .61 .38 .39 .52 .70 .52 .54 .63
138 30301 30031 30301 30301 .61 .38 .39 .52 .70 .52 .54 .63
139 30301 30031 30301 30301 .61 .38 .39 .52 .70 .52 .54 .63
140 30301 30301 30301 30301 1.00 1.00 1.00 1.00 1.00 1.00 1.00 1.00
141 30301 30301 30301 30301 1.00 1.00 1.00 1.00 1.00 1.00 1.00 1.00
142 30301 30301 30301 30301 1.00 1.00 1.00 1.00 1.00 1.00 1.00 1.00
143 30301 30301 30301 30301 1.00 1.00 1.00 1.00 1.00 1.00 1.00 1.00
144 30301 30301 30301 30301 1.00 1.00 1.00 1.00 1.00 1.00 1.00 1.00
145 30301 30301 30301 30301 1.00 1.00 1.00 1.00 1.00 1.00 1.00 1.00
146 30301 30301 30301 30301 1.00 1.00 1.00 1.00 1.00 1.00 1.00 1.00
147 30301 30301 30301 30301 1.00 1.00 1.00 1.00 1.00 1.00 1.00 1.00
148 30301 30301 30301 30301 1.00 1.00 1.00 1.00 1.00 1.00 1.00 1.00
149 30301 30301 30301 30301 1.00 1.00 1.00 1.00 1.00 1.00 1.00 1.00
150 30301 30302 30300 30301 .70 .92 .91 .74 .75 .94 .93 .80
151 30301 30302 30300 30301 .70 .92 .91 .74 .75 .94 .93 .80
152 30301 30302 30300 30301 .70 .92 .91 .74 .75 .94 .93 .80
153 30301 30302 30300 30301 .70 .92 .91 .74 .75 .94 .93 .80
154 30301 30302 30300 30301 .70 .92 .91 .74 .75 .94 .93 .80
155 30301 30302 30300 30301 .70 .92 .91 .74 .75 .94 .93 .80
156 30301 30302 30300 30301 .70 .92 .91 .74 .75 .94 .93 .80
157 30301 30302 30300 30301 .70 .92 .91 .74 .75 .94 .93 .80
158 30301 30302 30300 30301 .70 .92 .91 .74 .75 .94 .93 .80
159 30301 30302 30300 30301 .70 .92 .91 .74 .75 .94 .93 .80
160 30301 30302 30302 30302 .81 .99 .97 .97 .85 .99 .97 .98
161 30301 30302 30302 30302 .81 .99 .97 .97 .85 .99 .97 .98
162 30301 30302 30302 30302 .81 .99 .97 .97 .85 .99 .97 .98
163 30301 30302 30302 30302 .81 .99 .97 .97 .85 .99 .97 .98
164 30301 30302 30302 30302 .81 .99 .97 .97 .85 .99 .97 .98
165 30301 30302 30302 30302 .81 .99 .97 .97 .85 .99 .97 .98
166 30301 30302 30302 30302 .81 .99 .97 .97 .85 .99 .97 .98
167 30301 30302 30302 30302 .81 .99 .97 .97 .85 .99 .97 .98
168 30301 30302 30302 30302 .81 .99 .97 .97 .85 .99 .97 .98
169 30301 30302 30302 30302 .81 .99 .97 .97 .85 .99 .97 .98
170 30301 30303 30302 30301 .70 .92 .91 .95 .75 .94 .91 .95
171 30301 30303 30302 30301 .70 .92 .91 .95 .75 .94 .91 .95
172 30301 30303 30302 30301 .70 .92 .91 .95 .75 .94 .91 .95
173 30301 30303 30302 30301 .70 .92 .91 .95 .75 .94 .91 .95
174 30301 30303 30302 30301 .70 .92 .91 .95 .75 .94 .91 .95
175 30301 30303 30302 30301 .70 .92 .91 .95 .75 .94 .91 .95
176 30301 30303 30302 30301 .70 .92 .91 .95 .75 .94 .91 .95
177 30301 30303 30302 30301 .70 .92 .91 .95 .75 .94 .91 .95
178 30301 30303 30302 30301 .70 .92 .91 .95 .75 .94 .91 .95
179 30301 30303 30302 30301 .70 .92 .91 .95 .75 .94 .91 .95
180 30301 30303 30302 30301 .70 .92 .91 .95 .75 .94 .91 .95
181 30301 30303 30302 30301 .70 .92 .91 .95 .75 .94 .91 .95
182 30301 30303 30302 30301 .70 .92 .91 .95 .75 .94 .91 .95
183 30301 30303 30302 30301 .70 .92 .91 .95 .75 .94 .91 .95
184 30301 30303 30302 30301 .70 .92 .91 .95 .75 .94 .91 .95
185 30301 30303 30302 30301 .70 .92 .91 .95 .75 .94 .91 .95
186 30301 30303 30302 30301 .70 .92 .91 .95 .75 .94 .91 .95
187 30301 30303 30302 30301 .70 .92 .91 .95 .75 .94 .91 .95
188 30301 30303 30302 30301 .70 .92 .91 .95 .75 .94 .91 .95
189 30301 30303 30302 30301 .70 .92 .91 .95 .75 .94 .91 .95
190 30301 30033 30302 30301 .29 .34 .34 .45 .44 .49 .47 .58
191 30301 30033 30302 30301 .29 .34 .34 .45 .44 .49 .47 .58
192 30301 30033 30302 30301 .29 .34 .34 .45 .44 .49 .47 .58
193 30301 30033 30302 30301 .29 .34 .34 .45 .44 .49 .47 .58
194 30301 30033 30302 30301 .29 .34 .34 .45 .44 .49 .47 .58
195 30301 30033 30302 30301 .29 .34 .34 .45 .44 .49 .47 .58
196 30301 30033 30302 30301 .29 .34 .34 .45 .44 .49 .47 .58
197 30301 30033 30302 30301 .29 .34 .34 .45 .44 .49 .47 .58
198 30301 30033 30302 30301 .29 .34 .34 .45 .44 .49 .47 .58
199 30301 30033 30302 30301 .29 .34 .34 .45 .44 .49 .47 .58
200 30301 30303 30302 30301 .70 .92 .91 .95 .75 .94 .91 .95
201 30301 30303 30302 30301 .70 .92 .91 .95 .75 .94 .91 .95
202 30301 30303 30302 30301 .70 .92 .91 .95 .75 .94 .91 .95
203 30301 30303 30302 30301 .70 .92 .91 .95 .75 .94 .91 .95
204 30301 30303 30302 30301 .70 .92 .91 .95 .75 .94 .91 .95
205 30301 30303 30302 30301 .70 .92 .91 .95 .75 .94 .91 .95
206 30301 30303 30302 30301 .70 .92 .91 .95 .75 .94 .91 .95
207 30301 30303 30302 30301 .70 .92 .91 .95 .75 .94 .91 .95
208 30301 30303 30302 30301 .70 .92 .91 .95 .75 .94 .91 .95
209 30301 30303 30302 30301 .70 .92 .91 .95 .75 .94 .91 .95
210 30301 30303 30302 30301 .70 .92 .91 .95 .75 .94 .91 .95
211 30301 30303 30302 30301 .70 .92 .91 .95 .75 .94 .91 .95
212 30301 30303 30302 30301 .70 .92 .91 .95 .75 .94 .91 .95
213 30301 30303 30302 30301 .70 .92 .91 .95 .75 .94 .91 .95
214 30301 30303 30302 30301 .70 .92 .91 .95 .75 .94 .91 .95
215 30301 30303 30302 30301 .70 .92 .91 .95 .75 .94 .91 .95
216 30301 30303 30302 30301 .70 .92 .91 .95 .75 .94 .91 .95
217 30301 30303 30302 30301 .70 .92 .91 .95 .75 .94 .91 .95
218 30301 30303 30302 30301 .70 .92 .91 .95 .75 .94 .91 .95
219 30301 30303 30302 30301 .70 .92 .91 .95 .75 .94 .91 .95
220 30302 30303 30302 30302 .79 .92 .97 .99 .85 .94 .98 .99
221 30302 30303 30302 30302 .79 .92 .97 .99 .85 .94 .98 .99
222 30302 30303 30302 30302 .79 .92 .97 .99 .85 .94 .98 .99
223 30302 30303 30302 30302 .79 .92 .97 .99 .85 .94 .98 .99
224 30302 30303 30302 30302 .79 .92 .97 .99 .85 .94 .98 .99
225 30302 30303 30302 30302 .79 .92 .97 .99 .85 .94 .98 .99
226 30302 30303 30302 30302 .79 .92 .97 .99 .85 .94 .98 .99
227 30302 30303 30302 30302 .79 .92 .97 .99 .85 .94 .98 .99
228 30302 30303 30302 30302 .79 .92 .97 .99 .85 .94 .98 .99
229 30302 30303 30302 30302 .79 .92 .97 .99 .85 .94 .98 .99
230 30302 30303 30302 30302 .79 .92 .97 .99 .85 .94 .98 .99
231 30302 30303 30302 30302 .79 .92 .97 .99 .85 .94 .98 .99
232 30302 30303 30302 30302 .79 .92 .97 .99 .85 .94 .98 .99
233 30302 30303 30302 30302 .79 .92 .97 .99 .85 .94 .98 .99
234 30302 30303 30302 30302 .79 .92 .97 .99 .85 .94 .98 .99
235 30302 30303 30302 30302 .79 .92 .97 .99 .85 .94 .98 .99
236 30302 30303 30302 30302 .79 .92 .97 .99 .85 .94 .98 .99
237 30302 30303 30302 30302 .79 .92 .97 .99 .85 .94 .98 .99
238 30302 30303 30302 30302 .79 .92 .97 .99 .85 .94 .98 .99
239 30302 30303 30302 30302 .79 .92 .97 .99 .85 .94 .98 .99
240 30302 30303 30302 30302 .79 .92 .97 .99 .85 .94 .98 .99
241 30302 30303 30302 30302 .79 .92 .97 .99 .85 .94 .98 .99
242 30302 30303 30302 30302 .79 .92 .97 .99 .85 .94 .98 .99
243 30302 30303 30302 30302 .79 .92 .97 .99 .85 .94 .98 .99
244 30302 30303 30302 30302 .79 .92 .97 .99 .85 .94 .98 .99
245 30302 30303 30302 30302 .79 .92 .97 .99 .85 .94 .98 .99
246 30302 30303 30302 30302 .79 .92 .97 .99 .85 .94 .98 .99
247 30302 30303 30302 30302 .79 .92 .97 .99 .85 .94 .98 .99
248 30302 30303 30302 30302 .79 .92 .97 .99 .85 .94 .98 .99
249 30302 30303 30302 30302 .79 .92 .97 .99 .85 .94 .98 .99
250 30303 30303 30303 30303 1.00 1.00 1.00 1.00 1.00 1.00 1.00 1.00
251 30303 30303 30303 30303 1.00 1.00 1.00 1.00 1.00 1.00 1.00 1.00
252 30303 30303 30303 30303 1.00 1.00 1.00 1.00 1.00 1.00 1.00 1.00
253 30303 30303 30303 30303 1.00 1.00 1.00 1.00 1.00 1.00 1.00 1.00
254 30303 30303 30303 30303 1.00 1.00 1.00 1.00 1.00 1.00 1.00 1.00
255 30303 30303 30303 30303 1.00 1.00 1.00 1.00 1.00 1.00 1.00 1.00
256 30303 30303 30303 30303 1.00 1.00 1.00 1.00 1.00 1.00 1.00 1.00
257 30303 30303 30303 30303 1.00 1.00 1.00 1.00 1.00 1.00 1.00 1.00
258 30303 30303 30303 30303 1.00 1.00 1.00 1.00 1.00 1.00 1.00 1.00
259 30303 30303 30303 30303 1.00 1.00 1.00 1.00 1.00 1.00 1.00 1.00
260 30303 30303 30303 30303 1.00 1.00 1.00 1.00 1.00 1.00 1.00 1.00
261 30303 30303 30303 30303 1.00 1.00 1.00 1.00 1.00 1.00 1.00 1.00
262 30303 30303 30303 30303 1.00 1.00 1.00 1.00 1.00 1.00 1.00 1.00
263 30303 30303 30303 30303 1.00 1.00 1.00 1.00 1.00 1.00 1.00 1.00
264 30303 30303 30303 30303 1.00 1.00 1.00 1.00 1.00 1.00 1.00 1.00
265 30303 30303 30303 30303 1.00 1.00 1.00 1.00 1.00 1.00 1.00 1.00
266 30303 30303 30303 30303 1.00 1.00 1.00 1.00 1.00 1.00 1.00 1.00
267 30303 30303 30303 30303 1.00 1.00 1.00 1.00 1.00 1.00 1.00 1.00
268 30303 30303 30303 30303 1.00 1.00 1.00 1.00 1.00 1.00 1.00 1.00
269 30303 30303 30303 30303 1.00 1.00 1.00 1.00 1.00 1.00 1.00 1.00
270 30003 30003 30000 30003 .72 .72 .72 .72 .79 .79 .79 .79
271 30003 30003 30000 30003 .72 .72 .72 .72 .79 .79 .79 .79
272 30003 30003 30000 30003 .72 .72 .72 .72 .79 .79 .79 .79
273 30003 30003 30000 30003 .72 .72 .72 .72 .79 .79 .79 .79
274 30003 30003 30000 30003 .72 .72 .72 .72 .79 .79 .79 .79
275 30003 30003 30000 30003 .72 .72 .72 .72 .79 .79 .79 .79
276 30003 30003 30000 30003 .72 .72 .72 .72 .79 .79 .79 .79
277 30003 30003 30000 30003 .72 .72 .72 .72 .79 .79 .79 .79
278 30003 30003 30000 30003 .72 .72 .72 .72 .79 .79 .79 .79
279 30003 30003 30000 30003 .72 .72 .72 .72 .79 .79 .79 .79
280 30003 30003 30000 30003 .72 .72 .72 .72 .79 .79 .79 .79
281 30003 30003 30000 30003 .72 .72 .72 .72 .79 .79 .79 .79
282 30003 30003 30000 30003 .72 .72 .72 .72 .79 .79 .79 .79
283 30003 30003 30000 30003 .72 .72 .72 .72 .79 .79 .79 .79
284 30003 30003 30000 30003 .72 .72 .72 .72 .79 .79 .79 .79
285 30003 30003 30000 30003 .72 .72 .72 .72 .79 .79 .79 .79
286 30003 30003 30000 30003 .72 .72 .72 .72 .79 .79 .79 .79
287 30003 30003 30000 30003 .72 .72 .72 .72 .79 .79 .79 .79
288 30003 30003 30000 30003 .72 .72 .72 .72 .79 .79 .79 .79
289 30003 30003 30000 30003 .72 .72 .72 .72 .79 .79 .79 .79
290 30003 30003 30000 30003 .72 .72 .72 .72 .79 .79 .79 .79
291 30003 30003 30000 30003 .72 .72 .72 .72 .79 .79 .79 .79
292 30003 30003 30000 30003 .72 .72 .72 .72 .79 .79 .79 .79
293 30003 30003 30000 30003 .72 .72 .72 .72 .79 .79 .79 .79
294 30003 30003 30000 30003 .72 .72 .72 .72 .79 .79 .79 .79
295 30003 30003 30000 30003 .72 .72 .72 .72 .79 .79 .79 .79
296 30003 30003 30000 30003 .72 .72 .72 .72 .79 .79 .79 .79
297 30003 30003 30000 30003 .72 .72 .72 .72 .79 .79 .79 .79
298 30003 30003 30000 30003 .72 .72 .72 .72 .79 .79 .79 .79
299 30003 30003 30000 30003 .72 .72 .72 .72 .79 .79 .79 .79
300 30003 30003 30000 30003 .72 .72 .72 .72 .79 .79 .79 .79
301 30003 30003 30000 30003 .72 .72 .72 .72 .79 .79 .79 .79
302 30003 30003 30000 30003 .72 .72 .72 .72 .79 .79 .79 .79
303 30003 30003 30000 30003 .72 .72 .72 .72 .79 .79 .79 .79
304 30003 30003 30000 30003 .72 .72 .72 .72 .79 .79 .79 .79
305 30003 30003 30000 30003 .72 .72 .72 .72 .79 .79 .79 .79
306 30003 30003 30000 30003 .72 .72 .72 .72 .79 .79 .79 .79
307 30003 30003 30000 30003 .72 .72 .72 .72 .79 .79 .79 .79
308 30003 30003 30000 30003 .72 .72 .72 .72 .79 .79 .79 .79
309 30003 30003 30000 30003 .72 .72 .72 .72 .79 .79 .79 .79
310 30033 30303 30300 30303 .25 .25 .25 .25 .42 .42 .42 .42
311 30033 30303 30300 30303 .25 .25 .25 .25 .42 .42 .42 .42
312 30033 30303 30300 30303 .25 .25 .25 .25 .42 .42 .42 .42
313 30033 30303 30300 30303 .25 .25 .25 .25 .42 .42 .42 .42
314 30033 30303 30300 30303 .25 .25 .25 .25 .42 .42 .42 .42
315 30033 30303 30300 30303 .25 .25 .25 .25 .42 .42 .42 .42
316 30033 30303 30300 30303 .25 .25 .25 .25 .42 .42 .42 .42
317 30033 30303 30300 30303 .25 .25 .25 .25 .42 .42 .42 .42
318 30033 30303 30300 30303 .25 .25 .25 .25 .42 .42 .42 .42
319 30033 30303 30300 30303 .25 .25 .25 .25 .42 .42 .42 .42
320 30303 30303 30303 30303 1.00 1.00 1.00 1.00 1.00 1.00 1.00 1.00
321 30303 30303 30303 30303 1.00 1.00 1.00 1.00 1.00 1.00 1.00 1.00
322 30303 30303 30303 30303 1.00 1.00 1.00 1.00 1.00 1.00 1.00 1.00
323 30303 30303 30303 30303 1.00 1.00 1.00 1.00 1.00 1.00 1.00 1.00
324 30303 30303 30303 30303 1.00 1.00 1.00 1.00 1.00 1.00 1.00 1.00
325 30303 30303 30303 30303 1.00 1.00 1.00 1.00 1.00 1.00 1.00 1.00
326 30303 30303 30303 30303 1.00 1.00 1.00 1.00 1.00 1.00 1.00 1.00
327 30303 30303 30303 30303 1.00 1.00 1.00 1.00 1.00 1.00 1.00 1.00
328 30303 30303 30303 30303 1.00 1.00 1.00 1.00 1.00 1.00 1.00 1.00
329 30303 30303 30303 30303 1.00 1.00 1.00 1.00 1.00 1.00 1.00 1.00
330 30303 30303 30303 30303 1.00 1.00 1.00 1.00 1.00 1.00 1.00 1.00
331 30303 30303 30303 30303 1.00 1.00 1.00 1.00 1.00 1.00 1.00 1.00
332 30303 30303 30303 30303 1.00 1.00 1.00 1.00 1.00 1.00 1.00 1.00
333 30303 30303 30303 30303 1.00 1.00 1.00 1.00 1.00 1.00 1.00 1.00
334 30303 30303 30303 30303 1.00 1.00 1.00 1.00 1.00 1.00 1.00 1.00
335 30303 30303 30303 30303 1.00 1.00 1.00 1.00 1.00 1.00 1.00 1.00
336 30303 30303 30303 30303 1.00 1.00 1.00 1.00 1.00 1.00 1.00 1.00
337 30303 30303 30303 30303 1.00 1.00 1.00 1.00 1.00 1.00 1.00 1.00
338 30303 30303 30303 30303 1.00 1.00 1.00 1.00 1.00 1.00 1.00 1.00
339 30303 30303 30303 30303 1.00 1.00 1.00 1.00 1.00 1.00 1.00 1.00
340 30303 30303 30303 30303 1.00 1.00 1.00 1.00 1.00 1.00 1.00 1.00
341 30303 30303 30303 30303 1.00 1.00 1.00 1.00 1.00 1.00 1.00 1.00
342 30303 30303 30303 30303 1.00 1.00 1.00 1.00 1.00 1.00 1.00 1.00
343 30303 30303 30303 30303 1.00 1.00 1.00 1.00 1.00 1.00 1.00 1.00
344 30303 30303 30303 30303 1.00 1.00 1.00 1.00 1.00 1.00 1.00 1.00
345 30303 30303 30303 30303 1.00 1.00 1.00 1.00 1.00 1.00 1.00 1.00
346 30303 30303 30303 30303 1.00 1.00 1.00 1.00 1.00 1.00 1.00 1.00
347 30303 30303 30303 30303 1.00 1.00 1.00 1.00 1.00 1.00 1.00 1.00
348 30303 30303 30303 30303 1.00 1.00 1.00 1.00 1.00 1.00 1.00 1.00
349 30303 30303 30303 30303 1.00 1.00 1.00 1.00 1.00 1.00 1.00 1.00
350 00003 00000 00000 00000 1.0 1.0 1.0 1.0 1.0 1.0 1.0 1.0
351 00003 00000 00000 00000 1.0 1.0 1.0 1.0 1.0 1.0 1.0 1.0
352 00003 00000 00000 00000 1.0 1.0 1.0 1.0 1.0 1.0 1.0 1.0
353 00003 00000 00000 00000 1.0 1.0 1.0 1.0 1.0 1.0 1.0 1.0
354 00003 00000 00000 00000 1.0 1.0 1.0 1.0 1.0 1.0 1.0 1.0
355 00003 00000 00000 00000 1.0 1.0 1.0 1.0 1.0 1.0 1.0 1.0
356 00003 00000 00000 00000 1.0 1.0 1.0 1.0 1.0 1.0 1.0 1.0
357 00003 00000 00000 00000 1.0 1.0 1.0 1.0 1.0 1.0 1.0 1.0
358 00003 00000 00000 00000 1.0 1.0 1.0 1.0 1.0 1.0 1.0 1.0
359 00003 00000 00000 00000 1.0 1.0 1.0 1.0 1.0 1.0 1.0 1.0
360 00003 00000 00000 00000 1.0 1.0 1.0 1.0 1.0 1.0 1.0 1.0
361 00003 00000 00000 00000 1.0 1.0 1.0 1.0 1.0 1.0 1.0 1.0
362 00003 00000 00000 00000 1.0 1.0 1.0 1.0 1.0 1.0 1.0 1.0
363 00003 00000 00000 00000 1.0 1.0 1.0 1.0 1.0 1.0 1.0 1.0
364 00003 00000 00000 00000 1.0 1.0 1.0 1.0 1.0 1.0 1.0 1.0
365 00003 00000 00000 00000 1.0 1.0 1.0 1.0 1.0 1.0 1.0 1.0
366 00003 00000 00000 00000 1.0 1.0 1.0 1.0 1.0 1.0 1.0 1.0
367 00003 00000 00000 00000 1.0 1.0 1.0 1.0 1.0 1.0 1.0 1.0
368 00003 00000 00000 00000 1.0 1.0 1.0 1.0 1.0 1.0 1.0 1.0
369 00003 00000 00000 00000 1.0 1.0 1.0 1.0 1.0 1.0 1.0 1.0
370 00003 00000 00000 00000 1.0 1.0 1.0 1.0 1.0 1.0 1.0 1.0
371 00003 00000 00000 00000 1.0 1.0 1.0 1.0 1.0 1.0 1.0 1.0
372 00003 00000 00000 00000 1.0 1.0 1.0 1.0 1.0 1.0 1.0 1.0
373 00003 00000 00000 00000 1.0 1.0 1.0 1.0 1.0 1.0 1.0 1.0
374 00003 00000 00000 00000 1.0 1.0 1.0 1.0 1.0 1.0 1.0 1.0
375 00003 00000 00000 00000 1.0 1.0 1.0 1.0 1.0 1.0 1.0 1.0
376 00003 00000 00000 00000 1.0 1.0 1.0 1.0 1.0 1.0 1.0 1.0
377 00003 00000 00000 00000 1.0 1.0 1.0 1.0 1.0 1.0 1.0 1.0
378 00003 00000 00000 00000 1.0 1.0 1.0 1.0 1.0 1.0 1.0 1.0
379 00003 00000 00000 00000 1.0 1.0 1.0 1.0 1.0 1.0 1.0 1.0
380 00001 00000 00000 00000 1.0 1.0 1.0 1.0 1.0 1.0 1.0 1.0
381 00001 00000 00000 00000 1.0 1.0 1.0 1.0 1.0 1.0 1.0 1.0
382 00001 00000 00000 00000 1.0 1.0 1.0 1.0 1.0 1.0 1.0 1.0
383 00001 00000 00000 00000 1.0 1.0 1.0 1.0 1.0 1.0 1.0 1.0
384 00001 00000 00000 00000 1.0 1.0 1.0 1.0 1.0 1.0 1.0 1.0
385 00001 00000 00000 00000 1.0 1.0 1.0 1.0 1.0 1.0 1.0 1.0
386 00001 00000 00000 00000 1.0 1.0 1.0 1.0 1.0 1.0 1.0 1.0
387 00001 00000 00000 00000 1.0 1.0 1.0 1.0 1.0 1.0 1.0 1.0
388 00001 00000 00000 00000 1.0 1.0 1.0 1.0 1.0 1.0 1.0 1.0
389 00001 00000 00000 00000 1.0 1.0 1.0 1.0 1.0 1.0 1.0 1.0
390 00031 00000 00000 00000 -0.04 -0.08 -0.04 -0.07 -0.03 -0.06 -0.03 -0.05
391 00031 00000 00000 00000 -0.04 -0.08 -0.04 -0.07 -0.03 -0.06 -0.03 -0.05
392 00031 00000 00000 00000 -0.04 -0.08 -0.04 -0.07 -0.03 -0.06 -0.03 -0.05
393 00031 00000 00000 00000 -0.04 -0.08 -0.04 -0.07 -0.03 -0.06 -0.03 -0.05
394 00031 00000 00000 00000 -0.04 -0.08 -0.04 -0.07 -0.03 -0.06 -0.03 -0.05
395 00031 00000 00000 00000 -0.04 -0.08 -0.04 -0.07 -0.03 -0.06 -0.03 -0.05
396 00031 00000 00000 00000 -0.04 -0.08 -0.04 -0.07 -0.03 -0.06 -0.03 -0.05
397 00031 00000 00000 00000 -0.04 -0.08 -0.04 -0.07 -0.03 -0.06 -0.03 -0.05
398 00031 00000 00000 00000 -0.04 -0.08 -0.04 -0.07 -0.03 -0.06 -0.03 -0.05
399 00031 00000 00000 00000 -0.04 -0.08 -0.04 -0.07 -0.03 -0.06 -0.03 -0.05
400 00031 00030 00300 00030 .11 .09 .17 .06 .28 .29 .37 .25
401 00031 00030 00300 00030 .11 .09 .17 .06 .28 .29 .37 .25
402 00031 00030 00300 00030 .11 .09 .17 .06 .28 .29 .37 .25
403 00031 00030 00300 00030 .11 .09 .17 .06 .28 .29 .37 .25
404 00031 00030 00300 00030 .11 .09 .17 .06 .28 .29 .37 .25
405 00031 00030 00300 00030 .11 .09 .17 .06 .28 .29 .37 .25
406 00031 00030 00300 00030 .11 .09 .17 .06 .28 .29 .37 .25
407 00031 00030 00300 00030 .11 .09 .17 .06 .28 .29 .37 .25
408 00031 00030 00300 00030 .11 .09 .17 .06 .28 .29 .37 .25
409 00031 00030 00300 00030 .11 .09 .17 .06 .28 .29 .37 .25
410 00301 00300 00300 00300 .70 .80 .96 .69 .76 .84 .97 .75
411 00301 00300 00300 00300 .70 .80 .96 .69 .76 .84 .97 .75
412 00301 00300 00300 00300 .70 .80 .96 .69 .76 .84 .97 .75
413 00301 00300 00300 00300 .70 .80 .96 .69 .76 .84 .97 .75
414 00301 00300 00300 00300 .70 .80 .96 .69 .76 .84 .97 .75
415 00301 00300 00300 00300 .70 .80 .96 .69 .76 .84 .97 .75
416 00301 00300 00300 00300 .70 .80 .96 .69 .76 .84 .97 .75
417 00301 00300 00300 00300 .70 .80 .96 .69 .76 .84 .97 .75
418 00301 00300 00300 00300 .70 .80 .96 .69 .76 .84 .97 .75
419 00301 00300 00300 00300 .70 .80 .96 .69 .76 .84 .97 .75
420 00301 00300 00300 00300 .70 .80 .96 .69 .76 .84 .97 .75
421 00301 00300 00300 00300 .70 .80 .96 .69 .76 .84 .97 .75
422 00301 00300 00300 00300 .70 .80 .96 .69 .76 .84 .97 .75
423 00301 00300 00300 00300 .70 .80 .96 .69 .76 .84 .97 .75
424 00301 00300 00300 00300 .70 .80 .96 .69 .76 .84 .97 .75
425 00301 00300 00300 00300 .70 .80 .96 .69 .76 .84 .97 .75
426 00301 00300 00300 00300 .70 .80 .96 .69 .76 .84 .97 .75
427 00301 00300 00300 00300 .70 .80 .96 .69 .76 .84 .97 .75
428 00301 00300 00300 00300 .70 .80 .96 .69 .76 .84 .97 .75
429 00301 00300 00300 00300 .70 .80 .96 .69 .76 .84 .97 .75
430 00301 00300 00300 00300 .70 .80 .96 .69 .76 .84 .97 .75
431 00301 00300 00300 00300 .70 .80 .96 .69 .76 .84 .97 .75
432 00301 00300 00300 00300 .70 .80 .96 .69 .76 .84 .97 .75
433 00301 00300 00300 00300 .70 .80 .96 .69 .76 .84 .97 .75
434 00301 00300 00300 00300 .70 .80 .96 .69 .76 .84 .97 .75
435 00301 00300 00300 00300 .70 .80 .96 .69 .76 .84 .97 .75
436 00301 00300 00300 00300 .70 .80 .96 .69 .76 .84 .97 .75
437 00301 00300 00300 00300 .70 .80 .96 .69 .76 .84 .97 .75
438 00301 00300 00300 00300 .70 .80 .96 .69 .76 .84 .97 .75
439 00301 00300 00300 00300 .70 .80 .96 .69 .76 .84 .97 .75
440 00301 00300 00300 00300 .70 .80 .96 .69 .76 .84 .97 .75
441 00301 00300 00300 00300 .70 .80 .96 .69 .76 .84 .97 .75
442 00301 00300 00300 00300 .70 .80 .96 .69 .76 .84 .97 .75
443 00301 00300 00300 00300 .70 .80 .96 .69 .76 .84 .97 .75
444 00301 00300 00300 00300 .70 .80 .96 .69 .76 .84 .97 .75
445 00301 00300 00300 00300 .70 .80 .96 .69 .76 .84 .97 .75
446 00301 00300 00300 00300 .70 .80 .96 .69 .76 .84 .97 .75
447 00301 00300 00300 00300 .70 .80 .96 .69 .76 .84 .97 .75
448 00301 00300 00300 00300 .70 .80 .96 .69 .76 .84 .97 .75
449 00301 00300 00300 00300 .70 .80 .96 .69 .76 .84 .97 .75
450 03301 00300 03300 03300 .53 .60 .68 .49 .63 .71 .76 .61
451 03301 00300 03300 03300 .53 .60 .68 .49 .63 .71 .76 .61
452 03301 00300 03300 03300 .53 .60 .68 .49 .63 .71 .76 .61
453 03301 00300 03300 03300 .53 .60 .68 .49 .63 .71 .76 .61
454 03301 00300 03300 03300 .53 .60 .68 .49 .63 .71 .76 .61
455 03301 00300 03300 03300 .53 .60 .68 .49 .63 .71 .76 .61
456 03301 00300 03300 03300 .53 .60 .68 .49 .63 .71 .76 .61
457 03301 00300 03300 03300 .53 .60 .68 .49 .63 .71 .76 .61
458 03301 00300 03300 03300 .53 .60 .68 .49 .63 .71 .76 .61
459 03301 00300 03300 03300 .53 .60 .68 .49 .63 .71 .76 .61
460 30301 30300 30300 30300 .77 .91 .97 .76 .82 .93 .98 .81
461 30301 30300 30300 30300 .77 .91 .97 .76 .82 .93 .98 .81
462 30301 30300 30300 30300 .77 .91 .97 .76 .82 .93 .98 .81
463 30301 30300 30300 30300 .77 .91 .97 .76 .82 .93 .98 .81
464 30301 30300 30300 30300 .77 .91 .97 .76 .82 .93 .98 .81
465 30301 30300 30300 30300 .77 .91 .97 .76 .82 .93 .98 .81
466 30301 30300 30300 30300 .77 .91 .97 .76 .82 .93 .98 .81
467 30301 30300 30300 30300 .77 .91 .97 .76 .82 .93 .98 .81
468 30301 30300 30300 30300 .77 .91 .97 .76 .82 .93 .98 .81
469 30301 30300 30300 30300 .77 .91 .97 .76 .82 .93 .98 .81
470 30001 30000 30000 30000 .70 .80 .96 .69 .76 .84 .97 .75
471 30001 30000 30000 30000 .70 .80 .96 .69 .76 .84 .97 .75
472 30001 30000 30000 30000 .70 .80 .96 .69 .76 .84 .97 .75
473 30001 30000 30000 30000 .70 .80 .96 .69 .76 .84 .97 .75
474 30001 30000 30000 30000 .70 .80 .96 .69 .76 .84 .97 .75
475 30001 30000 30000 30000 .70 .80 .96 .69 .76 .84 .97 .75
476 30001 30000 30000 30000 .70 .80 .96 .69 .76 .84 .97 .75
477 30001 30000 30000 30000 .70 .80 .96 .69 .76 .84 .97 .75
478 30001 30000 30000 30000 .70 .80 .96 .69 .76 .84 .97 .75
479 30001 30000 30000 30000 .70 .80 .96 .69 .76 .84 .97 .75
480 30001 30000 30000 30000 .70 .80 .96 .69 .76 .84 .97 .75
481 30001 30000 30000 30000 .70 .80 .96 .69 .76 .84 .97 .75
482 30001 30000 30000 30000 .70 .80 .96 .69 .76 .84 .97 .75
483 30001 30000 30000 30000 .70 .80 .96 .69 .76 .84 .97 .75
484 30001 30000 30000 30000 .70 .80 .96 .69 .76 .84 .97 .75
485 30001 30000 30000 30000 .70 .80 .96 .69 .76 .84 .97 .75
486 30001 30000 30000 30000 .70 .80 .96 .69 .76 .84 .97 .75
487 30001 30000 30000 30000 .70 .80 .96 .69 .76 .84 .97 .75
488 30001 30000 30000 30000 .70 .80 .96 .69 .76 .84 .97 .75
489 30001 30000 30000 30000 .70 .80 .96 .69 .76 .84 .97 .75
490 30001 30030 30030 30030 .53 .60 .68 .49 .63 .71 .76 .61
491 30001 30030 30030 30030 .53 .60 .68 .49 .63 .71 .76 .61
492 30001 30030 30030 30030 .53 .60 .68 .49 .63 .71 .76 .61
493 30001 30030 30030 30030 .53 .60 .68 .49 .63 .71 .76 .61
494 30001 30030 30030 30030 .53 .60 .68 .49 .63 .71 .76 .61
495 30001 30030 30030 30030 .53 .60 .68 .49 .63 .71 .76 .61
496 30001 30030 30030 30030 .53 .60 .68 .49 .63 .71 .76 .61
497 30001 30030 30030 30030 .53 .60 .68 .49 .63 .71 .76 .61
498 30001 30030 30030 30030 .53 .60 .68 .49 .63 .71 .76 .61
499 30001 30030 30030 30030 .53 .60 .68 .49 .63 .71 .76 .61
500 30001 30030 30001 30001 .55 .55 .63 .50 .66 .65 .70 .62
501 30001 30030 30001 30001 .55 .55 .63 .50 .66 .65 .70 .62
502 30001 30030 30001 30001 .55 .55 .63 .50 .66 .65 .70 .62
503 30001 30030 30001 30001 .55 .55 .63 .50 .66 .65 .70 .62
504 30001 30030 30001 30001 .55 .55 .63 .50 .66 .65 .70 .62
505 30001 30030 30001 30001 .55 .55 .63 .50 .66 .65 .70 .62
506 30001 30030 30001 30001 .55 .55 .63 .50 .66 .65 .70 .62
507 30001 30030 30001 30001 .55 .55 .63 .50 .66 .65 .70 .62
508 30001 30030 30001 30001 .55 .55 .63 .50 .66 .65 .70 .62
509 30001 30030 30001 30001 .55 .55 .63 .50 .66 .65 .70 .62
510 30031 30031 30001 30031 .80 .68 .68 .77 .85 .76 .76 .82
511 30031 30031 30001 30031 .80 .68 .68 .77 .85 .76 .76 .82
512 30031 30031 30001 30031 .80 .68 .68 .77 .85 .76 .76 .82
513 30031 30031 30001 30031 .80 .68 .68 .77 .85 .76 .76 .82
514 30031 30031 30001 30031 .80 .68 .68 .77 .85 .76 .76 .82
515 30031 30031 30001 30031 .80 .68 .68 .77 .85 .76 .76 .82
516 30031 30031 30001 30031 .80 .68 .68 .77 .85 .76 .76 .82
517 30031 30031 30001 30031 .80 .68 .68 .77 .85 .76 .76 .82
518 30031 30031 30001 30031 .80 .68 .68 .77 .85 .76 .76 .82
519 30031 30031 30001 30031 .80 .68 .68 .77 .85 .76 .76 .82
520 30031 30031 30001 30031 .80 .68 .68 .77 .85 .76 .76 .82
521 30031 30031 30001 30031 .80 .68 .68 .77 .85 .76 .76 .82
522 30031 30031 30001 30031 .80 .68 .68 .77 .85 .76 .76 .82
523 30031 30031 30001 30031 .80 .68 .68 .77 .85 .76 .76 .82
524 30031 30031 30001 30031 .80 .68 .68 .77 .85 .76 .76 .82
525 30031 30031 30001 30031 .80 .68 .68 .77 .85 .76 .76 .82
526 30031 30031 30001 30031 .80 .68 .68 .77 .85 .76 .76 .82
527 30031 30031 30001 30031 .80 .68 .68 .77 .85 .76 .76 .82
528 30031 30031 30001 30031 .80 .68 .68 .77 .85 .76 .76 .82
529 30031 30031 30001 30031 .80 .68 .68 .77 .85 .76 .76 .82
530 30031 30031 30001 30031 .80 .68 .68 .77 .85 .76 .76 .82
531 30031 30031 30001 30031 .80 .68 .68 .77 .85 .76 .76 .82
532 30031 30031 30001 30031 .80 .68 .68 .77 .85 .76 .76 .82
533 30031 30031 30001 30031 .80 .68 .68 .77 .85 .76 .76 .82
534 30031 30031 30001 30031 .80 .68 .68 .77 .85 .76 .76 .82
535 30031 30031 30001 30031 .80 .68 .68 .77 .85 .76 .76 .82
536 30031 30031 30001 30031 .80 .68 .68 .77 .85 .76 .76 .82
537 30031 30031 30001 30031 .80 .68 .68 .77 .85 .76 .76 .82
538 30031 30031 30001 30031 .80 .68 .68 .77 .85 .76 .76 .82
539 30031 30031 30001 30031 .80 .68 .68 .77 .85 .76 .76 .82
540 30301 30031 30001 30001 .61 .37 .36 .53 .69 .51 .49 .64
541 30301 30031 30001 30001 .61 .37 .36 .53 .69 .51 .49 .64
542 30301 30031 30001 30001 .61 .37 .36 .53 .69 .51 .49 .64
543 30301 30031 30001 30001 .61 .37 .36 .53 .69 .51 .49 .64
544 30301 30031 30001 30001 .61 .37 .36 .53 .69 .51 .49 .64
545 30301 30031 30001 30001 .61 .37 .36 .53 .69 .51 .49 .64
546 30301 30031 30001 30001 .61 .37 .36 .53 .69 .51 .49 .64
547 30301 30031 30001 30001 .61 .37 .36 .53 .69 .51 .49 .64
548 30301 30031 30001 30001 .61 .37 .36 .53 .69 .51 .49 .64
549 30301 30031 30001 30001 .61 .37 .36 .53 .69 .51 .49 .64
550 30301 30031 30001 30001 .61 .37 .36 .53 .69 .51 .49 .64
551 30301 30031 30001 30001 .61 .37 .36 .53 .69 .51 .49 .64
552 30301 30031 30001 30001 .61 .37 .36 .53 .69 .51 .49 .64
553 30301 30031 30001 30001 .61 .37 .36 .53 .69 .51 .49 .64
554 30301 30031 30001 30001 .61 .37 .36 .53 .69 .51 .49 .64
555 30301 30031 30001 30001 .61 .37 .36 .53 .69 .51 .49 .64
556 30301 30031 30001 30001 .61 .37 .36 .53 .69 .51 .49 .64
557 30301 30031 30001 30001 .61 .37 .36 .53 .69 .51 .49 .64
558 30301 30031 30001 30001 .61 .37 .36 .53 .69 .51 .49 .64
559 30301 30031 30001 30001 .61 .37 .36 .53 .69 .51 .49 .64
560 30301 30031 30001 30001 .61 .37 .36 .53 .69 .51 .49 .64
561 30301 30031 30001 30001 .61 .37 .36 .53 .69 .51 .49 .64
562 30301 30031 30001 30001 .61 .37 .36 .53 .69 .51 .49 .64
563 30301 30031 30001 30001 .61 .37 .36 .53 .69 .51 .49 .64
564 30301 30031 30001 30001 .61 .37 .36 .53 .69 .51 .49 .64
565 30301 30031 30001 30001 .61 .37 .36 .53 .69 .51 .49 .64
566 30301 30031 30001 30001 .61 .37 .36 .53 .69 .51 .49 .64
567 30301 30031 30001 30001 .61 .37 .36 .53 .69 .51 .49 .64
568 30301 30031 30001 30001 .61 .37 .36 .53 .69 .51 .49 .64
569 30301 30031 30001 30001 .61 .37 .36 .53 .69 .51 .49 .64
570 30301 30031 30001 30001 .61 .37 .36 .53 .69 .51 .49 .64
571 30301 30031 30001 30001 .61 .37 .36 .53 .69 .51 .49 .64
572 30301 30031 30001 30001 .61 .37 .36 .53 .69 .51 .49 .64
573 30301 30031 30001 30001 .61 .37 .36 .53 .69 .51 .49 .64
574 30301 30031 30001 30001 .61 .37 .36 .53 .69 .51 .49 .64
575 30301 30031 30001 30001 .61 .37 .36 .53 .69 .51 .49 .64
576 30301 30031 30001 30001 .61 .37 .36 .53 .69 .51 .49 .64
577 30301 30031 30001 30001 .61 .37 .36 .53 .69 .51 .49 .64
578 30301 30031 30001 30001 .61 .37 .36 .53 .69 .51 .49 .64
579 30301 30031 30001 30001 .61 .37 .36 .53 .69 .51 .49 .64
580 30301 30031 30001 30001 .61 .37 .36 .53 .69 .51 .49 .64
581 30301 30031 30001 30001 .61 .37 .36 .53 .69 .51 .49 .64
582 30301 30031 30001 30001 .61 .37 .36 .53 .69 .51 .49 .64
583 30301 30031 30001 30001 .61 .37 .36 .53 .69 .51 .49 .64
584 30301 30031 30001 30001 .61 .37 .36 .53 .69 .51 .49 .64
585 30301 30031 30001 30001 .61 .37 .36 .53 .69 .51 .49 .64
586 30301 30031 30001 30001 .61 .37 .36 .53 .69 .51 .49 .64
587 30301 30031 30001 30001 .61 .37 .36 .53 .69 .51 .49 .64
588 30301 30031 30001 30001 .61 .37 .36 .53 .69 .51 .49 .64
589 30301 30031 30001 30001 .61 .37 .36 .53 .69 .51 .49 .64
590 30301 30031 30001 30001 .61 .37 .36 .53 .69 .51 .49 .64
591 30301 30031 30001 30001 .61 .37 .36 .53 .69 .51 .49 .64
592 30301 30031 30001 30001 .61 .37 .36 .53 .69 .51 .49 .64
593 30301 30031 30001 30001 .61 .37 .36 .53 .69 .51 .49 .64
594 30301 30031 30001 30001 .61 .37 .36 .53 .69 .51 .49 .64
595 30301 30031 30001 30001 .61 .37 .36 .53 .69 .51 .49 .64
596 30301 30031 30001 30001 .61 .37 .36 .53 .69 .51 .49 .64
597 30301 30031 30001 30001 .61 .37 .36 .53 .69 .51 .49 .64
598 30301 30031 30001 30001 .61 .37 .36 .53 .69 .51 .49 .64
599 30301 30031 30001 30001 .61 .37 .36 .53 .69 .51 .49 .64
600 30301 30031 30001 30001 .61 .37 .36 .53 .69 .51 .49 .64
601 30301 30031 30001 30001 .61 .37 .36 .53 .69 .51 .49 .64
602 30301 30031 30001 30001 .61 .37 .36 .53 .69 .51 .49 .64
603 30301 30031 30001 30001 .61 .37 .36 .53 .69 .51 .49 .64
604 30301 30031 30001 30001 .61 .37 .36 .53 .69 .51 .49 .64
605 30301 30031 30001 30001 .61 .37 .36 .53 .69 .51 .49 .64
606 30301 30031 30001 30001 .61 .37 .36 .53 .69 .51 .49 .64
607 30301 30031 30001 30001 .61 .37 .36 .53 .69 .51 .49 .64
608 30301 30031 30001 30001 .61 .37 .36 .53 .69 .51 .49 .64
609 30301 30031 30001 30001 .61 .37 .36 .53 .69 .51 .49 .64
610 30301 30031 30001 30001 .61 .37 .36 .53 .69 .51 .49 .64
611 30301 30031 30001 30001 .61 .37 .36 .53 .69 .51 .49 .64
612 30301 30031 30001 30001 .61 .37 .36 .53 .69 .51 .49 .64
613 30301 30031 30001 30001 .61 .37 .36 .53 .69 .51 .49 .64
614 30301 30031 30001 30001 .61 .37 .36 .53 .69 .51 .49 .64
615 30301 30031 30001 30001 .61 .37 .36 .53 .69 .51 .49 .64
616 30301 30031 30001 30001 .61 .37 .36 .53 .69 .51 .49 .64
617 30301 30031 30001 30001 .61 .37 .36 .53 .69 .51 .49 .64
618 30301 30031 30001 30001 .61 .37 .36 .53 .69 .51 .49 .64
619 30301 30031 30001 30001 .61 .37 .36 .53 .69 .51 .49 .64
620 30301 30031 30001 30001 .61 .37 .36 .53 .69 .51 .49 .64
621 30301 30031 30001 30001 .61 .37 .36 .53 .69 .51 .49 .64
622 30301 30031 30001 30001 .61 .37 .36 .53 .69 .51 .49 .64
623 30301 30031 30001 30001 .61 .37 .36 .53 .69 .51 .49 .64
624 30301 30031 30001 30001 .61 .37 .36 .53 .69 .51 .49 .64
625 30301 30031 30001 30001 .61 .37 .36 .53 .69 .51 .49 .64
626 30301 30031 30001 30001 .61 .37 .36 .53 .69 .51 .49 .64
627 30301 30031 30001 30001 .61 .37 .36 .53 .69 .51 .49 .64
628 30301 30031 30001 30001 .61 .37 .36 .53 .69 .51 .49 .64
629 30301 30031 30001 30001 .61 .37 .36 .53 .69 .51 .49 .64
630 30301 30031 30001 30001 .61 .37 .36 .53 .69 .51 .49 .64
631 30301 30031 30001 30001 .61 .37 .36 .53 .69 .51 .49 .64
632 30301 30031 30001 30001 .61 .37 .36 .53 .69 .51 .49 .64
633 30301 30031 30001 30001 .61 .37 .36 .53 .69 .51 .49 .64
634 30301 30031 30001 30001 .61 .37 .36 .53 .69 .51 .49 .64
635 30301 30031 30001 30001 .61 .37 .36 .53 .69 .51 .49 .64
636 30301 30031 30001 30001 .61 .37 .36 .53 .69 .51 .49 .64
637 30301 30031 30001 30001 .61 .37 .36 .53 .69 .51 .49 .64
638 30301 30031 30001 30001 .61 .37 .36 .53 .69 .51 .49 .64
639 30301 30031 30001 30001 .61 .37 .36 .53 .69 .51 .49 .64
640 30301 30031 30001 30001 .61 .37 .36 .53 .69 .51 .49 .64
641 30301 30031 30001 30001 .61 .37 .36 .53 .69 .51 .49 .64
642 30301 30031 30001 30001 .61 .37 .36 .53 .69 .51 .49 .64
643 30301 30031 30001 30001 .61 .37 .36 .53 .69 .51 .49 .64
644 30301 30031 30001 30001 .61 .37 .36 .53 .69 .51 .49 .64
645 30301 30031 30001 30001 .61 .37 .36 .53 .69 .51 .49 .64
646 30301 30031 30001 30001 .61 .37 .36 .53 .69 .51 .49 .64
647 30301 30031 30001 30001 .61 .37 .36 .53 .69 .51 .49 .64
648 30301 30031 30001 30001 .61 .37 .36 .53 .69 .51 .49 .64
649 30301 30031 30001 30001 .61 .37 .36 .53 .69 .51 .49 .64
650 30301 30031 30001 30001 .61 .37 .36 .53 .69 .51 .49 .64
651 30301 30031 30001 30001 .61 .37 .36 .53 .69 .51 .49 .64
652 30301 30031 30001 30001 .61 .37 .36 .53 .69 .51 .49 .64
653 30301 30031 30001 30001 .61 .37 .36 .53 .69 .51 .49 .64
654 30301 30031 30001 30001 .61 .37 .36 .53 .69 .51 .49 .64
655 30301 30031 30001 30001 .61 .37 .36 .53 .69 .51 .49 .64
656 30301 30031 30001 30001 .61 .37 .36 .53 .69 .51 .49 .64
657 30301 30031 30001 30001 .61 .37 .36 .53 .69 .51 .49 .64
658 30301 30031 30001 30001 .61 .37 .36 .53 .69 .51 .49 .64
659 30301 30031 30001 30001 .61 .37 .36 .53 .69 .51 .49 .64
660 30301 30301 30001 30301 .80 .68 .68 .77 .85 .76 .76 .82
661 30301 30301 30001 30301 .80 .68 .68 .77 .85 .76 .76 .82
662 30301 30301 30001 30301 .80 .68 .68 .77 .85 .76 .76 .82
663 30301 30301 30001 30301 .80 .68 .68 .77 .85 .76 .76 .82
664 30301 30301 30001 30301 .80 .68 .68 .77 .85 .76 .76 .82
665 30301 30301 30001 30301 .80 .68 .68 .77 .85 .76 .76 .82
666 30301 30301 30001 30301 .80 .68 .68 .77 .85 .76 .76 .82
667 30301 30301 30001 30301 .80 .68 .68 .77 .85 .76 .76 .82
668 30301 30301 30001 30301 .80 .68 .68 .77 .85 .76 .76 .82
669 30301 30301 30001 30301 .80 .68 .68 .77 .85 .76 .76 .82
670 30301 30301 30001 30301 .80 .68 .68 .77 .85 .76 .76 .82
671 30301 30301 30001 30301 .80 .68 .68 .77 .85 .76 .76 .82
672 30301 30301 30001 30301 .80 .68 .68 .77 .85 .76 .76 .82
673 30301 30301 30001 30301 .80 .68 .68 .77 .85 .76 .76 .82
674 30301 30301 30001 30301 .80 .68 .68 .77 .85 .76 .76 .82
675 30301 30301 30001 30301 .80 .68 .68 .77 .85 .76 .76 .82
676 30301 30301 30001 30301 .80 .68 .68 .77 .85 .76 .76 .82
677 30301 30301 30001 30301 .80 .68 .68 .77 .85 .76 .76 .82
678 30301 30301 30001 30301 .80 .68 .68 .77 .85 .76 .76 .82
679 30301 30301 30001 30301 .80 .68 .68 .77 .85 .76 .76 .82
680 30301 30301 30001 30301 .80 .68 .68 .77 .85 .76 .76 .82
681 30301 30301 30001 30301 .80 .68 .68 .77 .85 .76 .76 .82
682 30301 30301 30001 30301 .80 .68 .68 .77 .85 .76 .76 .82
683 30301 30301 30001 30301 .80 .68 .68 .77 .85 .76 .76 .82
684 30301 30301 30001 30301 .80 .68 .68 .77 .85 .76 .76 .82
685 30301 30301 30001 30301 .80 .68 .68 .77 .85 .76 .76 .82
686 30301 30301 30001 30301 .80 .68 .68 .77 .85 .76 .76 .82
687 30301 30301 30001 30301 .80 .68 .68 .77 .85 .76 .76 .82
688 30301 30301 30001 30301 .80 .68 .68 .77 .85 .76 .76 .82
689 30301 30301 30001 30301 .80 .68 .68 .77 .85 .76 .76 .82
690 30301 30301 30031 30301 .61 .38 .39 .52 .70 .52 .54 .63
691 30301 30301 30031 30301 .61 .38 .39 .52 .70 .52 .54 .63
692 30301 30301 30031 30301 .61 .38 .39 .52 .70 .52 .54 .63
693 30301 30301 30031 30301 .61 .38 .39 .52 .70 .52 .54 .63
694 30301 30301 30031 30301 .61 .38 .39 .52 .70 .52 .54 .63
695 30301 30301 30031 30301 .61 .38 .39 .52 .70 .52 .54 .63
696 30301 30301 30031 30301 .61 .38 .39 .52 .70 .52 .54 .63
697 30301 30301 30031 30301 .61 .38 .39 .52 .70 .52 .54 .63
698 30301 30301 30031 30301 .61 .38 .39 .52 .70 .52 .54 .63
699 30301 30301 30031 30301 .61 .38 .39 .52 .70 .52 .54 .63
700 30301 30301 30301 30301 1.00 1.00 1.00 1.00 1.00 1.00 1.00 1.00
701 30301 30301 30301 30301 1.00 1.00 1.00 1.00 1.00 1.00 1.00 1.00
702 30301 30301 30301 30301 1.00 1.00 1.00 1.00 1.00 1.00 1.00 1.00
703 30301 30301 30301 30301 1.00 1.00 1.00 1.00 1.00 1.00 1.00 1.00
704 30301 30301 30301 30301 1.00 1.00 1.00 1.00 1.00 1.00 1.00 1.00
705 30301 30301 30301 30301 1.00 1.00 1.00 1.00 1.00 1.00 1.00 1.00
706 30301 30301 30301 30301 1.00 1.00 1.00 1.00 1.00 1.00 1.00 1.00
707 30301 30301 30301 30301 1.00 1.00 1.00 1.00 1.00 1.00 1.00 1.00
708 30301 30301 30301 30301 1.00 1.00 1.00 1.00 1.00 1.00 1.00 1.00
709 30301 30301 30301 30301 1.00 1.00 1.00 1.00 1.00 1.00 1.00 1.00
710 30301 30301 30301 30301 1.00 1.00 1.00 1.00 1.00 1.00 1.00 1.00
711 30301 30301 30301 30301 1.00 1.00 1.00 1.00 1.00 1.00 1.00 1.00
712 30301 30301 30301 30301 1.00 1.00 1.00 1.00 1.00 1.00 1.00 1.00
713 30301 30301 30301 30301 1.00 1.00 1.00 1.00 1.00 1.00 1.00 1.00
714 30301 30301 30301 30301 1.00 1.00 1.00 1.00 1.00 1.00 1.00 1.00
715 30301 30301 30301 30301 1.00 1.00 1.00 1.00 1.00 1.00 1.00 1.00
716 30301 30301 30301 30301 1.00 1.00 1.00 1.00 1.00 1.00 1.00 1.00
717 30301 30301 30301 30301 1.00 1.00 1.00 1.00 1.00 1.00 1.00 1.00
718 30301 30301 30301 30301 1.00 1.00 1.00 1.00 1.00 1.00 1.00 1.00
719 30301 30301 30301 30301 1.00 1.00 1.00 1.00 1.00 1.00 1.00 1.00
720 30301 30301 30301 30301 1.00 1.00 1.00 1.00 1.00 1.00 1.00 1.00
721 30301 30301 30301 30301 1.00 1.00 1.00 1.00 1.00 1.00 1.00 1.00
722 30301 30301 30301 30301 1.00 1.00 1.00 1.00 1.00 1.00 1.00 1.00
723 30301 30301 30301 30301 1.00 1.00 1.00 1.00 1.00 1.00 1.00 1.00
724 30301 30301 30301 30301 1.00 1.00 1.00 1.00 1.00 1.00 1.00 1.00
725 30301 30301 30301 30301 1.00 1.00 1.00 1.00 1.00 1.00 1.00 1.00
726 30301 30301 30301 30301 1.00 1.00 1.00 1.00 1.00 1.00 1.00 1.00
727 30301 30301 30301 30301 1.00 1.00 1.00 1.00 1.00 1.00 1.00 1.00
728 30301 30301 30301 30301 1.00 1.00 1.00 1.00 1.00 1.00 1.00 1.00
729 30301 30301 30301 30301 1.00 1.00 1.00 1.00 1.00 1.00 1.00 1.00
730 30301 30302 30301 30301 .81 .99 .97 .97 .85 .99 .97 .98
731 30301 30302 30301 30301 .81 .99 .97 .97 .85 .99 .97 .98
732 30301 30302 30301 30301 .81 .99 .97 .97 .85 .99 .97 .98
733 30301 30302 30301 30301 .81 .99 .97 .97 .85 .99 .97 .98
734 30301 30302 30301 30301 .81 .99 .97 .97 .85 .99 .97 .98
735 30301 30302 30301 30301 .81 .99 .97 .97 .85 .99 .97 .98
736 30301 30302 30301 30301 .81 .99 .97 .97 .85 .99 .97 .98
737 30301 30302 30301 30301 .81 .99 .97 .97 .85 .99 .97 .98
738 30301 30302 30301 30301 .81 .99 .97 .97 .85 .99 .97 .98
739 30301 30302 30301 30301 .81 .99 .97 .97 .85 .99 .97 .98
740 30301 30302 30300 30301 .70 .92 .91 .74 .75 .94 .93 .80
741 30301 30302 30300 30301 .70 .92 .91 .74 .75 .94 .93 .80
742 30301 30302 30300 30301 .70 .92 .91 .74 .75 .94 .93 .80
743 30301 30302 30300 30301 .70 .92 .91 .74 .75 .94 .93 .80
744 30301 30302 30300 30301 .70 .92 .91 .74 .75 .94 .93 .80
745 30301 30302 30300 30301 .70 .92 .91 .74 .75 .94 .93 .80
746 30301 30302 30300 30301 .70 .92 .91 .74 .75 .94 .93 .80
747 30301 30302 30300 30301 .70 .92 .91 .74 .75 .94 .93 .80
748 30301 30302 30300 30301 .70 .92 .91 .74 .75 .94 .93 .80
749 30301 30302 30300 30301 .70 .92 .91 .74 .75 .94 .93 .80
750 30302 30302 30302 30302 1.00 1.00 1.00 1.00 1.00 1.00 1.00 1.00
751 30302 30302 30302 30302 1.00 1.00 1.00 1.00 1.00 1.00 1.00 1.00
752 30302 30302 30302 30302 1.00 1.00 1.00 1.00 1.00 1.00 1.00 1.00
753 30302 30302 30302 30302 1.00 1.00 1.00 1.00 1.00 1.00 1.00 1.00
754 30302 30302 30302 30302 1.00 1.00 1.00 1.00 1.00 1.00 1.00 1.00
755 30302 30302 30302 30302 1.00 1.00 1.00 1.00 1.00 1.00 1.00 1.00
756 30302 30302 30302 30302 1.00 1.00 1.00 1.00 1.00 1.00 1.00 1.00
757 30302 30302 30302 30302 1.00 1.00 1.00 1.00 1.00 1.00 1.00 1.00
758 30302 30302 30302 30302 1.00 1.00 1.00 1.00 1.00 1.00 1.00 1.00
759 30302 30302 30302 30302 1.00 1.00 1.00 1.00 1.00 1.00 1.00 1.00
760 30302 30302 30302 30302 1.00 1.00 1.00 1.00 1.00 1.00 1.00 1.00
761 30302 30302 30302 30302 1.00 1.00 1.00 1.00 1.00 1.00 1.00 1.00
762 30302 30302 30302 30302 1.00 1.00 1.00 1.00 1.00 1.00 1.00 1.00
763 30302 30302 30302 30302 1.00 1.00 1.00 1.00 1.00 1.00 1.00 1.00
764 30302 30302 30302 30302 1.00 1.00 1.00 1.00 1.00 1.00 1.00 1.00
765 30302 30302 30302 30302 1.00 1.00 1.00 1.00 1.00 1.00 1.00 1.00
766 30302 30302 30302 30302 1.00 1.00 1.00 1.00 1.00 1.00 1.00 1.00
767 30302 30302 30302 30302 1.00 1.00 1.00 1.00 1.00 1.00 1.00 1.00
768 30302 30302 30302 30302 1.00 1.00 1.00 1.00 1.00 1.00 1.00 1.00
769 30302 30302 30302 30302 1.00 1.00 1.00 1.00 1.00 1.00 1.00 1.00
770 30303 30303 30302 30303 .77 .91 .97 .99 .82 .93 .98 .99
771 30303 30303 30302 30303 .77 .91 .97 .99 .82 .93 .98 .99
772 30303 30303 30302 30303 .77 .91 .97 .99 .82 .93 .98 .99
773 30303 30303 30302 30303 .77 .91 .97 .99 .82 .93 .98 .99
774 30303 30303 30302 30303 .77 .91 .97 .99 .82 .93 .98 .99
775 30303 30303 30302 30303 .77 .91 .97 .99 .82 .93 .98 .99
776 30303 30303 30302 30303 .77 .91 .97 .99 .82 .93 .98 .99
777 30303 30303 30302 30303 .77 .91 .97 .99 .82 .93 .98 .99
778 30303 30303 30302 30303 .77 .91 .97 .99 .82 .93 .98 .99
779 30303 30303 30302 30303 .77 .91 .97 .99 .82 .93 .98 .99
780 30303 30303 30303 30303 1.00 1.00 1.00 1.00 1.00 1.00 1.00 1.00
781 30303 30303 30303 30303 1.00 1.00 1.00 1.00 1.00 1.00 1.00 1.00
782 30303 30303 30303 30303 1.00 1.00 1.00 1.00 1.00 1.00 1.00 1.00
783 30303 30303 30303 30303 1.00 1.00 1.00 1.00 1.00 1.00 1.00 1.00
784 30303 30303 30303 30303 1.00 1.00 1.00 1.00 1.00 1.00 1.00 1.00
785 30303 30303 30303 30303 1.00 1.00 1.00 1.00 1.00 1.00 1.00 1.00
786 30303 30303 30303 30303 1.00 1.00 1.00 1.00 1.00 1.00 1.00 1.00
787 30303 30303 30303 30303 1.00 1.00 1.00 1.00 1.00 1.00 1.00 1.00
788 30303 30303 30303 30303 1.00 1.00 1.00 1.00 1.00 1.00 1.00 1.00
789 30303 30303 30303 30303 1.00 1.00 1.00 1.00 1.00 1.00 1.00 1.00
790 30303 30303 30303 30303 1.00 1.00 1.00 1.00 1.00 1.00 1.00 1.00
791 30303 30303 30303 30303 1.00 1.00 1.00 1.00 1.00 1.00 1.00 1.00
792 30303 30303 30303 30303 1.00 1.00 1.00 1.00 1.00 1.00 1.00 1.00
793 30303 30303 30303 30303 1.00 1.00 1.00 1.00 1.00 1.00 1.00 1.00
794 30303 30303 30303 30303 1.00 1.00 1.00 1.00 1.00 1.00 1.00 1.00
795 30303 30303 30303 30303 1.00 1.00 1.00 1.00 1.00 1.00 1.00 1.00
796 30303 30303 30303 30303 1.00 1.00 1.00 1.00 1.00 1.00 1.00 1.00
797 30303 30303 30303 30303 1.00 1.00 1.00 1.00 1.00 1.00 1.00 1.00
798 30303 30303 30303 30303 1.00 1.00 1.00 1.00 1.00 1.00 1.00 1.00
799 30303 30303 30303 30303 1.00 1.00 1.00 1.00 1.00 1.00 1.00 1.00
800 30303 30303 30303 30303 1.00 1.00 1.00 1.00 1.00 1.00 1.00 1.00
801 30303 30303 30303 30303 1.00 1.00 1.00 1.00 1.00 1.00 1.00 1.00
802 30303 30303 30303 30303 1.00 1.00 1.00 1.00 1.00 1.00 1.00 1.00
803 30303 30303 30303 30303 1.00 1.00 1.00 1.00 1.00 1.00 1.00 1.00
804 30303 30303 30303 30303 1.00 1.00 1.00 1.00 1.00 1.00 1.00 1.00
805 30303 30303 30303 30303 1.00 1.00 1.00 1.00 1.00 1.00 1.00 1.00
806 30303 30303 30303 30303 1.00 1.00 1.00 1.00 1.00 1.00 1.00 1.00
807 30303 30303 30303 30303 1.00 1.00 1.00 1.00 1.00 1.00 1.00 1.00
808 30303 30303 30303 30303 1.00 1.00 1.00 1.00 1.00 1.00 1.00 1.00
809 30303 30303 30303 30303 1.00 1.00 1.00 1.00 1.00 1.00 1.00 1.00
810 30303 30303 30303 30303 1.00 1.00 1.00 1.00 1.00 1.00 1.00 1.00
811 30303 30303 30303 30303 1.00 1.00 1.00 1.00 1.00 1.00 1.00 1.00
812 30303 30303 30303 30303 1.00 1.00 1.00 1.00 1.00 1.00 1.00 1.00
813 30303 30303 30303 30303 1.00 1.00 1.00 1.00 1.00 1.00 1.00 1.00
814 30303 30303 30303 30303 1.00 1.00 1.00 1.00 1.00 1.00 1.00 1.00
815 30303 30303 30303 30303 1.00 1.00 1.00 1.00 1.00 1.00 1.00 1.00
816 30303 30303 30303 30303 1.00 1.00 1.00 1.00 1.00 1.00 1.00 1.00
817 30303 30303 30303 30303 1.00 1.00 1.00 1.00 1.00 1.00 1.00 1.00
818 30303 30303 30303 30303 1.00 1.00 1.00 1.00 1.00 1.00 1.00 1.00
819 30303 30303 30303 30303 1.00 1.00 1.00 1.00 1.00 1.00 1.00 1.00
820 30303 30303 30303 30303 1.00 1.00 1.00 1.00 1.00 1.00 1.00 1.00
821 30303 30303 30303 30303 1.00 1.00 1.00 1.00 1.00 1.00 1.00 1.00
822 30303 30303 30303 30303 1.00 1.00 1.00 1.00 1.00 1.00 1.00 1.00
823 30303 30303 30303 30303 1.00 1.00 1.00 1.00 1.00 1.00 1.00 1.00
824 30303 30303 30303 30303 1.00 1.00 1.00 1.00 1.00 1.00 1.00 1.00
825 30303 30303 30303 30303 1.00 1.00 1.00 1.00 1.00 1.00 1.00 1.00
826 30303 30303 30303 30303 1.00 1.00 1.00 1.00 1.00 1.00 1.00 1.00
827 30303 30303 30303 30303 1.00 1.00 1.00 1.00 1.00 1.00 1.00 1.00
828 30303 30303 30303 30303 1.00 1.00 1.00 1.00 1.00 1.00 1.00 1.00
829 30303 30303 30303 30303 1.00 1.00 1.00 1.00 1.00 1.00 1.00 1.00
830 30303 30303 30303 30303 1.00 1.00 1.00 1.00 1.00 1.00 1.00 1.00
831 30303 30303 30303 30303 1.00 1.00 1.00 1.00 1.00 1.00 1.00 1.00
832 30303 30303 30303 30303 1.00 1.00 1.00 1.00 1.00 1.00 1.00 1.00
833 30303 30303 30303 30303 1.00 1.00 1.00 1.00 1.00 1.00 1.00 1.00
834 30303 30303 30303 30303 1.00 1.00 1.00 1.00 1.00 1.00 1.00 1.00
835 30303 30303 30303 30303 1.00 1.00 1.00 1.00 1.00 1.00 1.00 1.00
836 30303 30303 30303 30303 1.00 1.00 1.00 1.00 1.00 1.00 1.00 1.00
837 30303 30303 30303 30303 1.00 1.00 1.00 1.00 1.00 1.00 1.00 1.00
838 30303 30303 30303 30303 1.00 1.00 1.00 1.00 1.00 1.00 1.00 1.00
839 30303 30303 30303 30303 1.00 1.00 1.00 1.00 1.00 1.00 1.00 1.00
840 30303 30303 30000 30303 .50 .50 .50 .50 .62 .62 .62 .62
841 30303 30303 30000 30303 .50 .50 .50 .50 .62 .62 .62 .62
842 30303 30303 30000 30303 .50 .50 .50 .50 .62 .62 .62 .62
843 30303 30303 30000 30303 .50 .50 .50 .50 .62 .62 .62 .62
844 30303 30303 30000 30303 .50 .50 .50 .50 .62 .62 .62 .62
845 30303 30303 30000 30303 .50 .50 .50 .50 .62 .62 .62 .62
846 30303 30303 30000 30303 .50 .50 .50 .50 .62 .62 .62 .62
847 30303 30303 30000 30303 .50 .50 .50 .50 .62 .62 .62 .62
848 30303 30303 30000 30303 .50 .50 .50 .50 .62 .62 .62 .62
849 30303 30303 30000 30303 .50 .50 .50 .50 .62 .62 .62 .62
850 00003 00003 00000 00003 .46 .46 .46 .46 .63 .63 .63 .63
851 00003 00003 00000 00003 .46 .46 .46 .46 .63 .63 .63 .63
852 00003 00003 00000 00003 .46 .46 .46 .46 .63 .63 .63 .63
853 00003 00003 00000 00003 .46 .46 .46 .46 .63 .63 .63 .63
854 00003 00003 00000 00003 .46 .46 .46 .46 .63 .63 .63 .63
855 00003 00003 00000 00003 .46 .46 .46 .46 .63 .63 .63 .63
856 00003 00003 00000 00003 .46 .46 .46 .46 .63 .63 .63 .63
857 00003 00003 00000 00003 .46 .46 .46 .46 .63 .63 .63 .63
858 00003 00003 00000 00003 .46 .46 .46 .46 .63 .63 .63 .63
859 00003 00003 00000 00003 .46 .46 .46 .46 .63 .63 .63 .63
860 00003 00000 00000 00000 1.0 1.0 1.0 1.0 1.0 1.0 1.0 1.0
861 00003 00000 00000 00000 1.0 1.0 1.0 1.0 1.0 1.0 1.0 1.0
862 00003 00000 00000 00000 1.0 1.0 1.0 1.0 1.0 1.0 1.0 1.0
863 00003 00000 00000 00000 1.0 1.0 1.0 1.0 1.0 1.0 1.0 1.0
864 00003 00000 00000 00000 1.0 1.0 1.0 1.0 1.0 1.0 1.0 1.0
865 00003 00000 00000 00000 1.0 1.0 1.0 1.0 1.0 1.0 1.0 1.0
866 00003 00000 00000 00000 1.0 1.0 1.0 1.0 1.0 1.0 1.0 1.0
867 00003 00000 00000 00000 1.0 1.0 1.0 1.0 1.0 1.0 1.0 1.0
868 00003 00000 00000 00000 1.0 1.0 1.0 1.0 1.0 1.0 1.0 1.0
869 00003 00000 00000 00000 1.0 1.0 1.0 1.0 1.0 1.0 1.0 1.0
870 00003 00000 06060 00000 -0.11 -0.16 -0.15 -0.16 -0.08 -0.12 -0.10 -0.11
871 00003 00000 06060 00000 -0.11 -0.16 -0.15 -0.16 -0.08 -0.12 -0.10 -0.11
872 00003 00000 06060 00000 -0.11 -0.16 -0.15 -0.16 -0.08 -0.12 -0.10 -0.11
873 00003 00000 06060 00000 -0.11 -0.16 -0.15 -0.16 -0.08 -0.12 -0.10 -0.11
874 00003 00000 06060 00000 -0.11 -0.16 -0.15 -0.16 -0.08 -0.12 -0.10 -0.11
875 00003 00000 06060 00000 -0.11 -0.16 -0.15 -0.16 -0.08 -0.12 -0.10 -0.11
876 00003 00000 06060 00000 -0.11 -0.16 -0.15 -0.16 -0.08 -0.12 -0.10 -0.11
877 00003 00000 06060 00000 -0.11 -0.16 -0.15 -0.16 -0.08 -0.12 -0.10 -0.11
878 00003 00000 06060 00000 -0.11 -0.16 -0.15 -0.16 -0.08 -0.12 -0.10 -0.11
879 00003 00000 06060 00000 -0.11 -0.16 -0.15 -0.16 -0.08 -0.12 -0.10 -0.11
880 00003 00000 06060 00000 -0.11 -0.16 -0.15 -0.16 -0.08 -0.12 -0.10 -0.11
881 00003 00000 06060 00000 -0.11 -0.16 -0.15 -0.16 -0.08 -0.12 -0.10 -0.11
882 00003 00000 06060 00000 -0.11 -0.16 -0.15 -0.16 -0.08 -0.12 -0.10 -0.11
883 00003 00000 06060 00000 -0.11 -0.16 -0.15 -0.16 -0.08 -0.12 -0.10 -0.11
884 00003 00000 06060 00000 -0.11 -0.16 -0.15 -0.16 -0.08 -0.12 -0.10 -0.11
885 00003 00000 06060 00000 -0.11 -0.16 -0.15 -0.16 -0.08 -0.12 -0.10 -0.11
886 00003 00000 06060 00000 -0.11 -0.16 -0.15 -0.16 -0.08 -0.12 -0.10 -0.11
887 00003 00000 06060 00000 -0.11 -0.16 -0.15 -0.16 -0.08 -0.12 -0.10 -0.11
888 00003 00000 06060 00000 -0.11 -0.16 -0.15 -0.16 -0.08 -0.12 -0.10 -0.11
889 00003 00000 06060 00000 -0.11 -0.16 -0.15 -0.16 -0.08 -0.12 -0.10 -0.11
890 00003 00000 06060 00000 -0.11 -0.16 -0.15 -0.16 -0.08 -0.12 -0.10 -0.11
891 00003 00000 06060 00000 -0.11 -0.16 -0.15 -0.16 -0.08 -0.12 -0.10 -0.11
892 00003 00000 06060 00000 -0.11 -0.16 -0.15 -0.16 -0.08 -0.12 -0.10 -0.11
893 00003 00000 06060 00000 -0.11 -0.16 -0.15 -0.16 -0.08 -0.12 -0.10 -0.11
894 00003 00000 06060 00000 -0.11 -0.16 -0.15 -0.16 -0.08 -0.12 -0.10 -0.11
895 00003 00000 06060 00000 -0.11 -0.16 -0.15 -0.16 -0.08 -0.12 -0.10 -0.11
896 00003 00000 06060 00000 -0.11 -0.16 -0.15 -0.16 -0.08 -0.12 -0.10 -0.11
897 00003 00000 06060 00000 -0.11 -0.16 -0.15 -0.16 -0.08 -0.12 -0.10 -0.11
898 00003 00000 06060 00000 -0.11 -0.16 -0.15 -0.16 -0.08 -0.12 -0.10 -0.11
899 00003 00000 06060 00000 -0.11 -0.16 -0.15 -0.16 -0.08 -0.12 -0.10 -0.11
900 00003 00000 06060 00000 -0.11 -0.16 -0.15 -0.16 -0.08 -0.12 -0.10 -0.11
901 00003 00000 06060 00000 -0.11 -0.16 -0.15 -0.16 -0.08 -0.12 -0.10 -0.11
902 00003 00000 06060 00000 -0.11 -0.16 -0.15 -0.16 -0.08 -0.12 -0.10 -0.11
903 00003 00000 06060 00000 -0.11 -0.16 -0.15 -0.16 -0.08 -0.12 -0.10 -0.11
904 00003 00000 06060 00000 -0.11 -0.16 -0.15 -0.16 -0.08 -0.12 -0.10 -0.11
905 00003 00000 06060 00000 -0.11 -0.16 -0.15 -0.16 -0.08 -0.12 -0.10 -0.11
906 00003 00000 06060 00000 -0.11 -0.16 -0.15 -0.16 -0.08 -0.12 -0.10 -0.11
907 00003 00000 06060 00000 -0.11 -0.16 -0.15 -0.16 -0.08 -0.12 -0.10 -0.11
908 00003 00000 06060 00000 -0.11 -0.16 -0.15 -0.16 -0.08 -0.12 -0.10 -0.11
909 00003 00000 06060 00000 -0.11 -0.16 -0.15 -0.16 -0.08 -0.12 -0.10 -0.11
910 06063 00000 06060 06060 .22 .23 .28 .17 .41 .45 .48 .38
911 06063 00000 06060 06060 .22 .23 .28 .17 .41 .45 .48 .38
912 06063 00000 06060 06060 .22 .23 .28 .17 .41 .45 .48 .38
913 06063 00000 06060 06060 .22 .23 .28 .17 .41 .45 .48 .38
914 06063 00000 06060 06060 .22 .23 .28 .17 .41 .45 .48 .38
915 06063 00000 06060 06060 .22 .23 .28 .17 .41 .45 .48 .38
916 06063 00000 06060 06060 .22 .23 .28 .17 .41 .45 .48 .38
917 06063 00000 06060 06060 .22 .23 .28 .17 .41 .45 .48 .38
918 06063 00000 06060 06060 .22 .23 .28 .17 .41 .45 .48 .38
919 06063 00000 06060 06060 .22 .23 .28 .17 .41 .45 .48 .38
920 00003 00000 00000 00000 1.0 1.0 1.0 1.0 1.0 1.0 1.0 1.0
