0 0 0 0 0 0
1 0 0 0 0 0
2 0 0 0 0 0
3 0 0 0 0 0
4 0 0 0 0 0
5 0 0 0 0 0
6 0 0 0 0 0
7 0 0 0 0 0
8 0 0 0 0 0
9 0 0 0 0 0
10 0 0 0 0 0
11 0 0 0 0 0
12 0 0 0 0 0
13 0 0 0 0 0
14 0 0 0 0 0
15 0 0 0 0 0
16 0 0 0 0 0
17 0 0 0 0 0
18 0 0 0 0 0
19 0 0 0 0 0
20 0 0 0 0 0
21 0 0 0 0 0
22 0 0 0 0 0
23 0 0 0 0 0
24 0 0 0 0 0
25 0 0 0 0 0
26 0 0 0 0 0
27 0 0 0 0 0
28 0 0 0 0 0
29 0 0 0 0 0
30 0 0 0 0 0
31 0 0 0 0 0
32 0 0 0 0 0
33 0 0 0 0 0
34 0 0 0 0 0
35 0 0 0 0 0
36 0 0 0 0 0
37 0 0 0 0 0
38 0 0 0 0 0
39 0 0 0 0 0
40 0 0 0 0 0
41 0 0 0 0 0
42 0 0 0 0 0
43 0 0 0 0 0
44 0 0 0 0 0
45 0 0 0 0 0
46 0 0 0 0 0
47 0 0 0 0 0
48 0 0 0 0 0
49 0 0 0 0 0
50 0 0 0 0 0
51 0 0 0 0 0
52 0 0 0 0 0
53 0 0 0 0 0
54 0 0 0 0 0
55 0 0 0 0 0
56 0 0 0 0 0
57 0 0 0 0 0
58 0 0 0 0 0
59 0 0 0 0 0
60 0 0 0 0 0
61 0 0 0 0 0
62 0 0 0 0 0
63 0 0 0 0 0
64 0 0 0 0 0
65 0 0 0 0 0
66 0 0 0 0 0
67 0 0 0 0 0
68 0 0 0 0 0
69 0 0 0 0 0
70 0 0 0 0 0
71 0 0 0 0 0
72 0 0 0 0 0
73 0 0 0 0 0
74 0 0 0 0 0
75 0 0 0 0 0
76 0 0 0 0 0
77 0 0 0 0 0
78 0 0 0 0 0
79 0 0 0 0 0
80 0 0 0 2 0
81 0 0 0 2 0
82 0 0 0 2 0
83 0 0 0 2 0
84 0 0 0 2 0
85 0 0 0 2 0
86 0 0 0 2 0
87 0 0 0 2 0
88 0 0 0 2 0
89 0 0 0 2 0
90 0 0 0 0 0
91 0 0 0 0 0
92 0 0 0 0 0
93 0 0 0 0 0
94 0 0 0 0 0
95 0 0 0 0 0
96 0 0 0 0 0
97 0 0 0 0 0
98 0 0 0 0 0
99 0 0 0 0 0
100 0 0 0 0 0
101 0 0 0 0 0
102 0 0 0 0 0
103 0 0 0 0 0
104 0 0 0 0 0
105 0 0 0 0 0
106 0 0 0 0 0
107 0 0 0 0 0
108 0 0 0 0 0
109 0 0 0 0 0
110 0 0 0 0 0
111 0 0 0 0 0
112 0 0 0 0 0
113 0 0 0 0 0
114 0 0 0 0 0
115 0 0 0 0 0
116 0 0 0 0 0
117 0 0 0 0 0
118 0 0 0 0 0
119 0 0 0 0 0
120 0 0 0 2 0
121 0 0 0 2 0
122 0 0 0 2 0
123 0 0 0 2 0
124 0 0 0 2 0
125 0 0 0 2 0
126 0 0 0 2 0
127 0 0 0 2 0
128 0 0 0 2 0
129 0 0 0 2 0
130 0 0 0 2 0
131 0 0 0 2 0
132 0 0 0 2 0
133 0 0 0 2 0
134 0 0 0 2 0
135 0 0 0 2 0
136 0 0 0 2 0
137 0 0 0 2 0
138 0 0 0 2 0
139 0 0 0 2 0
140 0 0 0 2 0
141 0 0 0 2 0
142 0 0 0 2 0
143 0 0 0 2 0
144 0 0 0 2 0
145 0 0 0 2 0
146 0 0 0 2 0
147 0 0 0 2 0
148 0 0 0 2 0
149 0 0 0 2 0
150 0 0 0 2 0
151 0 0 0 2 0
152 0 0 0 2 0
153 0 0 0 2 0
154 0 0 0 2 0
155 0 0 0 2 0
156 0 0 0 2 0
157 0 0 0 2 0
158 0 0 0 2 0
159 0 0 0 2 0
160 0 0 0 2 0
161 0 0 0 2 0
162 0 0 0 2 0
163 0 0 0 2 0
164 0 0 0 2 0
165 0 0 0 2 0
166 0 0 0 2 0
167 0 0 0 2 0
168 0 0 0 2 0
169 0 0 0 2 0
170 0 0 2 0 0
171 0 0 2 0 0
172 0 0 2 0 0
173 0 0 2 0 0
174 0 0 2 0 0
175 0 0 2 0 0
176 0 0 2 0 0
177 0 0 2 0 0
178 0 0 2 0 0
179 0 0 2 0 0
180 0 0 2 0 0
181 0 0 2 0 0
182 0 0 2 0 0
183 0 0 2 0 0
184 0 0 2 0 0
185 0 0 2 0 0
186 0 0 2 0 0
187 0 0 2 0 0
188 0 0 2 0 0
189 0 0 2 0 0
190 0 0 2 0 0
191 0 0 2 0 0
192 0 0 2 0 0
193 0 0 2 0 0
194 0 0 2 0 0
195 0 0 2 0 0
196 0 0 2 0 0
197 0 0 2 0 0
198 0 0 2 0 0
199 0 0 2 0 0
200 0 0 2 0 0
201 0 0 2 0 0
202 0 0 2 0 0
203 0 0 2 0 0
204 0 0 2 0 0
205 0 0 2 0 0
206 0 0 2 0 0
207 0 0 2 0 0
208 0 0 2 0 0
209 0 0 2 0 0
210 0 0 2 0 0
211 0 0 2 0 0
212 0 0 2 0 0
213 0 0 2 0 0
214 0 0 2 0 0
215 0 0 2 0 0
216 0 0 2 0 0
217 0 0 2 0 0
218 0 0 2 0 0
219 0 0 2 0 0
220 0 0 2 0 0
221 0 0 2 0 0
222 0 0 2 0 0
223 0 0 2 0 0
224 0 0 2 0 0
225 0 0 2 0 0
226 0 0 2 0 0
227 0 0 2 0 0
228 0 0 2 0 0
229 0 0 2 0 0
230 0 0 2 0 0
231 0 0 2 0 0
232 0 0 2 0 0
233 0 0 2 0 0
234 0 0 2 0 0
235 0 0 2 0 0
236 0 0 2 0 0
237 0 0 2 0 0
238 0 0 2 0 0
239 0 0 2 0 0
240 0 0 2 0 0
241 0 0 2 0 0
242 0 0 2 0 0
243 0 0 2 0 0
244 0 0 2 0 0
245 0 0 2 0 0
246 0 0 2 0 0
247 0 0 2 0 0
248 0 0 2 0 0
249 0 0 2 0 0
250 0 0 2 0 0
251 0 0 2 0 0
252 0 0 2 0 0
253 0 0 2 0 0
254 0 0 2 0 0
255 0 0 2 0 0
256 0 0 2 0 0
257 0 0 2 0 0
258 0 0 2 0 0
259 0 0 2 0 0
260 0 0 2 0 0
261 0 0 2 0 0
262 0 0 2 0 0
263 0 0 2 0 0
264 0 0 2 0 0
265 0 0 2 0 0
266 0 0 2 0 0
267 0 0 2 0 0
268 0 0 2 0 0
269 0 0 2 0 0
270 0 0 2 0 0
271 0 0 2 0 0
272 0 0 2 0 0
273 0 0 2 0 0
274 0 0 2 0 0
275 0 0 2 0 0
276 0 0 2 0 0
277 0 0 2 0 0
278 0 0 2 0 0
279 0 0 2 0 0
280 0 0 2 0 0
281 0 0 2 0 0
282 0 0 2 0 0
283 0 0 2 0 0
284 0 0 2 0 0
285 0 0 2 0 0
286 0 0 2 0 0
287 0 0 2 0 0
288 0 0 2 0 0
289 0 0 2 0 0
290 2 0 2 0 0
291 2 0 2 0 0
292 2 0 2 0 0
293 2 0 2 0 0
294 2 0 2 0 0
295 2 0 2 0 0
296 2 0 2 0 0
297 2 0 2 0 0
298 2 0 2 0 0
299 2 0 2 0 0
300 2 0 2 0 0
301 2 0 2 0 0
302 2 0 2 0 0
303 2 0 2 0 0
304 2 0 2 0 0
305 2 0 2 0 0
306 2 0 2 0 0
307 2 0 2 0 0
308 2 0 2 0 0
309 2 0 2 0 0
310 2 0 0 0 0
311 2 0 0 0 0
312 2 0 0 0 0
313 2 0 0 0 0
314 2 0 0 0 0
315 2 0 0 0 0
316 2 0 0 0 0
317 2 0 0 0 0
318 2 0 0 0 0
319 2 0 0 0 0
320 2 0 0 0 0
321 2 0 0 0 0
322 2 0 0 0 0
323 2 0 0 0 0
324 2 0 0 0 0
325 2 0 0 0 0
326 2 0 0 0 0
327 2 0 0 0 0
328 2 0 0 0 0
329 2 0 0 0 0
330 2 0 0 0 0
331 2 0 0 0 0
332 2 0 0 0 0
333 2 0 0 0 0
334 2 0 0 0 0
335 2 0 0 0 0
336 2 0 0 0 0
337 2 0 0 0 0
338 2 0 0 0 0
339 2 0 0 0 0
340 2 0 0 0 0
341 2 0 0 0 0
342 2 0 0 0 0
343 2 0 0 0 0
344 2 0 0 0 0
345 2 0 0 0 0
346 2 0 0 0 0
347 2 0 0 0 0
348 2 0 0 0 0
349 2 0 0 0 0
350 2 0 0 0 0
351 2 0 0 0 0
352 2 0 0 0 0
353 2 0 0 0 0
354 2 0 0 0 0
355 2 0 0 0 0
356 2 0 0 0 0
357 2 0 0 0 0
358 2 0 0 0 0
359 2 0 0 0 0
360 2 0 0 0 0
361 2 0 0 0 0
362 2 0 0 0 0
363 2 0 0 0 0
364 2 0 0 0 0
365 2 0 0 0 0
366 2 0 0 0 0
367 2 0 0 0 0
368 2 0 0 0 0
369 2 0 0 0 0
370 2 0 0 0 0
371 2 0 0 0 0
372 2 0 0 0 0
373 2 0 0 0 0
374 2 0 0 0 0
375 2 0 0 0 0
376 2 0 0 0 0
377 2 0 0 0 0
378 2 0 0 0 0
379 2 0 0 0 0
380 0 0 2 0 0
381 0 0 2 0 0
382 0 0 2 0 0
383 0 0 2 0 0
384 0 0 2 0 0
385 0 0 2 0 0
386 0 0 2 0 0
387 0 0 2 0 0
388 0 0 2 0 0
389 0 0 2 0 0
390 0 0 2 0 0
391 0 0 2 0 0
392 0 0 2 0 0
393 0 0 2 0 0
394 0 0 2 0 0
395 0 0 2 0 0
396 0 0 2 0 0
397 0 0 2 0 0
398 0 0 2 0 0
399 0 0 2 0 0
400 0 0 2 0 0
401 0 0 2 0 0
402 0 0 2 0 0
403 0 0 2 0 0
404 0 0 2 0 0
405 0 0 2 0 0
406 0 0 2 0 0
407 0 0 2 0 0
408 0 0 2 0 0
409 0 0 2 0 0
410 0 0 2 0 0
411 0 0 2 0 0
412 0 0 2 0 0
413 0 0 2 0 0
414 0 0 2 0 0
415 0 0 2 0 0
416 0 0 2 0 0
417 0 0 2 0 0
418 0 0 2 0 0
419 0 0 2 0 0
420 0 5 2 0 0
421 0 5 2 0 0
422 0 5 2 0 0
423 0 5 2 0 0
424 0 5 2 0 0
425 0 5 2 0 0
426 0 5 2 0 0
427 0 5 2 0 0
428 0 5 2 0 0
429 0 5 2 0 0
430 5 0 2 0 0
431 5 0 2 0 0
432 5 0 2 0 0
433 5 0 2 0 0
434 5 0 2 0 0
435 5 0 2 0 0
436 5 0 2 0 0
437 5 0 2 0 0
438 5 0 2 0 0
439 5 0 2 0 0
440 5 0 2 0 0
441 5 0 2 0 0
442 5 0 2 0 0
443 5 0 2 0 0
444 5 0 2 0 0
445 5 0 2 0 0
446 5 0 2 0 0
447 5 0 2 0 0
448 5 0 2 0 0
449 5 0 2 0 0
450 5 0 2 0 0
451 5 0 2 0 0
452 5 0 2 0 0
453 5 0 2 0 0
454 5 0 2 0 0
455 5 0 2 0 0
456 5 0 2 0 0
457 5 0 2 0 0
458 5 0 2 0 0
459 5 0 2 0 0
460 5 0 2 0 0
461 5 0 2 0 0
462 5 0 2 0 0
463 5 0 2 0 0
464 5 0 2 0 0
465 5 0 2 0 0
466 5 0 2 0 0
467 5 0 2 0 0
468 5 0 2 0 0
469 5 0 2 0 0
470 5 0 2 0 0
471 5 0 2 0 0
472 5 0 2 0 0
473 5 0 2 0 0
474 5 0 2 0 0
475 5 0 2 0 0
476 5 0 2 0 0
477 5 0 2 0 0
478 5 0 2 0 0
479 5 0 2 0 0
480 5 0 2 0 1
481 5 0 2 0 1
482 5 0 2 0 1
483 5 0 2 0 1
484 5 0 2 0 1
485 5 0 2 0 1
486 5 0 2 0 1
487 5 0 2 0 1
488 5 0 2 0 1
489 5 0 2 0 1
490 5 0 2 0 0
491 5 0 2 0 0
492 5 0 2 0 0
493 5 0 2 0 0
494 5 0 2 0 0
495 5 0 2 0 0
496 5 0 2 0 0
497 5 0 2 0 0
498 5 0 2 0 0
499 5 0 2 0 0
500 5 0 2 0 0
501 5 0 2 0 0
502 5 0 2 0 0
503 5 0 2 0 0
504 5 0 2 0 0
505 5 0 2 0 0
506 5 0 2 0 0
507 5 0 2 0 0
508 5 0 2 0 0
509 5 0 2 0 0
510 5 0 2 0 0
511 5 0 2 0 0
512 5 0 2 0 0
513 5 0 2 0 0
514 5 0 2 0 0
515 5 0 2 0 0
516 5 0 2 0 0
517 5 0 2 0 0
518 5 0 2 0 0
519 5 0 2 0 0
520 5 0 2 0 0
521 5 0 2 0 0
522 5 0 2 0 0
523 5 0 2 0 0
524 5 0 2 0 0
525 5 0 2 0 0
526 5 0 2 0 0
527 5 0 2 0 0
528 5 0 2 0 0
529 5 0 2 0 0
530 5 0 2 0 0
531 5 0 2 0 0
532 5 0 2 0 0
533 5 0 2 0 0
534 5 0 2 0 0
535 5 0 2 0 0
536 5 0 2 0 0
537 5 0 2 0 0
538 5 0 2 0 0
539 5 0 2 0 0
540 5 0 2 0 0
541 5 0 2 0 0
542 5 0 2 0 0
543 5 0 2 0 0
544 5 0 2 0 0
545 5 0 2 0 0
546 5 0 2 0 0
547 5 0 2 0 0
548 5 0 2 0 0
549 5 0 2 0 0
550 5 0 2 0 0
551 5 0 2 0 0
552 5 0 2 0 0
553 5 0 2 0 0
554 5 0 2 0 0
555 5 0 2 0 0
556 5 0 2 0 0
557 5 0 2 0 0
558 5 0 2 0 0
559 5 0 2 0 0
560 5 0 2 0 0
561 5 0 2 0 0
562 5 0 2 0 0
563 5 0 2 0 0
564 5 0 2 0 0
565 5 0 2 0 0
566 5 0 2 0 0
567 5 0 2 0 0
568 5 0 2 0 0
569 5 0 2 0 0
570 5 0 2 0 0
571 5 0 2 0 0
572 5 0 2 0 0
573 5 0 2 0 0
574 5 0 2 0 0
575 5 0 2 0 0
576 5 0 2 0 0
577 5 0 2 0 0
578 5 0 2 0 0
579 5 0 2 0 0
580 5 0 2 0 0
581 5 0 2 0 0
582 5 0 2 0 0
583 5 0 2 0 0
584 5 0 2 0 0
585 5 0 2 0 0
586 5 0 2 0 0
587 5 0 2 0 0
588 5 0 2 0 0
589 5 0 2 0 0
590 5 0 2 0 0
591 5 0 2 0 0
592 5 0 2 0 0
593 5 0 2 0 0
594 5 0 2 0 0
595 5 0 2 0 0
596 5 0 2 0 0
597 5 0 2 0 0
598 5 0 2 0 0
599 5 0 2 0 0
600 5 0 2 0 2
601 5 0 2 0 2
602 5 0 2 0 2
603 5 0 2 0 2
604 5 0 2 0 2
605 5 0 2 0 2
606 5 0 2 0 2
607 5 0 2 0 2
608 5 0 2 0 2
609 5 0 2 0 2
610 5 0 2 0 2
611 5 0 2 0 2
612 5 0 2 0 2
613 5 0 2 0 2
614 5 0 2 0 2
615 5 0 2 0 2
616 5 0 2 0 2
617 5 0 2 0 2
618 5 0 2 0 2
619 5 0 2 0 2
620 5 0 2 0 2
621 5 0 2 0 2
622 5 0 2 0 2
623 5 0 2 0 2
624 5 0 2 0 2
625 5 0 2 0 2
626 5 0 2 0 2
627 5 0 2 0 2
628 5 0 2 0 2
629 5 0 2 0 2
630 5 0 2 0 2
631 5 0 2 0 2
632 5 0 2 0 2
633 5 0 2 0 2
634 5 0 2 0 2
635 5 0 2 0 2
636 5 0 2 0 2
637 5 0 2 0 2
638 5 0 2 0 2
639 5 0 2 0 2
640 5 0 2 0 2
641 5 0 2 0 2
642 5 0 2 0 2
643 5 0 2 0 2
644 5 0 2 0 2
645 5 0 2 0 2
646 5 0 2 0 2
647 5 0 2 0 2
648 5 0 2 0 2
649 5 0 2 0 2
650 0 0 2 0 2
651 0 0 2 0 2
652 0 0 2 0 2
653 0 0 2 0 2
654 0 0 2 0 2
655 0 0 2 0 2
656 0 0 2 0 2
657 0 0 2 0 2
658 0 0 2 0 2
659 0 0 2 0 2
660 0 0 2 0 2
661 0 0 2 0 2
662 0 0 2 0 2
663 0 0 2 0 2
664 0 0 2 0 2
665 0 0 2 0 2
666 0 0 2 0 2
667 0 0 2 0 2
668 0 0 2 0 2
669 0 0 2 0 2
670 0 0 2 0 2
671 0 0 2 0 2
672 0 0 2 0 2
673 0 0 2 0 2
674 0 0 2 0 2
675 0 0 2 0 2
676 0 0 2 0 2
677 0 0 2 0 2
678 0 0 2 0 2
679 0 0 2 0 2
680 0 0 2 0 2
681 0 0 2 0 2
682 0 0 2 0 2
683 0 0 2 0 2
684 0 0 2 0 2
685 0 0 2 0 2
686 0 0 2 0 2
687 0 0 2 0 2
688 0 0 2 0 2
689 0 0 2 0 2
690 0 0 2 0 2
691 0 0 2 0 2
692 0 0 2 0 2
693 0 0 2 0 2
694 0 0 2 0 2
695 0 0 2 0 2
696 0 0 2 0 2
697 0 0 2 0 2
698 0 0 2 0 2
699 0 0 2 0 2
700 0 0 2 0 2
701 0 0 2 0 2
702 0 0 2 0 2
703 0 0 2 0 2
704 0 0 2 0 2
705 0 0 2 0 2
706 0 0 2 0 2
707 0 0 2 0 2
708 0 0 2 0 2
709 0 0 2 0 2
710 2 0 2 0 2
711 2 0 2 0 2
712 2 0 2 0 2
713 2 0 2 0 2
714 2 0 2 0 2
715 2 0 2 0 2
716 2 0 2 0 2
717 2 0 2 0 2
718 2 0 2 0 2
719 2 0 2 0 2
720 2 0 0 0 2
721 2 0 0 0 2
722 2 0 0 0 2
723 2 0 0 0 2
724 2 0 0 0 2
725 2 0 0 0 2
726 2 0 0 0 2
727 2 0 0 0 2
728 2 0 0 0 2
729 2 0 0 0 2
730 2 0 0 0 2
731 2 0 0 0 2
732 2 0 0 0 2
733 2 0 0 0 2
734 2 0 0 0 2
735 2 0 0 0 2
736 2 0 0 0 2
737 2 0 0 0 2
738 2 0 0 0 2
739 2 0 0 0 2
740 2 0 0 0 2
741 2 0 0 0 2
742 2 0 0 0 2
743 2 0 0 0 2
744 2 0 0 0 2
745 2 0 0 0 2
746 2 0 0 0 2
747 2 0 0 0 2
748 2 0 0 0 2
749 2 0 0 0 2
750 2 0 0 0 2
751 2 0 0 0 2
752 2 0 0 0 2
753 2 0 0 0 2
754 2 0 0 0 2
755 2 0 0 0 2
756 2 0 0 0 2
757 2 0 0 0 2
758 2 0 0 0 2
759 2 0 0 0 2
760 2 0 0 0 2
761 2 0 0 0 2
762 2 0 0 0 2
763 2 0 0 0 2
764 2 0 0 0 2
765 2 0 0 0 2
766 2 0 0 0 2
767 2 0 0 0 2
768 2 0 0 0 2
769 2 0 0 0 2
770 2 0 0 0 2
771 2 0 0 0 2
772 2 0 0 0 2
773 2 0 0 0 2
774 2 0 0 0 2
775 2 0 0 0 2
776 2 0 0 0 2
777 2 0 0 0 2
778 2 0 0 0 2
779 2 0 0 0 2
780 2 0 0 0 2
781 2 0 0 0 2
782 2 0 0 0 2
783 2 0 0 0 2
784 2 0 0 0 2
785 2 0 0 0 2
786 2 0 0 0 2
787 2 0 0 0 2
788 2 0 0 0 2
789 2 0 0 0 2
790 2 0 0 0 0
791 2 0 0 0 0
792 2 0 0 0 0
793 2 0 0 0 0
794 2 0 0 0 0
795 2 0 0 0 0
796 2 0 0 0 0
797 2 0 0 0 0
798 2 0 0 0 0
799 2 0 0 0 0
800 2 0 0 0 0
801 2 0 0 0 0
802 2 0 0 0 0
803 2 0 0 0 0
804 2 0 0 0 0
805 2 0 0 0 0
806 2 0 0 0 0
807 2 0 0 0 0
808 2 0 0 0 0
809 2 0 0 0 0
810 2 0 0 0 0
811 2 0 0 0 0
812 2 0 0 0 0
813 2 0 0 0 0
814 2 0 0 0 0
815 2 0 0 0 0
816 2 0 0 0 0
817 2 0 0 0 0
818 2 0 0 0 0
819 2 0 0 0 0
820 2 0 0 0 0
821 2 0 0 0 0
822 2 0 0 0 0
823 2 0 0 0 0
824 2 0 0 0 0
825 2 0 0 0 0
826 2 0 0 0 0
827 2 0 0 0 0
828 2 0 0 0 0
829 2 0 0 0 0
830 2 0 0 0 0
831 2 0 0 0 0
832 2 0 0 0 0
833 2 0 0 0 0
834 2 0 0 0 0
835 2 0 0 0 0
836 2 0 0 0 0
837 2 0 0 0 0
838 2 0 0 0 0
839 2 0 0 0 0
840 2 0 0 0 0
841 2 0 0 0 0
842 2 0 0 0 0
843 2 0 0 0 0
844 2 0 0 0 0
845 2 0 0 0 0
846 2 0 0 0 0
847 2 0 0 0 0
848 2 0 0 0 0
849 2 0 0 0 0
850 2 0 0 0 0
851 2 0 0 0 0
852 2 0 0 0 0
853 2 0 0 0 0
854 2 0 0 0 0
855 2 0 0 0 0
856 2 0 0 0 0
857 2 0 0 0 0
858 2 0 0 0 0
859 2 0 0 0 0
860 2 0 2 0 0
861 2 0 2 0 0
862 2 0 2 0 0
863 2 0 2 0 0
864 2 0 2 0 0
865 2 0 2 0 0
866 2 0 2 0 0
867 2 0 2 0 0
868 2 0 2 0 0
869 2 0 2 0 0
870 2 0 2 0 0
871 2 0 2 0 0
872 2 0 2 0 0
873 2 0 2 0 0
874 2 0 2 0 0
875 2 0 2 0 0
876 2 0 2 0 0
877 2 0 2 0 0
878 2 0 2 0 0
879 2 0 2 0 0
880 0 0 2 0 0
881 0 0 2 0 0
882 0 0 2 0 0
883 0 0 2 0 0
884 0 0 2 0 0
885 0 0 2 0 0
886 0 0 2 0 0
887 0 0 2 0 0
888 0 0 2 0 0
889 0 0 2 0 0
890 0 0 2 0 0
891 0 0 2 0 0
892 0 0 2 0 0
893 0 0 2 0 0
894 0 0 2 0 0
895 0 0 2 0 0
896 0 0 2 0 0
897 0 0 2 0 0
898 0 0 2 0 0
899 0 0 2 0 0
900 0 0 2 0 0
901 0 0 2 0 0
902 0 0 2 0 0
903 0 0 2 0 0
904 0 0 2 0 0
905 0 0 2 0 0
906 0 0 2 0 0
907 0 0 2 0 0
908 0 0 2 0 0
909 0 0 2 0 0
910 0 0 2 0 0
911 0 0 2 0 0
912 0 0 2 0 0
913 0 0 2 0 0
914 0 0 2 0 0
915 0 0 2 0 0
916 0 0 2 0 0
917 0 0 2 0 0
918 0 0 2 0 0
919 0 0 2 0 0
920 0 0 2 0 0
921 0 0 2 0 0
922 0 0 2 0 0
923 0 0 2 0 0
924 0 0 2 0 0
925 0 0 2 0 0
926 0 0 2 0 0
927 0 0 2 0 0
928 0 0 2 0 0
929 0 0 2 0 0
930 5 0 2 0 0
931 5 0 2 0 0
932 5 0 2 0 0
933 5 0 2 0 0
934 5 0 2 0 0
935 5 0 2 0 0
936 5 0 2 0 0
937 5 0 2 0 0
938 5 0 2 0 0
939 5 0 2 0 0
940 5 0 2 0 0
941 5 0 2 0 0
942 5 0 2 0 0
943 5 0 2 0 0
944 5 0 2 0 0
945 5 0 2 0 0
946 5 0 2 0 0
947 5 0 2 0 0
948 5 0 2 0 0
949 5 0 2 0 0
950 0 0 2 0 0
951 0 0 2 0 0
952 0 0 2 0 0
953 0 0 2 0 0
954 0 0 2 0 0
955 0 0 2 0 0
956 0 0 2 0 0
957 0 0 2 0 0
958 0 0 2 0 0
959 0 0 2 0 0
960 5 0 2 0 0
961 5 0 2 0 0
962 5 0 2 0 0
963 5 0 2 0 0
964 5 0 2 0 0
965 5 0 2 0 0
966 5 0 2 0 0
967 5 0 2 0 0
968 5 0 2 0 0
969 5 0 2 0 0
970 5 0 2 0 0
971 5 0 2 0 0
972 5 0 2 0 0
973 5 0 2 0 0
974 5 0 2 0 0
975 5 0 2 0 0
976 5 0 2 0 0
977 5 0 2 0 0
978 5 0 2 0 0
979 5 0 2 0 0
980 5 0 2 0 0
981 5 0 2 0 0
982 5 0 2 0 0
983 5 0 2 0 0
984 5 0 2 0 0
985 5 0 2 0 0
986 5 0 2 0 0
987 5 0 2 0 0
988 5 0 2 0 0
989 5 0 2 0 0
990 5 0 2 0 0
991 5 0 2 0 0
992 5 0 2 0 0
993 5 0 2 0 0
994 5 0 2 0 0
995 5 0 2 0 0
996 5 0 2 0 0
997 5 0 2 0 0
998 5 0 2 0 0
999 5 0 2 0 0
1000 5 0 2 0 0
1001 5 0 2 0 0
1002 5 0 2 0 0
1003 5 0 2 0 0
1004 5 0 2 0 0
1005 5 0 2 0 0
1006 5 0 2 0 0
1007 5 0 2 0 0
1008 5 0 2 0 0
1009 5 0 2 0 0
1010 5 0 2 0 0
1011 5 0 2 0 0
1012 5 0 2 0 0
1013 5 0 2 0 0
1014 5 0 2 0 0
1015 5 0 2 0 0
1016 5 0 2 0 0
1017 5 0 2 0 0
1018 5 0 2 0 0
1019 5 0 2 0 0
1020 5 0 2 0 0
1021 5 0 2 0 0
1022 5 0 2 0 0
1023 5 0 2 0 0
1024 5 0 2 0 0
1025 5 0 2 0 0
1026 5 0 2 0 0
1027 5 0 2 0 0
1028 5 0 2 0 0
1029 5 0 2 0 0
1030 5 0 2 0 0
1031 5 0 2 0 0
1032 5 0 2 0 0
1033 5 0 2 0 0
1034 5 0 2 0 0
1035 5 0 2 0 0
1036 5 0 2 0 0
1037 5 0 2 0 0
1038 5 0 2 0 0
1039 5 0 2 0 0
1040 5 0 2 0 0
1041 5 0 2 0 0
1042 5 0 2 0 0
1043 5 0 2 0 0
1044 5 0 2 0 0
1045 5 0 2 0 0
1046 5 0 2 0 0
1047 5 0 2 0 0
1048 5 0 2 0 0
1049 5 0 2 0 0
1050 5 0 2 0 2
1051 5 0 2 0 2
1052 5 0 2 0 2
1053 5 0 2 0 2
1054 5 0 2 0 2
1055 5 0 2 0 2
1056 5 0 2 0 2
1057 5 0 2 0 2
1058 5 0 2 0 2
1059 5 0 2 0 2
1060 5 0 2 0 2
1061 5 0 2 0 2
1062 5 0 2 0 2
1063 5 0 2 0 2
1064 5 0 2 0 2
1065 5 0 2 0 2
1066 5 0 2 0 2
1067 5 0 2 0 2
1068 5 0 2 0 2
1069 5 0 2 0 2
1070 5 0 2 0 2
1071 5 0 2 0 2
1072 5 0 2 0 2
1073 5 0 2 0 2
1074 5 0 2 0 2
1075 5 0 2 0 2
1076 5 0 2 0 2
1077 5 0 2 0 2
1078 5 0 2 0 2
1079 5 0 2 0 2
1080 5 0 2 0 2
1081 5 0 2 0 2
1082 5 0 2 0 2
1083 5 0 2 0 2
1084 5 0 2 0 2
1085 5 0 2 0 2
1086 5 0 2 0 2
1087 5 0 2 0 2
1088 5 0 2 0 2
1089 5 0 2 0 2
1090 5 0 2 0 2
1091 5 0 2 0 2
1092 5 0 2 0 2
1093 5 0 2 0 2
1094 5 0 2 0 2
1095 5 0 2 0 2
1096 5 0 2 0 2
1097 5 0 2 0 2
1098 5 0 2 0 2
1099 5 0 2 0 2
1100 0 0 2 0 2
1101 0 0 2 0 2
1102 0 0 2 0 2
1103 0 0 2 0 2
1104 0 0 2 0 2
1105 0 0 2 0 2
1106 0 0 2 0 2
1107 0 0 2 0 2
1108 0 0 2 0 2
1109 0 0 2 0 2
1110 0 0 2 0 2
1111 0 0 2 0 2
1112 0 0 2 0 2
1113 0 0 2 0 2
1114 0 0 2 0 2
1115 0 0 2 0 2
1116 0 0 2 0 2
1117 0 0 2 0 2
1118 0 0 2 0 2
1119 0 0 2 0 2
1120 0 0 2 0 2
1121 0 0 2 0 2
1122 0 0 2 0 2
1123 0 0 2 0 2
1124 0 0 2 0 2
1125 0 0 2 0 2
1126 0 0 2 0 2
1127 0 0 2 0 2
1128 0 0 2 0 2
1129 0 0 2 0 2
1130 0 0 2 0 2
1131 0 0 2 0 2
1132 0 0 2 0 2
1133 0 0 2 0 2
1134 0 0 2 0 2
1135 0 0 2 0 2
1136 0 0 2 0 2
1137 0 0 2 0 2
1138 0 0 2 0 2
1139 0 0 2 0 2
1140 0 0 2 0 2
1141 0 0 2 0 2
1142 0 0 2 0 2
1143 0 0 2 0 2
1144 0 0 2 0 2
1145 0 0 2 0 2
1146 0 0 2 0 2
1147 0 0 2 0 2
1148 0 0 2 0 2
1149 0 0 2 0 2
1150 2 0 2 0 2
1151 2 0 2 0 2
1152 2 0 2 0 2
1153 2 0 2 0 2
1154 2 0 2 0 2
1155 2 0 2 0 2
1156 2 0 2 0 2
1157 2 0 2 0 2
1158 2 0 2 0 2
1159 2 0 2 0 2
1160 2 0 0 2 2
1161 2 0 0 2 2
1162 2 0 0 2 2
1163 2 0 0 2 2
1164 2 0 0 2 2
1165 2 0 0 2 2
1166 2 0 0 2 2
1167 2 0 0 2 2
1168 2 0 0 2 2
1169 2 0 0 2 2
1170 2 0 0 0 2
1171 2 0 0 0 2
1172 2 0 0 0 2
1173 2 0 0 0 2
1174 2 0 0 0 2
1175 2 0 0 0 2
1176 2 0 0 0 2
1177 2 0 0 0 2
1178 2 0 0 0 2
1179 2 0 0 0 2
1180 2 0 0 0 2
1181 2 0 0 0 2
1182 2 0 0 0 2
1183 2 0 0 0 2
1184 2 0 0 0 2
1185 2 0 0 0 2
1186 2 0 0 0 2
1187 2 0 0 0 2
1188 2 0 0 0 2
1189 2 0 0 0 2
1190 2 0 0 0 2
1191 2 0 0 0 2
1192 2 0 0 0 2
1193 2 0 0 0 2
1194 2 0 0 0 2
1195 2 0 0 0 2
1196 2 0 0 0 2
1197 2 0 0 0 2
1198 2 0 0 0 2
1199 2 0 0 0 2
1200 2 0 0 0 0
1201 2 0 0 0 0
1202 2 0 0 0 0
1203 2 0 0 0 0
1204 2 0 0 0 0
1205 2 0 0 0 0
1206 2 0 0 0 0
1207 2 0 0 0 0
1208 2 0 0 0 0
1209 2 0 0 0 0
1210 2 0 0 0 0
1211 2 0 0 0 0
1212 2 0 0 0 0
1213 2 0 0 0 0
1214 2 0 0 0 0
1215 2 0 0 0 0
1216 2 0 0 0 0
1217 2 0 0 0 0
1218 2 0 0 0 0
1219 2 0 0 0 0
1220 2 0 0 0 0
1221 2 0 0 0 0
1222 2 0 0 0 0
1223 2 0 0 0 0
1224 2 0 0 0 0
1225 2 0 0 0 0
1226 2 0 0 0 0
1227 2 0 0 0 0
1228 2 0 0 0 0
1229 2 0 0 0 0
1230 2 0 0 0 0
1231 2 0 0 0 0
1232 2 0 0 0 0
1233 2 0 0 0 0
1234 2 0 0 0 0
1235 2 0 0 0 0
1236 2 0 0 0 0
1237 2 0 0 0 0
1238 2 0 0 0 0
1239 2 0 0 0 0
1240 2 0 0 0 0
1241 2 0 0 0 0
1242 2 0 0 0 0
1243 2 0 0 0 0
1244 2 0 0 0 0
1245 2 0 0 0 0
1246 2 0 0 0 0
1247 2 0 0 0 0
1248 2 0 0 0 0
1249 2 0 0 0 0
1250 2 0 0 0 0
1251 2 0 0 0 0
1252 2 0 0 0 0
1253 2 0 0 0 0
1254 2 0 0 0 0
1255 2 0 0 0 0
1256 2 0 0 0 0
1257 2 0 0 0 0
1258 2 0 0 0 0
1259 2 0 0 0 0
1260 2 0 0 0 0
1261 2 0 0 0 0
1262 2 0 0 0 0
1263 2 0 0 0 0
1264 2 0 0 0 0
1265 2 0 0 0 0
1266 2 0 0 0 0
1267 2 0 0 0 0
1268 2 0 0 0 0
1269 2 0 0 0 0
1270 2 0 0 0 0
1271 2 0 0 0 0
1272 2 0 0 0 0
1273 2 0 0 0 0
1274 2 0 0 0 0
1275 2 0 0 0 0
1276 2 0 0 0 0
1277 2 0 0 0 0
1278 2 0 0 0 0
1279 2 0 0 0 0
1280 2 0 0 0 0
1281 2 0 0 0 0
1282 2 0 0 0 0
1283 2 0 0 0 0
1284 2 0 0 0 0
1285 2 0 0 0 0
1286 2 0 0 0 0
1287 2 0 0 0 0
1288 2 0 0 0 0
1289 2 0 0 0 0
1290 2 0 0 0 0
1291 2 0 0 0 0
1292 2 0 0 0 0
1293 2 0 0 0 0
1294 2 0 0 0 0
1295 2 0 0 0 0
1296 2 0 0 0 0
1297 2 0 0 0 0
1298 2 0 0 0 0
1299 2 0 0 0 0
1300 2 0 2 0 0
1301 2 0 2 0 0
1302 2 0 2 0 0
1303 2 0 2 0 0
1304 2 0 2 0 0
1305 2 0 2 0 0
1306 2 0 2 0 0
1307 2 0 2 0 0
1308 2 0 2 0 0
1309 2 0 2 0 0
1310 2 0 2 0 0
1311 2 0 2 0 0
1312 2 0 2 0 0
1313 2 0 2 0 0
1314 2 0 2 0 0
1315 2 0 2 0 0
1316 2 0 2 0 0
1317 2 0 2 0 0
1318 2 0 2 0 0
1319 2 0 2 0 0
1320 0 0 2 0 0
1321 0 0 2 0 0
1322 0 0 2 0 0
1323 0 0 2 0 0
1324 0 0 2 0 0
1325 0 0 2 0 0
1326 0 0 2 0 0
1327 0 0 2 0 0
1328 0 0 2 0 0
1329 0 0 2 0 0
1330 0 0 2 0 0
1331 0 0 2 0 0
1332 0 0 2 0 0
1333 0 0 2 0 0
1334 0 0 2 0 0
1335 0 0 2 0 0
1336 0 0 2 0 0
1337 0 0 2 0 0
1338 0 0 2 0 0
1339 0 0 2 0 0
1340 0 0 2 0 0
1341 0 0 2 0 0
1342 0 0 2 0 0
1343 0 0 2 0 0
1344 0 0 2 0 0
1345 0 0 2 0 0
1346 0 0 2 0 0
1347 0 0 2 0 0
1348 0 0 2 0 0
1349 0 0 2 0 0
1350 0 0 2 0 0
1351 0 0 2 0 0
1352 0 0 2 0 0
1353 0 0 2 0 0
1354 0 0 2 0 0
1355 0 0 2 0 0
1356 0 0 2 0 0
1357 0 0 2 0 0
1358 0 0 2 0 0
1359 0 0 2 0 0
1360 5 0 2 0 0
1361 5 0 2 0 0
1362 5 0 2 0 0
1363 5 0 2 0 0
1364 5 0 2 0 0
1365 5 0 2 0 0
1366 5 0 2 0 0
1367 5 0 2 0 0
1368 5 0 2 0 0
1369 5 0 2 0 0
1370 5 0 2 0 0
1371 5 0 2 0 0
1372 5 0 2 0 0
1373 5 0 2 0 0
1374 5 0 2 0 0
1375 5 0 2 0 0
1376 5 0 2 0 0
1377 5 0 2 0 0
1378 5 0 2 0 0
1379 5 0 2 0 0
1380 0 0 2 0 0
1381 0 0 2 0 0
1382 0 0 2 0 0
1383 0 0 2 0 0
1384 0 0 2 0 0
1385 0 0 2 0 0
1386 0 0 2 0 0
1387 0 0 2 0 0
1388 0 0 2 0 0
1389 0 0 2 0 0
1390 5 0 2 0 0
1391 5 0 2 0 0
1392 5 0 2 0 0
1393 5 0 2 0 0
1394 5 0 2 0 0
1395 5 0 2 0 0
1396 5 0 2 0 0
1397 5 0 2 0 0
1398 5 0 2 0 0
1399 5 0 2 0 0
1400 5 0 2 0 0
1401 5 0 2 0 0
1402 5 0 2 0 0
1403 5 0 2 0 0
1404 5 0 2 0 0
1405 5 0 2 0 0
1406 5 0 2 0 0
1407 5 0 2 0 0
1408 5 0 2 0 0
1409 5 0 2 0 0
1410 5 0 2 0 0
1411 5 0 2 0 0
1412 5 0 2 0 0
1413 5 0 2 0 0
1414 5 0 2 0 0
1415 5 0 2 0 0
1416 5 0 2 0 0
1417 5 0 2 0 0
1418 5 0 2 0 0
1419 5 0 2 0 0
1420 5 0 2 0 0
1421 5 0 2 0 0
1422 5 0 2 0 0
1423 5 0 2 0 0
1424 5 0 2 0 0
1425 5 0 2 0 0
1426 5 0 2 0 0
1427 5 0 2 0 0
1428 5 0 2 0 0
1429 5 0 2 0 0
1430 5 0 2 0 2
1431 5 0 2 0 2
1432 5 0 2 0 2
1433 5 0 2 0 2
1434 5 0 2 0 2
1435 5 0 2 0 2
1436 5 0 2 0 2
1437 5 0 2 0 2
1438 5 0 2 0 2
1439 5 0 2 0 2
1440 5 0 2 0 1
1441 5 0 2 0 1
1442 5 0 2 0 1
1443 5 0 2 0 1
1444 5 0 2 0 1
1445 5 0 2 0 1
1446 5 0 2 0 1
1447 5 0 2 0 1
1448 5 0 2 0 1
1449 5 0 2 0 1
1450 5 0 2 0 1
1451 5 0 2 0 1
1452 5 0 2 0 1
1453 5 0 2 0 1
1454 5 0 2 0 1
1455 5 0 2 0 1
1456 5 0 2 0 1
1457 5 0 2 0 1
1458 5 0 2 0 1
1459 5 0 2 0 1
1460 5 0 2 0 1
1461 5 0 2 0 1
1462 5 0 2 0 1
1463 5 0 2 0 1
1464 5 0 2 0 1
1465 5 0 2 0 1
1466 5 0 2 0 1
1467 5 0 2 0 1
1468 5 0 2 0 1
1469 5 0 2 0 1
1470 5 0 2 0 2
1471 5 0 2 0 2
1472 5 0 2 0 2
1473 5 0 2 0 2
1474 5 0 2 0 2
1475 5 0 2 0 2
1476 5 0 2 0 2
1477 5 0 2 0 2
1478 5 0 2 0 2
1479 5 0 2 0 2
1480 5 0 2 0 2
1481 5 0 2 0 2
1482 5 0 2 0 2
1483 5 0 2 0 2
1484 5 0 2 0 2
1485 5 0 2 0 2
1486 5 0 2 0 2
1487 5 0 2 0 2
1488 5 0 2 0 2
1489 5 0 2 0 2
1490 5 0 2 0 2
1491 5 0 2 0 2
1492 5 0 2 0 2
1493 5 0 2 0 2
1494 5 0 2 0 2
1495 5 0 2 0 2
1496 5 0 2 0 2
1497 5 0 2 0 2
1498 5 0 2 0 2
1499 5 0 2 0 2
1500 5 0 2 0 2
1501 5 0 2 0 2
1502 5 0 2 0 2
1503 5 0 2 0 2
1504 5 0 2 0 2
1505 5 0 2 0 2
1506 5 0 2 0 2
1507 5 0 2 0 2
1508 5 0 2 0 2
1509 5 0 2 0 2
1510 5 0 2 0 2
1511 5 0 2 0 2
1512 5 0 2 0 2
1513 5 0 2 0 2
1514 5 0 2 0 2
1515 5 0 2 0 2
1516 5 0 2 0 2
1517 5 0 2 0 2
1518 5 0 2 0 2
1519 5 0 2 0 2
1520 5 0 2 0 2
1521 5 0 2 0 2
1522 5 0 2 0 2
1523 5 0 2 0 2
1524 5 0 2 0 2
1525 5 0 2 0 2
1526 5 0 2 0 2
1527 5 0 2 0 2
1528 5 0 2 0 2
1529 5 0 2 0 2
1530 5 0 2 0 2
1531 5 0 2 0 2
1532 5 0 2 0 2
1533 5 0 2 0 2
1534 5 0 2 0 2
1535 5 0 2 0 2
1536 5 0 2 0 2
1537 5 0 2 0 2
1538 5 0 2 0 2
1539 5 0 2 0 2
1540 5 0 2 0 2
1541 5 0 2 0 2
1542 5 0 2 0 2
1543 5 0 2 0 2
1544 5 0 2 0 2
1545 5 0 2 0 2
1546 5 0 2 0 2
1547 5 0 2 0 2
1548 5 0 2 0 2
1549 5 0 2 0 2
1550 5 0 2 0 2
1551 5 0 2 0 2
1552 5 0 2 0 2
1553 5 0 2 0 2
1554 5 0 2 0 2
1555 5 0 2 0 2
1556 5 0 2 0 2
1557 5 0 2 0 2
1558 5 0 2 0 2
1559 5 0 2 0 2
1560 5 0 2 0 2
1561 5 0 2 0 2
1562 5 0 2 0 2
1563 5 0 2 0 2
1564 5 0 2 0 2
1565 5 0 2 0 2
1566 5 0 2 0 2
1567 5 0 2 0 2
1568 5 0 2 0 2
1569 5 0 2 0 2
1570 5 0 2 0 2
1571 5 0 2 0 2
1572 5 0 2 0 2
1573 5 0 2 0 2
1574 5 0 2 0 2
1575 5 0 2 0 2
1576 5 0 2 0 2
1577 5 0 2 0 2
1578 5 0 2 0 2
1579 5 0 2 0 2
1580 5 0 2 0 2
1581 5 0 2 0 2
1582 5 0 2 0 2
1583 5 0 2 0 2
1584 5 0 2 0 2
1585 5 0 2 0 2
1586 5 0 2 0 2
1587 5 0 2 0 2
1588 5 0 2 0 2
1589 5 0 2 0 2
1590 5 0 2 0 2
1591 5 0 2 0 2
1592 5 0 2 0 2
1593 5 0 2 0 2
1594 5 0 2 0 2
1595 5 0 2 0 2
1596 5 0 2 0 2
1597 5 0 2 0 2
1598 5 0 2 0 2
1599 5 0 2 0 2
1600 5 0 2 0 2
1601 5 0 2 0 2
1602 5 0 2 0 2
1603 5 0 2 0 2
1604 5 0 2 0 2
1605 5 0 2 0 2
1606 5 0 2 0 2
1607 5 0 2 0 2
1608 5 0 2 0 2
1609 5 0 2 0 2
1610 0 0 2 0 2
1611 0 0 2 0 2
1612 0 0 2 0 2
1613 0 0 2 0 2
1614 0 0 2 0 2
1615 0 0 2 0 2
1616 0 0 2 0 2
1617 0 0 2 0 2
1618 0 0 2 0 2
1619 0 0 2 0 2
1620 0 0 2 0 2
1621 0 0 2 0 2
1622 0 0 2 0 2
1623 0 0 2 0 2
1624 0 0 2 0 2
1625 0 0 2 0 2
1626 0 0 2 0 2
1627 0 0 2 0 2
1628 0 0 2 0 2
1629 0 0 2 0 2
1630 0 0 2 0 2
1631 0 0 2 0 2
1632 0 0 2 0 2
1633 0 0 2 0 2
1634 0 0 2 0 2
1635 0 0 2 0 2
1636 0 0 2 0 2
1637 0 0 2 0 2
1638 0 0 2 0 2
1639 0 0 2 0 2
1640 0 0 2 0 2
1641 0 0 2 0 2
1642 0 0 2 0 2
1643 0 0 2 0 2
1644 0 0 2 0 2
1645 0 0 2 0 2
1646 0 0 2 0 2
1647 0 0 2 0 2
1648 0 0 2 0 2
1649 0 0 2 0 2
1650 0 0 2 0 2
1651 0 0 2 0 2
1652 0 0 2 0 2
1653 0 0 2 0 2
1654 0 0 2 0 2
1655 0 0 2 0 2
1656 0 0 2 0 2
1657 0 0 2 0 2
1658 0 0 2 0 2
1659 0 0 2 0 2
1660 0 0 2 0 2
1661 0 0 2 0 2
1662 0 0 2 0 2
1663 0 0 2 0 2
1664 0 0 2 0 2
1665 0 0 2 0 2
1666 0 0 2 0 2
1667 0 0 2 0 2
1668 0 0 2 0 2
1669 0 0 2 0 2
1670 2 0 2 0 2
1671 2 0 2 0 2
1672 2 0 2 0 2
1673 2 0 2 0 2
1674 2 0 2 0 2
1675 2 0 2 0 2
1676 2 0 2 0 2
1677 2 0 2 0 2
1678 2 0 2 0 2
1679 2 0 2 0 2
1680 2 0 2 0 2
1681 2 0 2 0 2
1682 2 0 2 0 2
1683 2 0 2 0 2
1684 2 0 2 0 2
1685 2 0 2 0 2
1686 2 0 2 0 2
1687 2 0 2 0 2
1688 2 0 2 0 2
1689 2 0 2 0 2
1690 2 0 0 0 2
1691 2 0 0 0 2
1692 2 0 0 0 2
1693 2 0 0 0 2
1694 2 0 0 0 2
1695 2 0 0 0 2
1696 2 0 0 0 2
1697 2 0 0 0 2
1698 2 0 0 0 2
1699 2 0 0 0 2
1700 2 0 0 0 2
1701 2 0 0 0 2
1702 2 0 0 0 2
1703 2 0 0 0 2
1704 2 0 0 0 2
1705 2 0 0 0 2
1706 2 0 0 0 2
1707 2 0 0 0 2
1708 2 0 0 0 2
1709 2 0 0 0 2
1710 2 0 0 0 2
1711 2 0 0 0 2
1712 2 0 0 0 2
1713 2 0 0 0 2
1714 2 0 0 0 2
1715 2 0 0 0 2
1716 2 0 0 0 2
1717 2 0 0 0 2
1718 2 0 0 0 2
1719 2 0 0 0 2
1720 2 0 0 0 2
1721 2 0 0 0 2
1722 2 0 0 0 2
1723 2 0 0 0 2
1724 2 0 0 0 2
1725 2 0 0 0 2
1726 2 0 0 0 2
1727 2 0 0 0 2
1728 2 0 0 0 2
1729 2 0 0 0 2
1730 2 0 0 0 2
1731 2 0 0 0 2
1732 2 0 0 0 2
1733 2 0 0 0 2
1734 2 0 0 0 2
1735 2 0 0 0 2
1736 2 0 0 0 2
1737 2 0 0 0 2
1738 2 0 0 0 2
1739 2 0 0 0 2
1740 2 0 0 0 2
1741 2 0 0 0 2
1742 2 0 0 0 2
1743 2 0 0 0 2
1744 2 0 0 0 2
1745 2 0 0 0 2
1746 2 0 0 0 2
1747 2 0 0 0 2
1748 2 0 0 0 2
1749 2 0 0 0 2
1750 2 0 0 0 2
1751 2 0 0 0 2
1752 2 0 0 0 2
1753 2 0 0 0 2
1754 2 0 0 0 2
1755 2 0 0 0 2
1756 2 0 0 0 2
1757 2 0 0 0 2
1758 2 0 0 0 2
1759 2 0 0 0 2
1760 2 0 0 0 2
1761 2 0 0 0 2
1762 2 0 0 0 2
1763 2 0 0 0 2
1764 2 0 0 0 2
1765 2 0 0 0 2
1766 2 0 0 0 2
1767 2 0 0 0 2
1768 2 0 0 0 2
1769 2 0 0 0 2
1770 2 0 0 0 2
1771 2 0 0 0 2
1772 2 0 0 0 2
1773 2 0 0 0 2
1774 2 0 0 0 2
1775 2 0 0 0 2
1776 2 0 0 0 2
1777 2 0 0 0 2
1778 2 0 0 0 2
1779 2 0 0 0 2
1780 2 0 0 0 2
1781 2 0 0 0 2
1782 2 0 0 0 2
1783 2 0 0 0 2
1784 2 0 0 0 2
1785 2 0 0 0 2
1786 2 0 0 0 2
1787 2 0 0 0 2
1788 2 0 0 0 2
1789 2 0 0 0 2
1790 2 0 0 0 0
1791 2 0 0 0 0
1792 2 0 0 0 0
1793 2 0 0 0 0
1794 2 0 0 0 0
1795 2 0 0 0 0
1796 2 0 0 0 0
1797 2 0 0 0 0
1798 2 0 0 0 0
1799 2 0 0 0 0
1800 2 0 0 0 0
1801 2 0 0 0 0
1802 2 0 0 0 0
1803 2 0 0 0 0
1804 2 0 0 0 0
1805 2 0 0 0 0
1806 2 0 0 0 0
1807 2 0 0 0 0
1808 2 0 0 0 0
1809 2 0 0 0 0
1810 2 0 0 0 0
1811 2 0 0 0 0
1812 2 0 0 0 0
1813 2 0 0 0 0
1814 2 0 0 0 0
1815 2 0 0 0 0
1816 2 0 0 0 0
1817 2 0 0 0 0
1818 2 0 0 0 0
1819 2 0 0 0 0
1820 2 0 0 0 0
1821 2 0 0 0 0
1822 2 0 0 0 0
1823 2 0 0 0 0
1824 2 0 0 0 0
1825 2 0 0 0 0
1826 2 0 0 0 0
1827 2 0 0 0 0
1828 2 0 0 0 0
1829 2 0 0 0 0
1830 2 0 0 0 0
1831 2 0 0 0 0
1832 2 0 0 0 0
1833 2 0 0 0 0
1834 2 0 0 0 0
1835 2 0 0 0 0
1836 2 0 0 0 0
1837 2 0 0 0 0
1838 2 0 0 0 0
1839 2 0 0 0 0
1840 2 0 0 0 0
1841 2 0 0 0 0
1842 2 0 0 0 0
1843 2 0 0 0 0
1844 2 0 0 0 0
1845 2 0 0 0 0
1846 2 0 0 0 0
1847 2 0 0 0 0
1848 2 0 0 0 0
1849 2 0 0 0 0
1850 2 0 0 0 0
1851 2 0 0 0 0
1852 2 0 0 0 0
1853 2 0 0 0 0
1854 2 0 0 0 0
1855 2 0 0 0 0
1856 2 0 0 0 0
1857 2 0 0 0 0
1858 2 0 0 0 0
1859 2 0 0 0 0
1860 2 0 0 0 0
1861 2 0 0 0 0
1862 2 0 0 0 0
1863 2 0 0 0 0
1864 2 0 0 0 0
1865 2 0 0 0 0
1866 2 0 0 0 0
1867 2 0 0 0 0
1868 2 0 0 0 0
1869 2 0 0 0 0
1870 2 0 0 0 0
1871 2 0 0 0 0
1872 2 0 0 0 0
1873 2 0 0 0 0
1874 2 0 0 0 0
1875 2 0 0 0 0
1876 2 0 0 0 0
1877 2 0 0 0 0
1878 2 0 0 0 0
1879 2 0 0 0 0
1880 2 0 0 0 0
1881 2 0 0 0 0
1882 2 0 0 0 0
1883 2 0 0 0 0
1884 2 0 0 0 0
1885 2 0 0 0 0
1886 2 0 0 0 0
1887 2 0 0 0 0
1888 2 0 0 0 0
1889 2 0 0 0 0
1890 2 0 0 0 0
1891 2 0 0 0 0
1892 2 0 0 0 0
1893 2 0 0 0 0
1894 2 0 0 0 0
1895 2 0 0 0 0
1896 2 0 0 0 0
1897 2 0 0 0 0
1898 2 0 0 0 0
1899 2 0 0 0 0
1900 2 0 0 0 0
1901 2 0 0 0 0
1902 2 0 0 0 0
1903 2 0 0 0 0
1904 2 0 0 0 0
1905 2 0 0 0 0
1906 2 0 0 0 0
1907 2 0 0 0 0
1908 2 0 0 0 0
1909 2 0 0 0 0
1910 2 0 2 0 0
1911 2 0 2 0 0
1912 2 0 2 0 0
1913 2 0 2 0 0
1914 2 0 2 0 0
1915 2 0 2 0 0
1916 2 0 2 0 0
1917 2 0 2 0 0
1918 2 0 2 0 0
1919 2 0 2 0 0
1920 2 0 2 0 0
1921 2 0 2 0 0
1922 2 0 2 0 0
1923 2 0 2 0 0
1924 2 0 2 0 0
1925 2 0 2 0 0
1926 2 0 2 0 0
1927 2 0 2 0 0
1928 2 0 2 0 0
1929 2 0 2 0 0
1930 0 0 2 0 0
1931 0 0 2 0 0
1932 0 0 2 0 0
1933 0 0 2 0 0
1934 0 0 2 0 0
1935 0 0 2 0 0
1936 0 0 2 0 0
1937 0 0 2 0 0
1938 0 0 2 0 0
1939 0 0 2 0 0
1940 0 0 2 0 0
1941 0 0 2 0 0
1942 0 0 2 0 0
1943 0 0 2 0 0
1944 0 0 2 0 0
1945 0 0 2 0 0
1946 0 0 2 0 0
1947 0 0 2 0 0
1948 0 0 2 0 0
1949 0 0 2 0 0
1950 0 0 2 0 0
1951 0 0 2 0 0
1952 0 0 2 0 0
1953 0 0 2 0 0
1954 0 0 2 0 0
1955 0 0 2 0 0
1956 0 0 2 0 0
1957 0 0 2 0 0
1958 0 0 2 0 0
1959 0 0 2 0 0
1960 0 0 2 0 0
1961 0 0 2 0 0
1962 0 0 2 0 0
1963 0 0 2 0 0
1964 0 0 2 0 0
1965 0 0 2 0 0
1966 0 0 2 0 0
1967 0 0 2 0 0
1968 0 0 2 0 0
1969 0 0 2 0 0
1970 0 0 2 0 0
1971 0 0 2 0 0
1972 0 0 2 0 0
1973 0 0 2 0 0
1974 0 0 2 0 0
1975 0 0 2 0 0
1976 0 0 2 0 0
1977 0 0 2 0 0
1978 0 0 2 0 0
1979 0 0 2 0 0
1980 0 0 2 0 0
1981 0 0 2 0 0
1982 0 0 2 0 0
1983 0 0 2 0 0
1984 0 0 2 0 0
1985 0 0 2 0 0
1986 0 0 2 0 0
1987 0 0 2 0 0
1988 0 0 2 0 0
1989 0 0 2 0 0
1990 5 0 2 0 0
1991 5 0 2 0 0
1992 5 0 2 0 0
1993 5 0 2 0 0
1994 5 0 2 0 0
1995 5 0 2 0 0
1996 5 0 2 0 0
1997 5 0 2 0 0
1998 5 0 2 0 0
1999 5 0 2 0 0
2000 5 0 2 0 0
2001 5 0 2 0 0
2002 5 0 2 0 0
2003 5 0 2 0 0
2004 5 0 2 0 0
2005 5 0 2 0 0
2006 5 0 2 0 0
2007 5 0 2 0 0
2008 5 0 2 0 0
2009 5 0 2 0 0
2010 5 0 2 0 0
2011 5 0 2 0 0
2012 5 0 2 0 0
2013 5 0 2 0 0
2014 5 0 2 0 0
2015 5 0 2 0 0
2016 5 0 2 0 0
2017 5 0 2 0 0
2018 5 0 2 0 0
2019 5 0 2 0 0
2020 5 0 2 0 0
2021 5 0 2 0 0
2022 5 0 2 0 0
2023 5 0 2 0 0
2024 5 0 2 0 0
2025 5 0 2 0 0
2026 5 0 2 0 0
2027 5 0 2 0 0
2028 5 0 2 0 0
2029 5 0 2 0 0
2030 5 0 2 0 0
2031 5 0 2 0 0
2032 5 0 2 0 0
2033 5 0 2 0 0
2034 5 0 2 0 0
2035 5 0 2 0 0
2036 5 0 2 0 0
2037 5 0 2 0 0
2038 5 0 2 0 0
2039 5 0 2 0 0
2040 5 0 2 0 0
2041 5 0 2 0 0
2042 5 0 2 0 0
2043 5 0 2 0 0
2044 5 0 2 0 0
2045 5 0 2 0 0
2046 5 0 2 0 0
2047 5 0 2 0 0
2048 5 0 2 0 0
2049 5 0 2 0 0
2050 5 0 2 0 0
2051 5 0 2 0 0
2052 5 0 2 0 0
2053 5 0 2 0 0
2054 5 0 2 0 0
2055 5 0 2 0 0
2056 5 0 2 0 0
2057 5 0 2 0 0
2058 5 0 2 0 0
2059 5 0 2 0 0
2060 5 0 2 0 0
2061 5 0 2 0 0
2062 5 0 2 0 0
2063 5 0 2 0 0
2064 5 0 2 0 0
2065 5 0 2 0 0
2066 5 0 2 0 0
2067 5 0 2 0 0
2068 5 0 2 0 0
2069 5 0 2 0 0
2070 5 0 2 0 0
2071 5 0 2 0 0
2072 5 0 2 0 0
2073 5 0 2 0 0
2074 5 0 2 0 0
2075 5 0 2 0 0
2076 5 0 2 0 0
2077 5 0 2 0 0
2078 5 0 2 0 0
2079 5 0 2 0 0
2080 5 0 2 0 2
2081 5 0 2 0 2
2082 5 0 2 0 2
2083 5 0 2 0 2
2084 5 0 2 0 2
2085 5 0 2 0 2
2086 5 0 2 0 2
2087 5 0 2 0 2
2088 5 0 2 0 2
2089 5 0 2 0 2
2090 5 0 2 0 2
2091 5 0 2 0 2
2092 5 0 2 0 2
2093 5 0 2 0 2
2094 5 0 2 0 2
2095 5 0 2 0 2
2096 5 0 2 0 2
2097 5 0 2 0 2
2098 5 0 2 0 2
2099 5 0 2 0 2
2100 5 0 2 0 2
2101 5 0 2 0 2
2102 5 0 2 0 2
2103 5 0 2 0 2
2104 5 0 2 0 2
2105 5 0 2 0 2
2106 5 0 2 0 2
2107 5 0 2 0 2
2108 5 0 2 0 2
2109 5 0 2 0 2
2110 5 0 2 0 2
2111 5 0 2 0 2
2112 5 0 2 0 2
2113 5 0 2 0 2
2114 5 0 2 0 2
2115 5 0 2 0 2
2116 5 0 2 0 2
2117 5 0 2 0 2
2118 5 0 2 0 2
2119 5 0 2 0 2
2120 5 0 2 0 2
2121 5 0 2 0 2
2122 5 0 2 0 2
2123 5 0 2 0 2
2124 5 0 2 0 2
2125 5 0 2 0 2
2126 5 0 2 0 2
2127 5 0 2 0 2
2128 5 0 2 0 2
2129 5 0 2 0 2
2130 0 0 2 0 2
2131 0 0 2 0 2
2132 0 0 2 0 2
2133 0 0 2 0 2
2134 0 0 2 0 2
2135 0 0 2 0 2
2136 0 0 2 0 2
2137 0 0 2 0 2
2138 0 0 2 0 2
2139 0 0 2 0 2
2140 0 0 2 0 2
2141 0 0 2 0 2
2142 0 0 2 0 2
2143 0 0 2 0 2
2144 0 0 2 0 2
2145 0 0 2 0 2
2146 0 0 2 0 2
2147 0 0 2 0 2
2148 0 0 2 0 2
2149 0 0 2 0 2
2150 0 0 2 0 2
2151 0 0 2 0 2
2152 0 0 2 0 2
2153 0 0 2 0 2
2154 0 0 2 0 2
2155 0 0 2 0 2
2156 0 0 2 0 2
2157 0 0 2 0 2
2158 0 0 2 0 2
2159 0 0 2 0 2
2160 0 0 2 0 2
2161 0 0 2 0 2
2162 0 0 2 0 2
2163 0 0 2 0 2
2164 0 0 2 0 2
2165 0 0 2 0 2
2166 0 0 2 0 2
2167 0 0 2 0 2
2168 0 0 2 0 2
2169 0 0 2 0 2
2170 0 0 2 0 2
2171 0 0 2 0 2
2172 0 0 2 0 2
2173 0 0 2 0 2
2174 0 0 2 0 2
2175 0 0 2 0 2
2176 0 0 2 0 2
2177 0 0 2 0 2
2178 0 0 2 0 2
2179 0 0 2 0 2
2180 0 0 2 0 2
2181 0 0 2 0 2
2182 0 0 2 0 2
2183 0 0 2 0 2
2184 0 0 2 0 2
2185 0 0 2 0 2
2186 0 0 2 0 2
2187 0 0 2 0 2
2188 0 0 2 0 2
2189 0 0 2 0 2
2190 0 0 2 0 2
2191 0 0 2 0 2
2192 0 0 2 0 2
2193 0 0 2 0 2
2194 0 0 2 0 2
2195 0 0 2 0 2
2196 0 0 2 0 2
2197 0 0 2 0 2
2198 0 0 2 0 2
2199 0 0 2 0 2
2200 0 0 2 0 2
2201 0 0 2 0 2
2202 0 0 2 0 2
2203 0 0 2 0 2
2204 0 0 2 0 2
2205 0 0 2 0 2
2206 0 0 2 0 2
2207 0 0 2 0 2
2208 0 0 2 0 2
2209 0 0 2 0 2
2210 2 0 2 0 2
2211 2 0 2 0 2
2212 2 0 2 0 2
2213 2 0 2 0 2
2214 2 0 2 0 2
2215 2 0 2 0 2
2216 2 0 2 0 2
2217 2 0 2 0 2
2218 2 0 2 0 2
2219 2 0 2 0 2
2220 2 0 2 0 2
2221 2 0 2 0 2
2222 2 0 2 0 2
2223 2 0 2 0 2
2224 2 0 2 0 2
2225 2 0 2 0 2
2226 2 0 2 0 2
2227 2 0 2 0 2
2228 2 0 2 0 2
2229 2 0 2 0 2
2230 2 0 2 0 2
2231 2 0 2 0 2
2232 2 0 2 0 2
2233 2 0 2 0 2
2234 2 0 2 0 2
2235 2 0 2 0 2
2236 2 0 2 0 2
2237 2 0 2 0 2
2238 2 0 2 0 2
2239 2 0 2 0 2
2240 2 0 0 0 2
2241 2 0 0 0 2
2242 2 0 0 0 2
2243 2 0 0 0 2
2244 2 0 0 0 2
2245 2 0 0 0 2
2246 2 0 0 0 2
2247 2 0 0 0 2
2248 2 0 0 0 2
2249 2 0 0 0 2
2250 2 0 0 0 2
2251 2 0 0 0 2
2252 2 0 0 0 2
2253 2 0 0 0 2
2254 2 0 0 0 2
2255 2 0 0 0 2
2256 2 0 0 0 2
2257 2 0 0 0 2
2258 2 0 0 0 2
2259 2 0 0 0 2
2260 2 0 0 0 2
2261 2 0 0 0 2
2262 2 0 0 0 2
2263 2 0 0 0 2
2264 2 0 0 0 2
2265 2 0 0 0 2
2266 2 0 0 0 2
2267 2 0 0 0 2
2268 2 0 0 0 2
2269 2 0 0 0 2
2270 2 0 0 0 2
2271 2 0 0 0 2
2272 2 0 0 0 2
2273 2 0 0 0 2
2274 2 0 0 0 2
2275 2 0 0 0 2
2276 2 0 0 0 2
2277 2 0 0 0 2
2278 2 0 0 0 2
2279 2 0 0 0 2
2280 2 0 0 0 2
2281 2 0 0 0 2
2282 2 0 0 0 2
2283 2 0 0 0 2
2284 2 0 0 0 2
2285 2 0 0 0 2
2286 2 0 0 0 2
2287 2 0 0 0 2
2288 2 0 0 0 2
2289 2 0 0 0 2
2290 2 0 0 0 2
2291 2 0 0 0 2
2292 2 0 0 0 2
2293 2 0 0 0 2
2294 2 0 0 0 2
2295 2 0 0 0 2
2296 2 0 0 0 2
2297 2 0 0 0 2
2298 2 0 0 0 2
2299 2 0 0 0 2
2300 2 0 0 0 0
2301 2 0 0 0 0
2302 2 0 0 0 0
2303 2 0 0 0 0
2304 2 0 0 0 0
2305 2 0 0 0 0
2306 2 0 0 0 0
2307 2 0 0 0 0
2308 2 0 0 0 0
2309 2 0 0 0 0
2310 2 0 0 0 0
2311 2 0 0 0 0
2312 2 0 0 0 0
2313 2 0 0 0 0
2314 2 0 0 0 0
2315 2 0 0 0 0
2316 2 0 0 0 0
2317 2 0 0 0 0
2318 2 0 0 0 0
2319 2 0 0 0 0
2320 2 0 0 0 0
2321 2 0 0 0 0
2322 2 0 0 0 0
2323 2 0 0 0 0
2324 2 0 0 0 0
2325 2 0 0 0 0
2326 2 0 0 0 0
2327 2 0 0 0 0
2328 2 0 0 0 0
2329 2 0 0 0 0
2330 2 0 0 0 0
2331 2 0 0 0 0
2332 2 0 0 0 0
2333 2 0 0 0 0
2334 2 0 0 0 0
2335 2 0 0 0 0
2336 2 0 0 0 0
2337 2 0 0 0 0
2338 2 0 0 0 0
2339 2 0 0 0 0
2340 0 0 0 0 0
2341 0 0 0 0 0
2342 0 0 0 0 0
2343 0 0 0 0 0
2344 0 0 0 0 0
2345 0 0 0 0 0
2346 0 0 0 0 0
2347 0 0 0 0 0
2348 0 0 0 0 0
2349 0 0 0 0 0
2350 0 0 0 0 0
2351 0 0 0 0 0
2352 0 0 0 0 0
2353 0 0 0 0 0
2354 0 0 0 0 0
2355 0 0 0 0 0
2356 0 0 0 0 0
2357 0 0 0 0 0
2358 0 0 0 0 0
2359 0 0 0 0 0
2360 0 0 0 0 0
2361 0 0 0 0 0
2362 0 0 0 0 0
2363 0 0 0 0 0
2364 0 0 0 0 0
2365 0 0 0 0 0
2366 0 0 0 0 0
2367 0 0 0 0 0
2368 0 0 0 0 0
2369 0 0 0 0 0
2370 0 0 0 0 0
2371 0 0 0 0 0
2372 0 0 0 0 0
2373 0 0 0 0 0
2374 0 0 0 0 0
2375 0 0 0 0 0
2376 0 0 0 0 0
2377 0 0 0 0 0
2378 0 0 0 0 0
2379 0 0 0 0 0
2380 0 0 0 0 0
2381 0 0 0 0 0
2382 0 0 0 0 0
2383 0 0 0 0 0
2384 0 0 0 0 0
2385 0 0 0 0 0
2386 0 0 0 0 0
2387 0 0 0 0 0
2388 0 0 0 0 0
2389 0 0 0 0 0
2390 0 0 0 0 0
2391 0 0 0 0 0
2392 0 0 0 0 0
2393 0 0 0 0 0
2394 0 0 0 0 0
2395 0 0 0 0 0
2396 0 0 0 0 0
2397 0 0 0 0 0
2398 0 0 0 0 0
2399 0 0 0 0 0
2400 0 0 0 0 0
2401 0 0 0 0 0
2402 0 0 0 0 0
2403 0 0 0 0 0
2404 0 0 0 0 0
2405 0 0 0 0 0
2406 0 0 0 0 0
2407 0 0 0 0 0
2408 0 0 0 0 0
2409 0 0 0 0 0
2410 0 0 0 0 0
2411 0 0 0 0 0
2412 0 0 0 0 0
2413 0 0 0 0 0
2414 0 0 0 0 0
2415 0 0 0 0 0
2416 0 0 0 0 0
2417 0 0 0 0 0
2418 0 0 0 0 0
2419 0 0 0 0 0
2420 0 0 0 0 0
2421 0 0 0 0 0
2422 0 0 0 0 0
2423 0 0 0 0 0
2424 0 0 0 0 0
2425 0 0 0 0 0
2426 0 0 0 0 0
2427 0 0 0 0 0
2428 0 0 0 0 0
2429 0 0 0 0 0
2430 0 0 0 0 0
2431 0 0 0 0 0
2432 0 0 0 0 0
2433 0 0 0 0 0
2434 0 0 0 0 0
2435 0 0 0 0 0
2436 0 0 0 0 0
2437 0 0 0 0 0
2438 0 0 0 0 0
2439 0 0 0 0 0
2440 0 0 0 0 0
