0 0 0 0 0 0
1 0 0 0 0 0
2 0 0 0 0 0
3 0 0 0 0 0
4 0 0 0 0 0
5 0 0 0 0 0
6 0 0 0 0 0
7 0 0 0 0 0
8 0 0 0 0 0
9 0 0 0 0 0
10 0 0 0 0 0
11 0 0 0 0 0
12 0 0 0 0 0
13 0 0 0 0 0
14 0 0 0 0 0
15 0 0 0 0 0
16 0 0 0 0 0
17 0 0 0 0 0
18 0 0 0 0 0
19 0 0 0 0 0
20 0 0 0 0 0
21 0 0 0 0 0
22 0 0 0 0 0
23 0 0 0 0 0
24 0 0 0 0 0
25 0 0 0 0 0
26 0 0 0 0 0
27 0 0 0 0 0
28 0 0 0 0 0
29 0 0 0 0 0
30 0 0 0 0 0
31 0 0 0 0 0
32 0 0 0 0 0
33 0 0 0 0 0
34 0 0 0 0 0
35 0 0 0 0 0
36 0 0 0 0 0
37 0 0 0 0 0
38 0 0 0 0 0
39 0 0 0 0 0
40 0 0 0 0 0
41 0 0 0 0 0
42 0 0 0 0 0
43 0 0 0 0 0
44 0 0 0 0 0
45 0 0 0 0 0
46 0 0 0 0 0
47 0 0 0 0 0
48 0 0 0 0 0
49 0 0 0 0 0
50 0 0 0 0 0
51 0 0 0 0 0
52 0 0 0 0 0
53 0 0 0 0 0
54 0 0 0 0 0
55 0 0 0 0 0
56 0 0 0 0 0
57 0 0 0 0 0
58 0 0 0 0 0
59 0 0 0 0 0
60 0 0 0 0 0
61 0 0 0 0 0
62 0 0 0 0 0
63 0 0 0 0 0
64 0 0 0 0 0
65 0 0 0 0 0
66 0 0 0 0 0
67 0 0 0 0 0
68 0 0 0 0 0
69 0 0 0 0 0
70 0 0 0 0 0
71 0 0 0 0 0
72 0 0 0 0 0
73 0 0 0 0 0
74 0 0 0 0 0
75 0 0 0 0 0
76 0 0 0 0 0
77 0 0 0 0 0
78 0 0 0 0 0
79 0 0 0 0 0
80 0 0 0 0 0
81 0 0 0 0 0
82 0 0 0 0 0
83 0 0 0 0 0
84 0 0 0 0 0
85 0 0 0 0 0
86 0 0 0 0 0
87 0 0 0 0 0
88 0 0 0 0 0
89 0 0 0 0 0
90 0 0 2 0 0
91 0 0 2 0 0
92 0 0 2 0 0
93 0 0 2 0 0
94 0 0 2 0 0
95 0 0 2 0 0
96 0 0 2 0 0
97 0 0 2 0 0
98 0 0 2 0 0
99 0 0 2 0 0
100 0 0 2 0 0
101 0 0 2 0 0
102 0 0 2 0 0
103 0 0 2 0 0
104 0 0 2 0 0
105 0 0 2 0 0
106 0 0 2 0 0
107 0 0 2 0 0
108 0 0 2 0 0
109 0 0 2 0 0
110 0 0 2 0 0
111 0 0 2 0 0
112 0 0 2 0 0
113 0 0 2 0 0
114 0 0 2 0 0
115 0 0 2 0 0
116 0 0 2 0 0
117 0 0 2 0 0
118 0 0 2 0 0
119 0 0 2 0 0
120 0 0 2 0 0
121 0 0 2 0 0
122 0 0 2 0 0
123 0 0 2 0 0
124 0 0 2 0 0
125 0 0 2 0 0
126 0 0 2 0 0
127 0 0 2 0 0
128 0 0 2 0 0
129 0 0 2 0 0
130 0 0 2 0 0
131 0 0 2 0 0
132 0 0 2 0 0
133 0 0 2 0 0
134 0 0 2 0 0
135 0 0 2 0 0
136 0 0 2 0 0
137 0 0 2 0 0
138 0 0 2 0 0
139 0 0 2 0 0
140 0 0 2 0 0
141 0 0 2 0 0
142 0 0 2 0 0
143 0 0 2 0 0
144 0 0 2 0 0
145 0 0 2 0 0
146 0 0 2 0 0
147 0 0 2 0 0
148 0 0 2 0 0
149 0 0 2 0 0
150 0 0 2 0 0
151 0 0 2 0 0
152 0 0 2 0 0
153 0 0 2 0 0
154 0 0 2 0 0
155 0 0 2 0 0
156 0 0 2 0 0
157 0 0 2 0 0
158 0 0 2 0 0
159 0 0 2 0 0
160 0 0 0 0 0
161 0 0 0 0 0
162 0 0 0 0 0
163 0 0 0 0 0
164 0 0 0 0 0
165 0 0 0 0 0
166 0 0 0 0 0
167 0 0 0 0 0
168 0 0 0 0 0
169 0 0 0 0 0
170 0 0 0 0 0
171 0 0 0 0 0
172 0 0 0 0 0
173 0 0 0 0 0
174 0 0 0 0 0
175 0 0 0 0 0
176 0 0 0 0 0
177 0 0 0 0 0
178 0 0 0 0 0
179 0 0 0 0 0
180 0 0 0 0 0
181 0 0 0 0 0
182 0 0 0 0 0
183 0 0 0 0 0
184 0 0 0 0 0
185 0 0 0 0 0
186 0 0 0 0 0
187 0 0 0 0 0
188 0 0 0 0 0
189 0 0 0 0 0
190 0 0 0 0 0
191 0 0 0 0 0
192 0 0 0 0 0
193 0 0 0 0 0
194 0 0 0 0 0
195 0 0 0 0 0
196 0 0 0 0 0
197 0 0 0 0 0
198 0 0 0 0 0
199 0 0 0 0 0
200 0 0 0 2 0
201 0 0 0 2 0
202 0 0 0 2 0
203 0 0 0 2 0
204 0 0 0 2 0
205 0 0 0 2 0
206 0 0 0 2 0
207 0 0 0 2 0
208 0 0 0 2 0
209 0 0 0 2 0
210 0 0 2 0 0
211 0 0 2 0 0
212 0 0 2 0 0
213 0 0 2 0 0
214 0 0 2 0 0
215 0 0 2 0 0
216 0 0 2 0 0
217 0 0 2 0 0
218 0 0 2 0 0
219 0 0 2 0 0
220 0 0 2 0 0
221 0 0 2 0 0
222 0 0 2 0 0
223 0 0 2 0 0
224 0 0 2 0 0
225 0 0 2 0 0
226 0 0 2 0 0
227 0 0 2 0 0
228 0 0 2 0 0
229 0 0 2 0 0
230 0 0 2 0 0
231 0 0 2 0 0
232 0 0 2 0 0
233 0 0 2 0 0
234 0 0 2 0 0
235 0 0 2 0 0
236 0 0 2 0 0
237 0 0 2 0 0
238 0 0 2 0 0
239 0 0 2 0 0
240 0 0 2 0 0
241 0 0 2 0 0
242 0 0 2 0 0
243 0 0 2 0 0
244 0 0 2 0 0
245 0 0 2 0 0
246 0 0 2 0 0
247 0 0 2 0 0
248 0 0 2 0 0
249 0 0 2 0 0
250 0 0 2 0 0
251 0 0 2 0 0
252 0 0 2 0 0
253 0 0 2 0 0
254 0 0 2 0 0
255 0 0 2 0 0
256 0 0 2 0 0
257 0 0 2 0 0
258 0 0 2 0 0
259 0 0 2 0 0
260 0 0 2 0 0
261 0 0 2 0 0
262 0 0 2 0 0
263 0 0 2 0 0
264 0 0 2 0 0
265 0 0 2 0 0
266 0 0 2 0 0
267 0 0 2 0 0
268 0 0 2 0 0
269 0 0 2 0 0
270 0 0 2 0 0
271 0 0 2 0 0
272 0 0 2 0 0
273 0 0 2 0 0
274 0 0 2 0 0
275 0 0 2 0 0
276 0 0 2 0 0
277 0 0 2 0 0
278 0 0 2 0 0
279 0 0 2 0 0
280 0 0 2 0 0
281 0 0 2 0 0
282 0 0 2 0 0
283 0 0 2 0 0
284 0 0 2 0 0
285 0 0 2 0 0
286 0 0 2 0 0
287 0 0 2 0 0
288 0 0 2 0 0
289 0 0 2 0 0
290 0 0 2 0 0
291 0 0 2 0 0
292 0 0 2 0 0
293 0 0 2 0 0
294 0 0 2 0 0
295 0 0 2 0 0
296 0 0 2 0 0
297 0 0 2 0 0
298 0 0 2 0 0
299 0 0 2 0 0
300 0 0 2 0 0
301 0 0 2 0 0
302 0 0 2 0 0
303 0 0 2 0 0
304 0 0 2 0 0
305 0 0 2 0 0
306 0 0 2 0 0
307 0 0 2 0 0
308 0 0 2 0 0
309 0 0 2 0 0
310 0 0 2 0 0
311 0 0 2 0 0
312 0 0 2 0 0
313 0 0 2 0 0
314 0 0 2 0 0
315 0 0 2 0 0
316 0 0 2 0 0
317 0 0 2 0 0
318 0 0 2 0 0
319 0 0 2 0 0
320 0 0 2 0 0
321 0 0 2 0 0
322 0 0 2 0 0
323 0 0 2 0 0
324 0 0 2 0 0
325 0 0 2 0 0
326 0 0 2 0 0
327 0 0 2 0 0
328 0 0 2 0 0
329 0 0 2 0 0
330 0 0 2 0 0
331 0 0 2 0 0
332 0 0 2 0 0
333 0 0 2 0 0
334 0 0 2 0 0
335 0 0 2 0 0
336 0 0 2 0 0
337 0 0 2 0 0
338 0 0 2 0 0
339 0 0 2 0 0
340 0 0 2 0 0
341 0 0 2 0 0
342 0 0 2 0 0
343 0 0 2 0 0
344 0 0 2 0 0
345 0 0 2 0 0
346 0 0 2 0 0
347 0 0 2 0 0
348 0 0 2 0 0
349 0 0 2 0 0
350 0 0 2 0 0
351 0 0 2 0 0
352 0 0 2 0 0
353 0 0 2 0 0
354 0 0 2 0 0
355 0 0 2 0 0
356 0 0 2 0 0
357 0 0 2 0 0
358 0 0 2 0 0
359 0 0 2 0 0
360 0 0 2 0 0
361 0 0 2 0 0
362 0 0 2 0 0
363 0 0 2 0 0
364 0 0 2 0 0
365 0 0 2 0 0
366 0 0 2 0 0
367 0 0 2 0 0
368 0 0 2 0 0
369 0 0 2 0 0
370 0 0 2 0 0
371 0 0 2 0 0
372 0 0 2 0 0
373 0 0 2 0 0
374 0 0 2 0 0
375 0 0 2 0 0
376 0 0 2 0 0
377 0 0 2 0 0
378 0 0 2 0 0
379 0 0 2 0 0
380 0 0 2 0 0
381 0 0 2 0 0
382 0 0 2 0 0
383 0 0 2 0 0
384 0 0 2 0 0
385 0 0 2 0 0
386 0 0 2 0 0
387 0 0 2 0 0
388 0 0 2 0 0
389 0 0 2 0 0
390 2 0 2 0 0
391 2 0 2 0 0
392 2 0 2 0 0
393 2 0 2 0 0
394 2 0 2 0 0
395 2 0 2 0 0
396 2 0 2 0 0
397 2 0 2 0 0
398 2 0 2 0 0
399 2 0 2 0 0
400 2 0 2 0 0
401 2 0 2 0 0
402 2 0 2 0 0
403 2 0 2 0 0
404 2 0 2 0 0
405 2 0 2 0 0
406 2 0 2 0 0
407 2 0 2 0 0
408 2 0 2 0 0
409 2 0 2 0 0
410 2 0 0 0 0
411 2 0 0 0 0
412 2 0 0 0 0
413 2 0 0 0 0
414 2 0 0 0 0
415 2 0 0 0 0
416 2 0 0 0 0
417 2 0 0 0 0
418 2 0 0 0 0
419 2 0 0 0 0
420 2 0 0 0 0
421 2 0 0 0 0
422 2 0 0 0 0
423 2 0 0 0 0
424 2 0 0 0 0
425 2 0 0 0 0
426 2 0 0 0 0
427 2 0 0 0 0
428 2 0 0 0 0
429 2 0 0 0 0
430 2 0 0 0 0
431 2 0 0 0 0
432 2 0 0 0 0
433 2 0 0 0 0
434 2 0 0 0 0
435 2 0 0 0 0
436 2 0 0 0 0
437 2 0 0 0 0
438 2 0 0 0 0
439 2 0 0 0 0
440 2 0 0 0 0
441 2 0 0 0 0
442 2 0 0 0 0
443 2 0 0 0 0
444 2 0 0 0 0
445 2 0 0 0 0
446 2 0 0 0 0
447 2 0 0 0 0
448 2 0 0 0 0
449 2 0 0 0 0
450 2 0 0 0 0
451 2 0 0 0 0
452 2 0 0 0 0
453 2 0 0 0 0
454 2 0 0 0 0
455 2 0 0 0 0
456 2 0 0 0 0
457 2 0 0 0 0
458 2 0 0 0 0
459 2 0 0 0 0
460 2 0 0 0 0
461 2 0 0 0 0
462 2 0 0 0 0
463 2 0 0 0 0
464 2 0 0 0 0
465 2 0 0 0 0
466 2 0 0 0 0
467 2 0 0 0 0
468 2 0 0 0 0
469 2 0 0 0 0
470 2 0 0 0 0
471 2 0 0 0 0
472 2 0 0 0 0
473 2 0 0 0 0
474 2 0 0 0 0
475 2 0 0 0 0
476 2 0 0 0 0
477 2 0 0 0 0
478 2 0 0 0 0
479 2 0 0 0 0
480 2 0 0 0 0
481 2 0 0 0 0
482 2 0 0 0 0
483 2 0 0 0 0
484 2 0 0 0 0
485 2 0 0 0 0
486 2 0 0 0 0
487 2 0 0 0 0
488 2 0 0 0 0
489 2 0 0 0 0
490 2 0 0 0 0
491 2 0 0 0 0
492 2 0 0 0 0
493 2 0 0 0 0
494 2 0 0 0 0
495 2 0 0 0 0
496 2 0 0 0 0
497 2 0 0 0 0
498 2 0 0 0 0
499 2 0 0 0 0
500 2 0 0 0 0
501 2 0 0 0 0
502 2 0 0 0 0
503 2 0 0 0 0
504 2 0 0 0 0
505 2 0 0 0 0
506 2 0 0 0 0
507 2 0 0 0 0
508 2 0 0 0 0
509 2 0 0 0 0
510 2 0 0 0 0
511 2 0 0 0 0
512 2 0 0 0 0
513 2 0 0 0 0
514 2 0 0 0 0
515 2 0 0 0 0
516 2 0 0 0 0
517 2 0 0 0 0
518 2 0 0 0 0
519 2 0 0 0 0
520 2 0 0 0 0
521 2 0 0 0 0
522 2 0 0 0 0
523 2 0 0 0 0
524 2 0 0 0 0
525 2 0 0 0 0
526 2 0 0 0 0
527 2 0 0 0 0
528 2 0 0 0 0
529 2 0 0 0 0
530 2 0 0 0 0
531 2 0 0 0 0
532 2 0 0 0 0
533 2 0 0 0 0
534 2 0 0 0 0
535 2 0 0 0 0
536 2 0 0 0 0
537 2 0 0 0 0
538 2 0 0 0 0
539 2 0 0 0 0
540 2 0 0 0 0
541 2 0 0 0 0
542 2 0 0 0 0
543 2 0 0 0 0
544 2 0 0 0 0
545 2 0 0 0 0
546 2 0 0 0 0
547 2 0 0 0 0
548 2 0 0 0 0
549 2 0 0 0 0
550 2 0 2 0 0
551 2 0 2 0 0
552 2 0 2 0 0
553 2 0 2 0 0
554 2 0 2 0 0
555 2 0 2 0 0
556 2 0 2 0 0
557 2 0 2 0 0
558 2 0 2 0 0
559 2 0 2 0 0
560 2 0 2 0 0
561 2 0 2 0 0
562 2 0 2 0 0
563 2 0 2 0 0
564 2 0 2 0 0
565 2 0 2 0 0
566 2 0 2 0 0
567 2 0 2 0 0
568 2 0 2 0 0
569 2 0 2 0 0
570 0 0 2 0 0
571 0 0 2 0 0
572 0 0 2 0 0
573 0 0 2 0 0
574 0 0 2 0 0
575 0 0 2 0 0
576 0 0 2 0 0
577 0 0 2 0 0
578 0 0 2 0 0
579 0 0 2 0 0
580 0 0 2 0 0
581 0 0 2 0 0
582 0 0 2 0 0
583 0 0 2 0 0
584 0 0 2 0 0
585 0 0 2 0 0
586 0 0 2 0 0
587 0 0 2 0 0
588 0 0 2 0 0
589 0 0 2 0 0
590 0 0 2 0 0
591 0 0 2 0 0
592 0 0 2 0 0
593 0 0 2 0 0
594 0 0 2 0 0
595 0 0 2 0 0
596 0 0 2 0 0
597 0 0 2 0 0
598 0 0 2 0 0
599 0 0 2 0 0
600 0 0 2 0 0
601 0 0 2 0 0
602 0 0 2 0 0
603 0 0 2 0 0
604 0 0 2 0 0
605 0 0 2 0 0
606 0 0 2 0 0
607 0 0 2 0 0
608 0 0 2 0 0
609 0 0 2 0 0
610 0 0 2 0 0
611 0 0 2 0 0
612 0 0 2 0 0
613 0 0 2 0 0
614 0 0 2 0 0
615 0 0 2 0 0
616 0 0 2 0 0
617 0 0 2 0 0
618 0 0 2 0 0
619 0 0 2 0 0
620 0 0 2 0 0
621 0 0 2 0 0
622 0 0 2 0 0
623 0 0 2 0 0
624 0 0 2 0 0
625 0 0 2 0 0
626 0 0 2 0 0
627 0 0 2 0 0
628 0 0 2 0 0
629 0 0 2 0 0
630 0 0 2 0 0
631 0 0 2 0 0
632 0 0 2 0 0
633 0 0 2 0 0
634 0 0 2 0 0
635 0 0 2 0 0
636 0 0 2 0 0
637 0 0 2 0 0
638 0 0 2 0 0
639 0 0 2 0 0
640 0 0 2 0 1
641 0 0 2 0 1
642 0 0 2 0 1
643 0 0 2 0 1
644 0 0 2 0 1
645 0 0 2 0 1
646 0 0 2 0 1
647 0 0 2 0 1
648 0 0 2 0 1
649 0 0 2 0 1
650 0 0 2 0 2
651 0 0 2 0 2
652 0 0 2 0 2
653 0 0 2 0 2
654 0 0 2 0 2
655 0 0 2 0 2
656 0 0 2 0 2
657 0 0 2 0 2
658 0 0 2 0 2
659 0 0 2 0 2
660 0 0 2 0 2
661 0 0 2 0 2
662 0 0 2 0 2
663 0 0 2 0 2
664 0 0 2 0 2
665 0 0 2 0 2
666 0 0 2 0 2
667 0 0 2 0 2
668 0 0 2 0 2
669 0 0 2 0 2
670 0 0 2 0 2
671 0 0 2 0 2
672 0 0 2 0 2
673 0 0 2 0 2
674 0 0 2 0 2
675 0 0 2 0 2
676 0 0 2 0 2
677 0 0 2 0 2
678 0 0 2 0 2
679 0 0 2 0 2
680 0 0 2 0 2
681 0 0 2 0 2
682 0 0 2 0 2
683 0 0 2 0 2
684 0 0 2 0 2
685 0 0 2 0 2
686 0 0 2 0 2
687 0 0 2 0 2
688 0 0 2 0 2
689 0 0 2 0 2
690 0 0 2 0 2
691 0 0 2 0 2
692 0 0 2 0 2
693 0 0 2 0 2
694 0 0 2 0 2
695 0 0 2 0 2
696 0 0 2 0 2
697 0 0 2 0 2
698 0 0 2 0 2
699 0 0 2 0 2
700 0 0 2 0 2
701 0 0 2 0 2
702 0 0 2 0 2
703 0 0 2 0 2
704 0 0 2 0 2
705 0 0 2 0 2
706 0 0 2 0 2
707 0 0 2 0 2
708 0 0 2 0 2
709 0 0 2 0 2
710 0 0 2 0 2
711 0 0 2 0 2
712 0 0 2 0 2
713 0 0 2 0 2
714 0 0 2 0 2
715 0 0 2 0 2
716 0 0 2 0 2
717 0 0 2 0 2
718 0 0 2 0 2
719 0 0 2 0 2
720 2 0 2 0 2
721 2 0 2 0 2
722 2 0 2 0 2
723 2 0 2 0 2
724 2 0 2 0 2
725 2 0 2 0 2
726 2 0 2 0 2
727 2 0 2 0 2
728 2 0 2 0 2
729 2 0 2 0 2
730 2 0 0 0 2
731 2 0 0 0 2
732 2 0 0 0 2
733 2 0 0 0 2
734 2 0 0 0 2
735 2 0 0 0 2
736 2 0 0 0 2
737 2 0 0 0 2
738 2 0 0 0 2
739 2 0 0 0 2
740 2 0 0 0 2
741 2 0 0 0 2
742 2 0 0 0 2
743 2 0 0 0 2
744 2 0 0 0 2
745 2 0 0 0 2
746 2 0 0 0 2
747 2 0 0 0 2
748 2 0 0 0 2
749 2 0 0 0 2
750 2 0 0 0 2
751 2 0 0 0 2
752 2 0 0 0 2
753 2 0 0 0 2
754 2 0 0 0 2
755 2 0 0 0 2
756 2 0 0 0 2
757 2 0 0 0 2
758 2 0 0 0 2
759 2 0 0 0 2
760 2 0 0 0 2
761 2 0 0 0 2
762 2 0 0 0 2
763 2 0 0 0 2
764 2 0 0 0 2
765 2 0 0 0 2
766 2 0 0 0 2
767 2 0 0 0 2
768 2 0 0 0 2
769 2 0 0 0 2
770 2 0 0 0 2
771 2 0 0 0 2
772 2 0 0 0 2
773 2 0 0 0 2
774 2 0 0 0 2
775 2 0 0 0 2
776 2 0 0 0 2
777 2 0 0 0 2
778 2 0 0 0 2
779 2 0 0 0 2
780 2 0 0 0 0
781 2 0 0 0 0
782 2 0 0 0 0
783 2 0 0 0 0
784 2 0 0 0 0
785 2 0 0 0 0
786 2 0 0 0 0
787 2 0 0 0 0
788 2 0 0 0 0
789 2 0 0 0 0
790 2 0 0 0 0
791 2 0 0 0 0
792 2 0 0 0 0
793 2 0 0 0 0
794 2 0 0 0 0
795 2 0 0 0 0
796 2 0 0 0 0
797 2 0 0 0 0
798 2 0 0 0 0
799 2 0 0 0 0
800 2 0 0 0 0
801 2 0 0 0 0
802 2 0 0 0 0
803 2 0 0 0 0
804 2 0 0 0 0
805 2 0 0 0 0
806 2 0 0 0 0
807 2 0 0 0 0
808 2 0 0 0 0
809 2 0 0 0 0
810 2 0 0 0 0
811 2 0 0 0 0
812 2 0 0 0 0
813 2 0 0 0 0
814 2 0 0 0 0
815 2 0 0 0 0
816 2 0 0 0 0
817 2 0 0 0 0
818 2 0 0 0 0
819 2 0 0 0 0
820 2 0 0 0 0
821 2 0 0 0 0
822 2 0 0 0 0
823 2 0 0 0 0
824 2 0 0 0 0
825 2 0 0 0 0
826 2 0 0 0 0
827 2 0 0 0 0
828 2 0 0 0 0
829 2 0 0 0 0
830 2 0 0 0 0
831 2 0 0 0 0
832 2 0 0 0 0
833 2 0 0 0 0
834 2 0 0 0 0
835 2 0 0 0 0
836 2 0 0 0 0
837 2 0 0 0 0
838 2 0 0 0 0
839 2 0 0 0 0
840 2 0 0 0 0
841 2 0 0 0 0
842 2 0 0 0 0
843 2 0 0 0 0
844 2 0 0 0 0
845 2 0 0 0 0
846 2 0 0 0 0
847 2 0 0 0 0
848 2 0 0 0 0
849 2 0 0 0 0
850 2 0 0 0 0
851 2 0 0 0 0
852 2 0 0 0 0
853 2 0 0 0 0
854 2 0 0 0 0
855 2 0 0 0 0
856 2 0 0 0 0
857 2 0 0 0 0
858 2 0 0 0 0
859 2 0 0 0 0
860 2 0 2 0 0
861 2 0 2 0 0
862 2 0 2 0 0
863 2 0 2 0 0
864 2 0 2 0 0
865 2 0 2 0 0
866 2 0 2 0 0
867 2 0 2 0 0
868 2 0 2 0 0
869 2 0 2 0 0
870 2 0 2 0 0
871 2 0 2 0 0
872 2 0 2 0 0
873 2 0 2 0 0
874 2 0 2 0 0
875 2 0 2 0 0
876 2 0 2 0 0
877 2 0 2 0 0
878 2 0 2 0 0
879 2 0 2 0 0
880 0 0 2 0 0
881 0 0 2 0 0
882 0 0 2 0 0
883 0 0 2 0 0
884 0 0 2 0 0
885 0 0 2 0 0
886 0 0 2 0 0
887 0 0 2 0 0
888 0 0 2 0 0
889 0 0 2 0 0
890 0 0 2 0 0
891 0 0 2 0 0
892 0 0 2 0 0
893 0 0 2 0 0
894 0 0 2 0 0
895 0 0 2 0 0
896 0 0 2 0 0
897 0 0 2 0 0
898 0 0 2 0 0
899 0 0 2 0 0
900 0 0 2 0 0
901 0 0 2 0 0
902 0 0 2 0 0
903 0 0 2 0 0
904 0 0 2 0 0
905 0 0 2 0 0
906 0 0 2 0 0
907 0 0 2 0 0
908 0 0 2 0 0
909 0 0 2 0 0
910 0 0 2 0 0
911 0 0 2 0 0
912 0 0 2 0 0
913 0 0 2 0 0
914 0 0 2 0 0
915 0 0 2 0 0
916 0 0 2 0 0
917 0 0 2 0 0
918 0 0 2 0 0
919 0 0 2 0 0
920 0 0 2 0 0
921 0 0 2 0 0
922 0 0 2 0 0
923 0 0 2 0 0
924 0 0 2 0 0
925 0 0 2 0 0
926 0 0 2 0 0
927 0 0 2 0 0
928 0 0 2 0 0
929 0 0 2 0 0
930 0 0 2 0 0
931 0 0 2 0 0
932 0 0 2 0 0
933 0 0 2 0 0
934 0 0 2 0 0
935 0 0 2 0 0
936 0 0 2 0 0
937 0 0 2 0 0
938 0 0 2 0 0
939 0 0 2 0 0
940 0 0 2 0 0
941 0 0 2 0 0
942 0 0 2 0 0
943 0 0 2 0 0
944 0 0 2 0 0
945 0 0 2 0 0
946 0 0 2 0 0
947 0 0 2 0 0
948 0 0 2 0 0
949 0 0 2 0 0
950 0 0 2 0 0
951 0 0 2 0 0
952 0 0 2 0 0
953 0 0 2 0 0
954 0 0 2 0 0
955 0 0 2 0 0
956 0 0 2 0 0
957 0 0 2 0 0
958 0 0 2 0 0
959 0 0 2 0 0
960 0 0 2 0 0
961 0 0 2 0 0
962 0 0 2 0 0
963 0 0 2 0 0
964 0 0 2 0 0
965 0 0 2 0 0
966 0 0 2 0 0
967 0 0 2 0 0
968 0 0 2 0 0
969 0 0 2 0 0
970 0 0 2 0 0
971 0 0 2 0 0
972 0 0 2 0 0
973 0 0 2 0 0
974 0 0 2 0 0
975 0 0 2 0 0
976 0 0 2 0 0
977 0 0 2 0 0
978 0 0 2 0 0
979 0 0 2 0 0
980 0 0 2 0 0
981 0 0 2 0 0
982 0 0 2 0 0
983 0 0 2 0 0
984 0 0 2 0 0
985 0 0 2 0 0
986 0 0 2 0 0
987 0 0 2 0 0
988 0 0 2 0 0
989 0 0 2 0 0
990 6 0 2 0 0
991 6 0 2 0 0
992 6 0 2 0 0
993 6 0 2 0 0
994 6 0 2 0 0
995 6 0 2 0 0
996 6 0 2 0 0
997 6 0 2 0 0
998 6 0 2 0 0
999 6 0 2 0 0
1000 6 0 2 0 0
1001 6 0 2 0 0
1002 6 0 2 0 0
1003 6 0 2 0 0
1004 6 0 2 0 0
1005 6 0 2 0 0
1006 6 0 2 0 0
1007 6 0 2 0 0
1008 6 0 2 0 0
1009 6 0 2 0 0
1010 6 0 2 0 0
1011 6 0 2 0 0
1012 6 0 2 0 0
1013 6 0 2 0 0
1014 6 0 2 0 0
1015 6 0 2 0 0
1016 6 0 2 0 0
1017 6 0 2 0 0
1018 6 0 2 0 0
1019 6 0 2 0 0
1020 6 0 2 0 0
1021 6 0 2 0 0
1022 6 0 2 0 0
1023 6 0 2 0 0
1024 6 0 2 0 0
1025 6 0 2 0 0
1026 6 0 2 0 0
1027 6 0 2 0 0
1028 6 0 2 0 0
1029 6 0 2 0 0
1030 6 0 2 0 0
1031 6 0 2 0 0
1032 6 0 2 0 0
1033 6 0 2 0 0
1034 6 0 2 0 0
1035 6 0 2 0 0
1036 6 0 2 0 0
1037 6 0 2 0 0
1038 6 0 2 0 0
1039 6 0 2 0 0
1040 6 0 2 0 0
1041 6 0 2 0 0
1042 6 0 2 0 0
1043 6 0 2 0 0
1044 6 0 2 0 0
1045 6 0 2 0 0
1046 6 0 2 0 0
1047 6 0 2 0 0
1048 6 0 2 0 0
1049 6 0 2 0 0
1050 6 0 2 0 0
1051 6 0 2 0 0
1052 6 0 2 0 0
1053 6 0 2 0 0
1054 6 0 2 0 0
1055 6 0 2 0 0
1056 6 0 2 0 0
1057 6 0 2 0 0
1058 6 0 2 0 0
1059 6 0 2 0 0
1060 6 0 2 0 0
1061 6 0 2 0 0
1062 6 0 2 0 0
1063 6 0 2 0 0
1064 6 0 2 0 0
1065 6 0 2 0 0
1066 6 0 2 0 0
1067 6 0 2 0 0
1068 6 0 2 0 0
1069 6 0 2 0 0
1070 6 0 2 0 2
1071 6 0 2 0 2
1072 6 0 2 0 2
1073 6 0 2 0 2
1074 6 0 2 0 2
1075 6 0 2 0 2
1076 6 0 2 0 2
1077 6 0 2 0 2
1078 6 0 2 0 2
1079 6 0 2 0 2
1080 6 0 2 0 2
1081 6 0 2 0 2
1082 6 0 2 0 2
1083 6 0 2 0 2
1084 6 0 2 0 2
1085 6 0 2 0 2
1086 6 0 2 0 2
1087 6 0 2 0 2
1088 6 0 2 0 2
1089 6 0 2 0 2
1090 6 0 2 0 2
1091 6 0 2 0 2
1092 6 0 2 0 2
1093 6 0 2 0 2
1094 6 0 2 0 2
1095 6 0 2 0 2
1096 6 0 2 0 2
1097 6 0 2 0 2
1098 6 0 2 0 2
1099 6 0 2 0 2
1100 6 0 2 0 2
1101 6 0 2 0 2
1102 6 0 2 0 2
1103 6 0 2 0 2
1104 6 0 2 0 2
1105 6 0 2 0 2
1106 6 0 2 0 2
1107 6 0 2 0 2
1108 6 0 2 0 2
1109 6 0 2 0 2
1110 6 0 2 0 2
1111 6 0 2 0 2
1112 6 0 2 0 2
1113 6 0 2 0 2
1114 6 0 2 0 2
1115 6 0 2 0 2
1116 6 0 2 0 2
1117 6 0 2 0 2
1118 6 0 2 0 2
1119 6 0 2 0 2
1120 0 0 2 0 2
1121 0 0 2 0 2
1122 0 0 2 0 2
1123 0 0 2 0 2
1124 0 0 2 0 2
1125 0 0 2 0 2
1126 0 0 2 0 2
1127 0 0 2 0 2
1128 0 0 2 0 2
1129 0 0 2 0 2
1130 0 0 2 0 2
1131 0 0 2 0 2
1132 0 0 2 0 2
1133 0 0 2 0 2
1134 0 0 2 0 2
1135 0 0 2 0 2
1136 0 0 2 0 2
1137 0 0 2 0 2
1138 0 0 2 0 2
1139 0 0 2 0 2
1140 0 0 2 0 2
1141 0 0 2 0 2
1142 0 0 2 0 2
1143 0 0 2 0 2
1144 0 0 2 0 2
1145 0 0 2 0 2
1146 0 0 2 0 2
1147 0 0 2 0 2
1148 0 0 2 0 2
1149 0 0 2 0 2
1150 0 0 2 0 2
1151 0 0 2 0 2
1152 0 0 2 0 2
1153 0 0 2 0 2
1154 0 0 2 0 2
1155 0 0 2 0 2
1156 0 0 2 0 2
1157 0 0 2 0 2
1158 0 0 2 0 2
1159 0 0 2 0 2
1160 2 0 2 0 2
1161 2 0 2 0 2
1162 2 0 2 0 2
1163 2 0 2 0 2
1164 2 0 2 0 2
1165 2 0 2 0 2
1166 2 0 2 0 2
1167 2 0 2 0 2
1168 2 0 2 0 2
1169 2 0 2 0 2
1170 2 0 2 0 2
1171 2 0 2 0 2
1172 2 0 2 0 2
1173 2 0 2 0 2
1174 2 0 2 0 2
1175 2 0 2 0 2
1176 2 0 2 0 2
1177 2 0 2 0 2
1178 2 0 2 0 2
1179 2 0 2 0 2
1180 2 0 0 0 2
1181 2 0 0 0 2
1182 2 0 0 0 2
1183 2 0 0 0 2
1184 2 0 0 0 2
1185 2 0 0 0 2
1186 2 0 0 0 2
1187 2 0 0 0 2
1188 2 0 0 0 2
1189 2 0 0 0 2
1190 2 0 0 0 0
1191 2 0 0 0 0
1192 2 0 0 0 0
1193 2 0 0 0 0
1194 2 0 0 0 0
1195 2 0 0 0 0
1196 2 0 0 0 0
1197 2 0 0 0 0
1198 2 0 0 0 0
1199 2 0 0 0 0
1200 2 0 0 0 0
1201 2 0 0 0 0
1202 2 0 0 0 0
1203 2 0 0 0 0
1204 2 0 0 0 0
1205 2 0 0 0 0
1206 2 0 0 0 0
1207 2 0 0 0 0
1208 2 0 0 0 0
1209 2 0 0 0 0
1210 2 0 0 0 0
1211 2 0 0 0 0
1212 2 0 0 0 0
1213 2 0 0 0 0
1214 2 0 0 0 0
1215 2 0 0 0 0
1216 2 0 0 0 0
1217 2 0 0 0 0
1218 2 0 0 0 0
1219 2 0 0 0 0
1220 2 0 0 0 0
1221 2 0 0 0 0
1222 2 0 0 0 0
1223 2 0 0 0 0
1224 2 0 0 0 0
1225 2 0 0 0 0
1226 2 0 0 0 0
1227 2 0 0 0 0
1228 2 0 0 0 0
1229 2 0 0 0 0
1230 2 0 0 0 0
1231 2 0 0 0 0
1232 2 0 0 0 0
1233 2 0 0 0 0
1234 2 0 0 0 0
1235 2 0 0 0 0
1236 2 0 0 0 0
1237 2 0 0 0 0
1238 2 0 0 0 0
1239 2 0 0 0 0
1240 2 0 0 0 0
1241 2 0 0 0 0
1242 2 0 0 0 0
1243 2 0 0 0 0
1244 2 0 0 0 0
1245 2 0 0 0 0
1246 2 0 0 0 0
1247 2 0 0 0 0
1248 2 0 0 0 0
1249 2 0 0 0 0
1250 2 0 0 0 0
1251 2 0 0 0 0
1252 2 0 0 0 0
1253 2 0 0 0 0
1254 2 0 0 0 0
1255 2 0 0 0 0
1256 2 0 0 0 0
1257 2 0 0 0 0
1258 2 0 0 0 0
1259 2 0 0 0 0
1260 2 0 2 0 0
1261 2 0 2 0 0
1262 2 0 2 0 0
1263 2 0 2 0 0
1264 2 0 2 0 0
1265 2 0 2 0 0
1266 2 0 2 0 0
1267 2 0 2 0 0
1268 2 0 2 0 0
1269 2 0 2 0 0
1270 2 0 2 0 0
1271 2 0 2 0 0
1272 2 0 2 0 0
1273 2 0 2 0 0
1274 2 0 2 0 0
1275 2 0 2 0 0
1276 2 0 2 0 0
1277 2 0 2 0 0
1278 2 0 2 0 0
1279 2 0 2 0 0
1280 0 0 2 0 0
1281 0 0 2 0 0
1282 0 0 2 0 0
1283 0 0 2 0 0
1284 0 0 2 0 0
1285 0 0 2 0 0
1286 0 0 2 0 0
1287 0 0 2 0 0
1288 0 0 2 0 0
1289 0 0 2 0 0
1290 0 0 2 0 0
1291 0 0 2 0 0
1292 0 0 2 0 0
1293 0 0 2 0 0
1294 0 0 2 0 0
1295 0 0 2 0 0
1296 0 0 2 0 0
1297 0 0 2 0 0
1298 0 0 2 0 0
1299 0 0 2 0 0
1300 0 0 2 0 0
1301 0 0 2 0 0
1302 0 0 2 0 0
1303 0 0 2 0 0
1304 0 0 2 0 0
1305 0 0 2 0 0
1306 0 0 2 0 0
1307 0 0 2 0 0
1308 0 0 2 0 0
1309 0 0 2 0 0
1310 0 0 2 0 0
1311 0 0 2 0 0
1312 0 0 2 0 0
1313 0 0 2 0 0
1314 0 0 2 0 0
1315 0 0 2 0 0
1316 0 0 2 0 0
1317 0 0 2 0 0
1318 0 0 2 0 0
1319 0 0 2 0 0
1320 0 0 2 0 0
1321 0 0 2 0 0
1322 0 0 2 0 0
1323 0 0 2 0 0
1324 0 0 2 0 0
1325 0 0 2 0 0
1326 0 0 2 0 0
1327 0 0 2 0 0
1328 0 0 2 0 0
1329 0 0 2 0 0
1330 0 0 2 0 0
1331 0 0 2 0 0
1332 0 0 2 0 0
1333 0 0 2 0 0
1334 0 0 2 0 0
1335 0 0 2 0 0
1336 0 0 2 0 0
1337 0 0 2 0 0
1338 0 0 2 0 0
1339 0 0 2 0 0
1340 0 0 2 0 0
1341 0 0 2 0 0
1342 0 0 2 0 0
1343 0 0 2 0 0
1344 0 0 2 0 0
1345 0 0 2 0 0
1346 0 0 2 0 0
1347 0 0 2 0 0
1348 0 0 2 0 0
1349 0 0 2 0 0
1350 0 0 2 0 0
1351 0 0 2 0 0
1352 0 0 2 0 0
1353 0 0 2 0 0
1354 0 0 2 0 0
1355 0 0 2 0 0
1356 0 0 2 0 0
1357 0 0 2 0 0
1358 0 0 2 0 0
1359 0 0 2 0 0
1360 0 0 2 0 0
1361 0 0 2 0 0
1362 0 0 2 0 0
1363 0 0 2 0 0
1364 0 0 2 0 0
1365 0 0 2 0 0
1366 0 0 2 0 0
1367 0 0 2 0 0
1368 0 0 2 0 0
1369 0 0 2 0 0
1370 0 0 2 0 0
1371 0 0 2 0 0
1372 0 0 2 0 0
1373 0 0 2 0 0
1374 0 0 2 0 0
1375 0 0 2 0 0
1376 0 0 2 0 0
1377 0 0 2 0 0
1378 0 0 2 0 0
1379 0 0 2 0 0
1380 0 0 2 0 0
1381 0 0 2 0 0
1382 0 0 2 0 0
1383 0 0 2 0 0
1384 0 0 2 0 0
1385 0 0 2 0 0
1386 0 0 2 0 0
1387 0 0 2 0 0
1388 0 0 2 0 0
1389 0 0 2 0 0
1390 0 0 2 0 0
1391 0 0 2 0 0
1392 0 0 2 0 0
1393 0 0 2 0 0
1394 0 0 2 0 0
1395 0 0 2 0 0
1396 0 0 2 0 0
1397 0 0 2 0 0
1398 0 0 2 0 0
1399 0 0 2 0 0
1400 0 0 2 0 0
1401 0 0 2 0 0
1402 0 0 2 0 0
1403 0 0 2 0 0
1404 0 0 2 0 0
1405 0 0 2 0 0
1406 0 0 2 0 0
1407 0 0 2 0 0
1408 0 0 2 0 0
1409 0 0 2 0 0
1410 0 0 2 0 0
1411 0 0 2 0 0
1412 0 0 2 0 0
1413 0 0 2 0 0
1414 0 0 2 0 0
1415 0 0 2 0 0
1416 0 0 2 0 0
1417 0 0 2 0 0
1418 0 0 2 0 0
1419 0 0 2 0 0
1420 0 0 2 0 0
1421 0 0 2 0 0
1422 0 0 2 0 0
1423 0 0 2 0 0
1424 0 0 2 0 0
1425 0 0 2 0 0
1426 0 0 2 0 0
1427 0 0 2 0 0
1428 0 0 2 0 0
1429 0 0 2 0 0
1430 0 0 2 0 2
1431 0 0 2 0 2
1432 0 0 2 0 2
1433 0 0 2 0 2
1434 0 0 2 0 2
1435 0 0 2 0 2
1436 0 0 2 0 2
1437 0 0 2 0 2
1438 0 0 2 0 2
1439 0 0 2 0 2
1440 0 0 2 0 2
1441 0 0 2 0 2
1442 0 0 2 0 2
1443 0 0 2 0 2
1444 0 0 2 0 2
1445 0 0 2 0 2
1446 0 0 2 0 2
1447 0 0 2 0 2
1448 0 0 2 0 2
1449 0 0 2 0 2
1450 0 0 2 0 2
1451 0 0 2 0 2
1452 0 0 2 0 2
1453 0 0 2 0 2
1454 0 0 2 0 2
1455 0 0 2 0 2
1456 0 0 2 0 2
1457 0 0 2 0 2
1458 0 0 2 0 2
1459 0 0 2 0 2
1460 0 0 2 0 2
1461 0 0 2 0 2
1462 0 0 2 0 2
1463 0 0 2 0 2
1464 0 0 2 0 2
1465 0 0 2 0 2
1466 0 0 2 0 2
1467 0 0 2 0 2
1468 0 0 2 0 2
1469 0 0 2 0 2
1470 6 0 2 0 2
1471 6 0 2 0 2
1472 6 0 2 0 2
1473 6 0 2 0 2
1474 6 0 2 0 2
1475 6 0 2 0 2
1476 6 0 2 0 2
1477 6 0 2 0 2
1478 6 0 2 0 2
1479 6 0 2 0 2
1480 0 0 2 0 2
1481 0 0 2 0 2
1482 0 0 2 0 2
1483 0 0 2 0 2
1484 0 0 2 0 2
1485 0 0 2 0 2
1486 0 0 2 0 2
1487 0 0 2 0 2
1488 0 0 2 0 2
1489 0 0 2 0 2
1490 0 0 2 0 2
1491 0 0 2 0 2
1492 0 0 2 0 2
1493 0 0 2 0 2
1494 0 0 2 0 2
1495 0 0 2 0 2
1496 0 0 2 0 2
1497 0 0 2 0 2
1498 0 0 2 0 2
1499 0 0 2 0 2
1500 0 0 2 0 2
1501 0 0 2 0 2
1502 0 0 2 0 2
1503 0 0 2 0 2
1504 0 0 2 0 2
1505 0 0 2 0 2
1506 0 0 2 0 2
1507 0 0 2 0 2
1508 0 0 2 0 2
1509 0 0 2 0 2
1510 0 0 2 0 2
1511 0 0 2 0 2
1512 0 0 2 0 2
1513 0 0 2 0 2
1514 0 0 2 0 2
1515 0 0 2 0 2
1516 0 0 2 0 2
1517 0 0 2 0 2
1518 0 0 2 0 2
1519 0 0 2 0 2
1520 0 0 2 0 2
1521 0 0 2 0 2
1522 0 0 2 0 2
1523 0 0 2 0 2
1524 0 0 2 0 2
1525 0 0 2 0 2
1526 0 0 2 0 2
1527 0 0 2 0 2
1528 0 0 2 0 2
1529 0 0 2 0 2
1530 2 0 2 0 2
1531 2 0 2 0 2
1532 2 0 2 0 2
1533 2 0 2 0 2
1534 2 0 2 0 2
1535 2 0 2 0 2
1536 2 0 2 0 2
1537 2 0 2 0 2
1538 2 0 2 0 2
1539 2 0 2 0 2
1540 2 0 2 0 2
1541 2 0 2 0 2
1542 2 0 2 0 2
1543 2 0 2 0 2
1544 2 0 2 0 2
1545 2 0 2 0 2
1546 2 0 2 0 2
1547 2 0 2 0 2
1548 2 0 2 0 2
1549 2 0 2 0 2
1550 2 0 0 0 2
1551 2 0 0 0 2
1552 2 0 0 0 2
1553 2 0 0 0 2
1554 2 0 0 0 2
1555 2 0 0 0 2
1556 2 0 0 0 2
1557 2 0 0 0 2
1558 2 0 0 0 2
1559 2 0 0 0 2
1560 2 0 0 0 2
1561 2 0 0 0 2
1562 2 0 0 0 2
1563 2 0 0 0 2
1564 2 0 0 0 2
1565 2 0 0 0 2
1566 2 0 0 0 2
1567 2 0 0 0 2
1568 2 0 0 0 2
1569 2 0 0 0 2
1570 2 0 0 0 0
1571 2 0 0 0 0
1572 2 0 0 0 0
1573 2 0 0 0 0
1574 2 0 0 0 0
1575 2 0 0 0 0
1576 2 0 0 0 0
1577 2 0 0 0 0
1578 2 0 0 0 0
1579 2 0 0 0 0
1580 2 0 0 0 0
1581 2 0 0 0 0
1582 2 0 0 0 0
1583 2 0 0 0 0
1584 2 0 0 0 0
1585 2 0 0 0 0
1586 2 0 0 0 0
1587 2 0 0 0 0
1588 2 0 0 0 0
1589 2 0 0 0 0
1590 2 0 0 0 0
1591 2 0 0 0 0
1592 2 0 0 0 0
1593 2 0 0 0 0
1594 2 0 0 0 0
1595 2 0 0 0 0
1596 2 0 0 0 0
1597 2 0 0 0 0
1598 2 0 0 0 0
1599 2 0 0 0 0
1600 2 0 0 0 0
1601 2 0 0 0 0
1602 2 0 0 0 0
1603 2 0 0 0 0
1604 2 0 0 0 0
1605 2 0 0 0 0
1606 2 0 0 0 0
1607 2 0 0 0 0
1608 2 0 0 0 0
1609 2 0 0 0 0
1610 2 0 0 0 0
1611 2 0 0 0 0
1612 2 0 0 0 0
1613 2 0 0 0 0
1614 2 0 0 0 0
1615 2 0 0 0 0
1616 2 0 0 0 0
1617 2 0 0 0 0
1618 2 0 0 0 0
1619 2 0 0 0 0
1620 2 0 2 0 0
1621 2 0 2 0 0
1622 2 0 2 0 0
1623 2 0 2 0 0
1624 2 0 2 0 0
1625 2 0 2 0 0
1626 2 0 2 0 0
1627 2 0 2 0 0
1628 2 0 2 0 0
1629 2 0 2 0 0
1630 0 0 2 0 0
1631 0 0 2 0 0
1632 0 0 2 0 0
1633 0 0 2 0 0
1634 0 0 2 0 0
1635 0 0 2 0 0
1636 0 0 2 0 0
1637 0 0 2 0 0
1638 0 0 2 0 0
1639 0 0 2 0 0
1640 0 0 2 0 0
1641 0 0 2 0 0
1642 0 0 2 0 0
1643 0 0 2 0 0
1644 0 0 2 0 0
1645 0 0 2 0 0
1646 0 0 2 0 0
1647 0 0 2 0 0
1648 0 0 2 0 0
1649 0 0 2 0 0
1650 0 0 2 0 0
1651 0 0 2 0 0
1652 0 0 2 0 0
1653 0 0 2 0 0
1654 0 0 2 0 0
1655 0 0 2 0 0
1656 0 0 2 0 0
1657 0 0 2 0 0
1658 0 0 2 0 0
1659 0 0 2 0 0
1660 0 0 2 0 0
1661 0 0 2 0 0
1662 0 0 2 0 0
1663 0 0 2 0 0
1664 0 0 2 0 0
1665 0 0 2 0 0
1666 0 0 2 0 0
1667 0 0 2 0 0
1668 0 0 2 0 0
1669 0 0 2 0 0
1670 0 0 2 0 0
1671 0 0 2 0 0
1672 0 0 2 0 0
1673 0 0 2 0 0
1674 0 0 2 0 0
1675 0 0 2 0 0
1676 0 0 2 0 0
1677 0 0 2 0 0
1678 0 0 2 0 0
1679 0 0 2 0 0
1680 0 0 2 0 0
1681 0 0 2 0 0
1682 0 0 2 0 0
1683 0 0 2 0 0
1684 0 0 2 0 0
1685 0 0 2 0 0
1686 0 0 2 0 0
1687 0 0 2 0 0
1688 0 0 2 0 0
1689 0 0 2 0 0
1690 0 0 2 0 0
1691 0 0 2 0 0
1692 0 0 2 0 0
1693 0 0 2 0 0
1694 0 0 2 0 0
1695 0 0 2 0 0
1696 0 0 2 0 0
1697 0 0 2 0 0
1698 0 0 2 0 0
1699 0 0 2 0 0
1700 0 0 2 0 1
1701 0 0 2 0 1
1702 0 0 2 0 1
1703 0 0 2 0 1
1704 0 0 2 0 1
1705 0 0 2 0 1
1706 0 0 2 0 1
1707 0 0 2 0 1
1708 0 0 2 0 1
1709 0 0 2 0 1
1710 0 0 2 0 1
1711 0 0 2 0 1
1712 0 0 2 0 1
1713 0 0 2 0 1
1714 0 0 2 0 1
1715 0 0 2 0 1
1716 0 0 2 0 1
1717 0 0 2 0 1
1718 0 0 2 0 1
1719 0 0 2 0 1
1720 0 0 2 0 2
1721 0 0 2 0 2
1722 0 0 2 0 2
1723 0 0 2 0 2
1724 0 0 2 0 2
1725 0 0 2 0 2
1726 0 0 2 0 2
1727 0 0 2 0 2
1728 0 0 2 0 2
1729 0 0 2 0 2
1730 0 0 2 0 2
1731 0 0 2 0 2
1732 0 0 2 0 2
1733 0 0 2 0 2
1734 0 0 2 0 2
1735 0 0 2 0 2
1736 0 0 2 0 2
1737 0 0 2 0 2
1738 0 0 2 0 2
1739 0 0 2 0 2
1740 0 0 2 0 2
1741 0 0 2 0 2
1742 0 0 2 0 2
1743 0 0 2 0 2
1744 0 0 2 0 2
1745 0 0 2 0 2
1746 0 0 2 0 2
1747 0 0 2 0 2
1748 0 0 2 0 2
1749 0 0 2 0 2
1750 0 0 2 0 2
1751 0 0 2 0 2
1752 0 0 2 0 2
1753 0 0 2 0 2
1754 0 0 2 0 2
1755 0 0 2 0 2
1756 0 0 2 0 2
1757 0 0 2 0 2
1758 0 0 2 0 2
1759 0 0 2 0 2
1760 0 0 2 0 2
1761 0 0 2 0 2
1762 0 0 2 0 2
1763 0 0 2 0 2
1764 0 0 2 0 2
1765 0 0 2 0 2
1766 0 0 2 0 2
1767 0 0 2 0 2
1768 0 0 2 0 2
1769 0 0 2 0 2
1770 2 0 2 0 2
1771 2 0 2 0 2
1772 2 0 2 0 2
1773 2 0 2 0 2
1774 2 0 2 0 2
1775 2 0 2 0 2
1776 2 0 2 0 2
1777 2 0 2 0 2
1778 2 0 2 0 2
1779 2 0 2 0 2
1780 2 0 2 0 2
1781 2 0 2 0 2
1782 2 0 2 0 2
1783 2 0 2 0 2
1784 2 0 2 0 2
1785 2 0 2 0 2
1786 2 0 2 0 2
1787 2 0 2 0 2
1788 2 0 2 0 2
1789 2 0 2 0 2
1790 2 0 2 0 2
1791 2 0 2 0 2
1792 2 0 2 0 2
1793 2 0 2 0 2
1794 2 0 2 0 2
1795 2 0 2 0 2
1796 2 0 2 0 2
1797 2 0 2 0 2
1798 2 0 2 0 2
1799 2 0 2 0 2
1800 2 0 0 0 2
1801 2 0 0 0 2
1802 2 0 0 0 2
1803 2 0 0 0 2
1804 2 0 0 0 2
1805 2 0 0 0 2
1806 2 0 0 0 2
1807 2 0 0 0 2
1808 2 0 0 0 2
1809 2 0 0 0 2
1810 2 0 0 0 2
1811 2 0 0 0 2
1812 2 0 0 0 2
1813 2 0 0 0 2
1814 2 0 0 0 2
1815 2 0 0 0 2
1816 2 0 0 0 2
1817 2 0 0 0 2
1818 2 0 0 0 2
1819 2 0 0 0 2
1820 2 0 0 0 0
1821 2 0 0 0 0
1822 2 0 0 0 0
1823 2 0 0 0 0
1824 2 0 0 0 0
1825 2 0 0 0 0
1826 2 0 0 0 0
1827 2 0 0 0 0
1828 2 0 0 0 0
1829 2 0 0 0 0
1830 2 0 0 0 0
1831 2 0 0 0 0
1832 2 0 0 0 0
1833 2 0 0 0 0
1834 2 0 0 0 0
1835 2 0 0 0 0
1836 2 0 0 0 0
1837 2 0 0 0 0
1838 2 0 0 0 0
1839 2 0 0 0 0
1840 2 0 0 0 0
1841 2 0 0 0 0
1842 2 0 0 0 0
1843 2 0 0 0 0
1844 2 0 0 0 0
1845 2 0 0 0 0
1846 2 0 0 0 0
1847 2 0 0 0 0
1848 2 0 0 0 0
1849 2 0 0 0 0
1850 2 0 0 0 0
1851 2 0 0 0 0
1852 2 0 0 0 0
1853 2 0 0 0 0
1854 2 0 0 0 0
1855 2 0 0 0 0
1856 2 0 0 0 0
1857 2 0 0 0 0
1858 2 0 0 0 0
1859 2 0 0 0 0
1860 2 0 0 0 0
1861 2 0 0 0 0
1862 2 0 0 0 0
1863 2 0 0 0 0
1864 2 0 0 0 0
1865 2 0 0 0 0
1866 2 0 0 0 0
1867 2 0 0 0 0
1868 2 0 0 0 0
1869 2 0 0 0 0
1870 2 0 0 0 0
1871 2 0 0 0 0
1872 2 0 0 0 0
1873 2 0 0 0 0
1874 2 0 0 0 0
1875 2 0 0 0 0
1876 2 0 0 0 0
1877 2 0 0 0 0
1878 2 0 0 0 0
1879 2 0 0 0 0
1880 2 0 0 0 0
1881 2 0 0 0 0
1882 2 0 0 0 0
1883 2 0 0 0 0
1884 2 0 0 0 0
1885 2 0 0 0 0
1886 2 0 0 0 0
1887 2 0 0 0 0
1888 2 0 0 0 0
1889 2 0 0 0 0
1890 2 0 0 0 0
1891 2 0 0 0 0
1892 2 0 0 0 0
1893 2 0 0 0 0
1894 2 0 0 0 0
1895 2 0 0 0 0
1896 2 0 0 0 0
1897 2 0 0 0 0
1898 2 0 0 0 0
1899 2 0 0 0 0
1900 2 0 0 0 0
1901 2 0 0 0 0
1902 2 0 0 0 0
1903 2 0 0 0 0
1904 2 0 0 0 0
1905 2 0 0 0 0
1906 2 0 0 0 0
1907 2 0 0 0 0
1908 2 0 0 0 0
1909 2 0 0 0 0
1910 2 0 0 0 0
1911 2 0 0 0 0
1912 2 0 0 0 0
1913 2 0 0 0 0
1914 2 0 0 0 0
1915 2 0 0 0 0
1916 2 0 0 0 0
1917 2 0 0 0 0
1918 2 0 0 0 0
1919 2 0 0 0 0
1920 2 0 0 0 0
1921 2 0 0 0 0
1922 2 0 0 0 0
1923 2 0 0 0 0
1924 2 0 0 0 0
1925 2 0 0 0 0
1926 2 0 0 0 0
1927 2 0 0 0 0
1928 2 0 0 0 0
1929 2 0 0 0 0
1930 2 0 0 0 0
1931 2 0 0 0 0
1932 2 0 0 0 0
1933 2 0 0 0 0
1934 2 0 0 0 0
1935 2 0 0 0 0
1936 2 0 0 0 0
1937 2 0 0 0 0
1938 2 0 0 0 0
1939 2 0 0 0 0
1940 0 0 0 0 0
1941 0 0 0 0 0
1942 0 0 0 0 0
1943 0 0 0 0 0
1944 0 0 0 0 0
1945 0 0 0 0 0
1946 0 0 0 0 0
1947 0 0 0 0 0
1948 0 0 0 0 0
1949 0 0 0 0 0
1950 0 0 0 0 0
1951 0 0 0 0 0
1952 0 0 0 0 0
1953 0 0 0 0 0
1954 0 0 0 0 0
1955 0 0 0 0 0
1956 0 0 0 0 0
1957 0 0 0 0 0
1958 0 0 0 0 0
1959 0 0 0 0 0
1960 0 0 0 0 0
1961 0 0 0 0 0
1962 0 0 0 0 0
1963 0 0 0 0 0
1964 0 0 0 0 0
1965 0 0 0 0 0
1966 0 0 0 0 0
1967 0 0 0 0 0
1968 0 0 0 0 0
1969 0 0 0 0 0
1970 0 0 0 0 0
1971 0 0 0 0 0
1972 0 0 0 0 0
1973 0 0 0 0 0
1974 0 0 0 0 0
1975 0 0 0 0 0
1976 0 0 0 0 0
1977 0 0 0 0 0
1978 0 0 0 0 0
1979 0 0 0 0 0
1980 0 0 0 0 0
1981 0 0 0 0 0
1982 0 0 0 0 0
1983 0 0 0 0 0
1984 0 0 0 0 0
1985 0 0 0 0 0
1986 0 0 0 0 0
1987 0 0 0 0 0
1988 0 0 0 0 0
1989 0 0 0 0 0
1990 0 0 0 0 0
1991 0 0 0 0 0
1992 0 0 0 0 0
1993 0 0 0 0 0
1994 0 0 0 0 0
1995 0 0 0 0 0
1996 0 0 0 0 0
1997 0 0 0 0 0
1998 0 0 0 0 0
1999 0 0 0 0 0
2000 0 0 0 0 0
2001 0 0 0 0 0
2002 0 0 0 0 0
2003 0 0 0 0 0
2004 0 0 0 0 0
2005 0 0 0 0 0
2006 0 0 0 0 0
2007 0 0 0 0 0
2008 0 0 0 0 0
2009 0 0 0 0 0
2010 0 0 0 0 0
2011 0 0 0 0 0
2012 0 0 0 0 0
2013 0 0 0 0 0
2014 0 0 0 0 0
2015 0 0 0 0 0
2016 0 0 0 0 0
2017 0 0 0 0 0
2018 0 0 0 0 0
2019 0 0 0 0 0
2020 0 0 0 0 0
2021 0 0 0 0 0
2022 0 0 0 0 0
2023 0 0 0 0 0
2024 0 0 0 0 0
2025 0 0 0 0 0
2026 0 0 0 0 0
2027 0 0 0 0 0
2028 0 0 0 0 0
2029 0 0 0 0 0
2030 0 0 0 0 0
2031 0 0 0 0 0
2032 0 0 0 0 0
2033 0 0 0 0 0
2034 0 0 0 0 0
2035 0 0 0 0 0
2036 0 0 0 0 0
2037 0 0 0 0 0
2038 0 0 0 0 0
2039 0 0 0 0 0
2040 0 0 0 0 0
2041 0 0 0 0 0
2042 0 0 0 0 0
2043 0 0 0 0 0
2044 0 0 0 0 0
2045 0 0 0 0 0
2046 0 0 0 0 0
2047 0 0 0 0 0
2048 0 0 0 0 0
2049 0 0 0 0 0
2050 0 0 0 0 0
2051 0 0 0 0 0
2052 0 0 0 0 0
2053 0 0 0 0 0
2054 0 0 0 0 0
2055 0 0 0 0 0
2056 0 0 0 0 0
2057 0 0 0 0 0
2058 0 0 0 0 0
2059 0 0 0 0 0
2060 0 0 0 0 0
2061 0 0 0 0 0
2062 0 0 0 0 0
2063 0 0 0 0 0
2064 0 0 0 0 0
2065 0 0 0 0 0
2066 0 0 0 0 0
2067 0 0 0 0 0
2068 0 0 0 0 0
2069 0 0 0 0 0
2070 0 0 0 0 0
2071 0 0 0 0 0
2072 0 0 0 0 0
2073 0 0 0 0 0
2074 0 0 0 0 0
2075 0 0 0 0 0
2076 0 0 0 0 0
2077 0 0 0 0 0
2078 0 0 0 0 0
2079 0 0 0 0 0
2080 0 0 0 0 0
2081 0 0 0 0 0
2082 0 0 0 0 0
2083 0 0 0 0 0
2084 0 0 0 0 0
2085 0 0 0 0 0
2086 0 0 0 0 0
2087 0 0 0 0 0
2088 0 0 0 0 0
2089 0 0 0 0 0
2090 0 0 0 0 0
2091 0 0 0 0 0
2092 0 0 0 0 0
2093 0 0 0 0 0
2094 0 0 0 0 0
2095 0 0 0 0 0
2096 0 0 0 0 0
2097 0 0 0 0 0
2098 0 0 0 0 0
2099 0 0 0 0 0
2100 0 0 0 0 0
2101 0 0 0 0 0
2102 0 0 0 0 0
2103 0 0 0 0 0
2104 0 0 0 0 0
2105 0 0 0 0 0
2106 0 0 0 0 0
2107 0 0 0 0 0
2108 0 0 0 0 0
2109 0 0 0 0 0
2110 0 0 0 0 0
2111 0 0 0 0 0
2112 0 0 0 0 0
2113 0 0 0 0 0
2114 0 0 0 0 0
2115 0 0 0 0 0
2116 0 0 0 0 0
2117 0 0 0 0 0
2118 0 0 0 0 0
2119 0 0 0 0 0
2120 0 0 0 0 0
2121 0 0 0 0 0
2122 0 0 0 0 0
2123 0 0 0 0 0
2124 0 0 0 0 0
2125 0 0 0 0 0
2126 0 0 0 0 0
2127 0 0 0 0 0
2128 0 0 0 0 0
2129 0 0 0 0 0
2130 0 0 0 0 0
