0 0 0 0 2 2
1 0 0 0 2 2
2 0 0 0 2 2
3 0 0 0 2 2
4 0 0 0 2 2
5 0 0 0 2 2
6 0 0 0 2 2
7 0 0 0 2 2
8 0 0 0 2 2
9 0 0 0 2 2
10 0 0 0 2 2
11 0 0 0 2 2
12 0 0 0 2 2
13 0 0 0 2 2
14 0 0 0 2 2
15 0 0 0 2 2
16 0 0 0 2 2
17 0 0 0 2 2
18 0 0 0 2 2
19 0 0 0 2 2
20 0 0 0 2 2
21 0 0 0 2 2
22 0 0 0 2 2
23 0 0 0 2 2
24 0 0 0 2 2
25 0 0 0 2 2
26 0 0 0 2 2
27 0 0 0 2 2
28 0 0 0 2 2
29 0 0 0 2 2
30 0 0 0 2 2
31 0 0 0 2 2
32 0 0 0 2 2
33 0 0 0 2 2
34 0 0 0 2 2
35 0 0 0 2 2
36 0 0 0 2 2
37 0 0 0 2 2
38 0 0 0 2 2
39 0 0 0 2 2
40 0 0 0 2 2
41 0 0 0 2 2
42 0 0 0 2 2
43 0 0 0 2 2
44 0 0 0 2 2
45 0 0 0 2 2
46 0 0 0 2 2
47 0 0 0 2 2
48 0 0 0 2 2
49 0 0 0 2 2
50 0 0 0 2 2
51 0 0 0 2 2
52 0 0 0 2 2
53 0 0 0 2 2
54 0 0 0 2 2
55 0 0 0 2 2
56 0 0 0 2 2
57 0 0 0 2 2
58 0 0 0 2 2
59 0 0 0 2 2
60 0 0 0 2 2
61 0 0 0 2 2
62 0 0 0 2 2
63 0 0 0 2 2
64 0 0 0 2 2
65 0 0 0 2 2
66 0 0 0 2 2
67 0 0 0 2 2
68 0 0 0 2 2
69 0 0 0 2 2
70 0 0 0 2 2
71 0 0 0 2 2
72 0 0 0 2 2
73 0 0 0 2 2
74 0 0 0 2 2
75 0 0 0 2 2
76 0 0 0 2 2
77 0 0 0 2 2
78 0 0 0 2 2
79 0 0 0 2 2
80 0 0 0 2 2
81 0 0 0 2 2
82 0 0 0 2 2
83 0 0 0 2 2
84 0 0 0 2 2
85 0 0 0 2 2
86 0 0 0 2 2
87 0 0 0 2 2
88 0 0 0 2 2
89 0 0 0 2 2
90 0 0 0 2 2
91 0 0 0 2 2
92 0 0 0 2 2
93 0 0 0 2 2
94 0 0 0 2 2
95 0 0 0 2 2
96 0 0 0 2 2
97 0 0 0 2 2
98 0 0 0 2 2
99 0 0 0 2 2
100 0 0 0 0 2
101 0 0 0 0 2
102 0 0 0 0 2
103 0 0 0 0 2
104 0 0 0 0 2
105 0 0 0 0 2
106 0 0 0 0 2
107 0 0 0 0 2
108 0 0 0 0 2
109 0 0 0 0 2
110 0 0 0 0 2
111 0 0 0 0 2
112 0 0 0 0 2
113 0 0 0 0 2
114 0 0 0 0 2
115 0 0 0 0 2
116 0 0 0 0 2
117 0 0 0 0 2
118 0 0 0 0 2
119 0 0 0 0 2
120 0 0 0 0 2
121 0 0 0 0 2
122 0 0 0 0 2
123 0 0 0 0 2
124 0 0 0 0 2
125 0 0 0 0 2
126 0 0 0 0 2
127 0 0 0 0 2
128 0 0 0 0 2
129 0 0 0 0 2
130 0 0 0 0 2
131 0 0 0 0 2
132 0 0 0 0 2
133 0 0 0 0 2
134 0 0 0 0 2
135 0 0 0 0 2
136 0 0 0 0 2
137 0 0 0 0 2
138 0 0 0 0 2
139 0 0 0 0 2
140 0 0 0 0 2
141 0 0 0 0 2
142 0 0 0 0 2
143 0 0 0 0 2
144 0 0 0 0 2
145 0 0 0 0 2
146 0 0 0 0 2
147 0 0 0 0 2
148 0 0 0 0 2
149 0 0 0 0 2
150 0 0 0 2 2
151 0 0 0 2 2
152 0 0 0 2 2
153 0 0 0 2 2
154 0 0 0 2 2
155 0 0 0 2 2
156 0 0 0 2 2
157 0 0 0 2 2
158 0 0 0 2 2
159 0 0 0 2 2
160 0 0 0 2 2
161 0 0 0 2 2
162 0 0 0 2 2
163 0 0 0 2 2
164 0 0 0 2 2
165 0 0 0 2 2
166 0 0 0 2 2
167 0 0 0 2 2
168 0 0 0 2 2
169 0 0 0 2 2
170 0 0 0 2 2
171 0 0 0 2 2
172 0 0 0 2 2
173 0 0 0 2 2
174 0 0 0 2 2
175 0 0 0 2 2
176 0 0 0 2 2
177 0 0 0 2 2
178 0 0 0 2 2
179 0 0 0 2 2
180 0 0 0 2 2
181 0 0 0 2 2
182 0 0 0 2 2
183 0 0 0 2 2
184 0 0 0 2 2
185 0 0 0 2 2
186 0 0 0 2 2
187 0 0 0 2 2
188 0 0 0 2 2
189 0 0 0 2 2
190 0 0 0 0 2
191 0 0 0 0 2
192 0 0 0 0 2
193 0 0 0 0 2
194 0 0 0 0 2
195 0 0 0 0 2
196 0 0 0 0 2
197 0 0 0 0 2
198 0 0 0 0 2
199 0 0 0 0 2
200 0 0 0 0 2
201 0 0 0 0 2
202 0 0 0 0 2
203 0 0 0 0 2
204 0 0 0 0 2
205 0 0 0 0 2
206 0 0 0 0 2
207 0 0 0 0 2
208 0 0 0 0 2
209 0 0 0 0 2
210 0 0 0 0 2
211 0 0 0 0 2
212 0 0 0 0 2
213 0 0 0 0 2
214 0 0 0 0 2
215 0 0 0 0 2
216 0 0 0 0 2
217 0 0 0 0 2
218 0 0 0 0 2
219 0 0 0 0 2
220 0 0 0 2 2
221 0 0 0 2 2
222 0 0 0 2 2
223 0 0 0 2 2
224 0 0 0 2 2
225 0 0 0 2 2
226 0 0 0 2 2
227 0 0 0 2 2
228 0 0 0 2 2
229 0 0 0 2 2
230 0 0 2 0 2
231 0 0 2 0 2
232 0 0 2 0 2
233 0 0 2 0 2
234 0 0 2 0 2
235 0 0 2 0 2
236 0 0 2 0 2
237 0 0 2 0 2
238 0 0 2 0 2
239 0 0 2 0 2
240 0 0 2 0 2
241 0 0 2 0 2
242 0 0 2 0 2
243 0 0 2 0 2
244 0 0 2 0 2
245 0 0 2 0 2
246 0 0 2 0 2
247 0 0 2 0 2
248 0 0 2 0 2
249 0 0 2 0 2
250 0 0 2 0 2
251 0 0 2 0 2
252 0 0 2 0 2
253 0 0 2 0 2
254 0 0 2 0 2
255 0 0 2 0 2
256 0 0 2 0 2
257 0 0 2 0 2
258 0 0 2 0 2
259 0 0 2 0 2
260 0 0 2 0 2
261 0 0 2 0 2
262 0 0 2 0 2
263 0 0 2 0 2
264 0 0 2 0 2
265 0 0 2 0 2
266 0 0 2 0 2
267 0 0 2 0 2
268 0 0 2 0 2
269 0 0 2 0 2
270 0 0 2 0 2
271 0 0 2 0 2
272 0 0 2 0 2
273 0 0 2 0 2
274 0 0 2 0 2
275 0 0 2 0 2
276 0 0 2 0 2
277 0 0 2 0 2
278 0 0 2 0 2
279 0 0 2 0 2
280 0 0 2 0 2
281 0 0 2 0 2
282 0 0 2 0 2
283 0 0 2 0 2
284 0 0 2 0 2
285 0 0 2 0 2
286 0 0 2 0 2
287 0 0 2 0 2
288 0 0 2 0 2
289 0 0 2 0 2
290 0 0 2 0 0
291 0 0 2 0 0
292 0 0 2 0 0
293 0 0 2 0 0
294 0 0 2 0 0
295 0 0 2 0 0
296 0 0 2 0 0
297 0 0 2 0 0
298 0 0 2 0 0
299 0 0 2 0 0
300 0 0 2 0 0
301 0 0 2 0 0
302 0 0 2 0 0
303 0 0 2 0 0
304 0 0 2 0 0
305 0 0 2 0 0
306 0 0 2 0 0
307 0 0 2 0 0
308 0 0 2 0 0
309 0 0 2 0 0
310 0 0 2 0 0
311 0 0 2 0 0
312 0 0 2 0 0
313 0 0 2 0 0
314 0 0 2 0 0
315 0 0 2 0 0
316 0 0 2 0 0
317 0 0 2 0 0
318 0 0 2 0 0
319 0 0 2 0 0
320 0 0 2 0 0
321 0 0 2 0 0
322 0 0 2 0 0
323 0 0 2 0 0
324 0 0 2 0 0
325 0 0 2 0 0
326 0 0 2 0 0
327 0 0 2 0 0
328 0 0 2 0 0
329 0 0 2 0 0
330 0 0 2 0 0
331 0 0 2 0 0
332 0 0 2 0 0
333 0 0 2 0 0
334 0 0 2 0 0
335 0 0 2 0 0
336 0 0 2 0 0
337 0 0 2 0 0
338 0 0 2 0 0
339 0 0 2 0 0
340 0 0 2 0 0
341 0 0 2 0 0
342 0 0 2 0 0
343 0 0 2 0 0
344 0 0 2 0 0
345 0 0 2 0 0
346 0 0 2 0 0
347 0 0 2 0 0
348 0 0 2 0 0
349 0 0 2 0 0
350 0 0 2 0 0
351 0 0 2 0 0
352 0 0 2 0 0
353 0 0 2 0 0
354 0 0 2 0 0
355 0 0 2 0 0
356 0 0 2 0 0
357 0 0 2 0 0
358 0 0 2 0 0
359 0 0 2 0 0
360 0 0 2 0 0
361 0 0 2 0 0
362 0 0 2 0 0
363 0 0 2 0 0
364 0 0 2 0 0
365 0 0 2 0 0
366 0 0 2 0 0
367 0 0 2 0 0
368 0 0 2 0 0
369 0 0 2 0 0
370 0 0 2 0 0
371 0 0 2 0 0
372 0 0 2 0 0
373 0 0 2 0 0
374 0 0 2 0 0
375 0 0 2 0 0
376 0 0 2 0 0
377 0 0 2 0 0
378 0 0 2 0 0
379 0 0 2 0 0
380 0 0 2 0 0
381 0 0 2 0 0
382 0 0 2 0 0
383 0 0 2 0 0
384 0 0 2 0 0
385 0 0 2 0 0
386 0 0 2 0 0
387 0 0 2 0 0
388 0 0 2 0 0
389 0 0 2 0 0
390 0 0 2 0 0
391 0 0 2 0 0
392 0 0 2 0 0
393 0 0 2 0 0
394 0 0 2 0 0
395 0 0 2 0 0
396 0 0 2 0 0
397 0 0 2 0 0
398 0 0 2 0 0
399 0 0 2 0 0
400 0 0 2 0 0
401 0 0 2 0 0
402 0 0 2 0 0
403 0 0 2 0 0
404 0 0 2 0 0
405 0 0 2 0 0
406 0 0 2 0 0
407 0 0 2 0 0
408 0 0 2 0 0
409 0 0 2 0 0
410 0 0 2 0 0
411 0 0 2 0 0
412 0 0 2 0 0
413 0 0 2 0 0
414 0 0 2 0 0
415 0 0 2 0 0
416 0 0 2 0 0
417 0 0 2 0 0
418 0 0 2 0 0
419 0 0 2 0 0
420 0 0 2 0 0
421 0 0 2 0 0
422 0 0 2 0 0
423 0 0 2 0 0
424 0 0 2 0 0
425 0 0 2 0 0
426 0 0 2 0 0
427 0 0 2 0 0
428 0 0 2 0 0
429 0 0 2 0 0
430 0 0 2 0 0
431 0 0 2 0 0
432 0 0 2 0 0
433 0 0 2 0 0
434 0 0 2 0 0
435 0 0 2 0 0
436 0 0 2 0 0
437 0 0 2 0 0
438 0 0 2 0 0
439 0 0 2 0 0
440 0 0 2 0 0
441 0 0 2 0 0
442 0 0 2 0 0
443 0 0 2 0 0
444 0 0 2 0 0
445 0 0 2 0 0
446 0 0 2 0 0
447 0 0 2 0 0
448 0 0 2 0 0
449 0 0 2 0 0
450 0 2 2 0 0
451 0 2 2 0 0
452 0 2 2 0 0
453 0 2 2 0 0
454 0 2 2 0 0
455 0 2 2 0 0
456 0 2 2 0 0
457 0 2 2 0 0
458 0 2 2 0 0
459 0 2 2 0 0
460 2 0 2 0 0
461 2 0 2 0 0
462 2 0 2 0 0
463 2 0 2 0 0
464 2 0 2 0 0
465 2 0 2 0 0
466 2 0 2 0 0
467 2 0 2 0 0
468 2 0 2 0 0
469 2 0 2 0 0
470 2 0 2 0 0
471 2 0 2 0 0
472 2 0 2 0 0
473 2 0 2 0 0
474 2 0 2 0 0
475 2 0 2 0 0
476 2 0 2 0 0
477 2 0 2 0 0
478 2 0 2 0 0
479 2 0 2 0 0
480 2 0 0 2 0
481 2 0 0 2 0
482 2 0 0 2 0
483 2 0 0 2 0
484 2 0 0 2 0
485 2 0 0 2 0
486 2 0 0 2 0
487 2 0 0 2 0
488 2 0 0 2 0
489 2 0 0 2 0
490 2 0 0 0 0
491 2 0 0 0 0
492 2 0 0 0 0
493 2 0 0 0 0
494 2 0 0 0 0
495 2 0 0 0 0
496 2 0 0 0 0
497 2 0 0 0 0
498 2 0 0 0 0
499 2 0 0 0 0
500 2 0 0 0 0
501 2 0 0 0 0
502 2 0 0 0 0
503 2 0 0 0 0
504 2 0 0 0 0
505 2 0 0 0 0
506 2 0 0 0 0
507 2 0 0 0 0
508 2 0 0 0 0
509 2 0 0 0 0
510 2 0 0 0 0
511 2 0 0 0 0
512 2 0 0 0 0
513 2 0 0 0 0
514 2 0 0 0 0
515 2 0 0 0 0
516 2 0 0 0 0
517 2 0 0 0 0
518 2 0 0 0 0
519 2 0 0 0 0
520 2 0 0 0 0
521 2 0 0 0 0
522 2 0 0 0 0
523 2 0 0 0 0
524 2 0 0 0 0
525 2 0 0 0 0
526 2 0 0 0 0
527 2 0 0 0 0
528 2 0 0 0 0
529 2 0 0 0 0
530 2 0 0 0 0
531 2 0 0 0 0
532 2 0 0 0 0
533 2 0 0 0 0
534 2 0 0 0 0
535 2 0 0 0 0
536 2 0 0 0 0
537 2 0 0 0 0
538 2 0 0 0 0
539 2 0 0 0 0
540 2 0 0 0 0
541 2 0 0 0 0
542 2 0 0 0 0
543 2 0 0 0 0
544 2 0 0 0 0
545 2 0 0 0 0
546 2 0 0 0 0
547 2 0 0 0 0
548 2 0 0 0 0
549 2 0 0 0 0
550 2 0 0 2 0
551 2 0 0 2 0
552 2 0 0 2 0
553 2 0 0 2 0
554 2 0 0 2 0
555 2 0 0 2 0
556 2 0 0 2 0
557 2 0 0 2 0
558 2 0 0 2 0
559 2 0 0 2 0
560 2 0 0 2 0
561 2 0 0 2 0
562 2 0 0 2 0
563 2 0 0 2 0
564 2 0 0 2 0
565 2 0 0 2 0
566 2 0 0 2 0
567 2 0 0 2 0
568 2 0 0 2 0
569 2 0 0 2 0
570 2 0 0 2 0
571 2 0 0 2 0
572 2 0 0 2 0
573 2 0 0 2 0
574 2 0 0 2 0
575 2 0 0 2 0
576 2 0 0 2 0
577 2 0 0 2 0
578 2 0 0 2 0
579 2 0 0 2 0
580 2 0 0 2 0
581 2 0 0 2 0
582 2 0 0 2 0
583 2 0 0 2 0
584 2 0 0 2 0
585 2 0 0 2 0
586 2 0 0 2 0
587 2 0 0 2 0
588 2 0 0 2 0
589 2 0 0 2 0
590 2 0 2 0 0
591 2 0 2 0 0
592 2 0 2 0 0
593 2 0 2 0 0
594 2 0 2 0 0
595 2 0 2 0 0
596 2 0 2 0 0
597 2 0 2 0 0
598 2 0 2 0 0
599 2 0 2 0 0
600 0 2 2 0 0
601 0 2 2 0 0
602 0 2 2 0 0
603 0 2 2 0 0
604 0 2 2 0 0
605 0 2 2 0 0
606 0 2 2 0 0
607 0 2 2 0 0
608 0 2 2 0 0
609 0 2 2 0 0
610 0 0 2 0 0
611 0 0 2 0 0
612 0 0 2 0 0
613 0 0 2 0 0
614 0 0 2 0 0
615 0 0 2 0 0
616 0 0 2 0 0
617 0 0 2 0 0
618 0 0 2 0 0
619 0 0 2 0 0
620 0 0 2 0 0
621 0 0 2 0 0
622 0 0 2 0 0
623 0 0 2 0 0
624 0 0 2 0 0
625 0 0 2 0 0
626 0 0 2 0 0
627 0 0 2 0 0
628 0 0 2 0 0
629 0 0 2 0 0
630 0 0 2 0 0
631 0 0 2 0 0
632 0 0 2 0 0
633 0 0 2 0 0
634 0 0 2 0 0
635 0 0 2 0 0
636 0 0 2 0 0
637 0 0 2 0 0
638 0 0 2 0 0
639 0 0 2 0 0
640 0 0 2 0 0
641 0 0 2 0 0
642 0 0 2 0 0
643 0 0 2 0 0
644 0 0 2 0 0
645 0 0 2 0 0
646 0 0 2 0 0
647 0 0 2 0 0
648 0 0 2 0 0
649 0 0 2 0 0
650 0 0 2 0 0
651 0 0 2 0 0
652 0 0 2 0 0
653 0 0 2 0 0
654 0 0 2 0 0
655 0 0 2 0 0
656 0 0 2 0 0
657 0 0 2 0 0
658 0 0 2 0 0
659 0 0 2 0 0
660 0 0 2 0 0
661 0 0 2 0 0
662 0 0 2 0 0
663 0 0 2 0 0
664 0 0 2 0 0
665 0 0 2 0 0
666 0 0 2 0 0
667 0 0 2 0 0
668 0 0 2 0 0
669 0 0 2 0 0
670 0 0 2 0 1
671 0 0 2 0 1
672 0 0 2 0 1
673 0 0 2 0 1
674 0 0 2 0 1
675 0 0 2 0 1
676 0 0 2 0 1
677 0 0 2 0 1
678 0 0 2 0 1
679 0 0 2 0 1
680 0 0 2 0 1
681 0 0 2 0 1
682 0 0 2 0 1
683 0 0 2 0 1
684 0 0 2 0 1
685 0 0 2 0 1
686 0 0 2 0 1
687 0 0 2 0 1
688 0 0 2 0 1
689 0 0 2 0 1
690 0 0 2 0 1
691 0 0 2 0 1
692 0 0 2 0 1
693 0 0 2 0 1
694 0 0 2 0 1
695 0 0 2 0 1
696 0 0 2 0 1
697 0 0 2 0 1
698 0 0 2 0 1
699 0 0 2 0 1
700 0 0 2 0 2
701 0 0 2 0 2
702 0 0 2 0 2
703 0 0 2 0 2
704 0 0 2 0 2
705 0 0 2 0 2
706 0 0 2 0 2
707 0 0 2 0 2
708 0 0 2 0 2
709 0 0 2 0 2
710 0 0 2 0 2
711 0 0 2 0 2
712 0 0 2 0 2
713 0 0 2 0 2
714 0 0 2 0 2
715 0 0 2 0 2
716 0 0 2 0 2
717 0 0 2 0 2
718 0 0 2 0 2
719 0 0 2 0 2
720 0 0 2 0 2
721 0 0 2 0 2
722 0 0 2 0 2
723 0 0 2 0 2
724 0 0 2 0 2
725 0 0 2 0 2
726 0 0 2 0 2
727 0 0 2 0 2
728 0 0 2 0 2
729 0 0 2 0 2
730 0 0 2 0 2
731 0 0 2 0 2
732 0 0 2 0 2
733 0 0 2 0 2
734 0 0 2 0 2
735 0 0 2 0 2
736 0 0 2 0 2
737 0 0 2 0 2
738 0 0 2 0 2
739 0 0 2 0 2
740 0 0 2 0 2
741 0 0 2 0 2
742 0 0 2 0 2
743 0 0 2 0 2
744 0 0 2 0 2
745 0 0 2 0 2
746 0 0 2 0 2
747 0 0 2 0 2
748 0 0 2 0 2
749 0 0 2 0 2
750 0 0 2 0 2
751 0 0 2 0 2
752 0 0 2 0 2
753 0 0 2 0 2
754 0 0 2 0 2
755 0 0 2 0 2
756 0 0 2 0 2
757 0 0 2 0 2
758 0 0 2 0 2
759 0 0 2 0 2
760 0 0 2 0 2
761 0 0 2 0 2
762 0 0 2 0 2
763 0 0 2 0 2
764 0 0 2 0 2
765 0 0 2 0 2
766 0 0 2 0 2
767 0 0 2 0 2
768 0 0 2 0 2
769 0 0 2 0 2
770 0 0 2 0 2
771 0 0 2 0 2
772 0 0 2 0 2
773 0 0 2 0 2
774 0 0 2 0 2
775 0 0 2 0 2
776 0 0 2 0 2
777 0 0 2 0 2
778 0 0 2 0 2
779 0 0 2 0 2
780 0 0 2 0 2
781 0 0 2 0 2
782 0 0 2 0 2
783 0 0 2 0 2
784 0 0 2 0 2
785 0 0 2 0 2
786 0 0 2 0 2
787 0 0 2 0 2
788 0 0 2 0 2
789 0 0 2 0 2
790 0 0 2 0 2
791 0 0 2 0 2
792 0 0 2 0 2
793 0 0 2 0 2
794 0 0 2 0 2
795 0 0 2 0 2
796 0 0 2 0 2
797 0 0 2 0 2
798 0 0 2 0 2
799 0 0 2 0 2
800 0 0 2 0 2
801 0 0 2 0 2
802 0 0 2 0 2
803 0 0 2 0 2
804 0 0 2 0 2
805 0 0 2 0 2
806 0 0 2 0 2
807 0 0 2 0 2
808 0 0 2 0 2
809 0 0 2 0 2
810 0 0 2 0 2
811 0 0 2 0 2
812 0 0 2 0 2
813 0 0 2 0 2
814 0 0 2 0 2
815 0 0 2 0 2
816 0 0 2 0 2
817 0 0 2 0 2
818 0 0 2 0 2
819 0 0 2 0 2
820 0 0 2 0 2
821 0 0 2 0 2
822 0 0 2 0 2
823 0 0 2 0 2
824 0 0 2 0 2
825 0 0 2 0 2
826 0 0 2 0 2
827 0 0 2 0 2
828 0 0 2 0 2
829 0 0 2 0 2
830 0 0 2 0 2
831 0 0 2 0 2
832 0 0 2 0 2
833 0 0 2 0 2
834 0 0 2 0 2
835 0 0 2 0 2
836 0 0 2 0 2
837 0 0 2 0 2
838 0 0 2 0 2
839 0 0 2 0 2
840 0 0 2 0 2
841 0 0 2 0 2
842 0 0 2 0 2
843 0 0 2 0 2
844 0 0 2 0 2
845 0 0 2 0 2
846 0 0 2 0 2
847 0 0 2 0 2
848 0 0 2 0 2
849 0 0 2 0 2
850 0 0 2 0 2
851 0 0 2 0 2
852 0 0 2 0 2
853 0 0 2 0 2
854 0 0 2 0 2
855 0 0 2 0 2
856 0 0 2 0 2
857 0 0 2 0 2
858 0 0 2 0 2
859 0 0 2 0 2
860 0 0 2 0 2
861 0 0 2 0 2
862 0 0 2 0 2
863 0 0 2 0 2
864 0 0 2 0 2
865 0 0 2 0 2
866 0 0 2 0 2
867 0 0 2 0 2
868 0 0 2 0 2
869 0 0 2 0 2
870 0 0 2 0 2
871 0 0 2 0 2
872 0 0 2 0 2
873 0 0 2 0 2
874 0 0 2 0 2
875 0 0 2 0 2
876 0 0 2 0 2
877 0 0 2 0 2
878 0 0 2 0 2
879 0 0 2 0 2
880 0 0 2 0 2
881 0 0 2 0 2
882 0 0 2 0 2
883 0 0 2 0 2
884 0 0 2 0 2
885 0 0 2 0 2
886 0 0 2 0 2
887 0 0 2 0 2
888 0 0 2 0 2
889 0 0 2 0 2
890 0 0 2 0 2
891 0 0 2 0 2
892 0 0 2 0 2
893 0 0 2 0 2
894 0 0 2 0 2
895 0 0 2 0 2
896 0 0 2 0 2
897 0 0 2 0 2
898 0 0 2 0 2
899 0 0 2 0 2
900 0 0 2 0 2
901 0 0 2 0 2
902 0 0 2 0 2
903 0 0 2 0 2
904 0 0 2 0 2
905 0 0 2 0 2
906 0 0 2 0 2
907 0 0 2 0 2
908 0 0 2 0 2
909 0 0 2 0 2
910 0 0 2 0 2
911 0 0 2 0 2
912 0 0 2 0 2
913 0 0 2 0 2
914 0 0 2 0 2
915 0 0 2 0 2
916 0 0 2 0 2
917 0 0 2 0 2
918 0 0 2 0 2
919 0 0 2 0 2
920 0 0 2 0 2
921 0 0 2 0 2
922 0 0 2 0 2
923 0 0 2 0 2
924 0 0 2 0 2
925 0 0 2 0 2
926 0 0 2 0 2
927 0 0 2 0 2
928 0 0 2 0 2
929 0 0 2 0 2
930 0 0 2 0 2
931 0 0 2 0 2
932 0 0 2 0 2
933 0 0 2 0 2
934 0 0 2 0 2
935 0 0 2 0 2
936 0 0 2 0 2
937 0 0 2 0 2
938 0 0 2 0 2
939 0 0 2 0 2
940 0 0 2 0 2
941 0 0 2 0 2
942 0 0 2 0 2
943 0 0 2 0 2
944 0 0 2 0 2
945 0 0 2 0 2
946 0 0 2 0 2
947 0 0 2 0 2
948 0 0 2 0 2
949 0 0 2 0 2
950 0 0 2 0 2
951 0 0 2 0 2
952 0 0 2 0 2
953 0 0 2 0 2
954 0 0 2 0 2
955 0 0 2 0 2
956 0 0 2 0 2
957 0 0 2 0 2
958 0 0 2 0 2
959 0 0 2 0 2
960 0 0 2 0 0
961 0 0 2 0 0
962 0 0 2 0 0
963 0 0 2 0 0
964 0 0 2 0 0
965 0 0 2 0 0
966 0 0 2 0 0
967 0 0 2 0 0
968 0 0 2 0 0
969 0 0 2 0 0
970 0 0 2 0 0
971 0 0 2 0 0
972 0 0 2 0 0
973 0 0 2 0 0
974 0 0 2 0 0
975 0 0 2 0 0
976 0 0 2 0 0
977 0 0 2 0 0
978 0 0 2 0 0
979 0 0 2 0 0
980 0 0 2 0 0
981 0 0 2 0 0
982 0 0 2 0 0
983 0 0 2 0 0
984 0 0 2 0 0
985 0 0 2 0 0
986 0 0 2 0 0
987 0 0 2 0 0
988 0 0 2 0 0
989 0 0 2 0 0
990 0 0 2 0 0
991 0 0 2 0 0
992 0 0 2 0 0
993 0 0 2 0 0
994 0 0 2 0 0
995 0 0 2 0 0
996 0 0 2 0 0
997 0 0 2 0 0
998 0 0 2 0 0
999 0 0 2 0 0
1000 0 0 2 0 0
1001 0 0 2 0 0
1002 0 0 2 0 0
1003 0 0 2 0 0
1004 0 0 2 0 0
1005 0 0 2 0 0
1006 0 0 2 0 0
1007 0 0 2 0 0
1008 0 0 2 0 0
1009 0 0 2 0 0
1010 0 0 2 0 0
1011 0 0 2 0 0
1012 0 0 2 0 0
1013 0 0 2 0 0
1014 0 0 2 0 0
1015 0 0 2 0 0
1016 0 0 2 0 0
1017 0 0 2 0 0
1018 0 0 2 0 0
1019 0 0 2 0 0
1020 0 0 2 0 0
1021 0 0 2 0 0
1022 0 0 2 0 0
1023 0 0 2 0 0
1024 0 0 2 0 0
1025 0 0 2 0 0
1026 0 0 2 0 0
1027 0 0 2 0 0
1028 0 0 2 0 0
1029 0 0 2 0 0
1030 0 0 2 0 0
1031 0 0 2 0 0
1032 0 0 2 0 0
1033 0 0 2 0 0
1034 0 0 2 0 0
1035 0 0 2 0 0
1036 0 0 2 0 0
1037 0 0 2 0 0
1038 0 0 2 0 0
1039 0 0 2 0 0
1040 0 0 2 0 0
1041 0 0 2 0 0
1042 0 0 2 0 0
1043 0 0 2 0 0
1044 0 0 2 0 0
1045 0 0 2 0 0
1046 0 0 2 0 0
1047 0 0 2 0 0
1048 0 0 2 0 0
1049 0 0 2 0 0
1050 2 0 2 0 0
1051 2 0 2 0 0
1052 2 0 2 0 0
1053 2 0 2 0 0
1054 2 0 2 0 0
1055 2 0 2 0 0
1056 2 0 2 0 0
1057 2 0 2 0 0
1058 2 0 2 0 0
1059 2 0 2 0 0
1060 2 0 2 0 0
1061 2 0 2 0 0
1062 2 0 2 0 0
1063 2 0 2 0 0
1064 2 0 2 0 0
1065 2 0 2 0 0
1066 2 0 2 0 0
1067 2 0 2 0 0
1068 2 0 2 0 0
1069 2 0 2 0 0
1070 2 0 2 0 0
1071 2 0 2 0 0
1072 2 0 2 0 0
1073 2 0 2 0 0
1074 2 0 2 0 0
1075 2 0 2 0 0
1076 2 0 2 0 0
1077 2 0 2 0 0
1078 2 0 2 0 0
1079 2 0 2 0 0
1080 2 0 2 0 0
1081 2 0 2 0 0
1082 2 0 2 0 0
1083 2 0 2 0 0
1084 2 0 2 0 0
1085 2 0 2 0 0
1086 2 0 2 0 0
1087 2 0 2 0 0
1088 2 0 2 0 0
1089 2 0 2 0 0
1090 2 0 2 0 0
1091 2 0 2 0 0
1092 2 0 2 0 0
1093 2 0 2 0 0
1094 2 0 2 0 0
1095 2 0 2 0 0
1096 2 0 2 0 0
1097 2 0 2 0 0
1098 2 0 2 0 0
1099 2 0 2 0 0
1100 0 0 2 0 0
1101 0 0 2 0 0
1102 0 0 2 0 0
1103 0 0 2 0 0
1104 0 0 2 0 0
1105 0 0 2 0 0
1106 0 0 2 0 0
1107 0 0 2 0 0
1108 0 0 2 0 0
1109 0 0 2 0 0
1110 0 0 2 0 0
1111 0 0 2 0 0
1112 0 0 2 0 0
1113 0 0 2 0 0
1114 0 0 2 0 0
1115 0 0 2 0 0
1116 0 0 2 0 0
1117 0 0 2 0 0
1118 0 0 2 0 0
1119 0 0 2 0 0
1120 0 0 2 0 0
1121 0 0 2 0 0
1122 0 0 2 0 0
1123 0 0 2 0 0
1124 0 0 2 0 0
1125 0 0 2 0 0
1126 0 0 2 0 0
1127 0 0 2 0 0
1128 0 0 2 0 0
1129 0 0 2 0 0
1130 0 0 2 0 1
1131 0 0 2 0 1
1132 0 0 2 0 1
1133 0 0 2 0 1
1134 0 0 2 0 1
1135 0 0 2 0 1
1136 0 0 2 0 1
1137 0 0 2 0 1
1138 0 0 2 0 1
1139 0 0 2 0 1
1140 0 0 2 0 1
1141 0 0 2 0 1
1142 0 0 2 0 1
1143 0 0 2 0 1
1144 0 0 2 0 1
1145 0 0 2 0 1
1146 0 0 2 0 1
1147 0 0 2 0 1
1148 0 0 2 0 1
1149 0 0 2 0 1
1150 0 0 2 0 1
1151 0 0 2 0 1
1152 0 0 2 0 1
1153 0 0 2 0 1
1154 0 0 2 0 1
1155 0 0 2 0 1
1156 0 0 2 0 1
1157 0 0 2 0 1
1158 0 0 2 0 1
1159 0 0 2 0 1
1160 0 0 2 0 2
1161 0 0 2 0 2
1162 0 0 2 0 2
1163 0 0 2 0 2
1164 0 0 2 0 2
1165 0 0 2 0 2
1166 0 0 2 0 2
1167 0 0 2 0 2
1168 0 0 2 0 2
1169 0 0 2 0 2
1170 0 0 2 0 2
1171 0 0 2 0 2
1172 0 0 2 0 2
1173 0 0 2 0 2
1174 0 0 2 0 2
1175 0 0 2 0 2
1176 0 0 2 0 2
1177 0 0 2 0 2
1178 0 0 2 0 2
1179 0 0 2 0 2
1180 0 0 2 0 2
1181 0 0 2 0 2
1182 0 0 2 0 2
1183 0 0 2 0 2
1184 0 0 2 0 2
1185 0 0 2 0 2
1186 0 0 2 0 2
1187 0 0 2 0 2
1188 0 0 2 0 2
1189 0 0 2 0 2
1190 0 0 2 0 2
1191 0 0 2 0 2
1192 0 0 2 0 2
1193 0 0 2 0 2
1194 0 0 2 0 2
1195 0 0 2 0 2
1196 0 0 2 0 2
1197 0 0 2 0 2
1198 0 0 2 0 2
1199 0 0 2 0 2
1200 0 0 2 0 2
1201 0 0 2 0 2
1202 0 0 2 0 2
1203 0 0 2 0 2
1204 0 0 2 0 2
1205 0 0 2 0 2
1206 0 0 2 0 2
1207 0 0 2 0 2
1208 0 0 2 0 2
1209 0 0 2 0 2
1210 0 0 2 0 2
1211 0 0 2 0 2
1212 0 0 2 0 2
1213 0 0 2 0 2
1214 0 0 2 0 2
1215 0 0 2 0 2
1216 0 0 2 0 2
1217 0 0 2 0 2
1218 0 0 2 0 2
1219 0 0 2 0 2
1220 0 0 2 0 2
1221 0 0 2 0 2
1222 0 0 2 0 2
1223 0 0 2 0 2
1224 0 0 2 0 2
1225 0 0 2 0 2
1226 0 0 2 0 2
1227 0 0 2 0 2
1228 0 0 2 0 2
1229 0 0 2 0 2
1230 0 0 2 0 2
1231 0 0 2 0 2
1232 0 0 2 0 2
1233 0 0 2 0 2
1234 0 0 2 0 2
1235 0 0 2 0 2
1236 0 0 2 0 2
1237 0 0 2 0 2
1238 0 0 2 0 2
1239 0 0 2 0 2
1240 0 0 2 0 2
1241 0 0 2 0 2
1242 0 0 2 0 2
1243 0 0 2 0 2
1244 0 0 2 0 2
1245 0 0 2 0 2
1246 0 0 2 0 2
1247 0 0 2 0 2
1248 0 0 2 0 2
1249 0 0 2 0 2
1250 0 0 2 0 2
1251 0 0 2 0 2
1252 0 0 2 0 2
1253 0 0 2 0 2
1254 0 0 2 0 2
1255 0 0 2 0 2
1256 0 0 2 0 2
1257 0 0 2 0 2
1258 0 0 2 0 2
1259 0 0 2 0 2
1260 0 0 2 0 2
1261 0 0 2 0 2
1262 0 0 2 0 2
1263 0 0 2 0 2
1264 0 0 2 0 2
1265 0 0 2 0 2
1266 0 0 2 0 2
1267 0 0 2 0 2
1268 0 0 2 0 2
1269 0 0 2 0 2
1270 0 0 2 0 2
1271 0 0 2 0 2
1272 0 0 2 0 2
1273 0 0 2 0 2
1274 0 0 2 0 2
1275 0 0 2 0 2
1276 0 0 2 0 2
1277 0 0 2 0 2
1278 0 0 2 0 2
1279 0 0 2 0 2
1280 0 0 2 0 2
1281 0 0 2 0 2
1282 0 0 2 0 2
1283 0 0 2 0 2
1284 0 0 2 0 2
1285 0 0 2 0 2
1286 0 0 2 0 2
1287 0 0 2 0 2
1288 0 0 2 0 2
1289 0 0 2 0 2
1290 0 0 2 0 2
1291 0 0 2 0 2
1292 0 0 2 0 2
1293 0 0 2 0 2
1294 0 0 2 0 2
1295 0 0 2 0 2
1296 0 0 2 0 2
1297 0 0 2 0 2
1298 0 0 2 0 2
1299 0 0 2 0 2
1300 0 0 2 0 2
1301 0 0 2 0 2
1302 0 0 2 0 2
1303 0 0 2 0 2
1304 0 0 2 0 2
1305 0 0 2 0 2
1306 0 0 2 0 2
1307 0 0 2 0 2
1308 0 0 2 0 2
1309 0 0 2 0 2
1310 0 0 2 0 2
1311 0 0 2 0 2
1312 0 0 2 0 2
1313 0 0 2 0 2
1314 0 0 2 0 2
1315 0 0 2 0 2
1316 0 0 2 0 2
1317 0 0 2 0 2
1318 0 0 2 0 2
1319 0 0 2 0 2
1320 0 0 2 0 2
1321 0 0 2 0 2
1322 0 0 2 0 2
1323 0 0 2 0 2
1324 0 0 2 0 2
1325 0 0 2 0 2
1326 0 0 2 0 2
1327 0 0 2 0 2
1328 0 0 2 0 2
1329 0 0 2 0 2
1330 0 0 2 0 2
1331 0 0 2 0 2
1332 0 0 2 0 2
1333 0 0 2 0 2
1334 0 0 2 0 2
1335 0 0 2 0 2
1336 0 0 2 0 2
1337 0 0 2 0 2
1338 0 0 2 0 2
1339 0 0 2 0 2
1340 0 0 2 0 2
1341 0 0 2 0 2
1342 0 0 2 0 2
1343 0 0 2 0 2
1344 0 0 2 0 2
1345 0 0 2 0 2
1346 0 0 2 0 2
1347 0 0 2 0 2
1348 0 0 2 0 2
1349 0 0 2 0 2
1350 0 0 2 0 2
1351 0 0 2 0 2
1352 0 0 2 0 2
1353 0 0 2 0 2
1354 0 0 2 0 2
1355 0 0 2 0 2
1356 0 0 2 0 2
1357 0 0 2 0 2
1358 0 0 2 0 2
1359 0 0 2 0 2
1360 0 0 2 0 2
1361 0 0 2 0 2
1362 0 0 2 0 2
1363 0 0 2 0 2
1364 0 0 2 0 2
1365 0 0 2 0 2
1366 0 0 2 0 2
1367 0 0 2 0 2
1368 0 0 2 0 2
1369 0 0 2 0 2
1370 0 0 2 0 2
1371 0 0 2 0 2
1372 0 0 2 0 2
1373 0 0 2 0 2
1374 0 0 2 0 2
1375 0 0 2 0 2
1376 0 0 2 0 2
1377 0 0 2 0 2
1378 0 0 2 0 2
1379 0 0 2 0 2
1380 0 0 2 0 2
1381 0 0 2 0 2
1382 0 0 2 0 2
1383 0 0 2 0 2
1384 0 0 2 0 2
1385 0 0 2 0 2
1386 0 0 2 0 2
1387 0 0 2 0 2
1388 0 0 2 0 2
1389 0 0 2 0 2
1390 0 0 2 0 2
1391 0 0 2 0 2
1392 0 0 2 0 2
1393 0 0 2 0 2
1394 0 0 2 0 2
1395 0 0 2 0 2
1396 0 0 2 0 2
1397 0 0 2 0 2
1398 0 0 2 0 2
1399 0 0 2 0 2
1400 0 0 2 0 2
1401 0 0 2 0 2
1402 0 0 2 0 2
1403 0 0 2 0 2
1404 0 0 2 0 2
1405 0 0 2 0 2
1406 0 0 2 0 2
1407 0 0 2 0 2
1408 0 0 2 0 2
1409 0 0 2 0 2
1410 0 0 2 0 0
1411 0 0 2 0 0
1412 0 0 2 0 0
1413 0 0 2 0 0
1414 0 0 2 0 0
1415 0 0 2 0 0
1416 0 0 2 0 0
1417 0 0 2 0 0
1418 0 0 2 0 0
1419 0 0 2 0 0
1420 0 0 2 0 0
1421 0 0 2 0 0
1422 0 0 2 0 0
1423 0 0 2 0 0
1424 0 0 2 0 0
1425 0 0 2 0 0
1426 0 0 2 0 0
1427 0 0 2 0 0
1428 0 0 2 0 0
1429 0 0 2 0 0
1430 0 0 2 0 0
1431 0 0 2 0 0
1432 0 0 2 0 0
1433 0 0 2 0 0
1434 0 0 2 0 0
1435 0 0 2 0 0
1436 0 0 2 0 0
1437 0 0 2 0 0
1438 0 0 2 0 0
1439 0 0 2 0 0
1440 0 0 2 0 0
1441 0 0 2 0 0
1442 0 0 2 0 0
1443 0 0 2 0 0
1444 0 0 2 0 0
1445 0 0 2 0 0
1446 0 0 2 0 0
1447 0 0 2 0 0
1448 0 0 2 0 0
1449 0 0 2 0 0
1450 0 0 2 0 0
1451 0 0 2 0 0
1452 0 0 2 0 0
1453 0 0 2 0 0
1454 0 0 2 0 0
1455 0 0 2 0 0
1456 0 0 2 0 0
1457 0 0 2 0 0
1458 0 0 2 0 0
1459 0 0 2 0 0
1460 0 0 2 0 0
1461 0 0 2 0 0
1462 0 0 2 0 0
1463 0 0 2 0 0
1464 0 0 2 0 0
1465 0 0 2 0 0
1466 0 0 2 0 0
1467 0 0 2 0 0
1468 0 0 2 0 0
1469 0 0 2 0 0
1470 0 0 2 0 0
1471 0 0 2 0 0
1472 0 0 2 0 0
1473 0 0 2 0 0
1474 0 0 2 0 0
1475 0 0 2 0 0
1476 0 0 2 0 0
1477 0 0 2 0 0
1478 0 0 2 0 0
1479 0 0 2 0 0
1480 0 0 2 0 0
1481 0 0 2 0 0
1482 0 0 2 0 0
1483 0 0 2 0 0
1484 0 0 2 0 0
1485 0 0 2 0 0
1486 0 0 2 0 0
1487 0 0 2 0 0
1488 0 0 2 0 0
1489 0 0 2 0 0
1490 0 0 2 0 0
1491 0 0 2 0 0
1492 0 0 2 0 0
1493 0 0 2 0 0
1494 0 0 2 0 0
1495 0 0 2 0 0
1496 0 0 2 0 0
1497 0 0 2 0 0
1498 0 0 2 0 0
1499 0 0 2 0 0
1500 0 0 2 0 0
1501 0 0 2 0 0
1502 0 0 2 0 0
1503 0 0 2 0 0
1504 0 0 2 0 0
1505 0 0 2 0 0
1506 0 0 2 0 0
1507 0 0 2 0 0
1508 0 0 2 0 0
1509 0 0 2 0 0
1510 0 0 2 0 0
1511 0 0 2 0 0
1512 0 0 2 0 0
1513 0 0 2 0 0
1514 0 0 2 0 0
1515 0 0 2 0 0
1516 0 0 2 0 0
1517 0 0 2 0 0
1518 0 0 2 0 0
1519 0 0 2 0 0
1520 0 0 2 0 0
1521 0 0 2 0 0
1522 0 0 2 0 0
1523 0 0 2 0 0
1524 0 0 2 0 0
1525 0 0 2 0 0
1526 0 0 2 0 0
1527 0 0 2 0 0
1528 0 0 2 0 0
1529 0 0 2 0 0
1530 0 0 2 0 0
1531 0 0 2 0 0
1532 0 0 2 0 0
1533 0 0 2 0 0
1534 0 0 2 0 0
1535 0 0 2 0 0
1536 0 0 2 0 0
1537 0 0 2 0 0
1538 0 0 2 0 0
1539 0 0 2 0 0
1540 2 0 2 0 0
1541 2 0 2 0 0
1542 2 0 2 0 0
1543 2 0 2 0 0
1544 2 0 2 0 0
1545 2 0 2 0 0
1546 2 0 2 0 0
1547 2 0 2 0 0
1548 2 0 2 0 0
1549 2 0 2 0 0
1550 2 0 2 0 0
1551 2 0 2 0 0
1552 2 0 2 0 0
1553 2 0 2 0 0
1554 2 0 2 0 0
1555 2 0 2 0 0
1556 2 0 2 0 0
1557 2 0 2 0 0
1558 2 0 2 0 0
1559 2 0 2 0 0
1560 2 0 0 2 0
1561 2 0 0 2 0
1562 2 0 0 2 0
1563 2 0 0 2 0
1564 2 0 0 2 0
1565 2 0 0 2 0
1566 2 0 0 2 0
1567 2 0 0 2 0
1568 2 0 0 2 0
1569 2 0 0 2 0
1570 2 0 0 0 0
1571 2 0 0 0 0
1572 2 0 0 0 0
1573 2 0 0 0 0
1574 2 0 0 0 0
1575 2 0 0 0 0
1576 2 0 0 0 0
1577 2 0 0 0 0
1578 2 0 0 0 0
1579 2 0 0 0 0
1580 2 0 0 0 0
1581 2 0 0 0 0
1582 2 0 0 0 0
1583 2 0 0 0 0
1584 2 0 0 0 0
1585 2 0 0 0 0
1586 2 0 0 0 0
1587 2 0 0 0 0
1588 2 0 0 0 0
1589 2 0 0 0 0
1590 2 0 0 0 0
1591 2 0 0 0 0
1592 2 0 0 0 0
1593 2 0 0 0 0
1594 2 0 0 0 0
1595 2 0 0 0 0
1596 2 0 0 0 0
1597 2 0 0 0 0
1598 2 0 0 0 0
1599 2 0 0 0 0
1600 2 0 0 0 0
1601 2 0 0 0 0
1602 2 0 0 0 0
1603 2 0 0 0 0
1604 2 0 0 0 0
1605 2 0 0 0 0
1606 2 0 0 0 0
1607 2 0 0 0 0
1608 2 0 0 0 0
1609 2 0 0 0 0
1610 2 0 0 0 0
1611 2 0 0 0 0
1612 2 0 0 0 0
1613 2 0 0 0 0
1614 2 0 0 0 0
1615 2 0 0 0 0
1616 2 0 0 0 0
1617 2 0 0 0 0
1618 2 0 0 0 0
1619 2 0 0 0 0
1620 2 0 0 0 0
1621 2 0 0 0 0
1622 2 0 0 0 0
1623 2 0 0 0 0
1624 2 0 0 0 0
1625 2 0 0 0 0
1626 2 0 0 0 0
1627 2 0 0 0 0
1628 2 0 0 0 0
1629 2 0 0 0 0
1630 2 0 0 0 0
1631 2 0 0 0 0
1632 2 0 0 0 0
1633 2 0 0 0 0
1634 2 0 0 0 0
1635 2 0 0 0 0
1636 2 0 0 0 0
1637 2 0 0 0 0
1638 2 0 0 0 0
1639 2 0 0 0 0
1640 2 0 0 0 0
1641 2 0 0 0 0
1642 2 0 0 0 0
1643 2 0 0 0 0
1644 2 0 0 0 0
1645 2 0 0 0 0
1646 2 0 0 0 0
1647 2 0 0 0 0
1648 2 0 0 0 0
1649 2 0 0 0 0
1650 2 0 0 0 0
1651 2 0 0 0 0
1652 2 0 0 0 0
1653 2 0 0 0 0
1654 2 0 0 0 0
1655 2 0 0 0 0
1656 2 0 0 0 0
1657 2 0 0 0 0
1658 2 0 0 0 0
1659 2 0 0 0 0
1660 2 0 0 0 0
1661 2 0 0 0 0
1662 2 0 0 0 0
1663 2 0 0 0 0
1664 2 0 0 0 0
1665 2 0 0 0 0
1666 2 0 0 0 0
1667 2 0 0 0 0
1668 2 0 0 0 0
1669 2 0 0 0 0
1670 2 0 0 0 0
1671 2 0 0 0 0
1672 2 0 0 0 0
1673 2 0 0 0 0
1674 2 0 0 0 0
1675 2 0 0 0 0
1676 2 0 0 0 0
1677 2 0 0 0 0
1678 2 0 0 0 0
1679 2 0 0 0 0
1680 2 0 0 0 0
1681 2 0 0 0 0
1682 2 0 0 0 0
1683 2 0 0 0 0
1684 2 0 0 0 0
1685 2 0 0 0 0
1686 2 0 0 0 0
1687 2 0 0 0 0
1688 2 0 0 0 0
1689 2 0 0 0 0
1690 2 0 2 0 0
1691 2 0 2 0 0
1692 2 0 2 0 0
1693 2 0 2 0 0
1694 2 0 2 0 0
1695 2 0 2 0 0
1696 2 0 2 0 0
1697 2 0 2 0 0
1698 2 0 2 0 0
1699 2 0 2 0 0
1700 0 0 2 0 0
1701 0 0 2 0 0
1702 0 0 2 0 0
1703 0 0 2 0 0
1704 0 0 2 0 0
1705 0 0 2 0 0
1706 0 0 2 0 0
1707 0 0 2 0 0
1708 0 0 2 0 0
1709 0 0 2 0 0
1710 0 0 2 0 0
1711 0 0 2 0 0
1712 0 0 2 0 0
1713 0 0 2 0 0
1714 0 0 2 0 0
1715 0 0 2 0 0
1716 0 0 2 0 0
1717 0 0 2 0 0
1718 0 0 2 0 0
1719 0 0 2 0 0
1720 0 0 2 0 0
1721 0 0 2 0 0
1722 0 0 2 0 0
1723 0 0 2 0 0
1724 0 0 2 0 0
1725 0 0 2 0 0
1726 0 0 2 0 0
1727 0 0 2 0 0
1728 0 0 2 0 0
1729 0 0 2 0 0
1730 0 0 2 0 1
1731 0 0 2 0 1
1732 0 0 2 0 1
1733 0 0 2 0 1
1734 0 0 2 0 1
1735 0 0 2 0 1
1736 0 0 2 0 1
1737 0 0 2 0 1
1738 0 0 2 0 1
1739 0 0 2 0 1
1740 0 0 2 0 1
1741 0 0 2 0 1
1742 0 0 2 0 1
1743 0 0 2 0 1
1744 0 0 2 0 1
1745 0 0 2 0 1
1746 0 0 2 0 1
1747 0 0 2 0 1
1748 0 0 2 0 1
1749 0 0 2 0 1
1750 0 0 2 0 1
1751 0 0 2 0 1
1752 0 0 2 0 1
1753 0 0 2 0 1
1754 0 0 2 0 1
1755 0 0 2 0 1
1756 0 0 2 0 1
1757 0 0 2 0 1
1758 0 0 2 0 1
1759 0 0 2 0 1
1760 0 0 2 0 1
1761 0 0 2 0 1
1762 0 0 2 0 1
1763 0 0 2 0 1
1764 0 0 2 0 1
1765 0 0 2 0 1
1766 0 0 2 0 1
1767 0 0 2 0 1
1768 0 0 2 0 1
1769 0 0 2 0 1
1770 0 0 2 0 1
1771 0 0 2 0 1
1772 0 0 2 0 1
1773 0 0 2 0 1
1774 0 0 2 0 1
1775 0 0 2 0 1
1776 0 0 2 0 1
1777 0 0 2 0 1
1778 0 0 2 0 1
1779 0 0 2 0 1
1780 0 0 2 0 1
1781 0 0 2 0 1
1782 0 0 2 0 1
1783 0 0 2 0 1
1784 0 0 2 0 1
1785 0 0 2 0 1
1786 0 0 2 0 1
1787 0 0 2 0 1
1788 0 0 2 0 1
1789 0 0 2 0 1
1790 0 0 2 0 1
1791 0 0 2 0 1
1792 0 0 2 0 1
1793 0 0 2 0 1
1794 0 0 2 0 1
1795 0 0 2 0 1
1796 0 0 2 0 1
1797 0 0 2 0 1
1798 0 0 2 0 1
1799 0 0 2 0 1
1800 0 0 2 0 1
1801 0 0 2 0 1
1802 0 0 2 0 1
1803 0 0 2 0 1
1804 0 0 2 0 1
1805 0 0 2 0 1
1806 0 0 2 0 1
1807 0 0 2 0 1
1808 0 0 2 0 1
1809 0 0 2 0 1
1810 0 0 2 0 1
1811 0 0 2 0 1
1812 0 0 2 0 1
1813 0 0 2 0 1
1814 0 0 2 0 1
1815 0 0 2 0 1
1816 0 0 2 0 1
1817 0 0 2 0 1
1818 0 0 2 0 1
1819 0 0 2 0 1
1820 0 0 2 0 2
1821 0 0 2 0 2
1822 0 0 2 0 2
1823 0 0 2 0 2
1824 0 0 2 0 2
1825 0 0 2 0 2
1826 0 0 2 0 2
1827 0 0 2 0 2
1828 0 0 2 0 2
1829 0 0 2 0 2
1830 0 0 2 0 2
1831 0 0 2 0 2
1832 0 0 2 0 2
1833 0 0 2 0 2
1834 0 0 2 0 2
1835 0 0 2 0 2
1836 0 0 2 0 2
1837 0 0 2 0 2
1838 0 0 2 0 2
1839 0 0 2 0 2
1840 0 0 2 0 2
1841 0 0 2 0 2
1842 0 0 2 0 2
1843 0 0 2 0 2
1844 0 0 2 0 2
1845 0 0 2 0 2
1846 0 0 2 0 2
1847 0 0 2 0 2
1848 0 0 2 0 2
1849 0 0 2 0 2
1850 0 0 2 0 2
1851 0 0 2 0 2
1852 0 0 2 0 2
1853 0 0 2 0 2
1854 0 0 2 0 2
1855 0 0 2 0 2
1856 0 0 2 0 2
1857 0 0 2 0 2
1858 0 0 2 0 2
1859 0 0 2 0 2
1860 0 0 2 0 2
1861 0 0 2 0 2
1862 0 0 2 0 2
1863 0 0 2 0 2
1864 0 0 2 0 2
1865 0 0 2 0 2
1866 0 0 2 0 2
1867 0 0 2 0 2
1868 0 0 2 0 2
1869 0 0 2 0 2
1870 0 0 2 0 2
1871 0 0 2 0 2
1872 0 0 2 0 2
1873 0 0 2 0 2
1874 0 0 2 0 2
1875 0 0 2 0 2
1876 0 0 2 0 2
1877 0 0 2 0 2
1878 0 0 2 0 2
1879 0 0 2 0 2
1880 0 0 2 0 2
1881 0 0 2 0 2
1882 0 0 2 0 2
1883 0 0 2 0 2
1884 0 0 2 0 2
1885 0 0 2 0 2
1886 0 0 2 0 2
1887 0 0 2 0 2
1888 0 0 2 0 2
1889 0 0 2 0 2
1890 0 0 2 0 2
1891 0 0 2 0 2
1892 0 0 2 0 2
1893 0 0 2 0 2
1894 0 0 2 0 2
1895 0 0 2 0 2
1896 0 0 2 0 2
1897 0 0 2 0 2
1898 0 0 2 0 2
1899 0 0 2 0 2
1900 0 0 2 0 2
1901 0 0 2 0 2
1902 0 0 2 0 2
1903 0 0 2 0 2
1904 0 0 2 0 2
1905 0 0 2 0 2
1906 0 0 2 0 2
1907 0 0 2 0 2
1908 0 0 2 0 2
1909 0 0 2 0 2
1910 0 0 2 0 2
1911 0 0 2 0 2
1912 0 0 2 0 2
1913 0 0 2 0 2
1914 0 0 2 0 2
1915 0 0 2 0 2
1916 0 0 2 0 2
1917 0 0 2 0 2
1918 0 0 2 0 2
1919 0 0 2 0 2
1920 0 0 2 0 2
1921 0 0 2 0 2
1922 0 0 2 0 2
1923 0 0 2 0 2
1924 0 0 2 0 2
1925 0 0 2 0 2
1926 0 0 2 0 2
1927 0 0 2 0 2
1928 0 0 2 0 2
1929 0 0 2 0 2
1930 0 0 2 0 2
1931 0 0 2 0 2
1932 0 0 2 0 2
1933 0 0 2 0 2
1934 0 0 2 0 2
1935 0 0 2 0 2
1936 0 0 2 0 2
1937 0 0 2 0 2
1938 0 0 2 0 2
1939 0 0 2 0 2
1940 0 0 2 0 2
1941 0 0 2 0 2
1942 0 0 2 0 2
1943 0 0 2 0 2
1944 0 0 2 0 2
1945 0 0 2 0 2
1946 0 0 2 0 2
1947 0 0 2 0 2
1948 0 0 2 0 2
1949 0 0 2 0 2
1950 0 0 2 0 2
1951 0 0 2 0 2
1952 0 0 2 0 2
1953 0 0 2 0 2
1954 0 0 2 0 2
1955 0 0 2 0 2
1956 0 0 2 0 2
1957 0 0 2 0 2
1958 0 0 2 0 2
1959 0 0 2 0 2
1960 0 0 2 0 2
1961 0 0 2 0 2
1962 0 0 2 0 2
1963 0 0 2 0 2
1964 0 0 2 0 2
1965 0 0 2 0 2
1966 0 0 2 0 2
1967 0 0 2 0 2
1968 0 0 2 0 2
1969 0 0 2 0 2
1970 0 0 2 0 2
1971 0 0 2 0 2
1972 0 0 2 0 2
1973 0 0 2 0 2
1974 0 0 2 0 2
1975 0 0 2 0 2
1976 0 0 2 0 2
1977 0 0 2 0 2
1978 0 0 2 0 2
1979 0 0 2 0 2
1980 0 0 2 0 2
1981 0 0 2 0 2
1982 0 0 2 0 2
1983 0 0 2 0 2
1984 0 0 2 0 2
1985 0 0 2 0 2
1986 0 0 2 0 2
1987 0 0 2 0 2
1988 0 0 2 0 2
1989 0 0 2 0 2
1990 0 0 2 0 2
1991 0 0 2 0 2
1992 0 0 2 0 2
1993 0 0 2 0 2
1994 0 0 2 0 2
1995 0 0 2 0 2
1996 0 0 2 0 2
1997 0 0 2 0 2
1998 0 0 2 0 2
1999 0 0 2 0 2
2000 0 0 2 0 2
2001 0 0 2 0 2
2002 0 0 2 0 2
2003 0 0 2 0 2
2004 0 0 2 0 2
2005 0 0 2 0 2
2006 0 0 2 0 2
2007 0 0 2 0 2
2008 0 0 2 0 2
2009 0 0 2 0 2
2010 0 0 2 0 2
2011 0 0 2 0 2
2012 0 0 2 0 2
2013 0 0 2 0 2
2014 0 0 2 0 2
2015 0 0 2 0 2
2016 0 0 2 0 2
2017 0 0 2 0 2
2018 0 0 2 0 2
2019 0 0 2 0 2
2020 0 0 2 0 2
2021 0 0 2 0 2
2022 0 0 2 0 2
2023 0 0 2 0 2
2024 0 0 2 0 2
2025 0 0 2 0 2
2026 0 0 2 0 2
2027 0 0 2 0 2
2028 0 0 2 0 2
2029 0 0 2 0 2
2030 0 0 2 0 2
2031 0 0 2 0 2
2032 0 0 2 0 2
2033 0 0 2 0 2
2034 0 0 2 0 2
2035 0 0 2 0 2
2036 0 0 2 0 2
2037 0 0 2 0 2
2038 0 0 2 0 2
2039 0 0 2 0 2
2040 0 0 2 0 2
2041 0 0 2 0 2
2042 0 0 2 0 2
2043 0 0 2 0 2
2044 0 0 2 0 2
2045 0 0 2 0 2
2046 0 0 2 0 2
2047 0 0 2 0 2
2048 0 0 2 0 2
2049 0 0 2 0 2
2050 0 0 2 0 2
2051 0 0 2 0 2
2052 0 0 2 0 2
2053 0 0 2 0 2
2054 0 0 2 0 2
2055 0 0 2 0 2
2056 0 0 2 0 2
2057 0 0 2 0 2
2058 0 0 2 0 2
2059 0 0 2 0 2
2060 0 0 2 0 2
2061 0 0 2 0 2
2062 0 0 2 0 2
2063 0 0 2 0 2
2064 0 0 2 0 2
2065 0 0 2 0 2
2066 0 0 2 0 2
2067 0 0 2 0 2
2068 0 0 2 0 2
2069 0 0 2 0 2
2070 0 0 2 0 2
2071 0 0 2 0 2
2072 0 0 2 0 2
2073 0 0 2 0 2
2074 0 0 2 0 2
2075 0 0 2 0 2
2076 0 0 2 0 2
2077 0 0 2 0 2
2078 0 0 2 0 2
2079 0 0 2 0 2
2080 0 0 2 0 2
2081 0 0 2 0 2
2082 0 0 2 0 2
2083 0 0 2 0 2
2084 0 0 2 0 2
2085 0 0 2 0 2
2086 0 0 2 0 2
2087 0 0 2 0 2
2088 0 0 2 0 2
2089 0 0 2 0 2
2090 0 0 2 0 2
2091 0 0 2 0 2
2092 0 0 2 0 2
2093 0 0 2 0 2
2094 0 0 2 0 2
2095 0 0 2 0 2
2096 0 0 2 0 2
2097 0 0 2 0 2
2098 0 0 2 0 2
2099 0 0 2 0 2
2100 0 0 2 0 2
2101 0 0 2 0 2
2102 0 0 2 0 2
2103 0 0 2 0 2
2104 0 0 2 0 2
2105 0 0 2 0 2
2106 0 0 2 0 2
2107 0 0 2 0 2
2108 0 0 2 0 2
2109 0 0 2 0 2
2110 0 0 2 0 2
2111 0 0 2 0 2
2112 0 0 2 0 2
2113 0 0 2 0 2
2114 0 0 2 0 2
2115 0 0 2 0 2
2116 0 0 2 0 2
2117 0 0 2 0 2
2118 0 0 2 0 2
2119 0 0 2 0 2
2120 0 0 2 0 2
2121 0 0 2 0 2
2122 0 0 2 0 2
2123 0 0 2 0 2
2124 0 0 2 0 2
2125 0 0 2 0 2
2126 0 0 2 0 2
2127 0 0 2 0 2
2128 0 0 2 0 2
2129 0 0 2 0 2
2130 0 0 2 0 2
2131 0 0 2 0 2
2132 0 0 2 0 2
2133 0 0 2 0 2
2134 0 0 2 0 2
2135 0 0 2 0 2
2136 0 0 2 0 2
2137 0 0 2 0 2
2138 0 0 2 0 2
2139 0 0 2 0 2
2140 0 0 2 0 2
2141 0 0 2 0 2
2142 0 0 2 0 2
2143 0 0 2 0 2
2144 0 0 2 0 2
2145 0 0 2 0 2
2146 0 0 2 0 2
2147 0 0 2 0 2
2148 0 0 2 0 2
2149 0 0 2 0 2
2150 0 0 2 0 2
2151 0 0 2 0 2
2152 0 0 2 0 2
2153 0 0 2 0 2
2154 0 0 2 0 2
2155 0 0 2 0 2
2156 0 0 2 0 2
2157 0 0 2 0 2
2158 0 0 2 0 2
2159 0 0 2 0 2
2160 0 0 2 0 2
2161 0 0 2 0 2
2162 0 0 2 0 2
2163 0 0 2 0 2
2164 0 0 2 0 2
2165 0 0 2 0 2
2166 0 0 2 0 2
2167 0 0 2 0 2
2168 0 0 2 0 2
2169 0 0 2 0 2
2170 0 0 2 0 2
2171 0 0 2 0 2
2172 0 0 2 0 2
2173 0 0 2 0 2
2174 0 0 2 0 2
2175 0 0 2 0 2
2176 0 0 2 0 2
2177 0 0 2 0 2
2178 0 0 2 0 2
2179 0 0 2 0 2
2180 0 0 2 0 2
2181 0 0 2 0 2
2182 0 0 2 0 2
2183 0 0 2 0 2
2184 0 0 2 0 2
2185 0 0 2 0 2
2186 0 0 2 0 2
2187 0 0 2 0 2
2188 0 0 2 0 2
2189 0 0 2 0 2
2190 0 0 2 0 2
2191 0 0 2 0 2
2192 0 0 2 0 2
2193 0 0 2 0 2
2194 0 0 2 0 2
2195 0 0 2 0 2
2196 0 0 2 0 2
2197 0 0 2 0 2
2198 0 0 2 0 2
2199 0 0 2 0 2
2200 0 0 2 0 2
2201 0 0 2 0 2
2202 0 0 2 0 2
2203 0 0 2 0 2
2204 0 0 2 0 2
2205 0 0 2 0 2
2206 0 0 2 0 2
2207 0 0 2 0 2
2208 0 0 2 0 2
2209 0 0 2 0 2
2210 0 0 2 0 2
2211 0 0 2 0 2
2212 0 0 2 0 2
2213 0 0 2 0 2
2214 0 0 2 0 2
2215 0 0 2 0 2
2216 0 0 2 0 2
2217 0 0 2 0 2
2218 0 0 2 0 2
2219 0 0 2 0 2
2220 0 0 2 0 2
2221 0 0 2 0 2
2222 0 0 2 0 2
2223 0 0 2 0 2
2224 0 0 2 0 2
2225 0 0 2 0 2
2226 0 0 2 0 2
2227 0 0 2 0 2
2228 0 0 2 0 2
2229 0 0 2 0 2
2230 0 0 2 0 2
2231 0 0 2 0 2
2232 0 0 2 0 2
2233 0 0 2 0 2
2234 0 0 2 0 2
2235 0 0 2 0 2
2236 0 0 2 0 2
2237 0 0 2 0 2
2238 0 0 2 0 2
2239 0 0 2 0 2
2240 2 0 2 0 2
2241 2 0 2 0 2
2242 2 0 2 0 2
2243 2 0 2 0 2
2244 2 0 2 0 2
2245 2 0 2 0 2
2246 2 0 2 0 2
2247 2 0 2 0 2
2248 2 0 2 0 2
2249 2 0 2 0 2
2250 2 0 2 0 2
2251 2 0 2 0 2
2252 2 0 2 0 2
2253 2 0 2 0 2
2254 2 0 2 0 2
2255 2 0 2 0 2
2256 2 0 2 0 2
2257 2 0 2 0 2
2258 2 0 2 0 2
2259 2 0 2 0 2
2260 2 0 2 0 2
2261 2 0 2 0 2
2262 2 0 2 0 2
2263 2 0 2 0 2
2264 2 0 2 0 2
2265 2 0 2 0 2
2266 2 0 2 0 2
2267 2 0 2 0 2
2268 2 0 2 0 2
2269 2 0 2 0 2
2270 2 0 0 2 2
2271 2 0 0 2 2
2272 2 0 0 2 2
2273 2 0 0 2 2
2274 2 0 0 2 2
2275 2 0 0 2 2
2276 2 0 0 2 2
2277 2 0 0 2 2
2278 2 0 0 2 2
2279 2 0 0 2 2
2280 2 0 0 2 2
2281 2 0 0 2 2
2282 2 0 0 2 2
2283 2 0 0 2 2
2284 2 0 0 2 2
2285 2 0 0 2 2
2286 2 0 0 2 2
2287 2 0 0 2 2
2288 2 0 0 2 2
2289 2 0 0 2 2
2290 2 0 0 0 2
2291 2 0 0 0 2
2292 2 0 0 0 2
2293 2 0 0 0 2
2294 2 0 0 0 2
2295 2 0 0 0 2
2296 2 0 0 0 2
2297 2 0 0 0 2
2298 2 0 0 0 2
2299 2 0 0 0 2
2300 2 0 0 0 2
2301 2 0 0 0 2
2302 2 0 0 0 2
2303 2 0 0 0 2
2304 2 0 0 0 2
2305 2 0 0 0 2
2306 2 0 0 0 2
2307 2 0 0 0 2
2308 2 0 0 0 2
2309 2 0 0 0 2
2310 2 0 0 0 2
2311 2 0 0 0 2
2312 2 0 0 0 2
2313 2 0 0 0 2
2314 2 0 0 0 2
2315 2 0 0 0 2
2316 2 0 0 0 2
2317 2 0 0 0 2
2318 2 0 0 0 2
2319 2 0 0 0 2
2320 2 0 0 0 2
2321 2 0 0 0 2
2322 2 0 0 0 2
2323 2 0 0 0 2
2324 2 0 0 0 2
2325 2 0 0 0 2
2326 2 0 0 0 2
2327 2 0 0 0 2
2328 2 0 0 0 2
2329 2 0 0 0 2
2330 2 0 0 0 2
2331 2 0 0 0 2
2332 2 0 0 0 2
2333 2 0 0 0 2
2334 2 0 0 0 2
2335 2 0 0 0 2
2336 2 0 0 0 2
2337 2 0 0 0 2
2338 2 0 0 0 2
2339 2 0 0 0 2
2340 2 0 0 0 0
2341 2 0 0 0 0
2342 2 0 0 0 0
2343 2 0 0 0 0
2344 2 0 0 0 0
2345 2 0 0 0 0
2346 2 0 0 0 0
2347 2 0 0 0 0
2348 2 0 0 0 0
2349 2 0 0 0 0
2350 2 0 0 0 0
2351 2 0 0 0 0
2352 2 0 0 0 0
2353 2 0 0 0 0
2354 2 0 0 0 0
2355 2 0 0 0 0
2356 2 0 0 0 0
2357 2 0 0 0 0
2358 2 0 0 0 0
2359 2 0 0 0 0
2360 2 0 0 0 0
2361 2 0 0 0 0
2362 2 0 0 0 0
2363 2 0 0 0 0
2364 2 0 0 0 0
2365 2 0 0 0 0
2366 2 0 0 0 0
2367 2 0 0 0 0
2368 2 0 0 0 0
2369 2 0 0 0 0
2370 2 0 0 0 0
2371 2 0 0 0 0
2372 2 0 0 0 0
2373 2 0 0 0 0
2374 2 0 0 0 0
2375 2 0 0 0 0
2376 2 0 0 0 0
2377 2 0 0 0 0
2378 2 0 0 0 0
2379 2 0 0 0 0
2380 2 0 0 0 0
2381 2 0 0 0 0
2382 2 0 0 0 0
2383 2 0 0 0 0
2384 2 0 0 0 0
2385 2 0 0 0 0
2386 2 0 0 0 0
2387 2 0 0 0 0
2388 2 0 0 0 0
2389 2 0 0 0 0
2390 2 0 0 0 0
2391 2 0 0 0 0
2392 2 0 0 0 0
2393 2 0 0 0 0
2394 2 0 0 0 0
2395 2 0 0 0 0
2396 2 0 0 0 0
2397 2 0 0 0 0
2398 2 0 0 0 0
2399 2 0 0 0 0
2400 2 0 0 0 0
2401 2 0 0 0 0
2402 2 0 0 0 0
2403 2 0 0 0 0
2404 2 0 0 0 0
2405 2 0 0 0 0
2406 2 0 0 0 0
2407 2 0 0 0 0
2408 2 0 0 0 0
2409 2 0 0 0 0
2410 2 0 0 0 0
2411 2 0 0 0 0
2412 2 0 0 0 0
2413 2 0 0 0 0
2414 2 0 0 0 0
2415 2 0 0 0 0
2416 2 0 0 0 0
2417 2 0 0 0 0
2418 2 0 0 0 0
2419 2 0 0 0 0
2420 2 0 0 0 0
2421 2 0 0 0 0
2422 2 0 0 0 0
2423 2 0 0 0 0
2424 2 0 0 0 0
2425 2 0 0 0 0
2426 2 0 0 0 0
2427 2 0 0 0 0
2428 2 0 0 0 0
2429 2 0 0 0 0
2430 2 0 0 0 0
2431 2 0 0 0 0
2432 2 0 0 0 0
2433 2 0 0 0 0
2434 2 0 0 0 0
2435 2 0 0 0 0
2436 2 0 0 0 0
2437 2 0 0 0 0
2438 2 0 0 0 0
2439 2 0 0 0 0
2440 2 0 0 0 0
2441 2 0 0 0 0
2442 2 0 0 0 0
2443 2 0 0 0 0
2444 2 0 0 0 0
2445 2 0 0 0 0
2446 2 0 0 0 0
2447 2 0 0 0 0
2448 2 0 0 0 0
2449 2 0 0 0 0
2450 2 0 0 0 0
2451 2 0 0 0 0
2452 2 0 0 0 0
2453 2 0 0 0 0
2454 2 0 0 0 0
2455 2 0 0 0 0
2456 2 0 0 0 0
2457 2 0 0 0 0
2458 2 0 0 0 0
2459 2 0 0 0 0
2460 2 0 0 0 0
2461 2 0 0 0 0
2462 2 0 0 0 0
2463 2 0 0 0 0
2464 2 0 0 0 0
2465 2 0 0 0 0
2466 2 0 0 0 0
2467 2 0 0 0 0
2468 2 0 0 0 0
2469 2 0 0 0 0
2470 2 0 0 0 0
2471 2 0 0 0 0
2472 2 0 0 0 0
2473 2 0 0 0 0
2474 2 0 0 0 0
2475 2 0 0 0 0
2476 2 0 0 0 0
2477 2 0 0 0 0
2478 2 0 0 0 0
2479 2 0 0 0 0
2480 2 0 0 0 0
2481 2 0 0 0 0
2482 2 0 0 0 0
2483 2 0 0 0 0
2484 2 0 0 0 0
2485 2 0 0 0 0
2486 2 0 0 0 0
2487 2 0 0 0 0
2488 2 0 0 0 0
2489 2 0 0 0 0
2490 2 0 0 0 0
2491 2 0 0 0 0
2492 2 0 0 0 0
2493 2 0 0 0 0
2494 2 0 0 0 0
2495 2 0 0 0 0
2496 2 0 0 0 0
2497 2 0 0 0 0
2498 2 0 0 0 0
2499 2 0 0 0 0
2500 2 0 0 0 0
2501 2 0 0 0 0
2502 2 0 0 0 0
2503 2 0 0 0 0
2504 2 0 0 0 0
2505 2 0 0 0 0
2506 2 0 0 0 0
2507 2 0 0 0 0
2508 2 0 0 0 0
2509 2 0 0 0 0
2510 2 0 0 0 0
2511 2 0 0 0 0
2512 2 0 0 0 0
2513 2 0 0 0 0
2514 2 0 0 0 0
2515 2 0 0 0 0
2516 2 0 0 0 0
2517 2 0 0 0 0
2518 2 0 0 0 0
2519 2 0 0 0 0
2520 2 0 0 0 0
2521 2 0 0 0 0
2522 2 0 0 0 0
2523 2 0 0 0 0
2524 2 0 0 0 0
2525 2 0 0 0 0
2526 2 0 0 0 0
2527 2 0 0 0 0
2528 2 0 0 0 0
2529 2 0 0 0 0
2530 2 0 0 0 0
2531 2 0 0 0 0
2532 2 0 0 0 0
2533 2 0 0 0 0
2534 2 0 0 0 0
2535 2 0 0 0 0
2536 2 0 0 0 0
2537 2 0 0 0 0
2538 2 0 0 0 0
2539 2 0 0 0 0
2540 2 0 0 0 0
2541 2 0 0 0 0
2542 2 0 0 0 0
2543 2 0 0 0 0
2544 2 0 0 0 0
2545 2 0 0 0 0
2546 2 0 0 0 0
2547 2 0 0 0 0
2548 2 0 0 0 0
2549 2 0 0 0 0
2550 2 0 0 0 0
2551 2 0 0 0 0
2552 2 0 0 0 0
2553 2 0 0 0 0
2554 2 0 0 0 0
2555 2 0 0 0 0
2556 2 0 0 0 0
2557 2 0 0 0 0
2558 2 0 0 0 0
2559 2 0 0 0 0
2560 2 0 0 0 0
2561 2 0 0 0 0
2562 2 0 0 0 0
2563 2 0 0 0 0
2564 2 0 0 0 0
2565 2 0 0 0 0
2566 2 0 0 0 0
2567 2 0 0 0 0
2568 2 0 0 0 0
2569 2 0 0 0 0
2570 2 0 0 0 0
2571 2 0 0 0 0
2572 2 0 0 0 0
2573 2 0 0 0 0
2574 2 0 0 0 0
2575 2 0 0 0 0
2576 2 0 0 0 0
2577 2 0 0 0 0
2578 2 0 0 0 0
2579 2 0 0 0 0
2580 2 0 0 0 0
2581 2 0 0 0 0
2582 2 0 0 0 0
2583 2 0 0 0 0
2584 2 0 0 0 0
2585 2 0 0 0 0
2586 2 0 0 0 0
2587 2 0 0 0 0
2588 2 0 0 0 0
2589 2 0 0 0 0
2590 2 0 0 0 0
2591 2 0 0 0 0
2592 2 0 0 0 0
2593 2 0 0 0 0
2594 2 0 0 0 0
2595 2 0 0 0 0
2596 2 0 0 0 0
2597 2 0 0 0 0
2598 2 0 0 0 0
2599 2 0 0 0 0
2600 2 0 0 0 0
2601 2 0 0 0 0
2602 2 0 0 0 0
2603 2 0 0 0 0
2604 2 0 0 0 0
2605 2 0 0 0 0
2606 2 0 0 0 0
2607 2 0 0 0 0
2608 2 0 0 0 0
2609 2 0 0 0 0
2610 2 0 0 0 0
2611 2 0 0 0 0
2612 2 0 0 0 0
2613 2 0 0 0 0
2614 2 0 0 0 0
2615 2 0 0 0 0
2616 2 0 0 0 0
2617 2 0 0 0 0
2618 2 0 0 0 0
2619 2 0 0 0 0
2620 2 0 0 0 0
2621 2 0 0 0 0
2622 2 0 0 0 0
2623 2 0 0 0 0
2624 2 0 0 0 0
2625 2 0 0 0 0
2626 2 0 0 0 0
2627 2 0 0 0 0
2628 2 0 0 0 0
2629 2 0 0 0 0
2630 2 0 0 2 0
2631 2 0 0 2 0
2632 2 0 0 2 0
2633 2 0 0 2 0
2634 2 0 0 2 0
2635 2 0 0 2 0
2636 2 0 0 2 0
2637 2 0 0 2 0
2638 2 0 0 2 0
2639 2 0 0 2 0
2640 2 0 0 2 0
2641 2 0 0 2 0
2642 2 0 0 2 0
2643 2 0 0 2 0
2644 2 0 0 2 0
2645 2 0 0 2 0
2646 2 0 0 2 0
2647 2 0 0 2 0
2648 2 0 0 2 0
2649 2 0 0 2 0
2650 2 0 0 2 0
2651 2 0 0 2 0
2652 2 0 0 2 0
2653 2 0 0 2 0
2654 2 0 0 2 0
2655 2 0 0 2 0
2656 2 0 0 2 0
2657 2 0 0 2 0
2658 2 0 0 2 0
2659 2 0 0 2 0
2660 2 0 0 2 0
2661 2 0 0 2 0
2662 2 0 0 2 0
2663 2 0 0 2 0
2664 2 0 0 2 0
2665 2 0 0 2 0
2666 2 0 0 2 0
2667 2 0 0 2 0
2668 2 0 0 2 0
2669 2 0 0 2 0
2670 2 0 2 0 0
2671 2 0 2 0 0
2672 2 0 2 0 0
2673 2 0 2 0 0
2674 2 0 2 0 0
2675 2 0 2 0 0
2676 2 0 2 0 0
2677 2 0 2 0 0
2678 2 0 2 0 0
2679 2 0 2 0 0
2680 2 0 2 0 0
2681 2 0 2 0 0
2682 2 0 2 0 0
2683 2 0 2 0 0
2684 2 0 2 0 0
2685 2 0 2 0 0
2686 2 0 2 0 0
2687 2 0 2 0 0
2688 2 0 2 0 0
2689 2 0 2 0 0
2690 0 0 2 0 0
2691 0 0 2 0 0
2692 0 0 2 0 0
2693 0 0 2 0 0
2694 0 0 2 0 0
2695 0 0 2 0 0
2696 0 0 2 0 0
2697 0 0 2 0 0
2698 0 0 2 0 0
2699 0 0 2 0 0
2700 0 0 2 0 0
2701 0 0 2 0 0
2702 0 0 2 0 0
2703 0 0 2 0 0
2704 0 0 2 0 0
2705 0 0 2 0 0
2706 0 0 2 0 0
2707 0 0 2 0 0
2708 0 0 2 0 0
2709 0 0 2 0 0
2710 0 0 2 0 0
2711 0 0 2 0 0
2712 0 0 2 0 0
2713 0 0 2 0 0
2714 0 0 2 0 0
2715 0 0 2 0 0
2716 0 0 2 0 0
2717 0 0 2 0 0
2718 0 0 2 0 0
2719 0 0 2 0 0
2720 0 0 2 0 0
2721 0 0 2 0 0
2722 0 0 2 0 0
2723 0 0 2 0 0
2724 0 0 2 0 0
2725 0 0 2 0 0
2726 0 0 2 0 0
2727 0 0 2 0 0
2728 0 0 2 0 0
2729 0 0 2 0 0
2730 0 0 2 0 0
2731 0 0 2 0 0
2732 0 0 2 0 0
2733 0 0 2 0 0
2734 0 0 2 0 0
2735 0 0 2 0 0
2736 0 0 2 0 0
2737 0 0 2 0 0
2738 0 0 2 0 0
2739 0 0 2 0 0
2740 0 0 2 0 0
2741 0 0 2 0 0
2742 0 0 2 0 0
2743 0 0 2 0 0
2744 0 0 2 0 0
2745 0 0 2 0 0
2746 0 0 2 0 0
2747 0 0 2 0 0
2748 0 0 2 0 0
2749 0 0 2 0 0
2750 0 0 2 0 0
2751 0 0 2 0 0
2752 0 0 2 0 0
2753 0 0 2 0 0
2754 0 0 2 0 0
2755 0 0 2 0 0
2756 0 0 2 0 0
2757 0 0 2 0 0
2758 0 0 2 0 0
2759 0 0 2 0 0
2760 0 0 2 0 1
2761 0 0 2 0 1
2762 0 0 2 0 1
2763 0 0 2 0 1
2764 0 0 2 0 1
2765 0 0 2 0 1
2766 0 0 2 0 1
2767 0 0 2 0 1
2768 0 0 2 0 1
2769 0 0 2 0 1
2770 0 0 2 0 2
2771 0 0 2 0 2
2772 0 0 2 0 2
2773 0 0 2 0 2
2774 0 0 2 0 2
2775 0 0 2 0 2
2776 0 0 2 0 2
2777 0 0 2 0 2
2778 0 0 2 0 2
2779 0 0 2 0 2
2780 0 0 2 0 2
2781 0 0 2 0 2
2782 0 0 2 0 2
2783 0 0 2 0 2
2784 0 0 2 0 2
2785 0 0 2 0 2
2786 0 0 2 0 2
2787 0 0 2 0 2
2788 0 0 2 0 2
2789 0 0 2 0 2
2790 0 0 2 0 2
2791 0 0 2 0 2
2792 0 0 2 0 2
2793 0 0 2 0 2
2794 0 0 2 0 2
2795 0 0 2 0 2
2796 0 0 2 0 2
2797 0 0 2 0 2
2798 0 0 2 0 2
2799 0 0 2 0 2
2800 0 0 2 0 2
2801 0 0 2 0 2
2802 0 0 2 0 2
2803 0 0 2 0 2
2804 0 0 2 0 2
2805 0 0 2 0 2
2806 0 0 2 0 2
2807 0 0 2 0 2
2808 0 0 2 0 2
2809 0 0 2 0 2
2810 0 0 2 0 2
2811 0 0 2 0 2
2812 0 0 2 0 2
2813 0 0 2 0 2
2814 0 0 2 0 2
2815 0 0 2 0 2
2816 0 0 2 0 2
2817 0 0 2 0 2
2818 0 0 2 0 2
2819 0 0 2 0 2
2820 0 0 2 0 2
2821 0 0 2 0 2
2822 0 0 2 0 2
2823 0 0 2 0 2
2824 0 0 2 0 2
2825 0 0 2 0 2
2826 0 0 2 0 2
2827 0 0 2 0 2
2828 0 0 2 0 2
2829 0 0 2 0 2
2830 0 0 2 0 2
2831 0 0 2 0 2
2832 0 0 2 0 2
2833 0 0 2 0 2
2834 0 0 2 0 2
2835 0 0 2 0 2
2836 0 0 2 0 2
2837 0 0 2 0 2
2838 0 0 2 0 2
2839 0 0 2 0 2
2840 0 0 2 0 2
2841 0 0 2 0 2
2842 0 0 2 0 2
2843 0 0 2 0 2
2844 0 0 2 0 2
2845 0 0 2 0 2
2846 0 0 2 0 2
2847 0 0 2 0 2
2848 0 0 2 0 2
2849 0 0 2 0 2
2850 0 0 2 0 2
2851 0 0 2 0 2
2852 0 0 2 0 2
2853 0 0 2 0 2
2854 0 0 2 0 2
2855 0 0 2 0 2
2856 0 0 2 0 2
2857 0 0 2 0 2
2858 0 0 2 0 2
2859 0 0 2 0 2
2860 0 0 2 0 2
2861 0 0 2 0 2
2862 0 0 2 0 2
2863 0 0 2 0 2
2864 0 0 2 0 2
2865 0 0 2 0 2
2866 0 0 2 0 2
2867 0 0 2 0 2
2868 0 0 2 0 2
2869 0 0 2 0 2
2870 0 0 2 0 2
2871 0 0 2 0 2
2872 0 0 2 0 2
2873 0 0 2 0 2
2874 0 0 2 0 2
2875 0 0 2 0 2
2876 0 0 2 0 2
2877 0 0 2 0 2
2878 0 0 2 0 2
2879 0 0 2 0 2
2880 0 0 2 0 2
2881 0 0 2 0 2
2882 0 0 2 0 2
2883 0 0 2 0 2
2884 0 0 2 0 2
2885 0 0 2 0 2
2886 0 0 2 0 2
2887 0 0 2 0 2
2888 0 0 2 0 2
2889 0 0 2 0 2
2890 0 0 2 0 2
2891 0 0 2 0 2
2892 0 0 2 0 2
2893 0 0 2 0 2
2894 0 0 2 0 2
2895 0 0 2 0 2
2896 0 0 2 0 2
2897 0 0 2 0 2
2898 0 0 2 0 2
2899 0 0 2 0 2
2900 0 0 2 0 2
2901 0 0 2 0 2
2902 0 0 2 0 2
2903 0 0 2 0 2
2904 0 0 2 0 2
2905 0 0 2 0 2
2906 0 0 2 0 2
2907 0 0 2 0 2
2908 0 0 2 0 2
2909 0 0 2 0 2
2910 0 0 2 0 2
2911 0 0 2 0 2
2912 0 0 2 0 2
2913 0 0 2 0 2
2914 0 0 2 0 2
2915 0 0 2 0 2
2916 0 0 2 0 2
2917 0 0 2 0 2
2918 0 0 2 0 2
2919 0 0 2 0 2
2920 0 0 2 0 2
2921 0 0 2 0 2
2922 0 0 2 0 2
2923 0 0 2 0 2
2924 0 0 2 0 2
2925 0 0 2 0 2
2926 0 0 2 0 2
2927 0 0 2 0 2
2928 0 0 2 0 2
2929 0 0 2 0 2
2930 0 0 2 0 2
2931 0 0 2 0 2
2932 0 0 2 0 2
2933 0 0 2 0 2
2934 0 0 2 0 2
2935 0 0 2 0 2
2936 0 0 2 0 2
2937 0 0 2 0 2
2938 0 0 2 0 2
2939 0 0 2 0 2
2940 0 0 2 0 2
2941 0 0 2 0 2
2942 0 0 2 0 2
2943 0 0 2 0 2
2944 0 0 2 0 2
2945 0 0 2 0 2
2946 0 0 2 0 2
2947 0 0 2 0 2
2948 0 0 2 0 2
2949 0 0 2 0 2
2950 0 0 2 0 2
2951 0 0 2 0 2
2952 0 0 2 0 2
2953 0 0 2 0 2
2954 0 0 2 0 2
2955 0 0 2 0 2
2956 0 0 2 0 2
2957 0 0 2 0 2
2958 0 0 2 0 2
2959 0 0 2 0 2
2960 0 2 2 0 2
2961 0 2 2 0 2
2962 0 2 2 0 2
2963 0 2 2 0 2
2964 0 2 2 0 2
2965 0 2 2 0 2
2966 0 2 2 0 2
2967 0 2 2 0 2
2968 0 2 2 0 2
2969 0 2 2 0 2
2970 2 0 2 0 2
2971 2 0 2 0 2
2972 2 0 2 0 2
2973 2 0 2 0 2
2974 2 0 2 0 2
2975 2 0 2 0 2
2976 2 0 2 0 2
2977 2 0 2 0 2
2978 2 0 2 0 2
2979 2 0 2 0 2
2980 2 0 2 0 2
2981 2 0 2 0 2
2982 2 0 2 0 2
2983 2 0 2 0 2
2984 2 0 2 0 2
2985 2 0 2 0 2
2986 2 0 2 0 2
2987 2 0 2 0 2
2988 2 0 2 0 2
2989 2 0 2 0 2
2990 2 0 2 0 2
2991 2 0 2 0 2
2992 2 0 2 0 2
2993 2 0 2 0 2
2994 2 0 2 0 2
2995 2 0 2 0 2
2996 2 0 2 0 2
2997 2 0 2 0 2
2998 2 0 2 0 2
2999 2 0 2 0 2
3000 2 0 0 2 2
3001 2 0 0 2 2
3002 2 0 0 2 2
3003 2 0 0 2 2
3004 2 0 0 2 2
3005 2 0 0 2 2
3006 2 0 0 2 2
3007 2 0 0 2 2
3008 2 0 0 2 2
3009 2 0 0 2 2
3010 2 0 0 0 2
3011 2 0 0 0 2
3012 2 0 0 0 2
3013 2 0 0 0 2
3014 2 0 0 0 2
3015 2 0 0 0 2
3016 2 0 0 0 2
3017 2 0 0 0 2
3018 2 0 0 0 2
3019 2 0 0 0 2
3020 2 0 0 0 2
3021 2 0 0 0 2
3022 2 0 0 0 2
3023 2 0 0 0 2
3024 2 0 0 0 2
3025 2 0 0 0 2
3026 2 0 0 0 2
3027 2 0 0 0 2
3028 2 0 0 0 2
3029 2 0 0 0 2
3030 2 0 0 0 2
3031 2 0 0 0 2
3032 2 0 0 0 2
3033 2 0 0 0 2
3034 2 0 0 0 2
3035 2 0 0 0 2
3036 2 0 0 0 2
3037 2 0 0 0 2
3038 2 0 0 0 2
3039 2 0 0 0 2
3040 2 0 0 0 2
3041 2 0 0 0 2
3042 2 0 0 0 2
3043 2 0 0 0 2
3044 2 0 0 0 2
3045 2 0 0 0 2
3046 2 0 0 0 2
3047 2 0 0 0 2
3048 2 0 0 0 2
3049 2 0 0 0 2
3050 2 0 0 0 2
3051 2 0 0 0 2
3052 2 0 0 0 2
3053 2 0 0 0 2
3054 2 0 0 0 2
3055 2 0 0 0 2
3056 2 0 0 0 2
3057 2 0 0 0 2
3058 2 0 0 0 2
3059 2 0 0 0 2
3060 2 0 0 0 0
3061 2 0 0 0 0
3062 2 0 0 0 0
3063 2 0 0 0 0
3064 2 0 0 0 0
3065 2 0 0 0 0
3066 2 0 0 0 0
3067 2 0 0 0 0
3068 2 0 0 0 0
3069 2 0 0 0 0
3070 2 0 0 0 0
3071 2 0 0 0 0
3072 2 0 0 0 0
3073 2 0 0 0 0
3074 2 0 0 0 0
3075 2 0 0 0 0
3076 2 0 0 0 0
3077 2 0 0 0 0
3078 2 0 0 0 0
3079 2 0 0 0 0
3080 2 0 0 0 0
3081 2 0 0 0 0
3082 2 0 0 0 0
3083 2 0 0 0 0
3084 2 0 0 0 0
3085 2 0 0 0 0
3086 2 0 0 0 0
3087 2 0 0 0 0
3088 2 0 0 0 0
3089 2 0 0 0 0
3090 2 0 0 0 0
3091 2 0 0 0 0
3092 2 0 0 0 0
3093 2 0 0 0 0
3094 2 0 0 0 0
3095 2 0 0 0 0
3096 2 0 0 0 0
3097 2 0 0 0 0
3098 2 0 0 0 0
3099 2 0 0 0 0
3100 2 0 0 0 0
3101 2 0 0 0 0
3102 2 0 0 0 0
3103 2 0 0 0 0
3104 2 0 0 0 0
3105 2 0 0 0 0
3106 2 0 0 0 0
3107 2 0 0 0 0
3108 2 0 0 0 0
3109 2 0 0 0 0
3110 2 0 0 0 0
3111 2 0 0 0 0
3112 2 0 0 0 0
3113 2 0 0 0 0
3114 2 0 0 0 0
3115 2 0 0 0 0
3116 2 0 0 0 0
3117 2 0 0 0 0
3118 2 0 0 0 0
3119 2 0 0 0 0
3120 2 0 0 0 0
3121 2 0 0 0 0
3122 2 0 0 0 0
3123 2 0 0 0 0
3124 2 0 0 0 0
3125 2 0 0 0 0
3126 2 0 0 0 0
3127 2 0 0 0 0
3128 2 0 0 0 0
3129 2 0 0 0 0
3130 2 0 0 0 0
3131 2 0 0 0 0
3132 2 0 0 0 0
3133 2 0 0 0 0
3134 2 0 0 0 0
3135 2 0 0 0 0
3136 2 0 0 0 0
3137 2 0 0 0 0
3138 2 0 0 0 0
3139 2 0 0 0 0
3140 2 0 0 0 0
3141 2 0 0 0 0
3142 2 0 0 0 0
3143 2 0 0 0 0
3144 2 0 0 0 0
3145 2 0 0 0 0
3146 2 0 0 0 0
3147 2 0 0 0 0
3148 2 0 0 0 0
3149 2 0 0 0 0
3150 2 0 0 0 0
3151 2 0 0 0 0
3152 2 0 0 0 0
3153 2 0 0 0 0
3154 2 0 0 0 0
3155 2 0 0 0 0
3156 2 0 0 0 0
3157 2 0 0 0 0
3158 2 0 0 0 0
3159 2 0 0 0 0
3160 2 0 0 0 0
3161 2 0 0 0 0
3162 2 0 0 0 0
3163 2 0 0 0 0
3164 2 0 0 0 0
3165 2 0 0 0 0
3166 2 0 0 0 0
3167 2 0 0 0 0
3168 2 0 0 0 0
3169 2 0 0 0 0
3170 2 0 0 0 0
3171 2 0 0 0 0
3172 2 0 0 0 0
3173 2 0 0 0 0
3174 2 0 0 0 0
3175 2 0 0 0 0
3176 2 0 0 0 0
3177 2 0 0 0 0
3178 2 0 0 0 0
3179 2 0 0 0 0
3180 2 0 0 0 0
3181 2 0 0 0 0
3182 2 0 0 0 0
3183 2 0 0 0 0
3184 2 0 0 0 0
3185 2 0 0 0 0
3186 2 0 0 0 0
3187 2 0 0 0 0
3188 2 0 0 0 0
3189 2 0 0 0 0
3190 2 0 0 0 0
3191 2 0 0 0 0
3192 2 0 0 0 0
3193 2 0 0 0 0
3194 2 0 0 0 0
3195 2 0 0 0 0
3196 2 0 0 0 0
3197 2 0 0 0 0
3198 2 0 0 0 0
3199 2 0 0 0 0
3200 2 0 0 0 0
3201 2 0 0 0 0
3202 2 0 0 0 0
3203 2 0 0 0 0
3204 2 0 0 0 0
3205 2 0 0 0 0
3206 2 0 0 0 0
3207 2 0 0 0 0
3208 2 0 0 0 0
3209 2 0 0 0 0
3210 2 0 0 0 0
3211 2 0 0 0 0
3212 2 0 0 0 0
3213 2 0 0 0 0
3214 2 0 0 0 0
3215 2 0 0 0 0
3216 2 0 0 0 0
3217 2 0 0 0 0
3218 2 0 0 0 0
3219 2 0 0 0 0
3220 2 0 0 0 0
3221 2 0 0 0 0
3222 2 0 0 0 0
3223 2 0 0 0 0
3224 2 0 0 0 0
3225 2 0 0 0 0
3226 2 0 0 0 0
3227 2 0 0 0 0
3228 2 0 0 0 0
3229 2 0 0 0 0
3230 2 0 0 0 0
3231 2 0 0 0 0
3232 2 0 0 0 0
3233 2 0 0 0 0
3234 2 0 0 0 0
3235 2 0 0 0 0
3236 2 0 0 0 0
3237 2 0 0 0 0
3238 2 0 0 0 0
3239 2 0 0 0 0
3240 2 0 0 0 0
3241 2 0 0 0 0
3242 2 0 0 0 0
3243 2 0 0 0 0
3244 2 0 0 0 0
3245 2 0 0 0 0
3246 2 0 0 0 0
3247 2 0 0 0 0
3248 2 0 0 0 0
3249 2 0 0 0 0
3250 2 0 0 0 0
3251 2 0 0 0 0
3252 2 0 0 0 0
3253 2 0 0 0 0
3254 2 0 0 0 0
3255 2 0 0 0 0
3256 2 0 0 0 0
3257 2 0 0 0 0
3258 2 0 0 0 0
3259 2 0 0 0 0
3260 2 0 0 0 0
3261 2 0 0 0 0
3262 2 0 0 0 0
3263 2 0 0 0 0
3264 2 0 0 0 0
3265 2 0 0 0 0
3266 2 0 0 0 0
3267 2 0 0 0 0
3268 2 0 0 0 0
3269 2 0 0 0 0
3270 2 0 0 0 0
3271 2 0 0 0 0
3272 2 0 0 0 0
3273 2 0 0 0 0
3274 2 0 0 0 0
3275 2 0 0 0 0
3276 2 0 0 0 0
3277 2 0 0 0 0
3278 2 0 0 0 0
3279 2 0 0 0 0
3280 2 0 0 0 0
3281 2 0 0 0 0
3282 2 0 0 0 0
3283 2 0 0 0 0
3284 2 0 0 0 0
3285 2 0 0 0 0
3286 2 0 0 0 0
3287 2 0 0 0 0
3288 2 0 0 0 0
3289 2 0 0 0 0
3290 2 0 0 2 0
3291 2 0 0 2 0
3292 2 0 0 2 0
3293 2 0 0 2 0
3294 2 0 0 2 0
3295 2 0 0 2 0
3296 2 0 0 2 0
3297 2 0 0 2 0
3298 2 0 0 2 0
3299 2 0 0 2 0
3300 2 0 2 0 0
3301 2 0 2 0 0
3302 2 0 2 0 0
3303 2 0 2 0 0
3304 2 0 2 0 0
3305 2 0 2 0 0
3306 2 0 2 0 0
3307 2 0 2 0 0
3308 2 0 2 0 0
3309 2 0 2 0 0
3310 0 2 2 0 0
3311 0 2 2 0 0
3312 0 2 2 0 0
3313 0 2 2 0 0
3314 0 2 2 0 0
3315 0 2 2 0 0
3316 0 2 2 0 0
3317 0 2 2 0 0
3318 0 2 2 0 0
3319 0 2 2 0 0
3320 0 0 2 0 0
3321 0 0 2 0 0
3322 0 0 2 0 0
3323 0 0 2 0 0
3324 0 0 2 0 0
3325 0 0 2 0 0
3326 0 0 2 0 0
3327 0 0 2 0 0
3328 0 0 2 0 0
3329 0 0 2 0 0
3330 0 0 2 0 0
3331 0 0 2 0 0
3332 0 0 2 0 0
3333 0 0 2 0 0
3334 0 0 2 0 0
3335 0 0 2 0 0
3336 0 0 2 0 0
3337 0 0 2 0 0
3338 0 0 2 0 0
3339 0 0 2 0 0
3340 0 0 2 0 0
3341 0 0 2 0 0
3342 0 0 2 0 0
3343 0 0 2 0 0
3344 0 0 2 0 0
3345 0 0 2 0 0
3346 0 0 2 0 0
3347 0 0 2 0 0
3348 0 0 2 0 0
3349 0 0 2 0 0
3350 0 0 2 0 0
3351 0 0 2 0 0
3352 0 0 2 0 0
3353 0 0 2 0 0
3354 0 0 2 0 0
3355 0 0 2 0 0
3356 0 0 2 0 0
3357 0 0 2 0 0
3358 0 0 2 0 0
3359 0 0 2 0 0
3360 0 0 2 0 0
3361 0 0 2 0 0
3362 0 0 2 0 0
3363 0 0 2 0 0
3364 0 0 2 0 0
3365 0 0 2 0 0
3366 0 0 2 0 0
3367 0 0 2 0 0
3368 0 0 2 0 0
3369 0 0 2 0 0
3370 0 0 2 0 0
3371 0 0 2 0 0
3372 0 0 2 0 0
3373 0 0 2 0 0
3374 0 0 2 0 0
3375 0 0 2 0 0
3376 0 0 2 0 0
3377 0 0 2 0 0
3378 0 0 2 0 0
3379 0 0 2 0 0
3380 0 0 2 0 0
3381 0 0 2 0 0
3382 0 0 2 0 0
3383 0 0 2 0 0
3384 0 0 2 0 0
3385 0 0 2 0 0
3386 0 0 2 0 0
3387 0 0 2 0 0
3388 0 0 2 0 0
3389 0 0 2 0 0
3390 0 0 2 0 0
3391 0 0 2 0 0
3392 0 0 2 0 0
3393 0 0 2 0 0
3394 0 0 2 0 0
3395 0 0 2 0 0
3396 0 0 2 0 0
3397 0 0 2 0 0
3398 0 0 2 0 0
3399 0 0 2 0 0
3400 0 0 2 0 1
3401 0 0 2 0 1
3402 0 0 2 0 1
3403 0 0 2 0 1
3404 0 0 2 0 1
3405 0 0 2 0 1
3406 0 0 2 0 1
3407 0 0 2 0 1
3408 0 0 2 0 1
3409 0 0 2 0 1
3410 0 0 2 0 1
3411 0 0 2 0 1
3412 0 0 2 0 1
3413 0 0 2 0 1
3414 0 0 2 0 1
3415 0 0 2 0 1
3416 0 0 2 0 1
3417 0 0 2 0 1
3418 0 0 2 0 1
3419 0 0 2 0 1
3420 0 0 2 0 1
3421 0 0 2 0 1
3422 0 0 2 0 1
3423 0 0 2 0 1
3424 0 0 2 0 1
3425 0 0 2 0 1
3426 0 0 2 0 1
3427 0 0 2 0 1
3428 0 0 2 0 1
3429 0 0 2 0 1
3430 0 0 2 0 1
3431 0 0 2 0 1
3432 0 0 2 0 1
3433 0 0 2 0 1
3434 0 0 2 0 1
3435 0 0 2 0 1
3436 0 0 2 0 1
3437 0 0 2 0 1
3438 0 0 2 0 1
3439 0 0 2 0 1
3440 0 0 2 0 1
3441 0 0 2 0 1
3442 0 0 2 0 1
3443 0 0 2 0 1
3444 0 0 2 0 1
3445 0 0 2 0 1
3446 0 0 2 0 1
3447 0 0 2 0 1
3448 0 0 2 0 1
3449 0 0 2 0 1
3450 0 0 2 0 0
3451 0 0 2 0 0
3452 0 0 2 0 0
3453 0 0 2 0 0
3454 0 0 2 0 0
3455 0 0 2 0 0
3456 0 0 2 0 0
3457 0 0 2 0 0
3458 0 0 2 0 0
3459 0 0 2 0 0
3460 0 0 2 0 0
3461 0 0 2 0 0
3462 0 0 2 0 0
3463 0 0 2 0 0
3464 0 0 2 0 0
3465 0 0 2 0 0
3466 0 0 2 0 0
3467 0 0 2 0 0
3468 0 0 2 0 0
3469 0 0 2 0 0
3470 0 3 2 0 0
3471 0 3 2 0 0
3472 0 3 2 0 0
3473 0 3 2 0 0
3474 0 3 2 0 0
3475 0 3 2 0 0
3476 0 3 2 0 0
3477 0 3 2 0 0
3478 0 3 2 0 0
3479 0 3 2 0 0
3480 0 3 2 0 0
3481 0 3 2 0 0
3482 0 3 2 0 0
3483 0 3 2 0 0
3484 0 3 2 0 0
3485 0 3 2 0 0
3486 0 3 2 0 0
3487 0 3 2 0 0
3488 0 3 2 0 0
3489 0 3 2 0 0
3490 0 3 2 0 0
3491 0 3 2 0 0
3492 0 3 2 0 0
3493 0 3 2 0 0
3494 0 3 2 0 0
3495 0 3 2 0 0
3496 0 3 2 0 0
3497 0 3 2 0 0
3498 0 3 2 0 0
3499 0 3 2 0 0
3500 0 0 2 0 0
3501 0 0 2 0 0
3502 0 0 2 0 0
3503 0 0 2 0 0
3504 0 0 2 0 0
3505 0 0 2 0 0
3506 0 0 2 0 0
3507 0 0 2 0 0
3508 0 0 2 0 0
3509 0 0 2 0 0
3510 0 0 2 0 0
3511 0 0 2 0 0
3512 0 0 2 0 0
3513 0 0 2 0 0
3514 0 0 2 0 0
3515 0 0 2 0 0
3516 0 0 2 0 0
3517 0 0 2 0 0
3518 0 0 2 0 0
3519 0 0 2 0 0
3520 0 0 2 0 0
3521 0 0 2 0 0
3522 0 0 2 0 0
3523 0 0 2 0 0
3524 0 0 2 0 0
3525 0 0 2 0 0
3526 0 0 2 0 0
3527 0 0 2 0 0
3528 0 0 2 0 0
3529 0 0 2 0 0
3530 0 0 2 0 0
3531 0 0 2 0 0
3532 0 0 2 0 0
3533 0 0 2 0 0
3534 0 0 2 0 0
3535 0 0 2 0 0
3536 0 0 2 0 0
3537 0 0 2 0 0
3538 0 0 2 0 0
3539 0 0 2 0 0
3540 0 0 2 0 0
3541 0 0 2 0 0
3542 0 0 2 0 0
3543 0 0 2 0 0
3544 0 0 2 0 0
3545 0 0 2 0 0
3546 0 0 2 0 0
3547 0 0 2 0 0
3548 0 0 2 0 0
3549 0 0 2 0 0
3550 0 3 2 0 0
3551 0 3 2 0 0
3552 0 3 2 0 0
3553 0 3 2 0 0
3554 0 3 2 0 0
3555 0 3 2 0 0
3556 0 3 2 0 0
3557 0 3 2 0 0
3558 0 3 2 0 0
3559 0 3 2 0 0
3560 0 3 2 0 0
3561 0 3 2 0 0
3562 0 3 2 0 0
3563 0 3 2 0 0
3564 0 3 2 0 0
3565 0 3 2 0 0
3566 0 3 2 0 0
3567 0 3 2 0 0
3568 0 3 2 0 0
3569 0 3 2 0 0
3570 0 3 2 0 0
3571 0 3 2 0 0
3572 0 3 2 0 0
3573 0 3 2 0 0
3574 0 3 2 0 0
3575 0 3 2 0 0
3576 0 3 2 0 0
3577 0 3 2 0 0
3578 0 3 2 0 0
3579 0 3 2 0 0
3580 0 3 2 0 0
3581 0 3 2 0 0
3582 0 3 2 0 0
3583 0 3 2 0 0
3584 0 3 2 0 0
3585 0 3 2 0 0
3586 0 3 2 0 0
3587 0 3 2 0 0
3588 0 3 2 0 0
3589 0 3 2 0 0
3590 0 3 2 0 0
3591 0 3 2 0 0
3592 0 3 2 0 0
3593 0 3 2 0 0
3594 0 3 2 0 0
3595 0 3 2 0 0
3596 0 3 2 0 0
3597 0 3 2 0 0
3598 0 3 2 0 0
3599 0 3 2 0 0
3600 0 3 2 0 0
3601 0 3 2 0 0
3602 0 3 2 0 0
3603 0 3 2 0 0
3604 0 3 2 0 0
3605 0 3 2 0 0
3606 0 3 2 0 0
3607 0 3 2 0 0
3608 0 3 2 0 0
3609 0 3 2 0 0
3610 0 3 2 0 0
3611 0 3 2 0 0
3612 0 3 2 0 0
3613 0 3 2 0 0
3614 0 3 2 0 0
3615 0 3 2 0 0
3616 0 3 2 0 0
3617 0 3 2 0 0
3618 0 3 2 0 0
3619 0 3 2 0 0
3620 0 3 2 0 0
3621 0 3 2 0 0
3622 0 3 2 0 0
3623 0 3 2 0 0
3624 0 3 2 0 0
3625 0 3 2 0 0
3626 0 3 2 0 0
3627 0 3 2 0 0
3628 0 3 2 0 0
3629 0 3 2 0 0
3630 0 3 2 0 0
3631 0 3 2 0 0
3632 0 3 2 0 0
3633 0 3 2 0 0
3634 0 3 2 0 0
3635 0 3 2 0 0
3636 0 3 2 0 0
3637 0 3 2 0 0
3638 0 3 2 0 0
3639 0 3 2 0 0
3640 0 3 2 0 0
3641 0 3 2 0 0
3642 0 3 2 0 0
3643 0 3 2 0 0
3644 0 3 2 0 0
3645 0 3 2 0 0
3646 0 3 2 0 0
3647 0 3 2 0 0
3648 0 3 2 0 0
3649 0 3 2 0 0
3650 0 3 2 0 0
3651 0 3 2 0 0
3652 0 3 2 0 0
3653 0 3 2 0 0
3654 0 3 2 0 0
3655 0 3 2 0 0
3656 0 3 2 0 0
3657 0 3 2 0 0
3658 0 3 2 0 0
3659 0 3 2 0 0
3660 0 3 2 0 0
3661 0 3 2 0 0
3662 0 3 2 0 0
3663 0 3 2 0 0
3664 0 3 2 0 0
3665 0 3 2 0 0
3666 0 3 2 0 0
3667 0 3 2 0 0
3668 0 3 2 0 0
3669 0 3 2 0 0
3670 0 3 2 0 0
3671 0 3 2 0 0
3672 0 3 2 0 0
3673 0 3 2 0 0
3674 0 3 2 0 0
3675 0 3 2 0 0
3676 0 3 2 0 0
3677 0 3 2 0 0
3678 0 3 2 0 0
3679 0 3 2 0 0
3680 0 3 2 0 0
3681 0 3 2 0 0
3682 0 3 2 0 0
3683 0 3 2 0 0
3684 0 3 2 0 0
3685 0 3 2 0 0
3686 0 3 2 0 0
3687 0 3 2 0 0
3688 0 3 2 0 0
3689 0 3 2 0 0
3690 0 3 2 0 1
3691 0 3 2 0 1
3692 0 3 2 0 1
3693 0 3 2 0 1
3694 0 3 2 0 1
3695 0 3 2 0 1
3696 0 3 2 0 1
3697 0 3 2 0 1
3698 0 3 2 0 1
3699 0 3 2 0 1
3700 0 3 2 0 1
3701 0 3 2 0 1
3702 0 3 2 0 1
3703 0 3 2 0 1
3704 0 3 2 0 1
3705 0 3 2 0 1
3706 0 3 2 0 1
3707 0 3 2 0 1
3708 0 3 2 0 1
3709 0 3 2 0 1
3710 0 3 2 0 1
3711 0 3 2 0 1
3712 0 3 2 0 1
3713 0 3 2 0 1
3714 0 3 2 0 1
3715 0 3 2 0 1
3716 0 3 2 0 1
3717 0 3 2 0 1
3718 0 3 2 0 1
3719 0 3 2 0 1
3720 0 3 2 0 1
3721 0 3 2 0 1
3722 0 3 2 0 1
3723 0 3 2 0 1
3724 0 3 2 0 1
3725 0 3 2 0 1
3726 0 3 2 0 1
3727 0 3 2 0 1
3728 0 3 2 0 1
3729 0 3 2 0 1
3730 0 3 2 0 1
3731 0 3 2 0 1
3732 0 3 2 0 1
3733 0 3 2 0 1
3734 0 3 2 0 1
3735 0 3 2 0 1
3736 0 3 2 0 1
3737 0 3 2 0 1
3738 0 3 2 0 1
3739 0 3 2 0 1
3740 0 3 2 0 2
3741 0 3 2 0 2
3742 0 3 2 0 2
3743 0 3 2 0 2
3744 0 3 2 0 2
3745 0 3 2 0 2
3746 0 3 2 0 2
3747 0 3 2 0 2
3748 0 3 2 0 2
3749 0 3 2 0 2
3750 0 3 2 0 2
3751 0 3 2 0 2
3752 0 3 2 0 2
3753 0 3 2 0 2
3754 0 3 2 0 2
3755 0 3 2 0 2
3756 0 3 2 0 2
3757 0 3 2 0 2
3758 0 3 2 0 2
3759 0 3 2 0 2
3760 0 3 2 0 2
3761 0 3 2 0 2
3762 0 3 2 0 2
3763 0 3 2 0 2
3764 0 3 2 0 2
3765 0 3 2 0 2
3766 0 3 2 0 2
3767 0 3 2 0 2
3768 0 3 2 0 2
3769 0 3 2 0 2
3770 0 3 2 0 2
3771 0 3 2 0 2
3772 0 3 2 0 2
3773 0 3 2 0 2
3774 0 3 2 0 2
3775 0 3 2 0 2
3776 0 3 2 0 2
3777 0 3 2 0 2
3778 0 3 2 0 2
3779 0 3 2 0 2
3780 0 3 2 0 2
3781 0 3 2 0 2
3782 0 3 2 0 2
3783 0 3 2 0 2
3784 0 3 2 0 2
3785 0 3 2 0 2
3786 0 3 2 0 2
3787 0 3 2 0 2
3788 0 3 2 0 2
3789 0 3 2 0 2
3790 0 3 2 0 2
3791 0 3 2 0 2
3792 0 3 2 0 2
3793 0 3 2 0 2
3794 0 3 2 0 2
3795 0 3 2 0 2
3796 0 3 2 0 2
3797 0 3 2 0 2
3798 0 3 2 0 2
3799 0 3 2 0 2
3800 0 3 2 0 2
3801 0 3 2 0 2
3802 0 3 2 0 2
3803 0 3 2 0 2
3804 0 3 2 0 2
3805 0 3 2 0 2
3806 0 3 2 0 2
3807 0 3 2 0 2
3808 0 3 2 0 2
3809 0 3 2 0 2
3810 0 3 2 0 2
3811 0 3 2 0 2
3812 0 3 2 0 2
3813 0 3 2 0 2
3814 0 3 2 0 2
3815 0 3 2 0 2
3816 0 3 2 0 2
3817 0 3 2 0 2
3818 0 3 2 0 2
3819 0 3 2 0 2
3820 0 3 2 0 2
3821 0 3 2 0 2
3822 0 3 2 0 2
3823 0 3 2 0 2
3824 0 3 2 0 2
3825 0 3 2 0 2
3826 0 3 2 0 2
3827 0 3 2 0 2
3828 0 3 2 0 2
3829 0 3 2 0 2
3830 0 3 2 0 2
3831 0 3 2 0 2
3832 0 3 2 0 2
3833 0 3 2 0 2
3834 0 3 2 0 2
3835 0 3 2 0 2
3836 0 3 2 0 2
3837 0 3 2 0 2
3838 0 3 2 0 2
3839 0 3 2 0 2
3840 0 0 2 0 2
3841 0 0 2 0 2
3842 0 0 2 0 2
3843 0 0 2 0 2
3844 0 0 2 0 2
3845 0 0 2 0 2
3846 0 0 2 0 2
3847 0 0 2 0 2
3848 0 0 2 0 2
3849 0 0 2 0 2
3850 0 0 2 0 2
3851 0 0 2 0 2
3852 0 0 2 0 2
3853 0 0 2 0 2
3854 0 0 2 0 2
3855 0 0 2 0 2
3856 0 0 2 0 2
3857 0 0 2 0 2
3858 0 0 2 0 2
3859 0 0 2 0 2
3860 0 0 2 0 2
3861 0 0 2 0 2
3862 0 0 2 0 2
3863 0 0 2 0 2
3864 0 0 2 0 2
3865 0 0 2 0 2
3866 0 0 2 0 2
3867 0 0 2 0 2
3868 0 0 2 0 2
3869 0 0 2 0 2
3870 0 0 2 0 2
3871 0 0 2 0 2
3872 0 0 2 0 2
3873 0 0 2 0 2
3874 0 0 2 0 2
3875 0 0 2 0 2
3876 0 0 2 0 2
3877 0 0 2 0 2
3878 0 0 2 0 2
3879 0 0 2 0 2
3880 0 0 2 0 2
3881 0 0 2 0 2
3882 0 0 2 0 2
3883 0 0 2 0 2
3884 0 0 2 0 2
3885 0 0 2 0 2
3886 0 0 2 0 2
3887 0 0 2 0 2
3888 0 0 2 0 2
3889 0 0 2 0 2
3890 0 0 2 0 2
3891 0 0 2 0 2
3892 0 0 2 0 2
3893 0 0 2 0 2
3894 0 0 2 0 2
3895 0 0 2 0 2
3896 0 0 2 0 2
3897 0 0 2 0 2
3898 0 0 2 0 2
3899 0 0 2 0 2
3900 0 0 2 0 2
3901 0 0 2 0 2
3902 0 0 2 0 2
3903 0 0 2 0 2
3904 0 0 2 0 2
3905 0 0 2 0 2
3906 0 0 2 0 2
3907 0 0 2 0 2
3908 0 0 2 0 2
3909 0 0 2 0 2
3910 0 0 2 0 2
3911 0 0 2 0 2
3912 0 0 2 0 2
3913 0 0 2 0 2
3914 0 0 2 0 2
3915 0 0 2 0 2
3916 0 0 2 0 2
3917 0 0 2 0 2
3918 0 0 2 0 2
3919 0 0 2 0 2
3920 0 0 2 0 2
3921 0 0 2 0 2
3922 0 0 2 0 2
3923 0 0 2 0 2
3924 0 0 2 0 2
3925 0 0 2 0 2
3926 0 0 2 0 2
3927 0 0 2 0 2
3928 0 0 2 0 2
3929 0 0 2 0 2
3930 0 0 2 0 2
3931 0 0 2 0 2
3932 0 0 2 0 2
3933 0 0 2 0 2
3934 0 0 2 0 2
3935 0 0 2 0 2
3936 0 0 2 0 2
3937 0 0 2 0 2
3938 0 0 2 0 2
3939 0 0 2 0 2
3940 0 0 2 0 2
3941 0 0 2 0 2
3942 0 0 2 0 2
3943 0 0 2 0 2
3944 0 0 2 0 2
3945 0 0 2 0 2
3946 0 0 2 0 2
3947 0 0 2 0 2
3948 0 0 2 0 2
3949 0 0 2 0 2
3950 0 0 2 0 2
3951 0 0 2 0 2
3952 0 0 2 0 2
3953 0 0 2 0 2
3954 0 0 2 0 2
3955 0 0 2 0 2
3956 0 0 2 0 2
3957 0 0 2 0 2
3958 0 0 2 0 2
3959 0 0 2 0 2
3960 0 0 2 0 2
3961 0 0 2 0 2
3962 0 0 2 0 2
3963 0 0 2 0 2
3964 0 0 2 0 2
3965 0 0 2 0 2
3966 0 0 2 0 2
3967 0 0 2 0 2
3968 0 0 2 0 2
3969 0 0 2 0 2
3970 0 0 2 0 2
3971 0 0 2 0 2
3972 0 0 2 0 2
3973 0 0 2 0 2
3974 0 0 2 0 2
3975 0 0 2 0 2
3976 0 0 2 0 2
3977 0 0 2 0 2
3978 0 0 2 0 2
3979 0 0 2 0 2
3980 0 0 2 0 2
3981 0 0 2 0 2
3982 0 0 2 0 2
3983 0 0 2 0 2
3984 0 0 2 0 2
3985 0 0 2 0 2
3986 0 0 2 0 2
3987 0 0 2 0 2
3988 0 0 2 0 2
3989 0 0 2 0 2
3990 0 0 2 0 2
3991 0 0 2 0 2
3992 0 0 2 0 2
3993 0 0 2 0 2
3994 0 0 2 0 2
3995 0 0 2 0 2
3996 0 0 2 0 2
3997 0 0 2 0 2
3998 0 0 2 0 2
3999 0 0 2 0 2
4000 0 0 2 0 2
4001 0 0 2 0 2
4002 0 0 2 0 2
4003 0 0 2 0 2
4004 0 0 2 0 2
4005 0 0 2 0 2
4006 0 0 2 0 2
4007 0 0 2 0 2
4008 0 0 2 0 2
4009 0 0 2 0 2
4010 0 0 2 0 2
4011 0 0 2 0 2
4012 0 0 2 0 2
4013 0 0 2 0 2
4014 0 0 2 0 2
4015 0 0 2 0 2
4016 0 0 2 0 2
4017 0 0 2 0 2
4018 0 0 2 0 2
4019 0 0 2 0 2
4020 0 0 2 0 2
4021 0 0 2 0 2
4022 0 0 2 0 2
4023 0 0 2 0 2
4024 0 0 2 0 2
4025 0 0 2 0 2
4026 0 0 2 0 2
4027 0 0 2 0 2
4028 0 0 2 0 2
4029 0 0 2 0 2
4030 0 0 2 0 0
4031 0 0 2 0 0
4032 0 0 2 0 0
4033 0 0 2 0 0
4034 0 0 2 0 0
4035 0 0 2 0 0
4036 0 0 2 0 0
4037 0 0 2 0 0
4038 0 0 2 0 0
4039 0 0 2 0 0
4040 0 0 2 0 0
4041 0 0 2 0 0
4042 0 0 2 0 0
4043 0 0 2 0 0
4044 0 0 2 0 0
4045 0 0 2 0 0
4046 0 0 2 0 0
4047 0 0 2 0 0
4048 0 0 2 0 0
4049 0 0 2 0 0
4050 0 0 2 0 0
4051 0 0 2 0 0
4052 0 0 2 0 0
4053 0 0 2 0 0
4054 0 0 2 0 0
4055 0 0 2 0 0
4056 0 0 2 0 0
4057 0 0 2 0 0
4058 0 0 2 0 0
4059 0 0 2 0 0
4060 0 0 2 0 0
4061 0 0 2 0 0
4062 0 0 2 0 0
4063 0 0 2 0 0
4064 0 0 2 0 0
4065 0 0 2 0 0
4066 0 0 2 0 0
4067 0 0 2 0 0
4068 0 0 2 0 0
4069 0 0 2 0 0
4070 0 0 2 0 0
4071 0 0 2 0 0
4072 0 0 2 0 0
4073 0 0 2 0 0
4074 0 0 2 0 0
4075 0 0 2 0 0
4076 0 0 2 0 0
4077 0 0 2 0 0
4078 0 0 2 0 0
4079 0 0 2 0 0
4080 0 0 2 0 0
4081 0 0 2 0 0
4082 0 0 2 0 0
4083 0 0 2 0 0
4084 0 0 2 0 0
4085 0 0 2 0 0
4086 0 0 2 0 0
4087 0 0 2 0 0
4088 0 0 2 0 0
4089 0 0 2 0 0
4090 0 0 2 0 0
4091 0 0 2 0 0
4092 0 0 2 0 0
4093 0 0 2 0 0
4094 0 0 2 0 0
4095 0 0 2 0 0
4096 0 0 2 0 0
4097 0 0 2 0 0
4098 0 0 2 0 0
4099 0 0 2 0 0
4100 0 0 2 0 0
4101 0 0 2 0 0
4102 0 0 2 0 0
4103 0 0 2 0 0
4104 0 0 2 0 0
4105 0 0 2 0 0
4106 0 0 2 0 0
4107 0 0 2 0 0
4108 0 0 2 0 0
4109 0 0 2 0 0
4110 0 0 2 0 0
4111 0 0 2 0 0
4112 0 0 2 0 0
4113 0 0 2 0 0
4114 0 0 2 0 0
4115 0 0 2 0 0
4116 0 0 2 0 0
4117 0 0 2 0 0
4118 0 0 2 0 0
4119 0 0 2 0 0
4120 0 0 2 0 0
4121 0 0 2 0 0
4122 0 0 2 0 0
4123 0 0 2 0 0
4124 0 0 2 0 0
4125 0 0 2 0 0
4126 0 0 2 0 0
4127 0 0 2 0 0
4128 0 0 2 0 0
4129 0 0 2 0 0
4130 0 0 2 0 0
4131 0 0 2 0 0
4132 0 0 2 0 0
4133 0 0 2 0 0
4134 0 0 2 0 0
4135 0 0 2 0 0
4136 0 0 2 0 0
4137 0 0 2 0 0
4138 0 0 2 0 0
4139 0 0 2 0 0
4140 0 0 2 0 0
4141 0 0 2 0 0
4142 0 0 2 0 0
4143 0 0 2 0 0
4144 0 0 2 0 0
4145 0 0 2 0 0
4146 0 0 2 0 0
4147 0 0 2 0 0
4148 0 0 2 0 0
4149 0 0 2 0 0
4150 0 0 2 0 0
4151 0 0 2 0 0
4152 0 0 2 0 0
4153 0 0 2 0 0
4154 0 0 2 0 0
4155 0 0 2 0 0
4156 0 0 2 0 0
4157 0 0 2 0 0
4158 0 0 2 0 0
4159 0 0 2 0 0
4160 0 0 2 0 0
4161 0 0 2 0 0
4162 0 0 2 0 0
4163 0 0 2 0 0
4164 0 0 2 0 0
4165 0 0 2 0 0
4166 0 0 2 0 0
4167 0 0 2 0 0
4168 0 0 2 0 0
4169 0 0 2 0 0
4170 0 0 2 0 0
4171 0 0 2 0 0
4172 0 0 2 0 0
4173 0 0 2 0 0
4174 0 0 2 0 0
4175 0 0 2 0 0
4176 0 0 2 0 0
4177 0 0 2 0 0
4178 0 0 2 0 0
4179 0 0 2 0 0
4180 0 2 2 0 0
4181 0 2 2 0 0
4182 0 2 2 0 0
4183 0 2 2 0 0
4184 0 2 2 0 0
4185 0 2 2 0 0
4186 0 2 2 0 0
4187 0 2 2 0 0
4188 0 2 2 0 0
4189 0 2 2 0 0
4190 2 0 2 0 0
4191 2 0 2 0 0
4192 2 0 2 0 0
4193 2 0 2 0 0
4194 2 0 2 0 0
4195 2 0 2 0 0
4196 2 0 2 0 0
4197 2 0 2 0 0
4198 2 0 2 0 0
4199 2 0 2 0 0
4200 2 0 2 0 0
4201 2 0 2 0 0
4202 2 0 2 0 0
4203 2 0 2 0 0
4204 2 0 2 0 0
4205 2 0 2 0 0
4206 2 0 2 0 0
4207 2 0 2 0 0
4208 2 0 2 0 0
4209 2 0 2 0 0
4210 2 0 0 0 0
4211 2 0 0 0 0
4212 2 0 0 0 0
4213 2 0 0 0 0
4214 2 0 0 0 0
4215 2 0 0 0 0
4216 2 0 0 0 0
4217 2 0 0 0 0
4218 2 0 0 0 0
4219 2 0 0 0 0
4220 2 0 0 0 0
4221 2 0 0 0 0
4222 2 0 0 0 0
4223 2 0 0 0 0
4224 2 0 0 0 0
4225 2 0 0 0 0
4226 2 0 0 0 0
4227 2 0 0 0 0
4228 2 0 0 0 0
4229 2 0 0 0 0
4230 2 0 0 0 0
4231 2 0 0 0 0
4232 2 0 0 0 0
4233 2 0 0 0 0
4234 2 0 0 0 0
4235 2 0 0 0 0
4236 2 0 0 0 0
4237 2 0 0 0 0
4238 2 0 0 0 0
4239 2 0 0 0 0
4240 2 0 0 0 0
4241 2 0 0 0 0
4242 2 0 0 0 0
4243 2 0 0 0 0
4244 2 0 0 0 0
4245 2 0 0 0 0
4246 2 0 0 0 0
4247 2 0 0 0 0
4248 2 0 0 0 0
4249 2 0 0 0 0
4250 2 0 0 0 0
4251 2 0 0 0 0
4252 2 0 0 0 0
4253 2 0 0 0 0
4254 2 0 0 0 0
4255 2 0 0 0 0
4256 2 0 0 0 0
4257 2 0 0 0 0
4258 2 0 0 0 0
4259 2 0 0 0 0
4260 2 0 0 0 0
4261 2 0 0 0 0
4262 2 0 0 0 0
4263 2 0 0 0 0
4264 2 0 0 0 0
4265 2 0 0 0 0
4266 2 0 0 0 0
4267 2 0 0 0 0
4268 2 0 0 0 0
4269 2 0 0 0 0
4270 2 0 0 0 0
4271 2 0 0 0 0
4272 2 0 0 0 0
4273 2 0 0 0 0
4274 2 0 0 0 0
4275 2 0 0 0 0
4276 2 0 0 0 0
4277 2 0 0 0 0
4278 2 0 0 0 0
4279 2 0 0 0 0
4280 2 0 0 0 0
4281 2 0 0 0 0
4282 2 0 0 0 0
4283 2 0 0 0 0
4284 2 0 0 0 0
4285 2 0 0 0 0
4286 2 0 0 0 0
4287 2 0 0 0 0
4288 2 0 0 0 0
4289 2 0 0 0 0
4290 2 0 0 2 0
4291 2 0 0 2 0
4292 2 0 0 2 0
4293 2 0 0 2 0
4294 2 0 0 2 0
4295 2 0 0 2 0
4296 2 0 0 2 0
4297 2 0 0 2 0
4298 2 0 0 2 0
4299 2 0 0 2 0
4300 2 0 2 0 0
4301 2 0 2 0 0
4302 2 0 2 0 0
4303 2 0 2 0 0
4304 2 0 2 0 0
4305 2 0 2 0 0
4306 2 0 2 0 0
4307 2 0 2 0 0
4308 2 0 2 0 0
4309 2 0 2 0 0
4310 0 2 2 0 0
4311 0 2 2 0 0
4312 0 2 2 0 0
4313 0 2 2 0 0
4314 0 2 2 0 0
4315 0 2 2 0 0
4316 0 2 2 0 0
4317 0 2 2 0 0
4318 0 2 2 0 0
4319 0 2 2 0 0
4320 0 0 2 0 0
4321 0 0 2 0 0
4322 0 0 2 0 0
4323 0 0 2 0 0
4324 0 0 2 0 0
4325 0 0 2 0 0
4326 0 0 2 0 0
4327 0 0 2 0 0
4328 0 0 2 0 0
4329 0 0 2 0 0
4330 0 0 2 0 0
4331 0 0 2 0 0
4332 0 0 2 0 0
4333 0 0 2 0 0
4334 0 0 2 0 0
4335 0 0 2 0 0
4336 0 0 2 0 0
4337 0 0 2 0 0
4338 0 0 2 0 0
4339 0 0 2 0 0
4340 0 0 2 0 0
4341 0 0 2 0 0
4342 0 0 2 0 0
4343 0 0 2 0 0
4344 0 0 2 0 0
4345 0 0 2 0 0
4346 0 0 2 0 0
4347 0 0 2 0 0
4348 0 0 2 0 0
4349 0 0 2 0 0
4350 0 0 2 0 0
4351 0 0 2 0 0
4352 0 0 2 0 0
4353 0 0 2 0 0
4354 0 0 2 0 0
4355 0 0 2 0 0
4356 0 0 2 0 0
4357 0 0 2 0 0
4358 0 0 2 0 0
4359 0 0 2 0 0
4360 0 0 2 0 0
4361 0 0 2 0 0
4362 0 0 2 0 0
4363 0 0 2 0 0
4364 0 0 2 0 0
4365 0 0 2 0 0
4366 0 0 2 0 0
4367 0 0 2 0 0
4368 0 0 2 0 0
4369 0 0 2 0 0
4370 0 0 2 0 0
4371 0 0 2 0 0
4372 0 0 2 0 0
4373 0 0 2 0 0
4374 0 0 2 0 0
4375 0 0 2 0 0
4376 0 0 2 0 0
4377 0 0 2 0 0
4378 0 0 2 0 0
4379 0 0 2 0 0
4380 0 0 2 0 1
4381 0 0 2 0 1
4382 0 0 2 0 1
4383 0 0 2 0 1
4384 0 0 2 0 1
4385 0 0 2 0 1
4386 0 0 2 0 1
4387 0 0 2 0 1
4388 0 0 2 0 1
4389 0 0 2 0 1
4390 0 0 2 0 1
4391 0 0 2 0 1
4392 0 0 2 0 1
4393 0 0 2 0 1
4394 0 0 2 0 1
4395 0 0 2 0 1
4396 0 0 2 0 1
4397 0 0 2 0 1
4398 0 0 2 0 1
4399 0 0 2 0 1
4400 0 0 2 0 1
4401 0 0 2 0 1
4402 0 0 2 0 1
4403 0 0 2 0 1
4404 0 0 2 0 1
4405 0 0 2 0 1
4406 0 0 2 0 1
4407 0 0 2 0 1
4408 0 0 2 0 1
4409 0 0 2 0 1
4410 0 0 2 0 1
4411 0 0 2 0 1
4412 0 0 2 0 1
4413 0 0 2 0 1
4414 0 0 2 0 1
4415 0 0 2 0 1
4416 0 0 2 0 1
4417 0 0 2 0 1
4418 0 0 2 0 1
4419 0 0 2 0 1
4420 0 0 2 0 1
4421 0 0 2 0 1
4422 0 0 2 0 1
4423 0 0 2 0 1
4424 0 0 2 0 1
4425 0 0 2 0 1
4426 0 0 2 0 1
4427 0 0 2 0 1
4428 0 0 2 0 1
4429 0 0 2 0 1
4430 0 0 2 0 1
4431 0 0 2 0 1
4432 0 0 2 0 1
4433 0 0 2 0 1
4434 0 0 2 0 1
4435 0 0 2 0 1
4436 0 0 2 0 1
4437 0 0 2 0 1
4438 0 0 2 0 1
4439 0 0 2 0 1
4440 0 0 2 0 2
4441 0 0 2 0 2
4442 0 0 2 0 2
4443 0 0 2 0 2
4444 0 0 2 0 2
4445 0 0 2 0 2
4446 0 0 2 0 2
4447 0 0 2 0 2
4448 0 0 2 0 2
4449 0 0 2 0 2
4450 0 0 2 0 2
4451 0 0 2 0 2
4452 0 0 2 0 2
4453 0 0 2 0 2
4454 0 0 2 0 2
4455 0 0 2 0 2
4456 0 0 2 0 2
4457 0 0 2 0 2
4458 0 0 2 0 2
4459 0 0 2 0 2
4460 0 0 2 0 2
4461 0 0 2 0 2
4462 0 0 2 0 2
4463 0 0 2 0 2
4464 0 0 2 0 2
4465 0 0 2 0 2
4466 0 0 2 0 2
4467 0 0 2 0 2
4468 0 0 2 0 2
4469 0 0 2 0 2
4470 0 0 2 0 2
4471 0 0 2 0 2
4472 0 0 2 0 2
4473 0 0 2 0 2
4474 0 0 2 0 2
4475 0 0 2 0 2
4476 0 0 2 0 2
4477 0 0 2 0 2
4478 0 0 2 0 2
4479 0 0 2 0 2
4480 0 0 2 0 2
4481 0 0 2 0 2
4482 0 0 2 0 2
4483 0 0 2 0 2
4484 0 0 2 0 2
4485 0 0 2 0 2
4486 0 0 2 0 2
4487 0 0 2 0 2
4488 0 0 2 0 2
4489 0 0 2 0 2
4490 0 0 2 0 2
4491 0 0 2 0 2
4492 0 0 2 0 2
4493 0 0 2 0 2
4494 0 0 2 0 2
4495 0 0 2 0 2
4496 0 0 2 0 2
4497 0 0 2 0 2
4498 0 0 2 0 2
4499 0 0 2 0 2
4500 0 0 2 0 2
4501 0 0 2 0 2
4502 0 0 2 0 2
4503 0 0 2 0 2
4504 0 0 2 0 2
4505 0 0 2 0 2
4506 0 0 2 0 2
4507 0 0 2 0 2
4508 0 0 2 0 2
4509 0 0 2 0 2
4510 0 0 2 0 2
4511 0 0 2 0 2
4512 0 0 2 0 2
4513 0 0 2 0 2
4514 0 0 2 0 2
4515 0 0 2 0 2
4516 0 0 2 0 2
4517 0 0 2 0 2
4518 0 0 2 0 2
4519 0 0 2 0 2
4520 0 0 2 0 2
4521 0 0 2 0 2
4522 0 0 2 0 2
4523 0 0 2 0 2
4524 0 0 2 0 2
4525 0 0 2 0 2
4526 0 0 2 0 2
4527 0 0 2 0 2
4528 0 0 2 0 2
4529 0 0 2 0 2
4530 0 0 2 0 2
4531 0 0 2 0 2
4532 0 0 2 0 2
4533 0 0 2 0 2
4534 0 0 2 0 2
4535 0 0 2 0 2
4536 0 0 2 0 2
4537 0 0 2 0 2
4538 0 0 2 0 2
4539 0 0 2 0 2
4540 0 0 2 0 2
4541 0 0 2 0 2
4542 0 0 2 0 2
4543 0 0 2 0 2
4544 0 0 2 0 2
4545 0 0 2 0 2
4546 0 0 2 0 2
4547 0 0 2 0 2
4548 0 0 2 0 2
4549 0 0 2 0 2
4550 0 0 2 0 2
4551 0 0 2 0 2
4552 0 0 2 0 2
4553 0 0 2 0 2
4554 0 0 2 0 2
4555 0 0 2 0 2
4556 0 0 2 0 2
4557 0 0 2 0 2
4558 0 0 2 0 2
4559 0 0 2 0 2
4560 0 0 2 0 2
4561 0 0 2 0 2
4562 0 0 2 0 2
4563 0 0 2 0 2
4564 0 0 2 0 2
4565 0 0 2 0 2
4566 0 0 2 0 2
4567 0 0 2 0 2
4568 0 0 2 0 2
4569 0 0 2 0 2
4570 0 0 2 0 2
4571 0 0 2 0 2
4572 0 0 2 0 2
4573 0 0 2 0 2
4574 0 0 2 0 2
4575 0 0 2 0 2
4576 0 0 2 0 2
4577 0 0 2 0 2
4578 0 0 2 0 2
4579 0 0 2 0 2
4580 0 0 2 0 2
4581 0 0 2 0 2
4582 0 0 2 0 2
4583 0 0 2 0 2
4584 0 0 2 0 2
4585 0 0 2 0 2
4586 0 0 2 0 2
4587 0 0 2 0 2
4588 0 0 2 0 2
4589 0 0 2 0 2
4590 0 0 2 0 2
4591 0 0 2 0 2
4592 0 0 2 0 2
4593 0 0 2 0 2
4594 0 0 2 0 2
4595 0 0 2 0 2
4596 0 0 2 0 2
4597 0 0 2 0 2
4598 0 0 2 0 2
4599 0 0 2 0 2
4600 0 0 2 0 2
4601 0 0 2 0 2
4602 0 0 2 0 2
4603 0 0 2 0 2
4604 0 0 2 0 2
4605 0 0 2 0 2
4606 0 0 2 0 2
4607 0 0 2 0 2
4608 0 0 2 0 2
4609 0 0 2 0 2
4610 0 0 2 0 2
4611 0 0 2 0 2
4612 0 0 2 0 2
4613 0 0 2 0 2
4614 0 0 2 0 2
4615 0 0 2 0 2
4616 0 0 2 0 2
4617 0 0 2 0 2
4618 0 0 2 0 2
4619 0 0 2 0 2
4620 0 0 2 0 2
4621 0 0 2 0 2
4622 0 0 2 0 2
4623 0 0 2 0 2
4624 0 0 2 0 2
4625 0 0 2 0 2
4626 0 0 2 0 2
4627 0 0 2 0 2
4628 0 0 2 0 2
4629 0 0 2 0 2
4630 0 0 2 0 2
4631 0 0 2 0 2
4632 0 0 2 0 2
4633 0 0 2 0 2
4634 0 0 2 0 2
4635 0 0 2 0 2
4636 0 0 2 0 2
4637 0 0 2 0 2
4638 0 0 2 0 2
4639 0 0 2 0 2
4640 0 0 2 0 2
4641 0 0 2 0 2
4642 0 0 2 0 2
4643 0 0 2 0 2
4644 0 0 2 0 2
4645 0 0 2 0 2
4646 0 0 2 0 2
4647 0 0 2 0 2
4648 0 0 2 0 2
4649 0 0 2 0 2
4650 0 0 2 0 2
4651 0 0 2 0 2
4652 0 0 2 0 2
4653 0 0 2 0 2
4654 0 0 2 0 2
4655 0 0 2 0 2
4656 0 0 2 0 2
4657 0 0 2 0 2
4658 0 0 2 0 2
4659 0 0 2 0 2
4660 0 0 2 0 2
4661 0 0 2 0 2
4662 0 0 2 0 2
4663 0 0 2 0 2
4664 0 0 2 0 2
4665 0 0 2 0 2
4666 0 0 2 0 2
4667 0 0 2 0 2
4668 0 0 2 0 2
4669 0 0 2 0 2
4670 0 0 2 0 2
4671 0 0 2 0 2
4672 0 0 2 0 2
4673 0 0 2 0 2
4674 0 0 2 0 2
4675 0 0 2 0 2
4676 0 0 2 0 2
4677 0 0 2 0 2
4678 0 0 2 0 2
4679 0 0 2 0 2
4680 0 0 2 0 2
4681 0 0 2 0 2
4682 0 0 2 0 2
4683 0 0 2 0 2
4684 0 0 2 0 2
4685 0 0 2 0 2
4686 0 0 2 0 2
4687 0 0 2 0 2
4688 0 0 2 0 2
4689 0 0 2 0 2
4690 0 2 2 0 2
4691 0 2 2 0 2
4692 0 2 2 0 2
4693 0 2 2 0 2
4694 0 2 2 0 2
4695 0 2 2 0 2
4696 0 2 2 0 2
4697 0 2 2 0 2
4698 0 2 2 0 2
4699 0 2 2 0 2
4700 2 0 2 0 2
4701 2 0 2 0 2
4702 2 0 2 0 2
4703 2 0 2 0 2
4704 2 0 2 0 2
4705 2 0 2 0 2
4706 2 0 2 0 2
4707 2 0 2 0 2
4708 2 0 2 0 2
4709 2 0 2 0 2
4710 2 0 2 0 2
4711 2 0 2 0 2
4712 2 0 2 0 2
4713 2 0 2 0 2
4714 2 0 2 0 2
4715 2 0 2 0 2
4716 2 0 2 0 2
4717 2 0 2 0 2
4718 2 0 2 0 2
4719 2 0 2 0 2
4720 2 0 0 0 2
4721 2 0 0 0 2
4722 2 0 0 0 2
4723 2 0 0 0 2
4724 2 0 0 0 2
4725 2 0 0 0 2
4726 2 0 0 0 2
4727 2 0 0 0 2
4728 2 0 0 0 2
4729 2 0 0 0 2
4730 2 0 0 0 2
4731 2 0 0 0 2
4732 2 0 0 0 2
4733 2 0 0 0 2
4734 2 0 0 0 2
4735 2 0 0 0 2
4736 2 0 0 0 2
4737 2 0 0 0 2
4738 2 0 0 0 2
4739 2 0 0 0 2
4740 2 0 0 0 2
4741 2 0 0 0 2
4742 2 0 0 0 2
4743 2 0 0 0 2
4744 2 0 0 0 2
4745 2 0 0 0 2
4746 2 0 0 0 2
4747 2 0 0 0 2
4748 2 0 0 0 2
4749 2 0 0 0 2
4750 2 0 0 0 2
4751 2 0 0 0 2
4752 2 0 0 0 2
4753 2 0 0 0 2
4754 2 0 0 0 2
4755 2 0 0 0 2
4756 2 0 0 0 2
4757 2 0 0 0 2
4758 2 0 0 0 2
4759 2 0 0 0 2
4760 2 0 0 0 2
4761 2 0 0 0 2
4762 2 0 0 0 2
4763 2 0 0 0 2
4764 2 0 0 0 2
4765 2 0 0 0 2
4766 2 0 0 0 2
4767 2 0 0 0 2
4768 2 0 0 0 2
4769 2 0 0 0 2
4770 2 0 0 0 2
4771 2 0 0 0 2
4772 2 0 0 0 2
4773 2 0 0 0 2
4774 2 0 0 0 2
4775 2 0 0 0 2
4776 2 0 0 0 2
4777 2 0 0 0 2
4778 2 0 0 0 2
4779 2 0 0 0 2
4780 2 0 0 0 0
4781 2 0 0 0 0
4782 2 0 0 0 0
4783 2 0 0 0 0
4784 2 0 0 0 0
4785 2 0 0 0 0
4786 2 0 0 0 0
4787 2 0 0 0 0
4788 2 0 0 0 0
4789 2 0 0 0 0
4790 2 0 0 0 0
4791 2 0 0 0 0
4792 2 0 0 0 0
4793 2 0 0 0 0
4794 2 0 0 0 0
4795 2 0 0 0 0
4796 2 0 0 0 0
4797 2 0 0 0 0
4798 2 0 0 0 0
4799 2 0 0 0 0
4800 2 0 0 0 0
4801 2 0 0 0 0
4802 2 0 0 0 0
4803 2 0 0 0 0
4804 2 0 0 0 0
4805 2 0 0 0 0
4806 2 0 0 0 0
4807 2 0 0 0 0
4808 2 0 0 0 0
4809 2 0 0 0 0
4810 2 0 0 0 0
4811 2 0 0 0 0
4812 2 0 0 0 0
4813 2 0 0 0 0
4814 2 0 0 0 0
4815 2 0 0 0 0
4816 2 0 0 0 0
4817 2 0 0 0 0
4818 2 0 0 0 0
4819 2 0 0 0 0
4820 2 0 0 0 0
4821 2 0 0 0 0
4822 2 0 0 0 0
4823 2 0 0 0 0
4824 2 0 0 0 0
4825 2 0 0 0 0
4826 2 0 0 0 0
4827 2 0 0 0 0
4828 2 0 0 0 0
4829 2 0 0 0 0
4830 2 0 0 0 0
4831 2 0 0 0 0
4832 2 0 0 0 0
4833 2 0 0 0 0
4834 2 0 0 0 0
4835 2 0 0 0 0
4836 2 0 0 0 0
4837 2 0 0 0 0
4838 2 0 0 0 0
4839 2 0 0 0 0
4840 2 0 0 0 0
4841 2 0 0 0 0
4842 2 0 0 0 0
4843 2 0 0 0 0
4844 2 0 0 0 0
4845 2 0 0 0 0
4846 2 0 0 0 0
4847 2 0 0 0 0
4848 2 0 0 0 0
4849 2 0 0 0 0
4850 2 0 0 0 0
4851 2 0 0 0 0
4852 2 0 0 0 0
4853 2 0 0 0 0
4854 2 0 0 0 0
4855 2 0 0 0 0
4856 2 0 0 0 0
4857 2 0 0 0 0
4858 2 0 0 0 0
4859 2 0 0 0 0
4860 2 0 0 0 0
4861 2 0 0 0 0
4862 2 0 0 0 0
4863 2 0 0 0 0
4864 2 0 0 0 0
4865 2 0 0 0 0
4866 2 0 0 0 0
4867 2 0 0 0 0
4868 2 0 0 0 0
4869 2 0 0 0 0
4870 2 0 0 0 0
4871 2 0 0 0 0
4872 2 0 0 0 0
4873 2 0 0 0 0
4874 2 0 0 0 0
4875 2 0 0 0 0
4876 2 0 0 0 0
4877 2 0 0 0 0
4878 2 0 0 0 0
4879 2 0 0 0 0
4880 2 0 0 0 0
4881 2 0 0 0 0
4882 2 0 0 0 0
4883 2 0 0 0 0
4884 2 0 0 0 0
4885 2 0 0 0 0
4886 2 0 0 0 0
4887 2 0 0 0 0
4888 2 0 0 0 0
4889 2 0 0 0 0
4890 2 0 0 0 0
4891 2 0 0 0 0
4892 2 0 0 0 0
4893 2 0 0 0 0
4894 2 0 0 0 0
4895 2 0 0 0 0
4896 2 0 0 0 0
4897 2 0 0 0 0
4898 2 0 0 0 0
4899 2 0 0 0 0
4900 2 0 0 0 0
4901 2 0 0 0 0
4902 2 0 0 0 0
4903 2 0 0 0 0
4904 2 0 0 0 0
4905 2 0 0 0 0
4906 2 0 0 0 0
4907 2 0 0 0 0
4908 2 0 0 0 0
4909 2 0 0 0 0
4910 2 0 0 0 0
4911 2 0 0 0 0
4912 2 0 0 0 0
4913 2 0 0 0 0
4914 2 0 0 0 0
4915 2 0 0 0 0
4916 2 0 0 0 0
4917 2 0 0 0 0
4918 2 0 0 0 0
4919 2 0 0 0 0
4920 2 0 0 0 0
4921 2 0 0 0 0
4922 2 0 0 0 0
4923 2 0 0 0 0
4924 2 0 0 0 0
4925 2 0 0 0 0
4926 2 0 0 0 0
4927 2 0 0 0 0
4928 2 0 0 0 0
4929 2 0 0 0 0
4930 2 0 0 0 0
4931 2 0 0 0 0
4932 2 0 0 0 0
4933 2 0 0 0 0
4934 2 0 0 0 0
4935 2 0 0 0 0
4936 2 0 0 0 0
4937 2 0 0 0 0
4938 2 0 0 0 0
4939 2 0 0 0 0
4940 2 0 0 0 0
4941 2 0 0 0 0
4942 2 0 0 0 0
4943 2 0 0 0 0
4944 2 0 0 0 0
4945 2 0 0 0 0
4946 2 0 0 0 0
4947 2 0 0 0 0
4948 2 0 0 0 0
4949 2 0 0 0 0
4950 2 0 0 0 0
4951 2 0 0 0 0
4952 2 0 0 0 0
4953 2 0 0 0 0
4954 2 0 0 0 0
4955 2 0 0 0 0
4956 2 0 0 0 0
4957 2 0 0 0 0
4958 2 0 0 0 0
4959 2 0 0 0 0
4960 2 0 0 0 0
4961 2 0 0 0 0
4962 2 0 0 0 0
4963 2 0 0 0 0
4964 2 0 0 0 0
4965 2 0 0 0 0
4966 2 0 0 0 0
4967 2 0 0 0 0
4968 2 0 0 0 0
4969 2 0 0 0 0
4970 2 0 0 0 0
4971 2 0 0 0 0
4972 2 0 0 0 0
4973 2 0 0 0 0
4974 2 0 0 0 0
4975 2 0 0 0 0
4976 2 0 0 0 0
4977 2 0 0 0 0
4978 2 0 0 0 0
4979 2 0 0 0 0
4980 2 0 2 0 0
4981 2 0 2 0 0
4982 2 0 2 0 0
4983 2 0 2 0 0
4984 2 0 2 0 0
4985 2 0 2 0 0
4986 2 0 2 0 0
4987 2 0 2 0 0
4988 2 0 2 0 0
4989 2 0 2 0 0
4990 0 0 2 0 0
4991 0 0 2 0 0
4992 0 0 2 0 0
4993 0 0 2 0 0
4994 0 0 2 0 0
4995 0 0 2 0 0
4996 0 0 2 0 0
4997 0 0 2 0 0
4998 0 0 2 0 0
4999 0 0 2 0 0
5000 0 0 2 0 0
5001 0 0 2 0 0
5002 0 0 2 0 0
5003 0 0 2 0 0
5004 0 0 2 0 0
5005 0 0 2 0 0
5006 0 0 2 0 0
5007 0 0 2 0 0
5008 0 0 2 0 0
5009 0 0 2 0 0
5010 0 0 2 0 0
5011 0 0 2 0 0
5012 0 0 2 0 0
5013 0 0 2 0 0
5014 0 0 2 0 0
5015 0 0 2 0 0
5016 0 0 2 0 0
5017 0 0 2 0 0
5018 0 0 2 0 0
5019 0 0 2 0 0
5020 0 0 2 0 0
5021 0 0 2 0 0
5022 0 0 2 0 0
5023 0 0 2 0 0
5024 0 0 2 0 0
5025 0 0 2 0 0
5026 0 0 2 0 0
5027 0 0 2 0 0
5028 0 0 2 0 0
5029 0 0 2 0 0
5030 0 0 2 0 0
5031 0 0 2 0 0
5032 0 0 2 0 0
5033 0 0 2 0 0
5034 0 0 2 0 0
5035 0 0 2 0 0
5036 0 0 2 0 0
5037 0 0 2 0 0
5038 0 0 2 0 0
5039 0 0 2 0 0
5040 0 0 2 0 0
5041 0 0 2 0 0
5042 0 0 2 0 0
5043 0 0 2 0 0
5044 0 0 2 0 0
5045 0 0 2 0 0
5046 0 0 2 0 0
5047 0 0 2 0 0
5048 0 0 2 0 0
5049 0 0 2 0 0
5050 0 0 2 0 0
5051 0 0 2 0 0
5052 0 0 2 0 0
5053 0 0 2 0 0
5054 0 0 2 0 0
5055 0 0 2 0 0
5056 0 0 2 0 0
5057 0 0 2 0 0
5058 0 0 2 0 0
5059 0 0 2 0 0
5060 0 0 2 0 0
5061 0 0 2 0 0
5062 0 0 2 0 0
5063 0 0 2 0 0
5064 0 0 2 0 0
5065 0 0 2 0 0
5066 0 0 2 0 0
5067 0 0 2 0 0
5068 0 0 2 0 0
5069 0 0 2 0 0
5070 0 0 2 0 1
5071 0 0 2 0 1
5072 0 0 2 0 1
5073 0 0 2 0 1
5074 0 0 2 0 1
5075 0 0 2 0 1
5076 0 0 2 0 1
5077 0 0 2 0 1
5078 0 0 2 0 1
5079 0 0 2 0 1
5080 0 0 2 0 1
5081 0 0 2 0 1
5082 0 0 2 0 1
5083 0 0 2 0 1
5084 0 0 2 0 1
5085 0 0 2 0 1
5086 0 0 2 0 1
5087 0 0 2 0 1
5088 0 0 2 0 1
5089 0 0 2 0 1
5090 0 0 2 0 1
5091 0 0 2 0 1
5092 0 0 2 0 1
5093 0 0 2 0 1
5094 0 0 2 0 1
5095 0 0 2 0 1
5096 0 0 2 0 1
5097 0 0 2 0 1
5098 0 0 2 0 1
5099 0 0 2 0 1
5100 0 0 2 0 1
5101 0 0 2 0 1
5102 0 0 2 0 1
5103 0 0 2 0 1
5104 0 0 2 0 1
5105 0 0 2 0 1
5106 0 0 2 0 1
5107 0 0 2 0 1
5108 0 0 2 0 1
5109 0 0 2 0 1
5110 0 0 2 0 1
5111 0 0 2 0 1
5112 0 0 2 0 1
5113 0 0 2 0 1
5114 0 0 2 0 1
5115 0 0 2 0 1
5116 0 0 2 0 1
5117 0 0 2 0 1
5118 0 0 2 0 1
5119 0 0 2 0 1
5120 0 0 2 0 2
5121 0 0 2 0 2
5122 0 0 2 0 2
5123 0 0 2 0 2
5124 0 0 2 0 2
5125 0 0 2 0 2
5126 0 0 2 0 2
5127 0 0 2 0 2
5128 0 0 2 0 2
5129 0 0 2 0 2
5130 0 0 2 0 2
5131 0 0 2 0 2
5132 0 0 2 0 2
5133 0 0 2 0 2
5134 0 0 2 0 2
5135 0 0 2 0 2
5136 0 0 2 0 2
5137 0 0 2 0 2
5138 0 0 2 0 2
5139 0 0 2 0 2
5140 0 0 2 0 2
5141 0 0 2 0 2
5142 0 0 2 0 2
5143 0 0 2 0 2
5144 0 0 2 0 2
5145 0 0 2 0 2
5146 0 0 2 0 2
5147 0 0 2 0 2
5148 0 0 2 0 2
5149 0 0 2 0 2
5150 0 0 2 0 2
5151 0 0 2 0 2
5152 0 0 2 0 2
5153 0 0 2 0 2
5154 0 0 2 0 2
5155 0 0 2 0 2
5156 0 0 2 0 2
5157 0 0 2 0 2
5158 0 0 2 0 2
5159 0 0 2 0 2
5160 0 0 2 0 2
5161 0 0 2 0 2
5162 0 0 2 0 2
5163 0 0 2 0 2
5164 0 0 2 0 2
5165 0 0 2 0 2
5166 0 0 2 0 2
5167 0 0 2 0 2
5168 0 0 2 0 2
5169 0 0 2 0 2
5170 0 0 2 0 2
5171 0 0 2 0 2
5172 0 0 2 0 2
5173 0 0 2 0 2
5174 0 0 2 0 2
5175 0 0 2 0 2
5176 0 0 2 0 2
5177 0 0 2 0 2
5178 0 0 2 0 2
5179 0 0 2 0 2
5180 0 0 2 0 2
5181 0 0 2 0 2
5182 0 0 2 0 2
5183 0 0 2 0 2
5184 0 0 2 0 2
5185 0 0 2 0 2
5186 0 0 2 0 2
5187 0 0 2 0 2
5188 0 0 2 0 2
5189 0 0 2 0 2
5190 0 0 2 0 2
5191 0 0 2 0 2
5192 0 0 2 0 2
5193 0 0 2 0 2
5194 0 0 2 0 2
5195 0 0 2 0 2
5196 0 0 2 0 2
5197 0 0 2 0 2
5198 0 0 2 0 2
5199 0 0 2 0 2
5200 0 0 2 0 2
5201 0 0 2 0 2
5202 0 0 2 0 2
5203 0 0 2 0 2
5204 0 0 2 0 2
5205 0 0 2 0 2
5206 0 0 2 0 2
5207 0 0 2 0 2
5208 0 0 2 0 2
5209 0 0 2 0 2
5210 0 0 2 0 2
5211 0 0 2 0 2
5212 0 0 2 0 2
5213 0 0 2 0 2
5214 0 0 2 0 2
5215 0 0 2 0 2
5216 0 0 2 0 2
5217 0 0 2 0 2
5218 0 0 2 0 2
5219 0 0 2 0 2
5220 0 0 2 0 2
5221 0 0 2 0 2
5222 0 0 2 0 2
5223 0 0 2 0 2
5224 0 0 2 0 2
5225 0 0 2 0 2
5226 0 0 2 0 2
5227 0 0 2 0 2
5228 0 0 2 0 2
5229 0 0 2 0 2
5230 0 0 2 0 2
5231 0 0 2 0 2
5232 0 0 2 0 2
5233 0 0 2 0 2
5234 0 0 2 0 2
5235 0 0 2 0 2
5236 0 0 2 0 2
5237 0 0 2 0 2
5238 0 0 2 0 2
5239 0 0 2 0 2
5240 0 0 2 0 2
5241 0 0 2 0 2
5242 0 0 2 0 2
5243 0 0 2 0 2
5244 0 0 2 0 2
5245 0 0 2 0 2
5246 0 0 2 0 2
5247 0 0 2 0 2
5248 0 0 2 0 2
5249 0 0 2 0 2
5250 0 0 2 0 2
5251 0 0 2 0 2
5252 0 0 2 0 2
5253 0 0 2 0 2
5254 0 0 2 0 2
5255 0 0 2 0 2
5256 0 0 2 0 2
5257 0 0 2 0 2
5258 0 0 2 0 2
5259 0 0 2 0 2
5260 0 0 2 0 2
5261 0 0 2 0 2
5262 0 0 2 0 2
5263 0 0 2 0 2
5264 0 0 2 0 2
5265 0 0 2 0 2
5266 0 0 2 0 2
5267 0 0 2 0 2
5268 0 0 2 0 2
5269 0 0 2 0 2
5270 0 0 2 0 2
5271 0 0 2 0 2
5272 0 0 2 0 2
5273 0 0 2 0 2
5274 0 0 2 0 2
5275 0 0 2 0 2
5276 0 0 2 0 2
5277 0 0 2 0 2
5278 0 0 2 0 2
5279 0 0 2 0 2
5280 0 0 2 0 2
5281 0 0 2 0 2
5282 0 0 2 0 2
5283 0 0 2 0 2
5284 0 0 2 0 2
5285 0 0 2 0 2
5286 0 0 2 0 2
5287 0 0 2 0 2
5288 0 0 2 0 2
5289 0 0 2 0 2
5290 0 0 2 0 2
5291 0 0 2 0 2
5292 0 0 2 0 2
5293 0 0 2 0 2
5294 0 0 2 0 2
5295 0 0 2 0 2
5296 0 0 2 0 2
5297 0 0 2 0 2
5298 0 0 2 0 2
5299 0 0 2 0 2
5300 0 0 2 0 2
5301 0 0 2 0 2
5302 0 0 2 0 2
5303 0 0 2 0 2
5304 0 0 2 0 2
5305 0 0 2 0 2
5306 0 0 2 0 2
5307 0 0 2 0 2
5308 0 0 2 0 2
5309 0 0 2 0 2
5310 0 0 2 0 2
5311 0 0 2 0 2
5312 0 0 2 0 2
5313 0 0 2 0 2
5314 0 0 2 0 2
5315 0 0 2 0 2
5316 0 0 2 0 2
5317 0 0 2 0 2
5318 0 0 2 0 2
5319 0 0 2 0 2
5320 0 0 2 0 2
5321 0 0 2 0 2
5322 0 0 2 0 2
5323 0 0 2 0 2
5324 0 0 2 0 2
5325 0 0 2 0 2
5326 0 0 2 0 2
5327 0 0 2 0 2
5328 0 0 2 0 2
5329 0 0 2 0 2
5330 2 0 2 0 2
5331 2 0 2 0 2
5332 2 0 2 0 2
5333 2 0 2 0 2
5334 2 0 2 0 2
5335 2 0 2 0 2
5336 2 0 2 0 2
5337 2 0 2 0 2
5338 2 0 2 0 2
5339 2 0 2 0 2
5340 2 0 2 0 2
5341 2 0 2 0 2
5342 2 0 2 0 2
5343 2 0 2 0 2
5344 2 0 2 0 2
5345 2 0 2 0 2
5346 2 0 2 0 2
5347 2 0 2 0 2
5348 2 0 2 0 2
5349 2 0 2 0 2
5350 2 0 0 0 2
5351 2 0 0 0 2
5352 2 0 0 0 2
5353 2 0 0 0 2
5354 2 0 0 0 2
5355 2 0 0 0 2
5356 2 0 0 0 2
5357 2 0 0 0 2
5358 2 0 0 0 2
5359 2 0 0 0 2
5360 2 0 0 0 2
5361 2 0 0 0 2
5362 2 0 0 0 2
5363 2 0 0 0 2
5364 2 0 0 0 2
5365 2 0 0 0 2
5366 2 0 0 0 2
5367 2 0 0 0 2
5368 2 0 0 0 2
5369 2 0 0 0 2
5370 2 0 0 0 2
5371 2 0 0 0 2
5372 2 0 0 0 2
5373 2 0 0 0 2
5374 2 0 0 0 2
5375 2 0 0 0 2
5376 2 0 0 0 2
5377 2 0 0 0 2
5378 2 0 0 0 2
5379 2 0 0 0 2
5380 2 0 0 0 2
5381 2 0 0 0 2
5382 2 0 0 0 2
5383 2 0 0 0 2
5384 2 0 0 0 2
5385 2 0 0 0 2
5386 2 0 0 0 2
5387 2 0 0 0 2
5388 2 0 0 0 2
5389 2 0 0 0 2
5390 2 0 0 0 0
5391 2 0 0 0 0
5392 2 0 0 0 0
5393 2 0 0 0 0
5394 2 0 0 0 0
5395 2 0 0 0 0
5396 2 0 0 0 0
5397 2 0 0 0 0
5398 2 0 0 0 0
5399 2 0 0 0 0
5400 2 0 0 0 0
5401 2 0 0 0 0
5402 2 0 0 0 0
5403 2 0 0 0 0
5404 2 0 0 0 0
5405 2 0 0 0 0
5406 2 0 0 0 0
5407 2 0 0 0 0
5408 2 0 0 0 0
5409 2 0 0 0 0
5410 2 0 0 0 0
5411 2 0 0 0 0
5412 2 0 0 0 0
5413 2 0 0 0 0
5414 2 0 0 0 0
5415 2 0 0 0 0
5416 2 0 0 0 0
5417 2 0 0 0 0
5418 2 0 0 0 0
5419 2 0 0 0 0
5420 2 0 0 0 0
5421 2 0 0 0 0
5422 2 0 0 0 0
5423 2 0 0 0 0
5424 2 0 0 0 0
5425 2 0 0 0 0
5426 2 0 0 0 0
5427 2 0 0 0 0
5428 2 0 0 0 0
5429 2 0 0 0 0
5430 2 0 0 0 0
5431 2 0 0 0 0
5432 2 0 0 0 0
5433 2 0 0 0 0
5434 2 0 0 0 0
5435 2 0 0 0 0
5436 2 0 0 0 0
5437 2 0 0 0 0
5438 2 0 0 0 0
5439 2 0 0 0 0
5440 2 0 0 0 0
5441 2 0 0 0 0
5442 2 0 0 0 0
5443 2 0 0 0 0
5444 2 0 0 0 0
5445 2 0 0 0 0
5446 2 0 0 0 0
5447 2 0 0 0 0
5448 2 0 0 0 0
5449 2 0 0 0 0
5450 2 0 0 0 0
5451 2 0 0 0 0
5452 2 0 0 0 0
5453 2 0 0 0 0
5454 2 0 0 0 0
5455 2 0 0 0 0
5456 2 0 0 0 0
5457 2 0 0 0 0
5458 2 0 0 0 0
5459 2 0 0 0 0
5460 2 0 0 0 0
5461 2 0 0 0 0
5462 2 0 0 0 0
5463 2 0 0 0 0
5464 2 0 0 0 0
5465 2 0 0 0 0
5466 2 0 0 0 0
5467 2 0 0 0 0
5468 2 0 0 0 0
5469 2 0 0 0 0
5470 2 0 0 0 0
5471 2 0 0 0 0
5472 2 0 0 0 0
5473 2 0 0 0 0
5474 2 0 0 0 0
5475 2 0 0 0 0
5476 2 0 0 0 0
5477 2 0 0 0 0
5478 2 0 0 0 0
5479 2 0 0 0 0
5480 2 0 0 0 0
5481 2 0 0 0 0
5482 2 0 0 0 0
5483 2 0 0 0 0
5484 2 0 0 0 0
5485 2 0 0 0 0
5486 2 0 0 0 0
5487 2 0 0 0 0
5488 2 0 0 0 0
5489 2 0 0 0 0
5490 2 0 0 0 0
5491 2 0 0 0 0
5492 2 0 0 0 0
5493 2 0 0 0 0
5494 2 0 0 0 0
5495 2 0 0 0 0
5496 2 0 0 0 0
5497 2 0 0 0 0
5498 2 0 0 0 0
5499 2 0 0 0 0
5500 2 0 0 0 0
5501 2 0 0 0 0
5502 2 0 0 0 0
5503 2 0 0 0 0
5504 2 0 0 0 0
5505 2 0 0 0 0
5506 2 0 0 0 0
5507 2 0 0 0 0
5508 2 0 0 0 0
5509 2 0 0 0 0
5510 0 2 0 0 0
5511 0 2 0 0 0
5512 0 2 0 0 0
5513 0 2 0 0 0
5514 0 2 0 0 0
5515 0 2 0 0 0
5516 0 2 0 0 0
5517 0 2 0 0 0
5518 0 2 0 0 0
5519 0 2 0 0 0
5520 0 0 0 0 1
5521 0 0 0 0 1
5522 0 0 0 0 1
5523 0 0 0 0 1
5524 0 0 0 0 1
5525 0 0 0 0 1
5526 0 0 0 0 1
5527 0 0 0 0 1
5528 0 0 0 0 1
5529 0 0 0 0 1
5530 0 0 0 0 1
5531 0 0 0 0 1
5532 0 0 0 0 1
5533 0 0 0 0 1
5534 0 0 0 0 1
5535 0 0 0 0 1
5536 0 0 0 0 1
5537 0 0 0 0 1
5538 0 0 0 0 1
5539 0 0 0 0 1
5540 0 0 0 0 1
5541 0 0 0 0 1
5542 0 0 0 0 1
5543 0 0 0 0 1
5544 0 0 0 0 1
5545 0 0 0 0 1
5546 0 0 0 0 1
5547 0 0 0 0 1
5548 0 0 0 0 1
5549 0 0 0 0 1
5550 0 0 0 0 1
5551 0 0 0 0 1
5552 0 0 0 0 1
5553 0 0 0 0 1
5554 0 0 0 0 1
5555 0 0 0 0 1
5556 0 0 0 0 1
5557 0 0 0 0 1
5558 0 0 0 0 1
5559 0 0 0 0 1
5560 0 0 0 0 1
5561 0 0 0 0 1
5562 0 0 0 0 1
5563 0 0 0 0 1
5564 0 0 0 0 1
5565 0 0 0 0 1
5566 0 0 0 0 1
5567 0 0 0 0 1
5568 0 0 0 0 1
5569 0 0 0 0 1
5570 0 0 0 0 1
5571 0 0 0 0 1
5572 0 0 0 0 1
5573 0 0 0 0 1
5574 0 0 0 0 1
5575 0 0 0 0 1
5576 0 0 0 0 1
5577 0 0 0 0 1
5578 0 0 0 0 1
5579 0 0 0 0 1
5580 0 0 0 0 1
5581 0 0 0 0 1
5582 0 0 0 0 1
5583 0 0 0 0 1
5584 0 0 0 0 1
5585 0 0 0 0 1
5586 0 0 0 0 1
5587 0 0 0 0 1
5588 0 0 0 0 1
5589 0 0 0 0 1
5590 0 0 0 0 1
5591 0 0 0 0 1
5592 0 0 0 0 1
5593 0 0 0 0 1
5594 0 0 0 0 1
5595 0 0 0 0 1
5596 0 0 0 0 1
5597 0 0 0 0 1
5598 0 0 0 0 1
5599 0 0 0 0 1
5600 0 0 0 4 1
5601 0 0 0 4 1
5602 0 0 0 4 1
5603 0 0 0 4 1
5604 0 0 0 4 1
5605 0 0 0 4 1
5606 0 0 0 4 1
5607 0 0 0 4 1
5608 0 0 0 4 1
5609 0 0 0 4 1
5610 0 0 0 4 1
5611 0 0 0 4 1
5612 0 0 0 4 1
5613 0 0 0 4 1
5614 0 0 0 4 1
5615 0 0 0 4 1
5616 0 0 0 4 1
5617 0 0 0 4 1
5618 0 0 0 4 1
5619 0 0 0 4 1
5620 0 4 0 4 1
5621 0 4 0 4 1
5622 0 4 0 4 1
5623 0 4 0 4 1
5624 0 4 0 4 1
5625 0 4 0 4 1
5626 0 4 0 4 1
5627 0 4 0 4 1
5628 0 4 0 4 1
5629 0 4 0 4 1
5630 0 4 0 4 1
