0 0 3 0 0 0
1 0 3 0 0 0
2 0 3 0 0 0
3 0 3 0 0 0
4 0 3 0 0 0
5 0 3 0 0 0
6 0 3 0 0 0
7 0 3 0 0 0
8 0 3 0 0 0
9 0 3 0 0 0
10 3 0 3 0 0
11 3 0 3 0 0
12 3 0 3 0 0
13 3 0 3 0 0
14 3 0 3 0 0
15 3 0 3 0 0
16 3 0 3 0 0
17 3 0 3 0 0
18 3 0 3 0 0
19 3 0 3 0 0
20 3 0 0 0 0
21 3 0 0 0 0
22 3 0 0 0 0
23 3 0 0 0 0
24 3 0 0 0 0
25 3 0 0 0 0
26 3 0 0 0 0
27 3 0 0 0 0
28 3 0 0 0 0
29 3 0 0 0 0
30 3 0 0 0 0
31 3 0 0 0 0
32 3 0 0 0 0
33 3 0 0 0 0
34 3 0 0 0 0
35 3 0 0 0 0
36 3 0 0 0 0
37 3 0 0 0 0
38 3 0 0 0 0
39 3 0 0 0 0
40 3 0 0 3 0
41 3 0 0 3 0
42 3 0 0 3 0
43 3 0 0 3 0
44 3 0 0 3 0
45 3 0 0 3 0
46 3 0 0 3 0
47 3 0 0 3 0
48 3 0 0 3 0
49 3 0 0 3 0
50 3 0 0 3 0
51 3 0 0 3 0
52 3 0 0 3 0
53 3 0 0 3 0
54 3 0 0 3 0
55 3 0 0 3 0
56 3 0 0 3 0
57 3 0 0 3 0
58 3 0 0 3 0
59 3 0 0 3 0
60 3 0 0 3 1
61 3 0 0 3 1
62 3 0 0 3 1
63 3 0 0 3 1
64 3 0 0 3 1
65 3 0 0 3 1
66 3 0 0 3 1
67 3 0 0 3 1
68 3 0 0 3 1
69 3 0 0 3 1
70 3 0 0 3 1
71 3 0 0 3 1
72 3 0 0 3 1
73 3 0 0 3 1
74 3 0 0 3 1
75 3 0 0 3 1
76 3 0 0 3 1
77 3 0 0 3 1
78 3 0 0 3 1
79 3 0 0 3 1
80 3 0 0 3 1
81 3 0 0 3 1
82 3 0 0 3 1
83 3 0 0 3 1
84 3 0 0 3 1
85 3 0 0 3 1
86 3 0 0 3 1
87 3 0 0 3 1
88 3 0 0 3 1
89 3 0 0 3 1
90 3 0 0 3 1
91 3 0 0 3 1
92 3 0 0 3 1
93 3 0 0 3 1
94 3 0 0 3 1
95 3 0 0 3 1
96 3 0 0 3 1
97 3 0 0 3 1
98 3 0 0 3 1
99 3 0 0 3 1
100 3 0 0 3 1
101 3 0 0 3 1
102 3 0 0 3 1
103 3 0 0 3 1
104 3 0 0 3 1
105 3 0 0 3 1
106 3 0 0 3 1
107 3 0 0 3 1
108 3 0 0 3 1
109 3 0 0 3 1
110 3 0 0 0 1
111 3 0 0 0 1
112 3 0 0 0 1
113 3 0 0 0 1
114 3 0 0 0 1
115 3 0 0 0 1
116 3 0 0 0 1
117 3 0 0 0 1
118 3 0 0 0 1
119 3 0 0 0 1
120 3 0 0 3 1
121 3 0 0 3 1
122 3 0 0 3 1
123 3 0 0 3 1
124 3 0 0 3 1
125 3 0 0 3 1
126 3 0 0 3 1
127 3 0 0 3 1
128 3 0 0 3 1
129 3 0 0 3 1
130 3 0 3 0 1
131 3 0 3 0 1
132 3 0 3 0 1
133 3 0 3 0 1
134 3 0 3 0 1
135 3 0 3 0 1
136 3 0 3 0 1
137 3 0 3 0 1
138 3 0 3 0 1
139 3 0 3 0 1
140 3 0 3 0 1
141 3 0 3 0 1
142 3 0 3 0 1
143 3 0 3 0 1
144 3 0 3 0 1
145 3 0 3 0 1
146 3 0 3 0 1
147 3 0 3 0 1
148 3 0 3 0 1
149 3 0 3 0 1
150 3 0 3 0 1
151 3 0 3 0 1
152 3 0 3 0 1
153 3 0 3 0 1
154 3 0 3 0 1
155 3 0 3 0 1
156 3 0 3 0 1
157 3 0 3 0 1
158 3 0 3 0 1
159 3 0 3 0 1
160 3 0 3 0 2
161 3 0 3 0 2
162 3 0 3 0 2
163 3 0 3 0 2
164 3 0 3 0 2
165 3 0 3 0 2
166 3 0 3 0 2
167 3 0 3 0 2
168 3 0 3 0 2
169 3 0 3 0 2
170 3 0 3 0 1
171 3 0 3 0 1
172 3 0 3 0 1
173 3 0 3 0 1
174 3 0 3 0 1
175 3 0 3 0 1
176 3 0 3 0 1
177 3 0 3 0 1
178 3 0 3 0 1
179 3 0 3 0 1
180 3 0 3 0 1
181 3 0 3 0 1
182 3 0 3 0 1
183 3 0 3 0 1
184 3 0 3 0 1
185 3 0 3 0 1
186 3 0 3 0 1
187 3 0 3 0 1
188 3 0 3 0 1
189 3 0 3 0 1
190 3 0 3 0 1
191 3 0 3 0 1
192 3 0 3 0 1
193 3 0 3 0 1
194 3 0 3 0 1
195 3 0 3 0 1
196 3 0 3 0 1
197 3 0 3 0 1
198 3 0 3 0 1
199 3 0 3 0 1
200 3 0 3 0 1
201 3 0 3 0 1
202 3 0 3 0 1
203 3 0 3 0 1
204 3 0 3 0 1
205 3 0 3 0 1
206 3 0 3 0 1
207 3 0 3 0 1
208 3 0 3 0 1
209 3 0 3 0 1
210 3 0 3 0 1
211 3 0 3 0 1
212 3 0 3 0 1
213 3 0 3 0 1
214 3 0 3 0 1
215 3 0 3 0 1
216 3 0 3 0 1
217 3 0 3 0 1
218 3 0 3 0 1
219 3 0 3 0 1
220 3 0 3 0 2
221 3 0 3 0 2
222 3 0 3 0 2
223 3 0 3 0 2
224 3 0 3 0 2
225 3 0 3 0 2
226 3 0 3 0 2
227 3 0 3 0 2
228 3 0 3 0 2
229 3 0 3 0 2
230 3 0 3 0 2
231 3 0 3 0 2
232 3 0 3 0 2
233 3 0 3 0 2
234 3 0 3 0 2
235 3 0 3 0 2
236 3 0 3 0 2
237 3 0 3 0 2
238 3 0 3 0 2
239 3 0 3 0 2
240 3 0 3 0 2
241 3 0 3 0 2
242 3 0 3 0 2
243 3 0 3 0 2
244 3 0 3 0 2
245 3 0 3 0 2
246 3 0 3 0 2
247 3 0 3 0 2
248 3 0 3 0 2
249 3 0 3 0 2
250 3 0 3 0 3
251 3 0 3 0 3
252 3 0 3 0 3
253 3 0 3 0 3
254 3 0 3 0 3
255 3 0 3 0 3
256 3 0 3 0 3
257 3 0 3 0 3
258 3 0 3 0 3
259 3 0 3 0 3
260 3 0 3 0 3
261 3 0 3 0 3
262 3 0 3 0 3
263 3 0 3 0 3
264 3 0 3 0 3
265 3 0 3 0 3
266 3 0 3 0 3
267 3 0 3 0 3
268 3 0 3 0 3
269 3 0 3 0 3
270 3 0 0 0 3
271 3 0 0 0 3
272 3 0 0 0 3
273 3 0 0 0 3
274 3 0 0 0 3
275 3 0 0 0 3
276 3 0 0 0 3
277 3 0 0 0 3
278 3 0 0 0 3
279 3 0 0 0 3
280 3 0 0 0 3
281 3 0 0 0 3
282 3 0 0 0 3
283 3 0 0 0 3
284 3 0 0 0 3
285 3 0 0 0 3
286 3 0 0 0 3
287 3 0 0 0 3
288 3 0 0 0 3
289 3 0 0 0 3
290 3 0 0 0 3
291 3 0 0 0 3
292 3 0 0 0 3
293 3 0 0 0 3
294 3 0 0 0 3
295 3 0 0 0 3
296 3 0 0 0 3
297 3 0 0 0 3
298 3 0 0 0 3
299 3 0 0 0 3
300 3 0 0 0 3
301 3 0 0 0 3
302 3 0 0 0 3
303 3 0 0 0 3
304 3 0 0 0 3
305 3 0 0 0 3
306 3 0 0 0 3
307 3 0 0 0 3
308 3 0 0 0 3
309 3 0 0 0 3
310 3 0 3 0 3
311 3 0 3 0 3
312 3 0 3 0 3
313 3 0 3 0 3
314 3 0 3 0 3
315 3 0 3 0 3
316 3 0 3 0 3
317 3 0 3 0 3
318 3 0 3 0 3
319 3 0 3 0 3
320 3 0 3 0 3
321 3 0 3 0 3
322 3 0 3 0 3
323 3 0 3 0 3
324 3 0 3 0 3
325 3 0 3 0 3
326 3 0 3 0 3
327 3 0 3 0 3
328 3 0 3 0 3
329 3 0 3 0 3
330 3 0 3 0 3
331 3 0 3 0 3
332 3 0 3 0 3
333 3 0 3 0 3
334 3 0 3 0 3
335 3 0 3 0 3
336 3 0 3 0 3
337 3 0 3 0 3
338 3 0 3 0 3
339 3 0 3 0 3
340 3 0 3 0 3
341 3 0 3 0 3
342 3 0 3 0 3
343 3 0 3 0 3
344 3 0 3 0 3
345 3 0 3 0 3
346 3 0 3 0 3
347 3 0 3 0 3
348 3 0 3 0 3
349 3 0 3 0 3
350 0 0 0 0 0
351 0 0 0 0 0
352 0 0 0 0 0
353 0 0 0 0 0
354 0 0 0 0 0
355 0 0 0 0 0
356 0 0 0 0 0
357 0 0 0 0 0
358 0 0 0 0 0
359 0 0 0 0 0
360 0 0 0 0 0
361 0 0 0 0 0
362 0 0 0 0 0
363 0 0 0 0 0
364 0 0 0 0 0
365 0 0 0 0 0
366 0 0 0 0 0
367 0 0 0 0 0
368 0 0 0 0 0
369 0 0 0 0 0
370 0 0 0 0 0
371 0 0 0 0 0
372 0 0 0 0 0
373 0 0 0 0 0
374 0 0 0 0 0
375 0 0 0 0 0
376 0 0 0 0 0
377 0 0 0 0 0
378 0 0 0 0 0
379 0 0 0 0 0
380 0 0 0 0 0
381 0 0 0 0 0
382 0 0 0 0 0
383 0 0 0 0 0
384 0 0 0 0 0
385 0 0 0 0 0
386 0 0 0 0 0
387 0 0 0 0 0
388 0 0 0 0 0
389 0 0 0 0 0
390 0 0 0 0 0
391 0 0 0 0 0
392 0 0 0 0 0
393 0 0 0 0 0
394 0 0 0 0 0
395 0 0 0 0 0
396 0 0 0 0 0
397 0 0 0 0 0
398 0 0 0 0 0
399 0 0 0 0 0
400 0 0 0 3 0
401 0 0 0 3 0
402 0 0 0 3 0
403 0 0 0 3 0
404 0 0 0 3 0
405 0 0 0 3 0
406 0 0 0 3 0
407 0 0 0 3 0
408 0 0 0 3 0
409 0 0 0 3 0
410 0 0 3 0 0
411 0 0 3 0 0
412 0 0 3 0 0
413 0 0 3 0 0
414 0 0 3 0 0
415 0 0 3 0 0
416 0 0 3 0 0
417 0 0 3 0 0
418 0 0 3 0 0
419 0 0 3 0 0
420 0 0 3 0 0
421 0 0 3 0 0
422 0 0 3 0 0
423 0 0 3 0 0
424 0 0 3 0 0
425 0 0 3 0 0
426 0 0 3 0 0
427 0 0 3 0 0
428 0 0 3 0 0
429 0 0 3 0 0
430 0 0 3 0 0
431 0 0 3 0 0
432 0 0 3 0 0
433 0 0 3 0 0
434 0 0 3 0 0
435 0 0 3 0 0
436 0 0 3 0 0
437 0 0 3 0 0
438 0 0 3 0 0
439 0 0 3 0 0
440 0 0 3 0 0
441 0 0 3 0 0
442 0 0 3 0 0
443 0 0 3 0 0
444 0 0 3 0 0
445 0 0 3 0 0
446 0 0 3 0 0
447 0 0 3 0 0
448 0 0 3 0 0
449 0 0 3 0 0
450 0 3 3 0 0
451 0 3 3 0 0
452 0 3 3 0 0
453 0 3 3 0 0
454 0 3 3 0 0
455 0 3 3 0 0
456 0 3 3 0 0
457 0 3 3 0 0
458 0 3 3 0 0
459 0 3 3 0 0
460 3 0 3 0 0
461 3 0 3 0 0
462 3 0 3 0 0
463 3 0 3 0 0
464 3 0 3 0 0
465 3 0 3 0 0
466 3 0 3 0 0
467 3 0 3 0 0
468 3 0 3 0 0
469 3 0 3 0 0
470 3 0 0 0 0
471 3 0 0 0 0
472 3 0 0 0 0
473 3 0 0 0 0
474 3 0 0 0 0
475 3 0 0 0 0
476 3 0 0 0 0
477 3 0 0 0 0
478 3 0 0 0 0
479 3 0 0 0 0
480 3 0 0 0 0
481 3 0 0 0 0
482 3 0 0 0 0
483 3 0 0 0 0
484 3 0 0 0 0
485 3 0 0 0 0
486 3 0 0 0 0
487 3 0 0 0 0
488 3 0 0 0 0
489 3 0 0 0 0
490 3 0 0 3 0
491 3 0 0 3 0
492 3 0 0 3 0
493 3 0 0 3 0
494 3 0 0 3 0
495 3 0 0 3 0
496 3 0 0 3 0
497 3 0 0 3 0
498 3 0 0 3 0
499 3 0 0 3 0
500 3 0 0 0 1
501 3 0 0 0 1
502 3 0 0 0 1
503 3 0 0 0 1
504 3 0 0 0 1
505 3 0 0 0 1
506 3 0 0 0 1
507 3 0 0 0 1
508 3 0 0 0 1
509 3 0 0 0 1
510 3 0 0 3 1
511 3 0 0 3 1
512 3 0 0 3 1
513 3 0 0 3 1
514 3 0 0 3 1
515 3 0 0 3 1
516 3 0 0 3 1
517 3 0 0 3 1
518 3 0 0 3 1
519 3 0 0 3 1
520 3 0 0 3 1
521 3 0 0 3 1
522 3 0 0 3 1
523 3 0 0 3 1
524 3 0 0 3 1
525 3 0 0 3 1
526 3 0 0 3 1
527 3 0 0 3 1
528 3 0 0 3 1
529 3 0 0 3 1
530 3 0 0 3 1
531 3 0 0 3 1
532 3 0 0 3 1
533 3 0 0 3 1
534 3 0 0 3 1
535 3 0 0 3 1
536 3 0 0 3 1
537 3 0 0 3 1
538 3 0 0 3 1
539 3 0 0 3 1
540 3 0 0 0 1
541 3 0 0 0 1
542 3 0 0 0 1
543 3 0 0 0 1
544 3 0 0 0 1
545 3 0 0 0 1
546 3 0 0 0 1
547 3 0 0 0 1
548 3 0 0 0 1
549 3 0 0 0 1
550 3 0 0 0 1
551 3 0 0 0 1
552 3 0 0 0 1
553 3 0 0 0 1
554 3 0 0 0 1
555 3 0 0 0 1
556 3 0 0 0 1
557 3 0 0 0 1
558 3 0 0 0 1
559 3 0 0 0 1
560 3 0 0 0 1
561 3 0 0 0 1
562 3 0 0 0 1
563 3 0 0 0 1
564 3 0 0 0 1
565 3 0 0 0 1
566 3 0 0 0 1
567 3 0 0 0 1
568 3 0 0 0 1
569 3 0 0 0 1
570 3 0 0 0 1
571 3 0 0 0 1
572 3 0 0 0 1
573 3 0 0 0 1
574 3 0 0 0 1
575 3 0 0 0 1
576 3 0 0 0 1
577 3 0 0 0 1
578 3 0 0 0 1
579 3 0 0 0 1
580 3 0 0 0 1
581 3 0 0 0 1
582 3 0 0 0 1
583 3 0 0 0 1
584 3 0 0 0 1
585 3 0 0 0 1
586 3 0 0 0 1
587 3 0 0 0 1
588 3 0 0 0 1
589 3 0 0 0 1
590 3 0 0 0 1
591 3 0 0 0 1
592 3 0 0 0 1
593 3 0 0 0 1
594 3 0 0 0 1
595 3 0 0 0 1
596 3 0 0 0 1
597 3 0 0 0 1
598 3 0 0 0 1
599 3 0 0 0 1
600 3 0 0 0 1
601 3 0 0 0 1
602 3 0 0 0 1
603 3 0 0 0 1
604 3 0 0 0 1
605 3 0 0 0 1
606 3 0 0 0 1
607 3 0 0 0 1
608 3 0 0 0 1
609 3 0 0 0 1
610 3 0 0 0 1
611 3 0 0 0 1
612 3 0 0 0 1
613 3 0 0 0 1
614 3 0 0 0 1
615 3 0 0 0 1
616 3 0 0 0 1
617 3 0 0 0 1
618 3 0 0 0 1
619 3 0 0 0 1
620 3 0 0 0 1
621 3 0 0 0 1
622 3 0 0 0 1
623 3 0 0 0 1
624 3 0 0 0 1
625 3 0 0 0 1
626 3 0 0 0 1
627 3 0 0 0 1
628 3 0 0 0 1
629 3 0 0 0 1
630 3 0 0 0 1
631 3 0 0 0 1
632 3 0 0 0 1
633 3 0 0 0 1
634 3 0 0 0 1
635 3 0 0 0 1
636 3 0 0 0 1
637 3 0 0 0 1
638 3 0 0 0 1
639 3 0 0 0 1
640 3 0 0 0 1
641 3 0 0 0 1
642 3 0 0 0 1
643 3 0 0 0 1
644 3 0 0 0 1
645 3 0 0 0 1
646 3 0 0 0 1
647 3 0 0 0 1
648 3 0 0 0 1
649 3 0 0 0 1
650 3 0 0 0 1
651 3 0 0 0 1
652 3 0 0 0 1
653 3 0 0 0 1
654 3 0 0 0 1
655 3 0 0 0 1
656 3 0 0 0 1
657 3 0 0 0 1
658 3 0 0 0 1
659 3 0 0 0 1
660 3 0 3 0 1
661 3 0 3 0 1
662 3 0 3 0 1
663 3 0 3 0 1
664 3 0 3 0 1
665 3 0 3 0 1
666 3 0 3 0 1
667 3 0 3 0 1
668 3 0 3 0 1
669 3 0 3 0 1
670 3 0 3 0 1
671 3 0 3 0 1
672 3 0 3 0 1
673 3 0 3 0 1
674 3 0 3 0 1
675 3 0 3 0 1
676 3 0 3 0 1
677 3 0 3 0 1
678 3 0 3 0 1
679 3 0 3 0 1
680 3 0 3 0 1
681 3 0 3 0 1
682 3 0 3 0 1
683 3 0 3 0 1
684 3 0 3 0 1
685 3 0 3 0 1
686 3 0 3 0 1
687 3 0 3 0 1
688 3 0 3 0 1
689 3 0 3 0 1
690 3 0 3 0 1
691 3 0 3 0 1
692 3 0 3 0 1
693 3 0 3 0 1
694 3 0 3 0 1
695 3 0 3 0 1
696 3 0 3 0 1
697 3 0 3 0 1
698 3 0 3 0 1
699 3 0 3 0 1
700 3 0 3 0 1
701 3 0 3 0 1
702 3 0 3 0 1
703 3 0 3 0 1
704 3 0 3 0 1
705 3 0 3 0 1
706 3 0 3 0 1
707 3 0 3 0 1
708 3 0 3 0 1
709 3 0 3 0 1
710 3 0 3 0 1
711 3 0 3 0 1
712 3 0 3 0 1
713 3 0 3 0 1
714 3 0 3 0 1
715 3 0 3 0 1
716 3 0 3 0 1
717 3 0 3 0 1
718 3 0 3 0 1
719 3 0 3 0 1
720 3 0 3 0 1
721 3 0 3 0 1
722 3 0 3 0 1
723 3 0 3 0 1
724 3 0 3 0 1
725 3 0 3 0 1
726 3 0 3 0 1
727 3 0 3 0 1
728 3 0 3 0 1
729 3 0 3 0 1
730 3 0 3 0 1
731 3 0 3 0 1
732 3 0 3 0 1
733 3 0 3 0 1
734 3 0 3 0 1
735 3 0 3 0 1
736 3 0 3 0 1
737 3 0 3 0 1
738 3 0 3 0 1
739 3 0 3 0 1
740 3 0 3 0 1
741 3 0 3 0 1
742 3 0 3 0 1
743 3 0 3 0 1
744 3 0 3 0 1
745 3 0 3 0 1
746 3 0 3 0 1
747 3 0 3 0 1
748 3 0 3 0 1
749 3 0 3 0 1
750 3 0 3 0 2
751 3 0 3 0 2
752 3 0 3 0 2
753 3 0 3 0 2
754 3 0 3 0 2
755 3 0 3 0 2
756 3 0 3 0 2
757 3 0 3 0 2
758 3 0 3 0 2
759 3 0 3 0 2
760 3 0 3 0 2
761 3 0 3 0 2
762 3 0 3 0 2
763 3 0 3 0 2
764 3 0 3 0 2
765 3 0 3 0 2
766 3 0 3 0 2
767 3 0 3 0 2
768 3 0 3 0 2
769 3 0 3 0 2
770 3 0 3 0 3
771 3 0 3 0 3
772 3 0 3 0 3
773 3 0 3 0 3
774 3 0 3 0 3
775 3 0 3 0 3
776 3 0 3 0 3
777 3 0 3 0 3
778 3 0 3 0 3
779 3 0 3 0 3
780 3 0 3 0 3
781 3 0 3 0 3
782 3 0 3 0 3
783 3 0 3 0 3
784 3 0 3 0 3
785 3 0 3 0 3
786 3 0 3 0 3
787 3 0 3 0 3
788 3 0 3 0 3
789 3 0 3 0 3
790 3 0 3 0 3
791 3 0 3 0 3
792 3 0 3 0 3
793 3 0 3 0 3
794 3 0 3 0 3
795 3 0 3 0 3
796 3 0 3 0 3
797 3 0 3 0 3
798 3 0 3 0 3
799 3 0 3 0 3
800 3 0 3 0 3
801 3 0 3 0 3
802 3 0 3 0 3
803 3 0 3 0 3
804 3 0 3 0 3
805 3 0 3 0 3
806 3 0 3 0 3
807 3 0 3 0 3
808 3 0 3 0 3
809 3 0 3 0 3
810 3 0 3 0 3
811 3 0 3 0 3
812 3 0 3 0 3
813 3 0 3 0 3
814 3 0 3 0 3
815 3 0 3 0 3
816 3 0 3 0 3
817 3 0 3 0 3
818 3 0 3 0 3
819 3 0 3 0 3
820 3 0 3 0 3
821 3 0 3 0 3
822 3 0 3 0 3
823 3 0 3 0 3
824 3 0 3 0 3
825 3 0 3 0 3
826 3 0 3 0 3
827 3 0 3 0 3
828 3 0 3 0 3
829 3 0 3 0 3
830 3 0 3 0 3
831 3 0 3 0 3
832 3 0 3 0 3
833 3 0 3 0 3
834 3 0 3 0 3
835 3 0 3 0 3
836 3 0 3 0 3
837 3 0 3 0 3
838 3 0 3 0 3
839 3 0 3 0 3
840 3 0 3 0 3
841 3 0 3 0 3
842 3 0 3 0 3
843 3 0 3 0 3
844 3 0 3 0 3
845 3 0 3 0 3
846 3 0 3 0 3
847 3 0 3 0 3
848 3 0 3 0 3
849 3 0 3 0 3
850 0 0 0 0 3
851 0 0 0 0 3
852 0 0 0 0 3
853 0 0 0 0 3
854 0 0 0 0 3
855 0 0 0 0 3
856 0 0 0 0 3
857 0 0 0 0 3
858 0 0 0 0 3
859 0 0 0 0 3
860 0 0 0 0 0
861 0 0 0 0 0
862 0 0 0 0 0
863 0 0 0 0 0
864 0 0 0 0 0
865 0 0 0 0 0
866 0 0 0 0 0
867 0 0 0 0 0
868 0 0 0 0 0
869 0 0 0 0 0
870 0 0 0 0 0
871 0 0 0 0 0
872 0 0 0 0 0
873 0 0 0 0 0
874 0 0 0 0 0
875 0 0 0 0 0
876 0 0 0 0 0
877 0 0 0 0 0
878 0 0 0 0 0
879 0 0 0 0 0
880 0 0 0 0 0
881 0 0 0 0 0
882 0 0 0 0 0
883 0 0 0 0 0
884 0 0 0 0 0
885 0 0 0 0 0
886 0 0 0 0 0
887 0 0 0 0 0
888 0 0 0 0 0
889 0 0 0 0 0
890 0 0 0 0 0
891 0 0 0 0 0
892 0 0 0 0 0
893 0 0 0 0 0
894 0 0 0 0 0
895 0 0 0 0 0
896 0 0 0 0 0
897 0 0 0 0 0
898 0 0 0 0 0
899 0 0 0 0 0
900 0 0 0 0 0
901 0 0 0 0 0
902 0 0 0 0 0
903 0 0 0 0 0
904 0 0 0 0 0
905 0 0 0 0 0
906 0 0 0 0 0
907 0 0 0 0 0
908 0 0 0 0 0
909 0 0 0 0 0
910 0 6 0 6 0
911 0 6 0 6 0
912 0 6 0 6 0
913 0 6 0 6 0
914 0 6 0 6 0
915 0 6 0 6 0
916 0 6 0 6 0
917 0 6 0 6 0
918 0 6 0 6 0
919 0 6 0 6 0
920 0 0 0 0 0
